 0.195568287540726E-07
 0.310291423815688E-06
 0.154422644078555E-05
 0.476819828942703E-05
 0.113119696260926E-04
 0.226867042414709E-04
 0.404892835414147E-04
 0.663220486581498E-04
 0.101729982695816E-03
 0.148151132977394E-03
 0.206873428338067E-03
 0.278992508065058E-03
 0.365369461290734E-03
 0.466592056563349E-03
 0.582945699778808E-03
 0.714399662751682E-03
 0.860610356235674E-03
 0.102093827246642E-02
 0.120222658787935E-02
 0.139905071282291E-02
 0.161371797196941E-02
 0.184414147824740E-02
 0.209038395477312E-02
 0.235566881496147E-02
 0.263062619700922E-02
 0.291255964236098E-02
 0.319848038388123E-02
 0.349547966677749E-02
 0.380037348039650E-02
 0.410201382132313E-02
 0.439658017124490E-02
 0.468316617492791E-02
 0.497582965338023E-02
 0.525227529128988E-02
 0.550832200414780E-02
 0.574679239508313E-02
 0.599970045597839E-02
 0.623499521595731E-02
 0.643867638196194E-02
 0.663256562513550E-02
 0.684296355024795E-02
 0.701608501974142E-02
 0.720331492670754E-02
 0.738673705887975E-02
 0.755095963441498E-02
 0.774221703924771E-02
 0.790874963100047E-02
 0.809626537383679E-02
 0.826970553434629E-02
 0.845795330831317E-02
 0.865199002886524E-02
 0.884722954890419E-02
 0.905302723673686E-02
 0.925982863067563E-02
 0.947553467110770E-02
 0.968755389071546E-02
 0.991726103040233E-02
 0.101531677301368E-01
 0.103894957061206E-01
 0.106333656810375E-01
 0.108991399854426E-01
 0.111712017436357E-01
 0.114569560283909E-01
 0.117721952798410E-01
 0.121089578455088E-01
 0.124606769716636E-01
 0.128153779450722E-01
 0.131897314667448E-01
 0.135589551733991E-01
 0.138976620895037E-01
 0.142271567957114E-01
 0.145436969848971E-01
 0.148487544664688E-01
 0.151188288829738E-01
 0.153306534250750E-01
 0.155182776339795E-01
 0.156757591538487E-01
 0.157662960120235E-01
 0.158479132854845E-01
 0.162719491499439E-01
 0.167570266339289E-01
 0.172661652431126E-01
 0.177857734367057E-01
 0.182310725155695E-01
 0.187226218815580E-01
 0.192539718374277E-01
 0.197254058087942E-01
 0.202429584512681E-01
 0.207070538302981E-01
 0.212057642361902E-01
 0.217545783317285E-01
 0.222029368186108E-01
 0.227194607621552E-01
 0.232394017072681E-01
 0.237059151474514E-01
 0.241833025746275E-01
 0.246450977506469E-01
 0.251363158685358E-01
 0.255374527593490E-01
 0.259937136098842E-01
 0.264164720934324E-01
 0.268136161502773E-01
 0.272913196678152E-01
 0.277083822480953E-01
 0.281754759834157E-01
 0.286659459810485E-01
 0.291941563675357E-01
 0.297955830136575E-01
 0.303830244506049E-01
 0.311062695418258E-01
 0.318061675562606E-01
 0.325402812386254E-01
 0.333157045962139E-01
 0.340482284740833E-01
 0.346996295345765E-01
 0.353178917900418E-01
 0.358760528587153E-01
 0.364671605378600E-01
 0.369077466883517E-01
 0.373208684616098E-01
 0.376400054255913E-01
 0.377991444471418E-01
 0.379517783845385E-01
 0.379928863254705E-01
 0.378887136712405E-01
 0.380915031892418E-01
 0.384009448945468E-01
 0.385849783890718E-01
 0.386511313523390E-01
 0.387178196440890E-01
 0.386532704374427E-01
 0.384550493368852E-01
 0.382090295516095E-01
 0.379041847671193E-01
 0.377923174818117E-01
 0.380295094483039E-01
 0.383670975461188E-01
 0.385909888956097E-01
 0.388285612084873E-01
 0.390161539554009E-01
 0.392517250947439E-01
 0.394278058962716E-01
 0.395965105484486E-01
 0.396668007611063E-01
 0.397675353781328E-01
 0.398405804542336E-01
 0.398580889431018E-01
 0.398534366171291E-01
 0.398097242694482E-01
 0.396810020103197E-01
 0.395942884210521E-01
 0.394530588241730E-01
 0.393063200336103E-01
 0.391986764438642E-01
 0.390277444145753E-01
 0.389390456531463E-01
 0.388153034596630E-01
 0.387935874841167E-01
 0.387017950879128E-01
 0.387678908765487E-01
 0.387573315788059E-01
 0.404523725265386E-01
 0.423898203073755E-01
 0.442765070618610E-01
 0.461023980314992E-01
 0.478655701273190E-01
 0.495647507945829E-01
 0.512740281893398E-01
 0.529255490971893E-01
 0.545060704416147E-01
 0.560154656441093E-01
 0.574540200732606E-01
 0.588224946761540E-01
 0.601222016787511E-01
 0.613550668610551E-01
 0.626261393301536E-01
 0.639100115640882E-01
 0.651120202636562E-01
 0.662351046497204E-01
 0.672829362906369E-01
 0.682598299215253E-01
 0.691706292298401E-01
 0.700205994340267E-01
 0.708153483435336E-01
 0.715607821868889E-01
 0.722630891517470E-01
 0.729287364580429E-01
 0.735644659887968E-01
 0.741772767335506E-01
 0.747743872445191E-01
 0.754394105239545E-01
 0.762593080275084E-01
 0.771972825467679E-01
 0.781753041696895E-01
 0.791982030699039E-01
 0.802704858690276E-01
 0.813962997713499E-01
 0.825863809472506E-01
 0.839187312832041E-01
 0.853121784090875E-01
 0.867679836195240E-01
 0.882867140824396E-01
 0.898682342580579E-01
 0.915117231548154E-01
 0.932156956550760E-01
 0.949780077172450E-01
 0.967958365884476E-01
 0.986656420019509E-01
 0.100583125131444E+00
 0.102543203811490E+00
 0.104540015157286E+00
 0.106566944917384E+00
 0.108616673248030E+00
 0.110681223656756E+00
 0.112752005649188E+00
 0.114819848252067E+00
 0.116875026545391E+00
 0.118907284738101E+00
 0.120905858738175E+00
 0.122859501452824E+00
 0.124756516249909E+00
 0.126601419901089E+00
 0.128501511590230E+00
 0.130321520923940E+00
 0.132565688573627E+00
 0.134721236408259E+00
 0.136757219831262E+00
 0.138658963192976E+00
 0.140564464433218E+00
 0.142355239909523E+00
 0.143984118441408E+00
 0.145436226574918E+00
 0.146696855084851E+00
 0.147751548419228E+00
 0.148780428302543E+00
 0.149669678429259E+00
 0.150327174128825E+00
 0.150739398514048E+00
 0.150997748855875E+00
 0.151228261065727E+00
 0.151191134098447E+00
 0.150874504742243E+00
 0.150574364099156E+00
 0.150071448935198E+00
 0.149271017845864E+00
 0.148504094180487E+00
 0.147528603404494E+00
 0.146299731284215E+00
 0.145169139716074E+00
 0.143723978446354E+00
 0.142311289326754E+00
 0.140731336390772E+00
 0.139063461964736E+00
 0.137371899512182E+00
 0.135522829911981E+00
 0.133742586569652E+00
 0.131773703057033E+00
 0.129927183025795E+00
 0.127887929715968E+00
 0.125996242280714E+00
 0.123925856160659E+00
 0.122031374772593E+00
 0.120392911500512E+00
 0.118459440111231E+00
 0.116587278324434E+00
 0.114658420531789E+00
 0.112638397808467E+00
 0.110779569098428E+00
 0.109046572329725E+00
 0.107202316753741E+00
 0.105555509653861E+00
 0.103819403218387E+00
 0.102321317158208E+00
 0.100663601902900E+00
 0.992275749701253E-01
 0.977291350134579E-01
 0.963003209559331E-01
 0.948193887361700E-01
 0.934079650032846E-01
 0.919477587199506E-01
 0.936530874138482E-01
 0.982767590977733E-01
 0.102801623019477E+00
 0.107831403305440E+00
 0.112538440380772E+00
 0.117080607411161E+00
 0.121635512189371E+00
 0.125830129215906E+00
 0.129677548119035E+00
 0.133665656241464E+00
 0.137261859890144E+00
 0.140456510939450E+00
 0.143754008287289E+00
 0.146689358450876E+00
 0.149200284168875E+00
 0.151826886742935E+00
 0.154062794685291E+00
 0.155927534200805E+00
 0.157895083589838E+00
 0.159415229715387E+00
 0.160775821349597E+00
 0.162035176534577E+00
 0.162841359386555E+00
 0.163808235012302E+00
 0.164370629349124E+00
 0.164826044568947E+00
 0.165168191145240E+00
 0.165177948840545E+00
 0.165325026290181E+00
 0.165022379124759E+00
 0.164926971475814E+00
 0.164458973672690E+00
 0.164053118150524E+00
 0.163446531583228E+00
 0.162775504875301E+00
 0.162056167192308E+00
 0.161158655983940E+00
 0.160365086470444E+00
 0.159911859449360E+00
 0.159035543463785E+00
 0.158038623367083E+00
 0.157116949751293E+00
 0.155784581122789E+00
 0.154756162073964E+00
 0.153407900414281E+00
 0.152384825594491E+00
 0.151090665648346E+00
 0.150137060614817E+00
 0.148858282728519E+00
 0.147916424096098E+00
 0.146729186797336E+00
 0.145776258100219E+00
 0.144632795750143E+00
 0.143693961336385E+00
 0.142601409748385E+00
 0.141656462010427E+00
 0.140464509086288E+00
 0.139528320682384E+00
 0.138234174727770E+00
 0.136588129324894E+00
 0.134597537589003E+00
 0.132271034752427E+00
 0.129618507767186E+00
 0.126771205024049E+00
 0.123996020793157E+00
 0.121306111131884E+00
 0.118706971641751E+00
 0.116152334767739E+00
 0.113713603591237E+00
 0.111328776236782E+00
 0.109005144949012E+00
 0.106746436907688E+00
 0.104553257642107E+00
 0.102423646455240E+00
 0.100353415742493E+00
 0.983368244453331E-01
 0.963666633960372E-01
 0.944345571477373E-01
 0.925429101522303E-01
 0.907600763351586E-01
 0.890037561255422E-01
 0.872638173802280E-01
 0.855373197796773E-01
 0.839440360217480E-01
 0.823511005824404E-01
 0.807487771076438E-01
 0.792561561947748E-01
 0.777884155765360E-01
 0.762951154813007E-01
 0.749230526375210E-01
 0.735552996225980E-01
 0.721618981479349E-01
 0.705934163852212E-01
 0.688560366668418E-01
 0.669565688018308E-01
 0.649024259981220E-01
 0.627015863405250E-01
 0.611306625994064E-01
 0.609430402313906E-01
 0.606163775203933E-01
 0.604273604737023E-01
 0.600845703034333E-01
 0.599104408043325E-01
 0.595725604469884E-01
 0.593991026364101E-01
 0.590614600637102E-01
 0.589024904329668E-01
 0.585546940751829E-01
 0.583984890581387E-01
 0.579998966798184E-01
 0.578422180511289E-01
 0.574591682678696E-01
 0.568459501661363E-01
 0.560128376810675E-01
 0.549854393778011E-01
 0.539382237332503E-01
 0.529172982495140E-01
 0.519292861546507E-01
 0.509523633548419E-01
 0.500216909726721E-01
 0.491046176530643E-01
 0.530280232849873E-01
 0.571010584807140E-01
 0.614402422961083E-01
 0.658438539980681E-01
 0.702963246886951E-01
 0.747817961387182E-01
 0.792841804957538E-01
 0.837871982465026E-01
 0.885217616760533E-01
 0.932649723737821E-01
 0.979732010509847E-01
 0.102628692966707E+00
 0.107213706028758E+00
 0.111710623726139E+00
 0.116351761834242E+00
 0.120947203065118E+00
 0.125414641565563E+00
 0.129736598475075E+00
 0.133896018803114E+00
 0.137896415039708E+00
 0.142038047274859E+00
 0.145978352927170E+00
 0.149701097806059E+00
 0.153495651442498E+00
 0.157346704128457E+00
 0.160948659679164E+00
 0.164286242652525E+00
 0.167345077161376E+00
 0.170489771620403E+00
 0.173379475165513E+00
 0.175958457959433E+00
 0.178214842133936E+00
 0.180394440723995E+00
 0.182434918282280E+00
 0.184127696347139E+00
 0.185464055320535E+00
 0.186802000288348E+00
 0.187897884395527E+00
 0.188619831179008E+00
 0.189152927089380E+00
 0.189636461031340E+00
 0.189733854053921E+00
 0.189628438648259E+00
 0.189499601643053E+00
 0.188977713251695E+00
 0.188402919420468E+00
 0.187675156898342E+00
 0.186580076902485E+00
 0.185672004789202E+00
 0.184369540591461E+00
 0.183094382745159E+00
 0.181639373783014E+00
 0.180055612972980E+00
 0.178474454483663E+00
 0.176656743627760E+00
 0.174974971948060E+00
 0.172984356198993E+00
 0.171226853142304E+00
 0.169232673221665E+00
 0.167465400603773E+00
 0.165832709998185E+00
 0.163984091694019E+00
 0.162246515372915E+00
 0.160363379291063E+00
 0.158119262525274E+00
 0.155989488696896E+00
 0.153778715718401E+00
 0.151834385927282E+00
 0.149708867567679E+00
 0.147903357735177E+00
 0.145921908029100E+00
 0.144141414589958E+00
 0.142348753466684E+00
 0.140597423955799E+00
 0.138900893193164E+00
 0.137176128469402E+00
 0.135664770897627E+00
 0.133969471087926E+00
 0.132513291392319E+00
 0.130845942768049E+00
 0.128867407921588E+00
 0.126581899642243E+00
 0.123994774002207E+00
 0.121112494112177E+00
 0.117952120621730E+00
 0.114796377801729E+00
 0.111759766685104E+00
 0.108839242744117E+00
 0.106049045193647E+00
 0.103328644306801E+00
 0.100744036425281E+00
 0.982428158380695E-01
 0.958236198763586E-01
 0.934869184751668E-01
 0.912308045758260E-01
 0.890512260724332E-01
 0.869422315541025E-01
 0.848965614863352E-01
 0.829061230069107E-01
 0.829462432070245E-01
 0.842462772746132E-01
 0.852370141626907E-01
 0.863513624147913E-01
 0.871913792099686E-01
 0.880462967352294E-01
 0.887502960812584E-01
 0.893647838546336E-01
 0.899481049817841E-01
 0.903399057461547E-01
 0.908177597062551E-01
 0.910039010158267E-01
 0.913914008880612E-01
 0.914895202918232E-01
 0.916984878261889E-01
 0.919206666406549E-01
 0.921724553851826E-01
 0.921412343595073E-01
 0.922883057204630E-01
 0.922013055544344E-01
 0.918514831318358E-01
 0.917455169302983E-01
 0.913732021874275E-01
 0.912146401556114E-01
 0.908414226217211E-01
 0.907023994903142E-01
 0.903048572329241E-01
 0.901113677551794E-01
 0.897230128733968E-01
 0.895594799671647E-01
 0.891446813740511E-01
 0.889262207203667E-01
 0.885261095377593E-01
 0.883451941923533E-01
 0.879197893135334E-01
 0.876852226011640E-01
 0.872579129042691E-01
 0.865979852753868E-01
 0.857145243395812E-01
 0.846173410350791E-01
 0.833169797296452E-01
 0.818247092818919E-01
 0.802659661482369E-01
 0.787533179824888E-01
 0.772760987901548E-01
 0.758385177393046E-01
 0.744363519051961E-01
 0.730761133340365E-01
 0.717424686031319E-01
 0.704386043077542E-01
 0.691657576988838E-01
 0.679238063418513E-01
 0.667110729675574E-01
 0.655246763152330E-01
 0.643610722449293E-01
 0.632159587710937E-01
 0.620843216901342E-01
 0.610028756101186E-01
 0.599483818501464E-01
 0.589016834799447E-01
 0.578570644473674E-01
 0.568652993262337E-01
 0.558989710926984E-01
 0.549271189029793E-01
 0.539800412576733E-01
 0.530860262047557E-01
 0.521787286763442E-01
 0.512956099747620E-01
 0.504639803915134E-01
 0.496110422283719E-01
 0.488071988883347E-01
 0.478976759746013E-01
 0.468889009250827E-01
 0.457876010187980E-01
 0.446007789917305E-01
 0.433356833413764E-01
 0.419997727622296E-01
 0.406006749803812E-01
 0.391461401672648E-01
 0.376439904472305E-01
 0.361020709952215E-01
 0.345282113978920E-01
 0.329302026335825E-01
 0.313157846027787E-01
 0.296926295001408E-01
 0.325118908367595E-01
 0.360891302962907E-01
 0.397250953885898E-01
 0.433925597181713E-01
 0.470788254017980E-01
 0.508892588157262E-01
 0.548469114777528E-01
 0.587945221851928E-01
 0.627173893126124E-01
 0.666006354952208E-01
 0.705745538608029E-01
 0.746230838825086E-01
 0.785972463101607E-01
 0.824812803309702E-01
 0.862595134296327E-01
 0.900607231905370E-01
 0.938923899783594E-01
 0.975811546381687E-01
 0.101111161166693E+00
 0.104466947091373E+00
 0.107844322931550E+00
 0.111147792716990E+00
 0.114241329915589E+00
 0.117548440065554E+00
 0.120755734841574E+00
 0.123723281380346E+00
 0.126436680714507E+00
 0.129056213452819E+00
 0.131617046946753E+00
 0.133892132836162E+00
 0.135869180558170E+00
 0.137817103409929E+00
 0.139597046824440E+00
 0.141053315702979E+00
 0.142305459013367E+00
 0.143551031227743E+00
 0.144452187865767E+00
 0.145124205141755E+00
 0.145812849308394E+00
 0.146141474171400E+00
 0.146363479584995E+00
 0.146487858848859E+00
 0.146241613672990E+00
 0.146148686509781E+00
 0.145714503073960E+00
 0.145227997181809E+00
 0.144628629115904E+00
 0.143822630595546E+00
 0.143081512322923E+00
 0.142020648647059E+00
 0.141161098144546E+00
 0.139928115075949E+00
 0.138944889031328E+00
 0.137619971993405E+00
 0.136499949781797E+00
 0.135105961762005E+00
 0.134041805518481E+00
 0.132842559190942E+00
 0.131723329283942E+00
 0.130471734026536E+00
 0.129318687400510E+00
 0.127813649589608E+00
 0.126223876858524E+00
 0.124742785493934E+00
 0.123297686624125E+00
 0.121838925472381E+00
 0.120493090318312E+00
 0.119059807925883E+00
 0.117828387604098E+00
 0.116418373735719E+00
 0.115279913303947E+00
 0.113896325937709E+00
 0.112841894956378E+00
 0.111543937498150E+00
 0.110518905447243E+00
 0.109285037157246E+00
 0.108279005230285E+00
 0.106970784350115E+00
 0.105360940210520E+00
 0.103451164765197E+00
 0.101244292710508E+00
 0.987592841040736E-01
 0.962685633743322E-01
 0.938590438084216E-01
 0.915502595725284E-01
 0.893227978412608E-01
 0.912703873745413E-01
 0.932314136590974E-01
 0.950361227980040E-01
 0.967583735100945E-01
 0.981135169133294E-01
 0.996051674293072E-01
 0.100681991215701E+00
 0.101826661124709E+00
 0.102680839989829E+00
 0.103482605300488E+00
 0.104133105934876E+00
 0.104633040868589E+00
 0.105101015716409E+00
 0.105336607141126E+00
 0.105644378059192E+00
 0.105648668331593E+00
 0.105819090615393E+00
 0.105620489391155E+00
 0.105676262683775E+00
 0.105314099315970E+00
 0.105260569372760E+00
 0.104810237617190E+00
 0.104611216946241E+00
 0.104382589639411E+00
 0.104222101550943E+00
 0.103714142092300E+00
 0.103503673361762E+00
 0.102893990576934E+00
 0.102218282739898E+00
 0.101617047824743E+00
 0.100923606788145E+00
 0.100330048463265E+00
 0.996904127039423E-01
 0.991079033624678E-01
 0.984353247134536E-01
 0.978631253690768E-01
 0.972554002614008E-01
 0.966960242738378E-01
 0.960408618925060E-01
 0.954940745176060E-01
 0.949120005223862E-01
 0.943791611806744E-01
 0.937393893410709E-01
 0.932212158429812E-01
 0.946937718291797E-01
 0.977174830047229E-01
 0.100464851698420E+00
 0.103158898922693E+00
 0.106010257717007E+00
 0.108561203929105E+00
 0.110835623578758E+00
 0.113208609980241E+00
 0.115263863430847E+00
 0.116998998795532E+00
 0.118772105035827E+00
 0.120302764224866E+00
 0.121504190328927E+00
 0.122726368304480E+00
 0.123721477266240E+00
 0.124383802479727E+00
 0.125149976820920E+00
 0.125613766977565E+00
 0.125878638371051E+00
 0.126159566720222E+00
 0.126108859568074E+00
 0.126111949274649E+00
 0.125896846674058E+00
 0.125556845861466E+00
 0.125197109909957E+00
 0.124574139884342E+00
 0.124089788431261E+00
 0.123287505661550E+00
 0.122646638535177E+00
 0.121743196331443E+00
 0.120931111799099E+00
 0.119946141959799E+00
 0.118998556304414E+00
 0.117950706500440E+00
 0.116896744486177E+00
 0.116003268127243E+00
 0.115174233441755E+00
 0.114047228922507E+00
 0.113140622615934E+00
 0.111983387189047E+00
 0.110640039439206E+00
 0.109498148348162E+00
 0.108192664057923E+00
 0.107064677934953E+00
 0.105933320332505E+00
 0.104822006499381E+00
 0.103695652968635E+00
 0.102600369394396E+00
 0.101645820216768E+00
 0.100567857217000E+00
 0.995929096216865E-01
 0.985352751340485E-01
 0.977232195800110E-01
 0.966805924390578E-01
 0.958356351352787E-01
 0.948128224183630E-01
 0.935381721036160E-01
 0.920214761293376E-01
 0.902734290229023E-01
 0.883055644268995E-01
 0.861604145779979E-01
 0.840568746125574E-01
 0.820298449321600E-01
 0.800712048507426E-01
 0.781811131904725E-01
 0.763527977826089E-01
 0.745973986498713E-01
 0.728916701384006E-01
 0.712378442439214E-01
 0.696358807563735E-01
 0.680841977272948E-01
 0.665796916357674E-01
 0.651179225247466E-01
 0.636937717176481E-01
 0.623013016463785E-01
 0.609486079248021E-01
 0.596680222252872E-01
 0.584111087771724E-01
 0.581869781534770E-01
 0.599515304626179E-01
 0.617692426722597E-01
 0.635282563952549E-01
 0.651704219298322E-01
 0.666829689542750E-01
 0.680536869453953E-01
 0.694728817902175E-01
 0.707663775457301E-01
 0.719411069008674E-01
 0.732337758726031E-01
 0.743936374896542E-01
 0.753616573600692E-01
 0.761275032703989E-01
 0.769653245234805E-01
 0.775923818889688E-01
 0.779949711993552E-01
 0.783860015860263E-01
 0.786389416335503E-01
 0.786492796597044E-01
 0.786929703261270E-01
 0.785520740547982E-01
 0.782397033166440E-01
 0.779594652428956E-01
 0.774173204430713E-01
 0.769559181818357E-01
 0.762849845946002E-01
 0.756205910146303E-01
 0.748382626503792E-01
 0.740259910888147E-01
 0.731503417808866E-01
 0.722369196112219E-01
 0.712859019764670E-01
 0.703091022993260E-01
 0.693003744239993E-01
 0.682891025248692E-01
 0.672531163424063E-01
 0.662867014751854E-01
 0.652558356751820E-01
 0.642734265569481E-01
 0.632179162892688E-01
 0.622928936108566E-01
 0.612583584000817E-01
 0.604216041743960E-01
 0.593311757772548E-01
 0.582479158701922E-01
 0.571971870917480E-01
 0.562211702305820E-01
 0.552054351833394E-01
 0.543043201992819E-01
 0.533266999199255E-01
 0.524958140878598E-01
 0.533524814163931E-01
 0.566442720809227E-01
 0.599292031425704E-01
 0.631950802211173E-01
 0.662663271130470E-01
 0.691785785726646E-01
 0.721696623936004E-01
 0.750393364572280E-01
 0.779769171759182E-01
 0.808312129318588E-01
 0.834382284987743E-01
 0.859045123298732E-01
 0.883628484355855E-01
 0.905516186443090E-01
 0.925490595401524E-01
 0.945659516849228E-01
 0.962956753796883E-01
 0.978586563221409E-01
 0.994048693422485E-01
 0.100651126856577E+00
 0.101837707604568E+00
 0.102899056268908E+00
 0.103652387624774E+00
 0.104535984479975E+00
 0.105111617761633E+00
 0.105623881501165E+00
 0.106036446715507E+00
 0.106224758676214E+00
 0.106490371039255E+00
 0.106443398225228E+00
 0.106534703165636E+00
 0.106359274238292E+00
 0.106226612003148E+00
 0.105941149018369E+00
 0.105617661953767E+00
 0.105240149840328E+00
 0.104753798155367E+00
 0.104301757160963E+00
 0.103732509615015E+00
 0.103256799479365E+00
 0.102872646106839E+00
 0.102317789615027E+00
 0.101790868117781E+00
 0.101193493973787E+00
 0.100308008886762E+00
 0.995115578521504E-01
 0.986307207721087E-01
 0.978709774147014E-01
 0.969935853818989E-01
 0.962955764159404E-01
 0.954257768681613E-01
 0.947432734224710E-01
 0.938795647319161E-01
 0.932687259532545E-01
 0.924147570363369E-01
 0.917979781206242E-01
 0.909956840765129E-01
 0.904165420749029E-01
 0.895947608177729E-01
 0.890220720071230E-01
 0.881983924281590E-01
 0.871275321627193E-01
 0.858142854905828E-01
 0.842644170570521E-01
 0.824846362434741E-01
 0.805944591434431E-01
 0.787619646003072E-01
 0.769894409048158E-01
 0.752839463321944E-01
 0.736216576810219E-01
 0.720268900668724E-01
 0.704720877270762E-01
 0.689616217490429E-01
 0.674973439393191E-01
 0.660790391640734E-01
 0.647046299607039E-01
 0.633706271264172E-01
 0.620721974292236E-01
 0.608038635417169E-01
 0.595590889249407E-01
 0.583378769633839E-01
 0.571939321274009E-01
 0.560645487292372E-01
 0.549419316015552E-01
 0.538343491268159E-01
 0.528090895768016E-01
 0.517794006770020E-01
 0.507382983187792E-01
 0.497913982731571E-01
 0.488391220145840E-01
 0.478650808418396E-01
 0.470002203369487E-01
 0.461097185045808E-01
 0.452286259525406E-01
 0.447135566372832E-01
 0.445311281879436E-01
 0.443164600329912E-01
 0.441377302232336E-01
 0.438905347820340E-01
 0.437138167951594E-01
 0.435125357814652E-01
 0.433405043616531E-01
 0.430960594736835E-01
 0.429345892838872E-01
 0.427314323596086E-01
 0.425679564704307E-01
 0.423350431272555E-01
 0.421820686390988E-01
 0.419718678819161E-01
 0.447768476386545E-01
 0.481255197485472E-01
 0.516348523209675E-01
 0.552965031753950E-01
 0.591012518577173E-01
 0.630389952332156E-01
 0.670987512480770E-01
 0.712686872227496E-01
 0.755361789004737E-01
 0.798878918289719E-01
 0.843098669276562E-01
 0.889760337993007E-01
 0.937059134919166E-01
 0.984784981910131E-01
 0.103277365988025E+00
 0.108085639797459E+00
 0.112886028935294E+00
 0.117660894317358E+00
 0.122416088438791E+00
 0.127359782417498E+00
 0.132239920421562E+00
 0.137037526529634E+00
 0.141733622690930E+00
 0.146309293869642E+00
 0.150745741613214E+00
 0.155127333174577E+00
 0.159571482058709E+00
 0.163834689975329E+00
 0.167898221124829E+00
 0.172041594939860E+00
 0.176255349111805E+00
 0.180235794085428E+00
 0.183964334638243E+00
 0.187423049241713E+00
 0.190782474520247E+00
 0.194083791184318E+00
 0.197076699124966E+00
 0.199745073614782E+00
 0.202073759626268E+00
 0.204434434909066E+00
 0.206530827308145E+00
 0.208256248119737E+00
 0.209598253262556E+00
 0.210980661332760E+00
 0.212059968154173E+00
 0.212731937960405E+00
 0.213194092671631E+00
 0.213603646531409E+00
 0.213587667058143E+00
 0.213324130778784E+00
 0.213057702230029E+00
 0.212353160844949E+00
 0.211561859906790E+00
 0.210628078056731E+00
 0.209256642822743E+00
 0.208122252359061E+00
 0.206542257816618E+00
 0.204980625667631E+00
 0.203230722369872E+00
 0.201333844427633E+00
 0.199444827744063E+00
 0.197296741027444E+00
 0.195298289872646E+00
 0.192968810977867E+00
 0.190889235535932E+00
 0.188557690147909E+00
 0.186477400242585E+00
 0.184577798957959E+00
 0.182403941503348E+00
 0.180403079524083E+00
 0.178196848586907E+00
 0.175576445445438E+00
 0.173156866822189E+00
 0.170578860849446E+00
 0.168385722161324E+00
 0.165965546725062E+00
 0.163860125630650E+00
 0.161626150886144E+00
 0.159553519483432E+00
 0.157512959094587E+00
 0.155476686653305E+00
 0.153574422598524E+00
 0.151571836590293E+00
 0.149852220908389E+00
 0.147886237097011E+00
 0.146262940587318E+00
 0.144331440333182E+00
 0.142046176640684E+00
 0.139408567968613E+00
 0.136421313005282E+00
 0.133088386769399E+00
 0.129492297545278E+00
 0.125992126638099E+00
 0.122624196758674E+00
 0.119389638154554E+00
 0.119561358507364E+00
 0.123770211884449E+00
 0.127622896883495E+00
 0.131072077945337E+00
 0.134651326857677E+00
 0.137843824495473E+00
 0.140658493522763E+00
 0.143589600930638E+00
 0.146090926510872E+00
 0.148352394638752E+00
 0.150588372188770E+00
 0.152387949414587E+00
 0.154172223204222E+00
 0.155714046832733E+00
 0.156915166152190E+00
 0.158216477527595E+00
 0.159079782321456E+00
 0.159974371044460E+00
 0.160618063541806E+00
 0.161066008903868E+00
 0.161513042103391E+00
 0.161566822807131E+00
 0.161840872416283E+00
 0.161689932006140E+00
 0.161672926849145E+00
 0.161377307409682E+00
 0.161074632835004E+00
 0.160658243215752E+00
 0.160104870501559E+00
 0.159708357869694E+00
 0.159520531566827E+00
 0.158927716164681E+00
 0.158427377766168E+00
 0.157761350141559E+00
 0.156704481933367E+00
 0.155759725206685E+00
 0.154690089709780E+00
 0.153749155879437E+00
 0.152668242770139E+00
 0.151827021954302E+00
 0.150739066522659E+00
 0.149885932764900E+00
 0.148792722552520E+00
 0.148044115668263E+00
 0.146948260502342E+00
 0.146175512324412E+00
 0.145156516475695E+00
 0.144410145793045E+00
 0.143363962265849E+00
 0.142616818818641E+00
 0.141526209095909E+00
 0.140100763696823E+00
 0.138350181375038E+00
 0.136285193751732E+00
 0.133917526115574E+00
 0.131259848129302E+00
 0.128441291150278E+00
 0.125694695730680E+00
 0.123035321515753E+00
 0.120468511705782E+00
 0.117952729275925E+00
 0.115536938718185E+00
 0.113175829122168E+00
 0.110875212262862E+00
 0.108637986085860E+00
 0.106464411668529E+00
 0.104352459641174E+00
 0.102298370348320E+00
 0.100296686959237E+00
 0.983410390438221E-01
 0.964239453680325E-01
 0.945375116130826E-01
 0.927503820473096E-01
 0.910043460023795E-01
 0.892779049575025E-01
 0.875620599396261E-01
 0.859544541151730E-01
 0.843753358520765E-01
 0.827936827694972E-01
 0.812791499568409E-01
 0.798293409458525E-01
 0.783634333694985E-01
 0.769665365176989E-01
 0.756252214879874E-01
 0.742135227968859E-01
 0.726452928327311E-01
 0.709279102408048E-01
 0.690691939051554E-01
 0.670773634571328E-01
 0.649610024510779E-01
 0.627290224500201E-01
 0.603906269371242E-01
 0.579552756862669E-01
 0.554326499674584E-01
 0.528326168179338E-01
 0.501651893425844E-01
 0.474404814746757E-01
 0.446686587085465E-01
 0.418598885123740E-01
 0.390242942555574E-01
 0.361719151050565E-01
 0.370900639739132E-01
 0.396713415571530E-01
 0.423324894870247E-01
 0.450642149085315E-01
 0.478566525202811E-01
 0.506994088443230E-01
 0.536434907277537E-01
 0.566879000823514E-01
 0.597619934482826E-01
 0.628534765048404E-01
 0.659497745628961E-01
 0.690380915226873E-01
 0.721054504725581E-01
 0.751647996083988E-01
 0.783351937726599E-01
 0.814566557067063E-01
 0.845152864798413E-01
 0.874972290589742E-01
 0.903887498783960E-01
 0.931763304291695E-01
 0.960521109456611E-01
 0.988290401066164E-01
 0.101515499093278E+00
 0.104305329595025E+00
 0.107041361784279E+00
 0.109620131985825E+00
 0.112028426072620E+00
 0.114253598963283E+00
 0.116452247306896E+00
 0.118568001301594E+00
 0.120474021058592E+00
 0.122159273422210E+00
 0.123696269814989E+00
 0.125234179928408E+00
 0.126529329213603E+00
 0.127572843677652E+00
 0.128534532978072E+00
 0.129408742485674E+00
 0.130014801255325E+00
 0.130424435506897E+00
 0.130860334057167E+00
 0.131015818047656E+00
 0.130991370676063E+00
 0.130983730876937E+00
 0.130687481823483E+00
 0.130349693190731E+00
 0.129903761763284E+00
 0.129208346997593E+00
 0.128631001943020E+00
 0.127760611805266E+00
 0.126957437078269E+00
 0.125975514254197E+00
 0.124962878225500E+00
 0.123888971849827E+00
 0.122717021982881E+00
 0.121570098330313E+00
 0.120283027873057E+00
 0.119130571534880E+00
 0.117898747657546E+00
 0.116693394391628E+00
 0.115537304153985E+00
 0.114269475335411E+00
 0.113190205128463E+00
 0.111897661251055E+00
 0.110333179759756E+00
 0.108930658118232E+00
 0.107400860793898E+00
 0.106144266576141E+00
 0.104706663464635E+00
 0.103470807121796E+00
 0.102162961160730E+00
 0.100944801558855E+00
 0.997264652310699E-01
 0.985300299110790E-01
 0.974062927780782E-01
 0.962282435119678E-01
 0.951970435575314E-01
 0.940411261123971E-01
 0.930707240781891E-01
 0.919338471094502E-01
 0.905635351758938E-01
 0.889614321517066E-01
 0.871301987586037E-01
 0.850735062781282E-01
 0.828367609558991E-01
 0.806525961172273E-01
 0.785524897932886E-01
 0.765331101254193E-01
 0.745811159221279E-01
 0.727177284635236E-01
 0.709207318764019E-01
 0.691817735961066E-01
 0.675032851253582E-01
 0.658855491065532E-01
 0.643267298144243E-01
 0.628233842112493E-01
 0.613707457320113E-01
 0.599629622987741E-01
 0.585933779278702E-01
 0.572549382578682E-01
 0.559588635044290E-01
 0.547365422982076E-01
 0.543562005425292E-01
 0.546729700146299E-01
 0.550274444885216E-01
 0.552757494012072E-01
 0.555257164332467E-01
 0.557608287510348E-01
 0.560904131019891E-01
 0.562475014195348E-01
 0.564486427120586E-01
 0.565678716098642E-01
 0.564057682860281E-01
 0.565248758571483E-01
 0.563436863724626E-01
 0.564322473169559E-01
 0.562551898432092E-01
 0.563191938161195E-01
 0.561493498496936E-01
 0.574634785815287E-01
 0.598840180561058E-01
 0.621252231724572E-01
 0.644424788626706E-01
 0.666126016190734E-01
 0.685738738893362E-01
 0.703770548040836E-01
 0.722258955001138E-01
 0.738401702105003E-01
 0.755025780036506E-01
 0.771838573422333E-01
 0.786071152911532E-01
 0.798646317377500E-01
 0.811232880729015E-01
 0.821048627487834E-01
 0.829328335722370E-01
 0.837382085323524E-01
 0.842526868787174E-01
 0.847342631129319E-01
 0.850716577270109E-01
 0.851680430483317E-01
 0.853405043125331E-01
 0.852093228895767E-01
 0.851379109615488E-01
 0.848543262987308E-01
 0.845392144271532E-01
 0.841215952849423E-01
 0.836147074536703E-01
 0.830819722909989E-01
 0.824282109601363E-01
 0.817994194071207E-01
 0.810354630011850E-01
 0.803293854660413E-01
 0.794844976234877E-01
 0.787192034186140E-01
 0.778157303281816E-01
 0.770082084583049E-01
 0.760628663677764E-01
 0.752291911440607E-01
 0.745817664331340E-01
 0.737329540539587E-01
 0.729379631327849E-01
 0.720751752393929E-01
 0.709858005859775E-01
 0.701523302304383E-01
 0.691043733010705E-01
 0.682970324880283E-01
 0.673648422518653E-01
 0.665861715932105E-01
 0.656636381197697E-01
 0.649106796489234E-01
 0.641080699604226E-01
 0.633828544900306E-01
 0.625677876616830E-01
 0.618788380540659E-01
 0.611638272938494E-01
 0.604906030469075E-01
 0.597510188986198E-01
 0.591031804220650E-01
 0.582075174478650E-01
 0.570684104949015E-01
 0.556917623186957E-01
 0.542379935033633E-01
 0.528466665181857E-01
 0.515011095859335E-01
 0.502032876568360E-01
 0.489578780373936E-01
 0.477609269020123E-01
 0.471844980668280E-01
 0.476069061216789E-01
 0.481562585195068E-01
 0.484514774429596E-01
 0.488959584579066E-01
 0.490809278334586E-01
 0.494307399664969E-01
 0.495227756494567E-01
 0.497841907845293E-01
 0.498409617332104E-01
 0.500234380890629E-01
 0.500286119884822E-01
 0.501287104317387E-01
 0.500778733867917E-01
 0.501772056671215E-01
 0.500619918260088E-01
 0.501619093185993E-01
 0.500166416612380E-01
 0.516942785686836E-01
 0.554684589267100E-01
 0.591466608112953E-01
 0.627129148889320E-01
 0.661551488309831E-01
 0.698000536166989E-01
 0.732926232136397E-01
 0.766171750127338E-01
 0.797586318364225E-01
 0.830133562623292E-01
 0.861134222855402E-01
 0.889923449017260E-01
 0.916367618217586E-01
 0.943748280546800E-01
 0.968998864057762E-01
 0.991978270956857E-01
 0.101814278296103E+00
 0.104145169454389E+00
 0.106178920169942E+00
 0.108172483549278E+00
 0.110017514238254E+00
 0.111538270934285E+00
 0.112927747185276E+00
 0.114239852451674E+00
 0.115206157590296E+00
 0.116087563993354E+00
 0.116838632755242E+00
 0.117228051904922E+00
 0.117716443513279E+00
 0.117895245253970E+00
 0.117935046181016E+00
 0.117920974421745E+00
 0.117587938898981E+00
 0.117401398649015E+00
 0.116836846225644E+00
 0.116426744120250E+00
 0.115711037959014E+00
 0.115079886806917E+00
 0.114236587675637E+00
 0.113434607427114E+00
 0.112487192405436E+00
 0.111554255001191E+00
 0.110525571656389E+00
 0.109493652627758E+00
 0.108405295533473E+00
 0.107381390818551E+00
 0.106296815383506E+00
 0.105472228245239E+00
 0.104318573315660E+00
 0.103436750042242E+00
 0.102259884182815E+00
 0.100877797016051E+00
 0.997312152170894E-01
 0.984397196565428E-01
 0.973202434353244E-01
 0.961384118117738E-01
 0.950494063841734E-01
 0.939213029185610E-01
 0.928595344759037E-01
 0.918454035511197E-01
 0.908137386633442E-01
 0.898184933229054E-01
 0.888142567043943E-01
 0.879388372712416E-01
 0.869639732941885E-01
 0.860776186409526E-01
 0.851305165386065E-01
 0.838778857949855E-01
 0.823226302206632E-01
 0.851222060076045E-01
 0.879486620108730E-01
 0.905041132139688E-01
 0.931490706254123E-01
 0.954684543180656E-01
 0.975581518735928E-01
 0.996733243792080E-01
 0.101446092842248E+00
 0.103112532701424E+00
 0.104671682839725E+00
 0.105877147514432E+00
 0.107186476380938E+00
 0.108179951914971E+00
 0.109051764978681E+00
 0.109846744981345E+00
 0.110332357577553E+00
 0.110945337126085E+00
 0.111194707961191E+00
 0.111542140347508E+00
 0.111628062937532E+00
 0.111701189342320E+00
 0.111643997567797E+00
 0.111481953839356E+00
 0.111302135953555E+00
 0.110938034534466E+00
 0.110656006650457E+00
 0.110117464081587E+00
 0.109752884074184E+00
 0.109062862660473E+00
 0.108636585274714E+00
 0.108289104699930E+00
 0.107812316880577E+00
 0.107189722113110E+00
 0.106666782076541E+00
 0.105809267050323E+00
 0.104976870100848E+00
 0.104126618417585E+00
 0.103298957427038E+00
 0.102454760399665E+00
 0.101717448110303E+00
 0.100883094133635E+00
 0.100126996980605E+00
 0.993015810058820E-01
 0.986464311354489E-01
 0.978326134291739E-01
 0.971378882036479E-01
 0.963356636261321E-01
 0.957485507691263E-01
 0.949589963547286E-01
 0.943181859764220E-01
 0.935425831089903E-01
 0.924790613388787E-01
 0.911336762148749E-01
 0.895135190627532E-01
 0.876275967475936E-01
 0.856645417592264E-01
 0.837715319739303E-01
 0.819338530458765E-01
 0.801472564824455E-01
 0.784296306490617E-01
 0.767618306460202E-01
 0.751352572609400E-01
 0.735543682320095E-01
 0.720209088592763E-01
 0.708723967872734E-01
 0.718761117565942E-01
 0.728812923197419E-01
 0.737831332420045E-01
 0.745301914198616E-01
 0.752299330703213E-01
 0.758816343489207E-01
 0.763906576478071E-01
 0.768192199505861E-01
 0.772418946542394E-01
 0.775359046628618E-01
 0.777285240621077E-01
 0.779464486126901E-01
 0.780510218928319E-01
 0.780546052890150E-01
 0.780796367372176E-01
 0.780212741361555E-01
 0.778786163232526E-01
 0.777236921129496E-01
 0.775286950582057E-01
 0.772662633972944E-01
 0.769561725258177E-01
 0.766498909679732E-01
 0.762928779103542E-01
 0.758987468808884E-01
 0.754811283992106E-01
 0.751841699518798E-01
 0.757365274674727E-01
 0.765932465368932E-01
 0.776671100225541E-01
 0.789827838224852E-01
 0.804947161343778E-01
 0.821565504283020E-01
 0.841130729137954E-01
 0.861881518026795E-01
 0.884039568122990E-01
 0.907492978658349E-01
 0.931831865382288E-01
 0.956973737618023E-01
 0.982828667671054E-01
 0.100929962115270E+00
 0.103628273717456E+00
 0.106366758824606E+00
 0.109133745341962E+00
 0.111946829756013E+00
 0.114814436243695E+00
 0.117687684536716E+00
 0.120552768012929E+00
 0.123395480168440E+00
 0.126201299588046E+00
 0.128955462509133E+00
 0.131872394492443E+00
 0.134738858029049E+00
 0.137533098100040E+00
 0.140239078809416E+00
 0.142840686776006E+00
 0.145321821322632E+00
 0.147666472881925E+00
 0.149900262589535E+00
 0.152168961182305E+00
 0.154268982596077E+00
 0.156184511587398E+00
 0.157900106230654E+00
 0.159400768401753E+00
 0.160822088636608E+00
 0.162170787548573E+00
 0.163275632706384E+00
 0.164122937143648E+00
 0.164717814798857E+00
 0.165385373836070E+00
 0.165770875474208E+00
 0.165862561240200E+00
 0.165816457309400E+00
 0.165716422114715E+00
 0.165303448785346E+00
 0.164694660392312E+00
 0.164098474447621E+00
 0.163174426564949E+00
 0.162172363238956E+00
 0.161080929124486E+00
 0.159654207765977E+00
 0.158418385884401E+00
 0.156842681846356E+00
 0.155306082268336E+00
 0.153609707941046E+00
 0.151850048189653E+00
 0.150057474540311E+00
 0.148142543029603E+00
 0.146277457455836E+00
 0.144262276515778E+00
 0.142347178044707E+00
 0.140452553080445E+00
 0.138553330178312E+00
 0.136839198729673E+00
 0.134894219651560E+00
 0.133236065011036E+00
 0.131259623514599E+00
 0.128965484889211E+00
 0.127027930091001E+00
 0.124965374697121E+00
 0.123064366378592E+00
 0.121149439816079E+00
 0.119287444185449E+00
 0.117563628306803E+00
 0.115737376951472E+00
 0.114143598014141E+00
 0.112385943921862E+00
 0.110912682347088E+00
 0.109278751993805E+00
 0.107838072872733E+00
 0.106324693963755E+00
 0.104912653191760E+00
 0.103232516611033E+00
 0.101281011028921E+00
 0.102033794619780E+00
 0.106786634495480E+00
 0.111429393027820E+00
 0.115912341574551E+00
 0.120718410588531E+00
 0.125178547556915E+00
 0.129280929779160E+00
 0.133405629507588E+00
 0.137295970424428E+00
 0.140798870658697E+00
 0.144196436449610E+00
 0.147452211074410E+00
 0.150297139210498E+00
 0.153004165391365E+00
 0.155583261999643E+00
 0.157734368632671E+00
 0.159823465435891E+00
 0.161704531197571E+00
 0.163146668320758E+00
 0.164715882187647E+00
 0.165895910420448E+00
 0.166855335817592E+00
 0.167792234057630E+00
 0.168283340198071E+00
 0.168927670848458E+00
 0.169197528183164E+00
 0.169392873956495E+00
 0.169466249663588E+00
 0.169273181257153E+00
 0.169175518726374E+00
 0.168647922641147E+00
 0.168404595245012E+00
 0.167728572000974E+00
 0.167225031541874E+00
 0.166433272318432E+00
 0.165718483194933E+00
 0.165151729529388E+00
 0.164613038703323E+00
 0.163663599440951E+00
 0.163052863903041E+00
 0.162030944750967E+00
 0.160603725527581E+00
 0.159554872463882E+00
 0.158161204054809E+00
 0.157121665365687E+00
 0.155828899305306E+00
 0.154785799788317E+00
 0.153525241271987E+00
 0.152479321574388E+00
 0.151321523260823E+00
 0.150276468157172E+00
 0.149133190074111E+00
 0.148089949061863E+00
 0.147049148477734E+00
 0.146010045614341E+00
 0.144971325468785E+00
 0.143938109882185E+00
 0.142552006404854E+00
 0.140819289260631E+00
 0.138747409309532E+00
 0.136344975531984E+00
 0.133621740205312E+00
 0.130655696654517E+00
 0.127749299079810E+00
 0.124934170288244E+00
 0.122203266750350E+00
 0.119557614327077E+00
 0.116983987685509E+00
 0.114511406909874E+00
 0.112101969234589E+00
 0.109759293348180E+00
 0.107483915275596E+00
 0.105273906879989E+00
 0.103125161797328E+00
 0.101032084524592E+00
 0.989874463014273E-01
 0.969832928728913E-01
 0.950702424400414E-01
 0.932184402790641E-01
 0.913955458163386E-01
 0.895917235723829E-01
 0.878479652830051E-01
 0.861933221666915E-01
 0.845423564114666E-01
 0.828856420979978E-01
 0.813772907861538E-01
 0.798578682512317E-01
 0.783174867605604E-01
 0.769307596821409E-01
 0.755190533766349E-01
 0.741131645767278E-01
 0.725358780832332E-01
 0.707930307336724E-01
 0.688910277206542E-01
 0.668368238478465E-01
 0.646378949910432E-01
 0.623022006770161E-01
 0.611912588577728E-01
 0.609139640955003E-01
 0.607123551181237E-01
 0.604371058248952E-01
 0.601741271280889E-01
 0.599154203540687E-01
 0.596989400060057E-01
 0.594398339797246E-01
 0.591787293961489E-01
 0.589357650828462E-01
 0.587063521654445E-01
 0.584651398500758E-01
 0.581755436752564E-01
 0.579455703421295E-01
 0.574848177877082E-01
 0.568031685470328E-01
 0.559114057456983E-01
 0.548571641404345E-01
 0.538113216759118E-01
 0.527956112482054E-01
 0.518029632017190E-01
 0.508480299724752E-01
 0.499113400935317E-01
 0.496135993967131E-01
 0.533856276978702E-01
 0.572212212086506E-01
 0.611063088274484E-01
 0.650265239243721E-01
 0.689672511415323E-01
 0.729136657709935E-01
 0.770298949950727E-01
 0.811920139076160E-01
 0.853275074934922E-01
 0.894201860119259E-01
 0.934538890828433E-01
 0.974125775147568E-01
 0.101452300777873E+00
 0.105499786680740E+00
 0.109436374621627E+00
 0.113246226340686E+00
 0.116913922577894E+00
 0.120424497637848E+00
 0.124051381825112E+00
 0.127527915880158E+00
 0.130812956322148E+00
 0.134135010804426E+00
 0.137530442519719E+00
 0.140706327606525E+00
 0.143648975816252E+00
 0.146345565629240E+00
 0.149081670879067E+00
 0.151629339692434E+00
 0.153902702839711E+00
 0.155891345498818E+00
 0.157785446159714E+00
 0.159584247255726E+00
 0.161076352309218E+00
 0.162254228173740E+00
 0.163414684262733E+00
 0.164381250407493E+00
 0.165018513993685E+00
 0.165475899740823E+00
 0.165904006949224E+00
 0.165992764232900E+00
 0.165893278823251E+00
 0.165784028720250E+00
 0.165330122782457E+00
 0.164821721094903E+00
 0.164187691127430E+00
 0.163225164933932E+00
 0.162433202324346E+00
 0.161296483413204E+00
 0.160177834912911E+00
 0.158907781466317E+00
 0.157520982584814E+00
 0.156140890652695E+00
 0.154549871229675E+00
 0.153082362792178E+00
 0.151340010068487E+00
 0.149806452419366E+00
 0.148103868151828E+00
 0.146560486374151E+00
 0.145091615030944E+00
 0.143477725863686E+00
 0.141969884836401E+00
 0.140325651238513E+00
 0.138366760398487E+00
 0.136492426580376E+00
 0.134562489276684E+00
 0.132860830031271E+00
 0.130992583935486E+00
 0.129415832154054E+00
 0.127682873840650E+00
 0.126127696743809E+00
 0.124551858249844E+00
 0.123022191102058E+00
 0.121538326279178E+00
 0.120031603429959E+00
 0.118703014154419E+00
 0.117222108958495E+00
 0.115948269274728E+00
 0.114491577328827E+00
 0.112763062804481E+00
 0.110767006161259E+00
 0.108508756501216E+00
 0.105994698968161E+00
 0.103237062905105E+00
 0.100468491943386E+00
 0.978005442108894E-01
 0.952466634966782E-01
 0.927976291432464E-01
 0.904178945603445E-01
 0.881483979421254E-01
 0.859601071141816E-01
 0.838435206813989E-01
 0.817991983591475E-01
 0.798253983879700E-01
 0.779184995712881E-01
 0.760733482688048E-01
 0.742834977276629E-01
 0.725418739007374E-01
 0.708404751447852E-01
 0.692348816554028E-01
 0.676741220955582E-01
 0.661413300960762E-01
 0.646276859619631E-01
 0.631951544759219E-01
 0.618134490957391E-01
 0.604369882927186E-01
 0.597023459744346E-01
 0.601607007634798E-01
 0.605231382284362E-01
 0.609306288689476E-01
 0.614103321668546E-01
 0.617598597999969E-01
 0.620234980664245E-01
 0.623250289086108E-01
 0.623752282720076E-01
 0.624921155650895E-01
 0.625302173979874E-01
 0.625677861416418E-01
 0.625932556156246E-01
 0.626275279374340E-01
 0.626442733060080E-01
 0.625922185166087E-01
 0.625999461415548E-01
 0.625681371575110E-01
 0.625697412367061E-01
 0.624439640261383E-01
 0.624450442661471E-01
 0.623528012110535E-01
 0.623444270880720E-01
 0.621587719161431E-01
 0.621476862499303E-01
 0.619186091110510E-01
 0.614785837607512E-01
 0.608354882619311E-01
 0.599979949039136E-01
 0.590047527845730E-01
 0.580113904031467E-01
 0.570417321994286E-01
 0.560943902395962E-01
 0.551691190869818E-01
 0.542650843227785E-01
 0.533734600385133E-01
 0.524985647672290E-01
 0.516428504685948E-01
 0.508070268329172E-01
 0.499901262852974E-01
 0.491901509914539E-01
 0.484038953311398E-01
 0.476275262188979E-01
 0.468564484969055E-01
 0.460858698915446E-01
 0.453659929544365E-01
 0.446504587025740E-01
 0.439292280496277E-01
 0.432066581444175E-01
 0.425430024274286E-01
 0.418665741218183E-01
 0.411719180580025E-01
 0.405470333287117E-01
 0.399080400514488E-01
 0.392492785756654E-01
 0.386667715975805E-01
 0.395276522045321E-01
 0.402755006343971E-01
 0.410493178771659E-01
 0.416250985413637E-01
 0.422236366583042E-01
 0.426727203987815E-01
 0.430787906225016E-01
 0.434065650516941E-01
 0.436475333154476E-01
 0.438622452579231E-01
 0.439641857024487E-01
 0.440763406905218E-01
 0.440631773495008E-01
 0.440847941328809E-01
 0.439770903433926E-01
 0.439210336092363E-01
 0.437359921015008E-01
 0.436154875481535E-01
 0.433917007135718E-01
 0.432723803729893E-01
 0.429971435143598E-01
 0.428271740025355E-01
 0.424918820605570E-01
 0.422838831349308E-01
 0.418963144171624E-01
 0.416624526644971E-01
 0.422425339470391E-01
 0.463302189740165E-01
 0.504055705184305E-01
 0.544600294641751E-01
 0.587989759789799E-01
 0.630898843459367E-01
 0.673163050282012E-01
 0.714618284787161E-01
 0.756967716830590E-01
 0.799799292700831E-01
 0.841420748763075E-01
 0.881664067721415E-01
 0.920364396969659E-01
 0.960844553602275E-01
 0.999659816362876E-01
 0.103652779525674E+00
 0.107128999137069E+00
 0.110583125860302E+00
 0.113981629596220E+00
 0.117131861175986E+00
 0.120472579550232E+00
 0.123737823518671E+00
 0.126722632711248E+00
 0.129412891469396E+00
 0.132122068982353E+00
 0.134630124664662E+00
 0.136811696591660E+00
 0.138742189535050E+00
 0.140713287108066E+00
 0.142331148637004E+00
 0.143586118706707E+00
 0.144968388321532E+00
 0.145987257222942E+00
 0.146662537335747E+00
 0.147455486065012E+00
 0.147858135037267E+00
 0.148097834813924E+00
 0.148283698775121E+00
 0.148068876592596E+00
 0.148011321913394E+00
 0.147597375889612E+00
 0.147146385393804E+00
 0.146557500343184E+00
 0.145787333135364E+00
 0.145048575365696E+00
 0.144023208269007E+00
 0.143159598953495E+00
 0.141932926859151E+00
 0.140968925483903E+00
 0.139606301241509E+00
 0.138544555281928E+00
 0.137130453669165E+00
 0.136084765459313E+00
 0.134940300055181E+00
 0.133805062462608E+00
 0.132575850020849E+00
 0.131405482276944E+00
 0.129855808021378E+00
 0.128321870515283E+00
 0.126799302585411E+00
 0.125397341846445E+00
 0.123899901887522E+00
 0.122602610393447E+00
 0.121133542614471E+00
 0.119938008971150E+00
 0.118494990308160E+00
 0.117397260897228E+00
 0.116007500934091E+00
 0.114958784712269E+00
 0.113665829862951E+00
 0.112640417203745E+00
 0.111404479900455E+00
 0.110400677009088E+00
 0.109070093855470E+00
 0.107414012140631E+00
 0.105434959323114E+00
 0.103136708095466E+00
 0.100585640690658E+00
 0.980859761295386E-01
 0.956759068513976E-01
 0.978423266955224E-01
 0.100243596406244E+00
 0.102632197396811E+00
 0.104788606494893E+00
 0.106612794518124E+00
 0.108525296100802E+00
 0.110021428181315E+00
 0.111505595885410E+00
 0.112757585613897E+00
 0.113791314224786E+00
 0.114814330789633E+00
 0.115448377724590E+00
 0.116261192829942E+00
 0.116640344762411E+00
 0.117167968613272E+00
 0.117357508046974E+00
 0.117601430255657E+00
 0.117625311420623E+00
 0.117624035159114E+00
 0.117506463743366E+00
 0.117292644015683E+00
 0.117057669754848E+00
 0.116657704855307E+00
 0.116328590227079E+00
 0.115764094756106E+00
 0.115363007126329E+00
 0.115158478861138E+00
 0.114704312766339E+00
 0.114192247432177E+00
 0.113687905583901E+00
 0.112779112588198E+00
 0.112094996133841E+00
 0.111197748838204E+00
 0.110498150886901E+00
 0.109611442018254E+00
 0.108992664281193E+00
 0.108120035417513E+00
 0.107464726693088E+00
 0.106605406285480E+00
 0.106043106624601E+00
 0.105199533749097E+00
 0.104580949168674E+00
 0.103753130346165E+00
 0.103237000846489E+00
 0.102425890474278E+00
 0.101838573439363E+00
 0.101045435972545E+00
 0.999033748824669E-01
 0.984176070492589E-01
 0.965945826423980E-01
 0.967264136733677E-01
 0.995804443072045E-01
 0.102289183913528E+00
 0.104717101621513E+00
 0.107078462278787E+00
 0.109339438156990E+00
 0.111308087866929E+00
 0.113066437618255E+00
 0.114854215559587E+00
 0.116343639148677E+00
 0.117558860145764E+00
 0.118864512774686E+00
 0.119870901284572E+00
 0.120620473625185E+00
 0.121448786759510E+00
 0.121981540804674E+00
 0.122352009838399E+00
 0.122719039186772E+00
 0.122798176742871E+00
 0.122877919662322E+00
 0.122808243982555E+00
 0.122537008470183E+00
 0.122335204635209E+00
 0.121859536474435E+00
 0.121453164665902E+00
 0.120865829457141E+00
 0.120229188057735E+00
 0.119547324312259E+00
 0.118723185645275E+00
 0.117963362668320E+00
 0.116988085975947E+00
 0.116165992097195E+00
 0.115096713085337E+00
 0.114200587969519E+00
 0.113509726366899E+00
 0.112603239672650E+00
 0.111627083184803E+00
 0.110686770724659E+00
 0.109509787039184E+00
 0.108338291307620E+00
 0.107169435230066E+00
 0.106027735728151E+00
 0.104866613174225E+00
 0.103900358959484E+00
 0.102749022141697E+00
 0.101785482317814E+00
 0.100758560119993E+00
 0.998492402901068E-01
 0.988082533635181E-01
 0.979088989744748E-01
 0.970261927457348E-01
 0.961355550682810E-01
 0.952319176786117E-01
 0.943536978034794E-01
 0.932630578457129E-01
 0.919707998722785E-01
 0.904884332049651E-01
 0.888281164234176E-01
 0.870025950708088E-01
 0.850251353007900E-01
 0.829514757282852E-01
 0.809422285800627E-01
 0.790096362084040E-01
 0.771443436477357E-01
 0.753502416033564E-01
 0.736084744225095E-01
 0.719161854187979E-01
 0.703861827681617E-01
 0.718685330672549E-01
 0.733071624009536E-01
 0.746889440973594E-01
 0.761105988841904E-01
 0.774854144046676E-01
 0.787944744775301E-01
 0.800766803100036E-01
 0.814085540827927E-01
 0.826471735603797E-01
 0.837677519930736E-01
 0.847570527913766E-01
 0.856023060276055E-01
 0.864048347314510E-01
 0.871525481482366E-01
 0.877306935065961E-01
 0.881278425869511E-01
 0.884318101601986E-01
 0.887043131337424E-01
 0.887742470490287E-01
 0.886321059361955E-01
 0.885659646379917E-01
 0.882851204346129E-01
 0.877997805006703E-01
 0.873909047152952E-01
 0.867469251411921E-01
 0.860426658318050E-01
 0.852791288493143E-01
 0.843281716448607E-01
 0.834613282311358E-01
 0.823460712063007E-01
 0.813751486335928E-01
 0.801722867081739E-01
 0.790925491035213E-01
 0.778202422251352E-01
 0.766765086959034E-01
 0.753523787445347E-01
 0.741791951961330E-01
 0.728338866967973E-01
 0.717383522936999E-01
 0.704122385256110E-01
 0.693006350220089E-01
 0.680258668920407E-01
 0.668827126400282E-01
 0.657806652440242E-01
 0.646379647348269E-01
 0.632597888244043E-01
 0.620802638381361E-01
 0.607803012626611E-01
 0.597107162054282E-01
 0.584880669231233E-01
 0.574556989806284E-01
 0.563524526397956E-01
 0.553523922218289E-01
 0.568048700861633E-01
 0.606476239935852E-01
 0.643209247444716E-01
 0.681123006809707E-01
 0.717673578208232E-01
 0.752193852495919E-01
 0.785882140740819E-01
 0.819620468355534E-01
 0.852544835233051E-01
 0.886610986227624E-01
 0.919016191178964E-01
 0.948815879876750E-01
 0.977473657445561E-01
 0.100572275700452E+00
 0.103111345001587E+00
 0.105432740016684E+00
 0.107789048277893E+00
 0.109839061156319E+00
 0.111649608157889E+00
 0.113502034035664E+00
 0.115032677036722E+00
 0.116393097922110E+00
 0.117722526132672E+00
 0.118719641524056E+00
 0.119708704313746E+00
 0.120510144887342E+00
 0.121058235185341E+00
 0.121678811097200E+00
 0.121959615798797E+00
 0.122295315669437E+00
 0.122411421977026E+00
 0.122424020869102E+00
 0.122393446165959E+00
 0.122121921732687E+00
 0.121962239046893E+00
 0.121466842950335E+00
 0.121167224108988E+00
 0.120563172921563E+00
 0.120055037649319E+00
 0.119360560085466E+00
 0.118675463167416E+00
 0.118105569966259E+00
 0.117602013280360E+00
 0.116778381174516E+00
 0.116113199584790E+00
 0.115240032043417E+00
 0.114304898009738E+00
 0.113428975612441E+00
 0.112437189485881E+00
 0.111559666651561E+00
 0.110709966568913E+00
 0.109839539218023E+00
 0.108943469795102E+00
 0.108074853132849E+00
 0.107308576855253E+00
 0.106449044216698E+00
 0.105634941219115E+00
 0.104780188128853E+00
 0.104092356823215E+00
 0.103248182464546E+00
 0.102504465132510E+00
 0.101667714666276E+00
 0.100560242354674E+00
 0.991865215130348E-01
 0.975521029642733E-01
 0.956635923158946E-01
 0.935294928735783E-01
 0.913314595562237E-01
 0.892074903670580E-01
 0.871478972375687E-01
 0.851375661411429E-01
 0.832199121523194E-01
 0.813445731384245E-01
 0.795200357892270E-01
 0.777564102521338E-01
 0.760635258496737E-01
 0.744215729950616E-01
 0.728289165115226E-01
 0.712885924101732E-01
 0.698162123405386E-01
 0.683916959545272E-01
 0.670077616263988E-01
 0.656561434727866E-01
 0.643277817470429E-01
 0.630544002176728E-01
 0.618426474754432E-01
 0.606387030847065E-01
 0.594334424055435E-01
 0.583233608428086E-01
 0.572201703062590E-01
 0.561014236938848E-01
 0.558749757606877E-01
 0.579812569207919E-01
 0.600120084891978E-01
 0.619538957224489E-01
 0.638619856226353E-01
 0.657974761883570E-01
 0.676147003643916E-01
 0.692997224456168E-01
 0.708385903657394E-01
 0.722176150454592E-01
 0.734236759016438E-01
 0.744444612371706E-01
 0.755200705255576E-01
 0.766352032490842E-01
 0.775972570210374E-01
 0.783486656760261E-01
 0.788781209798914E-01
 0.792755129150059E-01
 0.797068275374594E-01
 0.801876746177085E-01
 0.804292240552167E-01
 0.804223294240799E-01
 0.805332682612488E-01
 0.806840032349919E-01
 0.806538864413844E-01
 0.804387281076291E-01
 0.802984912898546E-01
 0.802500041152862E-01
 0.799781958812048E-01
 0.796951996765443E-01
 0.793943303603060E-01
 0.791647167190083E-01
 0.787319118333635E-01
 0.784285969412188E-01
 0.780992854852324E-01
 0.777003857664278E-01
 0.773821315159906E-01
 0.769187333771089E-01
 0.766222158347423E-01
 0.762365209699566E-01
 0.758863770716278E-01
 0.754752231037343E-01
 0.774137534501360E-01
 0.796994317397612E-01
 0.819321536347149E-01
 0.841803488906019E-01
 0.862655707827451E-01
 0.884395474961097E-01
 0.905914728778195E-01
 0.925538369174597E-01
 0.944334662918701E-01
 0.962876031082003E-01
 0.979239060925177E-01
 0.993313825468296E-01
 0.100637814596339E+00
 0.101893002755034E+00
 0.102896180939110E+00
 0.103638798611783E+00
 0.104422918780344E+00
 0.104982108129248E+00
 0.105263512227124E+00
 0.105505923475785E+00
 0.105594213034463E+00
 0.105392478593230E+00
 0.105169942317317E+00
 0.104777633201636E+00
 0.104088618135402E+00
 0.103494273814016E+00
 0.102626477466670E+00
 0.101630046728497E+00
 0.100604468909217E+00
 0.992863351232335E-01
 0.981286996884562E-01
 0.966792768066056E-01
 0.965128969054698E-01
 0.967425255128589E-01
 0.970196642247976E-01
 0.973932961046825E-01
 0.974660401148743E-01
 0.973456189777058E-01
 0.975504100236046E-01
 0.976328838800862E-01
 0.974186918930422E-01
 0.973104677361101E-01
 0.972938766934742E-01
 0.971122971950215E-01
 0.968534846163123E-01
 0.965622561118064E-01
 0.963780947596126E-01
 0.959603899965121E-01
 0.956867191647928E-01
 0.952433495568624E-01
 0.948987640904971E-01
 0.943642763194767E-01
 0.939051558008371E-01
 0.934508882141692E-01
 0.929081447294895E-01
 0.922290334867100E-01
 0.916233351779554E-01
 0.911896875449790E-01
 0.904793839381205E-01
 0.899407947391258E-01
 0.891948369373522E-01
 0.885730630578203E-01
 0.879740797175719E-01
 0.873711729153951E-01
 0.867260366147486E-01
 0.861176169713690E-01
 0.854413532596570E-01
 0.848387690392658E-01
 0.842490554011690E-01
 0.835567307851462E-01
 0.831124388894300E-01
 0.824262524435346E-01
 0.819388302482502E-01
 0.812754848031128E-01
 0.807766173298414E-01
 0.802161708843767E-01
 0.797242010028842E-01
 0.790914975666497E-01
 0.786027448564159E-01
 0.781360011473337E-01
 0.776001690687134E-01
 0.771469919093086E-01
 0.766116238306242E-01
 0.762197132205517E-01
 0.756465113057029E-01
 0.752671012420131E-01
 0.747696132875063E-01
 0.743898772479241E-01
 0.738634195461894E-01
 0.734624453661257E-01
 0.729820949282812E-01
 0.725781891742227E-01
 0.721394274481214E-01
 0.717148683077888E-01
 0.712424941266881E-01
 0.708199664995518E-01
 0.704372557567417E-01
 0.699945756372205E-01
 0.695604676685464E-01
 0.691096913094864E-01
 0.687639948534884E-01
 0.683076590979302E-01
 0.679086078625512E-01
 0.674414672389075E-01
 0.671239326494174E-01
 0.666585670069233E-01
 0.662891582567961E-01
 0.658154854474255E-01
 0.653959045333708E-01
 0.649214866505576E-01
 0.644537178727945E-01
 0.639859699411516E-01
 0.633313610393921E-01
 0.624961475628477E-01
 0.614872358457462E-01
 0.603121579963000E-01
 0.589790486663852E-01
 0.574966163752254E-01
 0.559797015384892E-01
 0.546044487627509E-01
 0.533401688022925E-01
 0.521527875422353E-01
 0.510513480833126E-01
 0.499927249087876E-01
 0.489759635066630E-01
 0.479984670521809E-01
 0.470567364046141E-01
 0.461466552590865E-01
 0.452639365712407E-01
 0.444041029191724E-01
 0.435624380643084E-01
 0.427337785233450E-01
 0.419130454693096E-01
 0.411413562114661E-01
 0.403826751025027E-01
 0.396254370295367E-01
 0.388690271498266E-01
 0.381733565445031E-01
 0.374716437765293E-01
 0.367588517432738E-01
 0.361070607728523E-01
 0.354515780032901E-01
 0.347786421367446E-01
 0.341802885726463E-01
 0.335625140553102E-01
 0.329508754356973E-01
 0.322537690870565E-01
 0.314757312924420E-01
 0.306215286967189E-01
 0.296961350952334E-01
 0.287047180879784E-01
 0.276526300886423E-01
 0.265453959165326E-01
 0.253886897806889E-01
 0.241882978649859E-01
 0.229500683097089E-01
 0.216798560896476E-01
 0.203834728383522E-01
 0.190666489466723E-01
 0.181231801033671E-01
 0.180236265355890E-01
 0.179690047299324E-01
 0.178567909429157E-01
 0.177966365984025E-01
 0.176793386085205E-01
 0.176116852570315E-01
 0.174920952290495E-01
 0.173200159694040E-01
 0.170995750083344E-01
 0.168354301388521E-01
 0.165591738879936E-01
 0.162854021307977E-01
 0.160159683425766E-01
 0.157455102369538E-01
 0.154821719607763E-01
 0.152217659554053E-01
 0.149644601879406E-01
 0.147107933193338E-01
 0.144608851816544E-01
 0.142144129965179E-01
 0.139709625472279E-01
 0.137299105143063E-01
 0.134913901411390E-01
 0.132617543097691E-01
 0.130341716302361E-01
 0.128079335944698E-01
 0.125825039810414E-01
 0.123608388554645E-01
 0.121486737188877E-01
 0.119366341114153E-01
 0.117239547347099E-01
 0.115185141383155E-01
 0.113203040239701E-01
 0.111223429005354E-01
 0.109244967765283E-01
 0.107426422399941E-01
 0.105619125610352E-01
 0.103818152508703E-01
 0.102121107456015E-01
 0.100506373243155E-01
 0.988958976607549E-02
 0.973490551526003E-02
 0.955963982414682E-02
 0.936576866058584E-02
 0.915524273830728E-02
 0.892995812105726E-02
 0.869172591748274E-02
 0.844225239014182E-02
 0.818313479933822E-02
 0.791586986532689E-02
 0.764186697775688E-02
 0.736245941954048E-02
 0.707891097725614E-02
 0.679241821220590E-02
 0.650410921158063E-02
 0.621503973549179E-02
 0.592618887345353E-02
 0.563845753287542E-02
 0.535267207708970E-02
 0.506959196763092E-02
 0.478991689448657E-02
 0.451428856050728E-02
 0.424328560159136E-02
 0.397741488929615E-02
 0.371710563466078E-02
 0.346271240475986E-02
 0.321452939097441E-02
 0.297281273349112E-02
 0.290700336278470E-02
 0.290354443818527E-02
 0.290025066560265E-02
 0.289712053288644E-02
 0.289415845254778E-02
 0.289138693930651E-02
 0.288884114508012E-02
 0.288654890104773E-02
 0.288451113300773E-02
 0.288269770683352E-02
 0.288106255177446E-02
 0.287956794730357E-02
 0.287820157539305E-02
 0.287697573134576E-02
 0.287591107615517E-02
 0.287501729305806E-02
 0.287428276829346E-02
 0.287367662987606E-02
 0.287315777179945E-02
 0.287268411469338E-02
 0.287222037749073E-02
 0.287174657118561E-02
 0.287126680043426E-02
 0.287081178613636E-02
 0.287042740022294E-02
 0.287014993714628E-02
 0.286998109120327E-02
 0.286988014996658E-02
 0.286978162292414E-02
 0.286962931787025E-02
 0.286940606426151E-02
 0.286914103650832E-02
 0.286889146591274E-02
 0.286871115524457E-02
 0.286862415353635E-02
 0.286861605940297E-02
 0.286864376327883E-02
 0.286865535597032E-02
 0.286860995803025E-02
 0.286849103889002E-02
 0.286831157839152E-02
 0.286811128568498E-02
 0.286794529543315E-02
 0.286786418502012E-02
 0.286788992080068E-02
 0.286799922325166E-02
 0.286812758028189E-02
 0.286819803534574E-02
 0.286816222540924E-02
 0.286802923108979E-02
 0.286786222512410E-02
 0.286774313358905E-02
 0.286772722784360E-02
 0.286781590723775E-02
 0.286796214690105E-02
 0.286810063555788E-02
 0.286818092041288E-02
 0.286818534534148E-02
 0.286812794257147E-02
 0.286804237816127E-02
 0.286796859432928E-02
 0.286794178449417E-02
 0.286798232598338E-02
 0.286808645950540E-02
 0.286822242033141E-02
 0.286833869856809E-02
 0.286838587713676E-02
 0.286834340801282E-02
 0.286823540120773E-02
 0.286812236538754E-02
 0.286806961266992E-02
 0.286810956652153E-02
 0.286822202043060E-02
 0.286834634406536E-02
 0.286841824936343E-02
 0.286840666847705E-02
 0.286832708965891E-02
 0.286822577060881E-02
 0.286814974701554E-02
 0.286812422543092E-02
 0.286814843614806E-02
 0.286820491293528E-02
 0.286827006826099E-02
 0.286831968844430E-02
 0.286833256579765E-02
 0.286829771091841E-02
 0.286822371749972E-02
 0.286814149948891E-02
 0.286809300765152E-02
 0.286810888452308E-02
 0.286818847217417E-02
 0.286829666772576E-02
 0.286838203262040E-02
 0.286840630866024E-02
 0.286836716647744E-02
 0.286829958864674E-02
 0.286825477879173E-02
 0.286827012245558E-02
 0.286834942843483E-02
 0.286846508202625E-02
 0.286857816018217E-02
 0.286866082556024E-02
 0.286870643393900E-02
 0.286872488003578E-02
 0.286873235743064E-02
 0.286874560749397E-02
 0.286878167259454E-02
 0.286885601775793E-02
 0.286897403662165E-02
 0.286912114705592E-02
 0.286926315241200E-02
 0.286936261076014E-02
 0.286940273414590E-02
 0.286940124051253E-02
 0.286940207779663E-02
 0.286944919137481E-02
 0.286955998736951E-02
 0.286971606799443E-02
 0.286987607252851E-02
 0.287000056970268E-02
 0.287007256305040E-02
 0.287010230082328E-02
 0.287011653614653E-02
 0.287014179083319E-02
 0.287019277345823E-02
 0.287027093180285E-02
 0.287036961407887E-02
 0.287047844270042E-02
 0.287058327588810E-02
 0.287066549062904E-02
 0.287070720413927E-02
 0.287070323254950E-02
 0.287067101809955E-02
 0.287064687256307E-02
 0.287066605104439E-02
 0.287073876506060E-02
 0.287084062198038E-02
 0.287092661928632E-02
 0.287095959931469E-02
 0.287093262429203E-02
 0.287086996642690E-02
 0.287080836970564E-02
 0.287077418481150E-02
 0.287077212225065E-02
 0.287078976396699E-02
 0.287080990874009E-02
 0.287081977993917E-02
 0.287081231611320E-02
 0.287078299249959E-02
 0.287072868005533E-02
 0.287065133830544E-02
 0.287056294386968E-02
 0.287048486515252E-02
 0.287043817685027E-02
 0.287042929838224E-02
 0.287044157572196E-02
 0.287044169997911E-02
 0.287039956946544E-02
 0.287030866346425E-02
 0.287019144607580E-02
 0.287008463452103E-02
 0.287001486463506E-02
 0.286998301207627E-02
 0.286996806387132E-02
 0.286994528581801E-02
 0.286990276777426E-02
 0.286984416771122E-02
 0.286977903195812E-02
 0.286971234841348E-02
 0.286964319230533E-02
 0.286957171123773E-02
 0.286950526396971E-02
 0.286945593486695E-02
 0.286943061505295E-02
 0.286942249686823E-02
 0.286941237073901E-02
 0.286938028669328E-02
 0.286931959798973E-02
 0.286924286322161E-02
 0.286917450773033E-02
 0.286913474059492E-02
 0.286912606382927E-02
 0.286913236719402E-02
 0.286913136820376E-02
 0.286911075880221E-02
 0.286907542571810E-02
 0.286904060579978E-02
 0.286901779693526E-02
 0.286900611853657E-02
 0.286899616592372E-02
 0.286898147959265E-02
 0.286896585675470E-02
 0.286895934332190E-02
 0.286896714058594E-02
 0.286898264225940E-02
 0.286899177327703E-02
 0.286898495624557E-02
 0.286896586865507E-02
 0.286894911874041E-02
 0.286894880882995E-02
 0.286896758817300E-02
 0.286899494799021E-02
 0.286901567205117E-02
 0.286902142079520E-02
 0.286901646453531E-02
 0.286901349494641E-02
 0.286902313934833E-02
 0.286904554179683E-02
 0.286907067211370E-02
 0.286908703365138E-02
 0.286909148481528E-02
 0.286909177606063E-02
 0.286909953863918E-02
 0.286911989503482E-02
 0.286914702237165E-02
 0.286916964683869E-02
 0.286918127183009E-02
 0.286918558105533E-02
 0.286919216768033E-02
 0.286920700867188E-02
 0.286922695025465E-02
 0.286924331762525E-02
 0.286925086987341E-02
 0.286925335711184E-02
 0.286926040001158E-02
 0.286927860790961E-02
