 0.257655431805273E-07
 0.399603431334149E-06
 0.194180613618851E-05
 0.585090150781493E-05
 0.135381943166497E-04
 0.264682242988320E-04
 0.460246809479121E-04
 0.734116009461420E-04
 0.109588895239402E-03
 0.155233375369729E-03
 0.210713972999549E-03
 0.276072842040528E-03
 0.351010251226884E-03
 0.434877195195947E-03
 0.526682463705718E-03
 0.625119231757779E-03
 0.728610937718366E-03
 0.837121439747042E-03
 0.953659316497704E-03
 0.107590618276646E-02
 0.119776060825423E-02
 0.132083535642465E-02
 0.144456051631062E-02
 0.156167070346238E-02
 0.166930404713761E-02
 0.176992144414921E-02
 0.186241919171714E-02
 0.193815116749743E-02
 0.199423811235873E-02
 0.203822092937745E-02
 0.206390518553929E-02
 0.207957859779642E-02
 0.207972078249438E-02
 0.208567601151902E-02
 0.209491687261909E-02
 0.217351096999572E-02
 0.229007204556736E-02
 0.241328635212630E-02
 0.253834403054562E-02
 0.267091301578308E-02
 0.280111385226630E-02
 0.293941360848560E-02
 0.307762454799760E-02
 0.321807216657846E-02
 0.336214722513793E-02
 0.350920998423334E-02
 0.366232277038149E-02
 0.381364177804356E-02
 0.397077690212502E-02
 0.412310961005197E-02
 0.428278425065372E-02
 0.447166528841742E-02
 0.499626897625201E-02
 0.551395210617272E-02
 0.602010216913102E-02
 0.653109272381113E-02
 0.705331666891760E-02
 0.757906451703662E-02
 0.808028231768734E-02
 0.855214562940429E-02
 0.903480712508552E-02
 0.954307056266753E-02
 0.100148687346955E-01
 0.104688530156892E-01
 0.109381487238677E-01
 0.114102064617239E-01
 0.118503145267604E-01
 0.123015633883789E-01
 0.127666906337954E-01
 0.132017497264296E-01
 0.136530237681706E-01
 0.141033752074346E-01
 0.145348503795294E-01
 0.149881348976505E-01
 0.154313856594615E-01
 0.158559764999212E-01
 0.163060110743718E-01
 0.167527335395436E-01
 0.171826685975006E-01
 0.176056371523148E-01
 0.180596100652204E-01
 0.184958352595688E-01
 0.189666954818037E-01
 0.194114385522239E-01
 0.198945869815211E-01
 0.204012747237907E-01
 0.209200489960020E-01
 0.214791328218325E-01
 0.221006886804966E-01
 0.227489112663346E-01
 0.234172911666211E-01
 0.241418626948870E-01
 0.248827164701531E-01
 0.256279818453550E-01
 0.263690848120969E-01
 0.270290791789369E-01
 0.276478237007818E-01
 0.282808313921157E-01
 0.289063560919750E-01
 0.294624250113679E-01
 0.299196265967247E-01
 0.303232116339004E-01
 0.306920363313243E-01
 0.309512819561854E-01
 0.311390480602604E-01
 0.313087427772228E-01
 0.315478185952507E-01
 0.318246601297487E-01
 0.320113027775073E-01
 0.321315620163445E-01
 0.322262676758373E-01
 0.322237975545378E-01
 0.321213782253897E-01
 0.319411408008751E-01
 0.317489409020059E-01
 0.315172238286303E-01
 0.312921984612706E-01
 0.310671926528926E-01
 0.308233949370640E-01
 0.305685858100936E-01
 0.302849367346394E-01
 0.299713063177759E-01
 0.296316226722041E-01
 0.292508907352953E-01
 0.288195296851429E-01
 0.283789003211737E-01
 0.279350356649362E-01
 0.280127929176604E-01
 0.281491994420812E-01
 0.283108316254319E-01
 0.284640119410110E-01
 0.286317675958345E-01
 0.287988054698147E-01
 0.289157591675428E-01
 0.290721453962961E-01
 0.291420836353034E-01
 0.291240309226541E-01
 0.290169014934465E-01
 0.288200643392038E-01
 0.285333163142308E-01
 0.281568623652217E-01
 0.276913335122080E-01
 0.271378356386336E-01
 0.264979858732475E-01
 0.257739015600325E-01
 0.249681544732477E-01
 0.247149992092887E-01
 0.250065055401474E-01
 0.251678829702816E-01
 0.258262918566931E-01
 0.268517069382456E-01
 0.279272732494135E-01
 0.289277011060328E-01
 0.298433133400946E-01
 0.307631637556621E-01
 0.315959711095199E-01
 0.323211599496674E-01
 0.329301184498130E-01
 0.334649112100436E-01
 0.339869454278543E-01
 0.343749704739629E-01
 0.346220847412489E-01
 0.347222175548854E-01
 0.347904323490173E-01
 0.347736393087462E-01
 0.347886730308642E-01
 0.346602594985124E-01
 0.343937209924285E-01
 0.341664357509581E-01
 0.337754201297150E-01
 0.334381034317039E-01
 0.330378522190777E-01
 0.326276351862903E-01
 0.320527260636102E-01
 0.315084347726310E-01
 0.310324775288158E-01
 0.304762225168662E-01
 0.298349532589623E-01
 0.292223163819475E-01
 0.286495992611342E-01
 0.279882452872874E-01
 0.273681285566249E-01
 0.267201960128133E-01
 0.261467028256826E-01
 0.254568923128157E-01
 0.248861377990729E-01
 0.243592143901118E-01
 0.241878817954522E-01
 0.264849757569178E-01
 0.289201387324324E-01
 0.315627186831584E-01
 0.343801974177973E-01
 0.373421064862682E-01
 0.404434955430974E-01
 0.436785927437045E-01
 0.470408031817306E-01
 0.505227021714404E-01
 0.541160377714249E-01
 0.578950511840367E-01
 0.618750911870925E-01
 0.659549069033060E-01
 0.701229942270995E-01
 0.743670326337756E-01
 0.786739672586637E-01
 0.830300996394842E-01
 0.874760242097678E-01
 0.921400167707533E-01
 0.968251171804202E-01
 0.101514903302457E+00
 0.106192539317778E+00
 0.111225923074886E+00
 0.116545605819701E+00
 0.121809086654127E+00
 0.126996663615722E+00
 0.132088531819334E+00
 0.137064865214228E+00
 0.141905884258085E+00
 0.146873523406239E+00
 0.151746255738915E+00
 0.156440745510317E+00
 0.160936996753902E+00
 0.165215400251741E+00
 0.169278332255338E+00
 0.173478189563307E+00
 0.177418427077610E+00
 0.181080332130740E+00
 0.184445987046120E+00
 0.187556654346525E+00
 0.190751560339046E+00
 0.193612759138325E+00
 0.196124428109120E+00
 0.198271916013339E+00
 0.200496261201660E+00
 0.202404220615616E+00
 0.203918029054096E+00
 0.205113864747301E+00
 0.206372512137014E+00
 0.207212581044093E+00
 0.207624644851259E+00
 0.208119302653517E+00
 0.208264012646962E+00
 0.207964726219161E+00
 0.207784963711282E+00
 0.207230974230445E+00
 0.206337577946138E+00
 0.205554271403954E+00
 0.204315482829050E+00
 0.203086250445086E+00
 0.201647562072666E+00
 0.199972227551968E+00
 0.198366203704377E+00
 0.196347120591548E+00
 0.194606000729438E+00
 0.192416339169137E+00
 0.190484805535429E+00
 0.188196446706950E+00
 0.186101678305457E+00
 0.183744269797855E+00
 0.181539226205467E+00
 0.179605655190733E+00
 0.177598368256567E+00
 0.175167349266824E+00
 0.173147465017312E+00
 0.170716591132193E+00
 0.168380337330181E+00
 0.165976838066007E+00
 0.163856708234459E+00
 0.161505353465024E+00
 0.159546450338959E+00
 0.157378349642482E+00
 0.155492602471885E+00
 0.153440266374505E+00
 0.151577853275783E+00
 0.149749313138059E+00
 0.147929704917511E+00
 0.146153866588275E+00
 0.144359110761622E+00
 0.142559514769690E+00
 0.140804081152627E+00
 0.138690588327785E+00
 0.136220935516828E+00
 0.133398489802966E+00
 0.130228087076119E+00
 0.126815855555795E+00
 0.123501620102462E+00
 0.120299867822244E+00
 0.117229538494698E+00
 0.114250098477363E+00
 0.111391141158006E+00
 0.108610905037703E+00
 0.105917450439672E+00
 0.103314839670047E+00
 0.104992183374882E+00
 0.107074028395811E+00
 0.109147255985357E+00
 0.110828437754218E+00
 0.112603775123441E+00
 0.114064671821499E+00
 0.115408664656364E+00
 0.116665008885319E+00
 0.117613448322171E+00
 0.118683247862328E+00
 0.119367216480016E+00
 0.120173386526188E+00
 0.120692955574060E+00
 0.121188221868314E+00
 0.121564084070902E+00
 0.121778675309853E+00
 0.122031242089308E+00
 0.121991977218367E+00
 0.122141424230959E+00
 0.121930392140263E+00
 0.121937070100880E+00
 0.121947490922152E+00
 0.121947099816702E+00
 0.121595217845607E+00
 0.121425536392618E+00
 0.121030139724638E+00
 0.120487697944705E+00
 0.120066503314839E+00
 0.119419737618322E+00
 0.118986525322914E+00
 0.118440631753036E+00
 0.117988139264967E+00
 0.117368678511333E+00
 0.116908191591360E+00
 0.116364161087848E+00
 0.115890097288659E+00
 0.115296121800412E+00
 0.114817050579398E+00
 0.114279468328990E+00
 0.113791903156034E+00
 0.113138770422781E+00
 0.112655704821410E+00
 0.111873926210261E+00
 0.110804235126725E+00
 0.109458461476568E+00
 0.107849392887491E+00
 0.105990692261091E+00
 0.103909736567364E+00
 0.101816952018066E+00
 0.997757467061398E-01
 0.978002801511225E-01
 0.958749412144694E-01
 0.940015676631910E-01
 0.921645476913203E-01
 0.903876881507979E-01
 0.886630379806925E-01
 0.869781525777131E-01
 0.853320658437876E-01
 0.837222066948979E-01
 0.821446677285439E-01
 0.806261957772845E-01
 0.791498899008136E-01
 0.777021337110271E-01
 0.762760260524446E-01
 0.748643266098930E-01
 0.735132438318920E-01
 0.722078409274796E-01
 0.709069916692781E-01
 0.696030203950459E-01
 0.684068831222482E-01
 0.672054351227528E-01
 0.659901874178258E-01
 0.648745561224739E-01
 0.637584002346129E-01
 0.626206413872634E-01
 0.616022657758648E-01
 0.604515377251909E-01
 0.591734368833992E-01
 0.577762500810649E-01
 0.562685959644816E-01
 0.546593817861990E-01
 0.529577585748888E-01
 0.511730739243706E-01
 0.493148227238861E-01
 0.473925968759416E-01
 0.454160352721540E-01
 0.433947753242895E-01
 0.413384071025222E-01
 0.392564302399588E-01
 0.374506175738988E-01
 0.407353284579151E-01
 0.440629217208106E-01
 0.476284891740558E-01
 0.512231720516203E-01
 0.548340798773501E-01
 0.584479790293324E-01
 0.620513747987815E-01
 0.657589282915397E-01
 0.695420275889650E-01
 0.732842088568159E-01
 0.769706478062127E-01
 0.805864876640177E-01
 0.841270698552672E-01
 0.878222256489677E-01
 0.914128689358596E-01
 0.948836657557192E-01
 0.982195033544771E-01
 0.101405548594963E+00
 0.104672644190547E+00
 0.107820877437897E+00
 0.110785433501002E+00
 0.113986727929296E+00
 0.117061013096949E+00
 0.119924034648737E+00
 0.122561551183047E+00
 0.125074390466182E+00
 0.127578765942969E+00
 0.129827022665849E+00
 0.131806661211720E+00
 0.133644993998109E+00
 0.135447260529072E+00
 0.136955461607705E+00
 0.138159450655848E+00
 0.139414004283867E+00
 0.140415032944391E+00
 0.141092589561125E+00
 0.141776276092987E+00
 0.142250280502562E+00
 0.142386363748466E+00
 0.142627931553616E+00
 0.142569345527909E+00
 0.142329899027526E+00
 0.142095451006119E+00
 0.141510877791055E+00
 0.141066997716181E+00
 0.140326245279153E+00
 0.139578902107399E+00
 0.138704755241315E+00
 0.137717060405219E+00
 0.136732189734104E+00
 0.135557818282535E+00
 0.134484126598734E+00
 0.133167401014595E+00
 0.132025904399412E+00
 0.130761331417324E+00
 0.129616403339575E+00
 0.128474530070273E+00
 0.127250302058194E+00
 0.126122185590173E+00
 0.124867060923161E+00
 0.123282731511010E+00
 0.121814265950304E+00
 0.120254984158664E+00
 0.118939243136843E+00
 0.117402872729731E+00
 0.116175485684996E+00
 0.114743089109353E+00
 0.113560764788306E+00
 0.112213038813706E+00
 0.111052298232183E+00
 0.109804647851976E+00
 0.108662613093443E+00
 0.107498942018412E+00
 0.106379214903406E+00
 0.105285696762864E+00
 0.104185502470056E+00
 0.102803049038106E+00
 0.101138930086300E+00
 0.991948768561852E-01
 0.969737615072183E-01
 0.945259548841020E-01
 0.921254485244282E-01
 0.898132650339218E-01
 0.875790342307384E-01
 0.854311045239986E-01
 0.833471739989875E-01
 0.835742691078276E-01
 0.853104358143443E-01
 0.866576560636490E-01
 0.881177312684423E-01
 0.892397141777910E-01
 0.903580359108151E-01
 0.912691436475956E-01
 0.920825833211799E-01
 0.928005230021558E-01
 0.933440641308589E-01
 0.938886995412130E-01
 0.941940817902710E-01
 0.945865684387197E-01
 0.946815716517910E-01
 0.949435058662545E-01
 0.948517347595072E-01
 0.950044928707680E-01
 0.947555921444221E-01
 0.948097729880639E-01
 0.944767338779892E-01
 0.943944035351437E-01
 0.942572555451302E-01
 0.942040457878041E-01
 0.938127297672837E-01
 0.937114416643610E-01
 0.932260765693505E-01
 0.926842624392407E-01
 0.922066882686757E-01
 0.916428491854382E-01
 0.911720095284508E-01
 0.906416203816403E-01
 0.901810560564764E-01
 0.896165352906116E-01
 0.891650708691887E-01
 0.886459914800060E-01
 0.882064734812807E-01
 0.876408432196541E-01
 0.872125437292458E-01
 0.867019659265206E-01
 0.865225405107476E-01
 0.896288563385640E-01
 0.924802974989443E-01
 0.954192978688067E-01
 0.981420214563711E-01
 0.100584135178223E+00
 0.103404279296033E+00
 0.105936732356639E+00
 0.108163927876884E+00
 0.110389692362947E+00
 0.112427221257568E+00
 0.114141700013242E+00
 0.115753841920358E+00
 0.117263402751093E+00
 0.118438060552747E+00
 0.119517735527093E+00
 0.120484626238392E+00
 0.121110507727579E+00
 0.121756677060768E+00
 0.122182032131578E+00
 0.122344324981991E+00
 0.122585231903705E+00
 0.122483204113868E+00
 0.122411572123375E+00
 0.122143534204236E+00
 0.121747636730057E+00
 0.121334166200207E+00
 0.120673245458597E+00
 0.120135235265727E+00
 0.119265279503403E+00
 0.118618458713788E+00
 0.117648064583251E+00
 0.116846780154065E+00
 0.115796461720375E+00
 0.114874496830288E+00
 0.113763714880307E+00
 0.112748048909827E+00
 0.111868345374435E+00
 0.110996678144220E+00
 0.109859441112913E+00
 0.108956419350375E+00
 0.107745758569136E+00
 0.106469544347059E+00
 0.105279665900553E+00
 0.104043810919885E+00
 0.102872772002618E+00
 0.101802022795455E+00
 0.100652603225801E+00
 0.995887603788964E-01
 0.984596348631047E-01
 0.975598552368632E-01
 0.964525130555022E-01
 0.955328641931863E-01
 0.944752730615808E-01
 0.936870401053786E-01
 0.926229190702549E-01
 0.918257898045817E-01
 0.907847136750147E-01
 0.894796046789867E-01
 0.879193027098407E-01
 0.861136250654923E-01
 0.840751345768927E-01
 0.819967486213689E-01
 0.799928672596118E-01
 0.780628351135270E-01
 0.761923441063172E-01
 0.743996396358218E-01
 0.726510558685854E-01
 0.709569161144989E-01
 0.693368930664055E-01
 0.677630927653395E-01
 0.662338398780036E-01
 0.647460566743630E-01
 0.632994090356894E-01
 0.619196257150891E-01
 0.605784604031458E-01
 0.592690703033233E-01
 0.579842660431365E-01
 0.567165719983069E-01
 0.555226334191763E-01
 0.543660292991459E-01
 0.532156719804040E-01
 0.529948518391773E-01
 0.553459318701989E-01
 0.575996603506417E-01
 0.597423475235997E-01
 0.617607692453784E-01
 0.638112857809939E-01
 0.657996825721709E-01
 0.676322117986959E-01
 0.692967879270772E-01
 0.708909827699419E-01
 0.724664507534238E-01
 0.738456253206597E-01
 0.752834019651621E-01
 0.767066523718440E-01
 0.779097006799764E-01
 0.788827927908904E-01
 0.799306662360295E-01
 0.807485714819432E-01
 0.813145451525154E-01
 0.819164918144127E-01
 0.823162208278235E-01
 0.824598350151837E-01
 0.827002162437646E-01
 0.826633842382922E-01
 0.825488797599379E-01
 0.823574026603618E-01
 0.819442931750189E-01
 0.816135469728798E-01
 0.809922406690495E-01
 0.805119194055859E-01
 0.797665112530122E-01
 0.791258473811776E-01
 0.782756155145015E-01
 0.775206458170999E-01
 0.765848604707275E-01
 0.757528825045646E-01
 0.747504131249582E-01
 0.738707535106472E-01
 0.728194777665366E-01
 0.719597520372028E-01
 0.709229578749835E-01
 0.700506945645465E-01
 0.690207477052710E-01
 0.681936751766512E-01
 0.672277622390988E-01
 0.663910613013747E-01
 0.652788800561628E-01
 0.642670713346532E-01
 0.631934576880346E-01
 0.622718818291684E-01
 0.612322568050730E-01
 0.603921733880530E-01
 0.593895962759378E-01
 0.586024907296074E-01
 0.576324327420652E-01
 0.569345154259951E-01
 0.583328664152405E-01
 0.615175102643003E-01
 0.645004389687868E-01
 0.673079321893214E-01
 0.702030622138010E-01
 0.729374521671086E-01
 0.757657186796926E-01
 0.785130478420188E-01
 0.810076209129086E-01
 0.833837258048753E-01
 0.857248914519402E-01
 0.877923543470781E-01
 0.897218259968151E-01
 0.916147383144250E-01
 0.932179351981265E-01
 0.947376619040616E-01
 0.961565349178686E-01
 0.972745334242692E-01
 0.984434385533649E-01
 0.993773596011733E-01
 0.100133584259594E+00
 0.100894403879594E+00
 0.101345182418319E+00
 0.101886885771406E+00
 0.102177112494663E+00
 0.102415860707638E+00
 0.102562091330796E+00
 0.102539952579880E+00
 0.102559638221689E+00
 0.102313589522956E+00
 0.102224385998126E+00
 0.101829610913047E+00
 0.101605953035667E+00
 0.101122757203599E+00
 0.100748454635670E+00
 0.100194186111564E+00
 0.997452697022933E-01
 0.992608803153894E-01
 0.989017326613781E-01
 0.982509090895087E-01
 0.978381293610433E-01
 0.971474228950051E-01
 0.962242416286453E-01
 0.955362388467632E-01
 0.946437221109721E-01
 0.939571282614993E-01
 0.931318667789237E-01
 0.924508977654426E-01
 0.916337320274865E-01
 0.909569486977587E-01
 0.902186604127279E-01
 0.895495058799504E-01
 0.887969091004391E-01
 0.881344822145838E-01
 0.874709703744806E-01
 0.868176307022266E-01
 0.861208626697317E-01
 0.854765853213761E-01
 0.845846714507334E-01
 0.834497971202826E-01
 0.820776344407224E-01
 0.804747902547176E-01
 0.786721097256642E-01
 0.768793165910407E-01
 0.751517444827915E-01
 0.734728892740531E-01
 0.718641362801240E-01
 0.702900305324371E-01
 0.687624604071762E-01
 0.672995095552088E-01
 0.658753939675434E-01
 0.644902847430052E-01
 0.631425758303261E-01
 0.618290998322521E-01
 0.605455260339841E-01
 0.593058184877695E-01
 0.581172549805281E-01
 0.569531414410590E-01
 0.558065239746165E-01
 0.546703542231877E-01
 0.535894776747282E-01
 0.525484173708679E-01
 0.515072149964008E-01
 0.504679484172179E-01
 0.495194638202788E-01
 0.485597768259584E-01
 0.475857740449959E-01
 0.467145052546839E-01
 0.458216035085856E-01
 0.454019744919775E-01
 0.453600734076129E-01
 0.453174478007905E-01
 0.451319506716382E-01
 0.450655902602186E-01
 0.448555673229553E-01
 0.446070614268306E-01
 0.443971418806490E-01
 0.441190750105820E-01
 0.439077442835661E-01
 0.436882411083885E-01
 0.434781094358693E-01
 0.442719264383052E-01
 0.469021957191643E-01
 0.496962319197084E-01
 0.526493239901707E-01
 0.557558317843810E-01
 0.590091883362724E-01
 0.624019133217156E-01
 0.659256429877019E-01
 0.695711717947958E-01
 0.733651935297122E-01
 0.773316823776537E-01
 0.814049956093596E-01
 0.855728964381158E-01
 0.898224009528189E-01
 0.941398137392985E-01
 0.985107721186286E-01
 0.102920304637781E+00
 0.107352902495649E+00
 0.111792595717944E+00
 0.116247053359777E+00
 0.120872374850296E+00
 0.125471405779682E+00
 0.130026388133163E+00
 0.134519344270804E+00
 0.138932138059958E+00
 0.143246546548860E+00
 0.147444344073838E+00
 0.151665452839193E+00
 0.155882504452703E+00
 0.159943213242824E+00
 0.163829132278648E+00
 0.167833580624118E+00
 0.171865498948944E+00
 0.175690725797848E+00
 0.179290657040662E+00
 0.182647171771566E+00
 0.185831532339248E+00
 0.189048848702940E+00
 0.191984408135467E+00
 0.194621467165520E+00
 0.196944127826309E+00
 0.199130715367202E+00
 0.201239516359243E+00
 0.203001827226322E+00
 0.204404158981754E+00
 0.205617039254938E+00
 0.206773309716587E+00
 0.207544203855788E+00
 0.207919148710276E+00
 0.208365555264694E+00
 0.208483072295063E+00
 0.208186552800720E+00
 0.207936314009724E+00
 0.207395255620072E+00
 0.206439662915677E+00
 0.205679019529557E+00
 0.204488811080905E+00
 0.203192784568791E+00
 0.201808940221045E+00
 0.200079255247220E+00
 0.198531261233748E+00
 0.196550480366495E+00
 0.194783889943679E+00
 0.192671148775626E+00
 0.190679116171490E+00
 0.188464148439074E+00
 0.186313658956758E+00
 0.184024663817430E+00
 0.181927848687575E+00
 0.179860653627694E+00
 0.177899399762917E+00
 0.175731175304435E+00
 0.173737675079155E+00
 0.171340668790805E+00
 0.168735418340049E+00
 0.166377760567794E+00
 0.164008811933358E+00
 0.161688193859293E+00
 0.159518266773439E+00
 0.157238178638419E+00
 0.155255456623587E+00
 0.153049140327726E+00
 0.151211510782063E+00
 0.149156072050312E+00
 0.147349305815832E+00
 0.145467772726141E+00
 0.143695060560546E+00
 0.141922159613512E+00
 0.140181040557174E+00
 0.138096241228865E+00
 0.135667560870523E+00
 0.132896086447135E+00
 0.129784187888478E+00
 0.126342840223386E+00
 0.122880075110600E+00
 0.119542138302501E+00
 0.121235461416633E+00
 0.125648701168678E+00
 0.129913128204591E+00
 0.134104264015490E+00
 0.137884570843931E+00
 0.141467525280937E+00
 0.144990832073787E+00
 0.148082951967188E+00
 0.151008843294354E+00
 0.153826216993578E+00
 0.156198726330753E+00
 0.158529766885142E+00
 0.160624404677970E+00
 0.162266758944344E+00
 0.164090052972498E+00
 0.165463282303564E+00
 0.166676352210587E+00
 0.167799315559091E+00
 0.168467650062241E+00
 0.169361963648638E+00
 0.169802683882593E+00
 0.170237200314394E+00
 0.170475026531515E+00
 0.170506751038119E+00
 0.170566874683332E+00
 0.170247062087337E+00
 0.170154659445255E+00
 0.169625543464528E+00
 0.169308291867713E+00
 0.168656843301652E+00
 0.168090364251247E+00
 0.167702018715225E+00
 0.167294741553937E+00
 0.166468343648634E+00
 0.165982868805490E+00
 0.165082559128304E+00
 0.163775908595715E+00
 0.162841273724987E+00
 0.161537264100201E+00
 0.160607524337620E+00
 0.159409967921912E+00
 0.158470888225465E+00
 0.157277538879405E+00
 0.156330816064189E+00
 0.155247760104135E+00
 0.154296535894498E+00
 0.153203000214148E+00
 0.152249676783699E+00
 0.151265274445122E+00
 0.150311052501500E+00
 0.149308970975721E+00
 0.148357360230229E+00
 0.147049663824527E+00
 0.145394373586347E+00
 0.143401123158133E+00
 0.141080669041979E+00
 0.138444844182921E+00
 0.135517334614233E+00
 0.132575823683487E+00
 0.129716692992425E+00
 0.126956306915948E+00
 0.124274618763998E+00
 0.121671485565250E+00
 0.119125230506507E+00
 0.116672909922387E+00
 0.114293741834345E+00
 0.111975314101254E+00
 0.109716229863260E+00
 0.107512978853846E+00
 0.105360436416639E+00
 0.103275206625076E+00
 0.101268467076236E+00
 0.993068500421808E-01
 0.973814768356451E-01
 0.954831971293162E-01
 0.936391990536983E-01
 0.918907048972164E-01
 0.901558663814599E-01
 0.884251540574431E-01
 0.867952701520760E-01
 0.852065676018595E-01
 0.836074200401694E-01
 0.820891363803701E-01
 0.806251538509702E-01
 0.791361718298926E-01
 0.777519580681292E-01
 0.761980377518950E-01
 0.744813618236614E-01
 0.726093885288429E-01
 0.705900361302610E-01
 0.684316459273842E-01
 0.661429590366936E-01
 0.637330965102623E-01
 0.612115275202437E-01
 0.585880189876230E-01
 0.558725752445851E-01
 0.530753850308646E-01
 0.502067870849256E-01
 0.472772491621589E-01
 0.442973426789079E-01
 0.425605819005759E-01
 0.425203390865665E-01
 0.423704461419983E-01
 0.423060690266184E-01
 0.421572278518906E-01
 0.420464700031807E-01
 0.419059791587675E-01
 0.415978270800466E-01
 0.442146641789918E-01
 0.470268646611741E-01
 0.498974889136116E-01
 0.528153558242304E-01
 0.558360666936013E-01
 0.589565943646477E-01
 0.621023021222768E-01
 0.652603343604150E-01
 0.684176199957926E-01
 0.715608983905052E-01
 0.746767384283469E-01
 0.778030530370739E-01
 0.810175147202327E-01
 0.841755380206172E-01
 0.872630414134689E-01
 0.902660785562587E-01
 0.931709422396807E-01
 0.959848861182259E-01
 0.988891721837827E-01
 0.101665610667037E+00
 0.104338094432787E+00
 0.107162352523823E+00
 0.109886682813551E+00
 0.112445987780993E+00
 0.114827469141121E+00
 0.117018947742374E+00
 0.119232794857665E+00
 0.121309039274448E+00
 0.123169428094593E+00
 0.124803583887124E+00
 0.126340098544205E+00
 0.127822569171871E+00
 0.129057954412085E+00
 0.130038228428370E+00
 0.130987483955292E+00
 0.131795800179634E+00
 0.132333889820303E+00
 0.132722137567145E+00
 0.133088653587714E+00
 0.133174075516701E+00
 0.133121248234230E+00
 0.133043206184069E+00
 0.132677393976576E+00
 0.132306005506529E+00
 0.131790950272217E+00
 0.131059055569934E+00
 0.130413296786573E+00
 0.129477204505676E+00
 0.128634553676156E+00
 0.127587970063438E+00
 0.126535173395294E+00
 0.125397792736024E+00
 0.124185859155841E+00
 0.122976547645515E+00
 0.121654571385581E+00
 0.120438109158228E+00
 0.119167350024697E+00
 0.117899298877903E+00
 0.116715582268894E+00
 0.115387810258456E+00
 0.114274556332191E+00
 0.112922387190655E+00
 0.111302717168470E+00
 0.109870371392723E+00
 0.108313463770738E+00
 0.106999096771283E+00
 0.105546026337195E+00
 0.104253356796979E+00
 0.102926255127712E+00
 0.101651965170435E+00
 0.100427465307028E+00
 0.991757090505702E-01
 0.980394582189941E-01
 0.968069000545160E-01
 0.957768114048620E-01
 0.945671719630635E-01
 0.935898800511141E-01
 0.924001658544579E-01
 0.909802128824052E-01
 0.893325114454154E-01
 0.874605941772825E-01
 0.853690089738794E-01
 0.831034158336165E-01
 0.808935465411730E-01
 0.787695768980533E-01
 0.767298221176274E-01
 0.747549162641121E-01
 0.728779123724461E-01
 0.710615242791417E-01
 0.693045831727835E-01
 0.676094763513936E-01
 0.659763344354641E-01
 0.644033327476390E-01
 0.628870258014230E-01
 0.614225774196377E-01
 0.600041911387450E-01
 0.586253167087270E-01
 0.572787974248574E-01
 0.559573924303123E-01
 0.547246913128553E-01
 0.535157953192944E-01
 0.523199515019109E-01
 0.511401284156343E-01
 0.500519542247697E-01
 0.489640746721195E-01
 0.478698474695336E-01
 0.477043995611924E-01
 0.479609921432843E-01
 0.482622314892290E-01
 0.482812359610985E-01
 0.484799292742153E-01
 0.485000679214738E-01
 0.486347213222829E-01
 0.486546259249168E-01
 0.487544705721756E-01
 0.487775391393319E-01
 0.491565039852498E-01
 0.509082755381835E-01
 0.526396869944697E-01
 0.543165194208959E-01
 0.558028719466184E-01
 0.571065420647133E-01
 0.584828980443628E-01
 0.596454116304971E-01
 0.608555082828577E-01
 0.620690124097870E-01
 0.630476624145178E-01
 0.639072838800795E-01
 0.647320661596514E-01
 0.653049960305846E-01
 0.658378127834567E-01
 0.662490533806751E-01
 0.664258739486547E-01
 0.666832282004833E-01
 0.666706901165868E-01
 0.666764547409014E-01
 0.665170558216805E-01
 0.662968788426435E-01
 0.660058854203775E-01
 0.656097430169950E-01
 0.652037917217680E-01
 0.646750134882327E-01
 0.641714201300615E-01
 0.635463441115280E-01
 0.629623445524471E-01
 0.622700281359532E-01
 0.616225538242927E-01
 0.608854598848169E-01
 0.601907614965618E-01
 0.594252619533674E-01
 0.586986407569881E-01
 0.579155379479114E-01
 0.571773715694286E-01
 0.566265656065561E-01
 0.558742240029369E-01
 0.552274508541487E-01
 0.544675100791496E-01
 0.536056848341621E-01
 0.528777808751966E-01
 0.520500760202456E-01
 0.513505676113196E-01
 0.506160411271828E-01
 0.499472556053676E-01
 0.492173625587241E-01
 0.485809284192843E-01
 0.479450672589607E-01
 0.473329356043216E-01
 0.466954939150947E-01
 0.461202814061260E-01
 0.455456987628839E-01
 0.449877191318085E-01
 0.443944611507461E-01
 0.450041751002925E-01
 0.463000591300107E-01
 0.473095446109260E-01
 0.483813092276848E-01
 0.492148532985441E-01
 0.500844460657084E-01
 0.507501328823143E-01
 0.514407342438638E-01
 0.519501795807892E-01
 0.524842130092899E-01
 0.528517988339285E-01
 0.532499056298832E-01
 0.534916303302305E-01
 0.537712687389837E-01
 0.539040362603731E-01
 0.540795186604504E-01
 0.541205936476869E-01
 0.542028012753910E-01
 0.541925575700719E-01
 0.542101360132589E-01
 0.541674001599430E-01
 0.540991371185427E-01
 0.540011083356469E-01
 0.539270297786616E-01
 0.537645531691251E-01
 0.537128795279872E-01
 0.535213827751355E-01
 0.531095880374615E-01
 0.551812593262518E-01
 0.592541149670164E-01
 0.632287134121926E-01
 0.670884446242549E-01
 0.708874095238991E-01
 0.748372661646181E-01
 0.786304501914330E-01
 0.822507415447337E-01
 0.856840483075399E-01
 0.892933418321991E-01
 0.926893371270399E-01
 0.958570306652167E-01
 0.987822647640026E-01
 0.101843044321227E+00
 0.104648819681661E+00
 0.107278458486220E+00
 0.110186717489573E+00
 0.112798860058982E+00
 0.115102490374004E+00
 0.117370175835092E+00
 0.119479710644819E+00
 0.121251685241062E+00
 0.122856604289527E+00
 0.124411769778217E+00
 0.125606016998119E+00
 0.126644365681835E+00
 0.127613007173897E+00
 0.128203255386790E+00
 0.128793131833721E+00
 0.129160982381693E+00
 0.129245546398421E+00
 0.129408524894230E+00
 0.129176880065394E+00
 0.129047393735362E+00
 0.128628878304967E+00
 0.128173661378340E+00
 0.127592147606386E+00
 0.126875495330724E+00
 0.126155419451387E+00
 0.125232534358765E+00
 0.124398099093012E+00
 0.123314331220158E+00
 0.122389176482966E+00
 0.121180842154097E+00
 0.120187533168487E+00
 0.118946215359890E+00
 0.117952421737436E+00
 0.116978462170866E+00
 0.115906172715146E+00
 0.114835798302629E+00
 0.113734483595219E+00
 0.112261615271510E+00
 0.111010552647270E+00
 0.109570590371206E+00
 0.108412909891932E+00
 0.107002829181282E+00
 0.105957290384134E+00
 0.104594566650977E+00
 0.103592623956536E+00
 0.102347007198895E+00
 0.101371930920344E+00
 0.100159401880649E+00
 0.992087885425400E-01
 0.981167521578677E-01
 0.971927867566216E-01
 0.961047486648661E-01
 0.952059836702813E-01
 0.939853528765217E-01
 0.924452914606394E-01
 0.905894966282298E-01
 0.889510639347026E-01
 0.918774332358857E-01
 0.945694041937071E-01
 0.973003792953547E-01
 0.996838890798293E-01
 0.101896768752416E+00
 0.104061471786392E+00
 0.105860927362212E+00
 0.107640679606719E+00
 0.109211841037733E+00
 0.110472012576676E+00
 0.111823156046748E+00
 0.112791195314520E+00
 0.113759401194825E+00
 0.114516337940347E+00
 0.115088715886840E+00
 0.115652302076913E+00
 0.115879353238566E+00
 0.116269381492015E+00
 0.116272123999191E+00
 0.116434125708446E+00
 0.116285715405564E+00
 0.116208423382811E+00
 0.115931064959540E+00
 0.115648447492839E+00
 0.115263889195711E+00
 0.114804126998091E+00
 0.114333492806737E+00
 0.113719334408744E+00
 0.113185990937772E+00
 0.112930754717019E+00
 0.112344703503008E+00
 0.111799645682475E+00
 0.111166698298115E+00
 0.110177125533872E+00
 0.109438336024469E+00
 0.108458840407310E+00
 0.107718553154268E+00
 0.106747921999008E+00
 0.106099940747252E+00
 0.105141883205418E+00
 0.104469436864251E+00
 0.103557733460705E+00
 0.102952960639143E+00
 0.102020794543968E+00
 0.101406234854119E+00
 0.100567572602911E+00
 0.999819647531353E-01
 0.990892370294299E-01
 0.985152143080609E-01
 0.976291206250728E-01
 0.964362313942072E-01
 0.949429236682971E-01
 0.931566528766810E-01
 0.911217366872475E-01
 0.891042552358420E-01
 0.871536705609189E-01
 0.852557829571676E-01
 0.834340361131067E-01
 0.816515012758833E-01
 0.799094737587192E-01
 0.804880620066901E-01
 0.819368542265066E-01
 0.834198623867129E-01
 0.847047988742813E-01
 0.857981524377077E-01
 0.869150496093158E-01
 0.878880449464794E-01
 0.886777919495289E-01
 0.894294056734295E-01
 0.901056031209476E-01
 0.906097107785264E-01
 0.910431170640285E-01
 0.914435061633190E-01
 0.916851788671949E-01
 0.918480883066365E-01
 0.919976559990243E-01
 0.920034812942072E-01
 0.919413230680912E-01
 0.918673729824456E-01
 0.916657332828403E-01
 0.914201121509028E-01
 0.911508972913280E-01
 0.907706249694342E-01
 0.903778517582010E-01
 0.899414749194589E-01
 0.894108606317685E-01
 0.889021476243081E-01
 0.883257313352979E-01
 0.876892704464733E-01
 0.870736746481779E-01
 0.863830480360305E-01
 0.858394712307824E-01
 0.852467041395397E-01
 0.845686975518083E-01
 0.838890879457142E-01
 0.839121957912826E-01
 0.848429015291950E-01
 0.859038611277195E-01
 0.871973622233270E-01
 0.886572416524667E-01
 0.902336530237381E-01
 0.919217298765603E-01
 0.937156675567030E-01
 0.956294749720446E-01
 0.976783163054862E-01
 0.997882874405279E-01
 0.101949322980865E+00
 0.104150669473745E+00
 0.106380916169860E+00
 0.108628052925025E+00
 0.110891497192479E+00
 0.113235648761950E+00
 0.115582823543283E+00
 0.117919311639838E+00
 0.120231005556962E+00
 0.122503457489276E+00
 0.124721945148799E+00
 0.126871548781874E+00
 0.128937235857950E+00
 0.130903945798057E+00
 0.132756668007754E+00
 0.134618605049857E+00
 0.136404200904908E+00
 0.138046089543449E+00
 0.139529316108751E+00
 0.140839252727466E+00
 0.141961674070764E+00
 0.143074387728272E+00
 0.144061564888579E+00
 0.144834179163010E+00
 0.145379181241363E+00
 0.145756107756734E+00
 0.146141399876806E+00
 0.146275975446105E+00
 0.146148528457332E+00
 0.145967447134993E+00
 0.145669920300369E+00
 0.145092130670668E+00
 0.144429720399957E+00
 0.143690248723800E+00
 0.142656221217441E+00
 0.141669227568128E+00
 0.140488448689646E+00
 0.139146820151315E+00
 0.137840582162462E+00
 0.136230154495167E+00
 0.134820231477770E+00
 0.133104189050206E+00
 0.131522156469129E+00
 0.129725291223822E+00
 0.128028537534822E+00
 0.126172477582843E+00
 0.124408934364320E+00
 0.122556892624141E+00
 0.120919852088159E+00
 0.119164071582991E+00
 0.117529265385513E+00
 0.115863747923442E+00
 0.114219069845015E+00
 0.112287410510480E+00
 0.110350758091199E+00
 0.108461180811808E+00
 0.106738742363310E+00
 0.104888434922685E+00
 0.103293097382568E+00
 0.101573294898435E+00
 0.100064623775888E+00
 0.984599842046235E-01
 0.969864696110357E-01
 0.955276774783879E-01
 0.940851898834167E-01
 0.927354196913032E-01
 0.913274340778329E-01
 0.900844940081264E-01
 0.887065923020783E-01
 0.930272551162895E-01
 0.975093536630904E-01
 0.102002208459028E+00
 0.106380559549964E+00
 0.110653574733316E+00
 0.115185587873300E+00
 0.119394822377231E+00
 0.123269346351609E+00
 0.127148622098354E+00
 0.130824631507650E+00
 0.134136592090218E+00
 0.137316084848149E+00
 0.140395394085742E+00
 0.143087210983033E+00
 0.145603282525949E+00
 0.148044120962004E+00
 0.150080040501699E+00
 0.152004303348116E+00
 0.153784696891785E+00
 0.155148590684940E+00
 0.156576143314599E+00
 0.157691457109440E+00
 0.158538333729947E+00
 0.159423113077972E+00
 0.159883540889778E+00
 0.160432316791810E+00
 0.160682874264591E+00
 0.160805697311125E+00
 0.160870084573309E+00
 0.160625619926015E+00
 0.160528019751193E+00
 0.160012919472504E+00
 0.159732860961243E+00
 0.159084169431906E+00
 0.158552950353082E+00
 0.157795051049989E+00
 0.157086420395187E+00
 0.156476568122591E+00
 0.155962937647903E+00
 0.155051035109262E+00
 0.154440255526248E+00
 0.153465961677175E+00
 0.152103688610427E+00
 0.151062933948638E+00
 0.149700857073381E+00
 0.148711903997080E+00
 0.147439494196025E+00
 0.146448207535238E+00
 0.145216759760718E+00
 0.144223546522338E+00
 0.143083244888952E+00
 0.142091828496253E+00
 0.140975088166044E+00
 0.139986043480196E+00
 0.138960423020175E+00
 0.137976282872110E+00
 0.136961166239802E+00
 0.135983148625477E+00
 0.134667838870542E+00
 0.133020623827943E+00
 0.131048072615960E+00
 0.128757909317239E+00
 0.126158980663125E+00
 0.123334825135607E+00
 0.120574527923536E+00
 0.117900701383741E+00
 0.115310437036416E+00
 0.112795009729777E+00
 0.110359263952894E+00
 0.108011879693650E+00
 0.105725663707128E+00
 0.103503964683186E+00
 0.101347261018553E+00
 0.992536126536678E-01
 0.972190362500063E-01
 0.952378843168701E-01
 0.933032722814867E-01
 0.914073359283696E-01
 0.895881416172866E-01
 0.878380382054045E-01
 0.861152749209867E-01
 0.844101747177151E-01
 0.827531874591619E-01
 0.811903687861226E-01
 0.796301606210211E-01
 0.780633304957665E-01
 0.766316366695129E-01
 0.751951975994122E-01
 0.737374078280328E-01
 0.724218639839635E-01
 0.710859380206712E-01
 0.697516646029520E-01
 0.682526329348255E-01
 0.665941650435110E-01
 0.647821526876049E-01
 0.628230281388275E-01
 0.620113312533647E-01
 0.616096808712425E-01
 0.614290975197089E-01
 0.610496466548750E-01
 0.609217758716544E-01
 0.605382217062053E-01
 0.603604566148494E-01
 0.599957561272890E-01
 0.598606738468956E-01
 0.594971589362806E-01
 0.593214459999562E-01
 0.589763271055460E-01
 0.588266174770835E-01
 0.584846956930738E-01
 0.582761262778250E-01
 0.579469440595956E-01
 0.573868012691376E-01
 0.566053927435279E-01
 0.556133546795871E-01
 0.545369650347616E-01
 0.534907482296780E-01
 0.524687815637700E-01
 0.514904384722178E-01
 0.505179375221283E-01
 0.495874106822609E-01
 0.499558007507139E-01
 0.538126869653470E-01
 0.579325512816336E-01
 0.621351370634365E-01
 0.663861049777011E-01
 0.706700509685559E-01
 0.749712784564742E-01
 0.792738740689148E-01
 0.837528602612247E-01
 0.882854436839468E-01
 0.927847504805628E-01
 0.972336916518815E-01
 0.101615239151247E+00
 0.105912498446112E+00
 0.110308851263209E+00
 0.114700337023398E+00
 0.118969196422831E+00
 0.123098532527387E+00
 0.127071886524230E+00
 0.130873296603505E+00
 0.134818959770615E+00
 0.138581640016084E+00
 0.142135830382660E+00
 0.145726498609779E+00
 0.149402099937852E+00
 0.152839160860260E+00
 0.156023130413062E+00
 0.158940367675061E+00
 0.161922670138374E+00
 0.164678351952396E+00
 0.167136972868059E+00
 0.169287372789691E+00
 0.171354942604628E+00
 0.173299625517920E+00
 0.174912409589048E+00
 0.176185146637627E+00
 0.177455200935725E+00
 0.178499093431526E+00
 0.179186560481219E+00
 0.179692491419920E+00
 0.180153211544016E+00
 0.180246459065212E+00
 0.180146583489106E+00
 0.180024898144475E+00
 0.179529774225592E+00
 0.178984925809363E+00
 0.178294213230446E+00
 0.177255858054242E+00
 0.176393607328788E+00
 0.175157295890701E+00
 0.173947818437731E+00
 0.172566541521405E+00
 0.171064951838609E+00
 0.169564099520440E+00
 0.167840017407591E+00
 0.166244029086577E+00
 0.164355078473994E+00
 0.162687318059555E+00
 0.160810987611012E+00
 0.159133253721385E+00
 0.157569293712737E+00
 0.155814321982954E+00
 0.154170390033735E+00
 0.152382900566473E+00
 0.150253501143911E+00
 0.148227084878180E+00
 0.146128974205909E+00
 0.144282515063142E+00
 0.142262153405569E+00
 0.140547727638110E+00
 0.138666793536337E+00
 0.136976064231787E+00
 0.135272631152131E+00
 0.133609380899441E+00
 0.131998803914541E+00
 0.130360700840871E+00
 0.128925321170056E+00
 0.127315025776705E+00
 0.125932406060968E+00
 0.124348575178640E+00
 0.122469745567073E+00
 0.120300233654945E+00
 0.117845471262323E+00
 0.115111987805808E+00
 0.112114469393875E+00
 0.109112718953594E+00
 0.106221049883528E+00
 0.103447396952438E+00
 0.100791065267012E+00
 0.982062900073922E-01
 0.957442275460283E-01
 0.933669934963991E-01
 0.910675268110379E-01
 0.888464192163865E-01
 0.867018305578909E-01
 0.846298844915545E-01
 0.826250287422124E-01
 0.806804230936937E-01
 0.787882831565984E-01
 0.769402121623854E-01
 0.751945952220907E-01
 0.734998844205303E-01
 0.728251694749436E-01
 0.737625313273126E-01
 0.744460717288234E-01
 0.751788620993326E-01
 0.757516747003251E-01
 0.762919046701542E-01
 0.767681353705421E-01
 0.771269855604582E-01
 0.775206524987204E-01
 0.777080740351094E-01
 0.780328450535559E-01
 0.784033401177063E-01
 0.786735456379014E-01
 0.787757252733948E-01
 0.789916601541665E-01
 0.789448879654365E-01
 0.788311261376926E-01
 0.787681173069246E-01
 0.785862263463676E-01
 0.785071025757974E-01
 0.783429684487541E-01
 0.782516726686588E-01
 0.780119003419364E-01
 0.779089187485098E-01
 0.777062447300454E-01
 0.775942176227963E-01
 0.773095577119999E-01
 0.771898096252736E-01
 0.769550861035611E-01
 0.768286317740919E-01
 0.765105350786264E-01
 0.763799442296448E-01
 0.760221410705380E-01
 0.754451660073609E-01
 0.746578624927429E-01
 0.736698282656013E-01
 0.724913632355168E-01
 0.711793328553636E-01
 0.698907070210394E-01
 0.686339873426619E-01
 0.674033742696509E-01
 0.662116902359421E-01
 0.650350044582454E-01
 0.638917021850739E-01
 0.627810977493135E-01
 0.616915378847977E-01
 0.606229312051630E-01
 0.595738275787031E-01
 0.585416996065843E-01
 0.575353493464481E-01
 0.565640972870275E-01
 0.556080482613839E-01
 0.546622874493938E-01
 0.537216267064840E-01
 0.528061503208057E-01
 0.519335982360386E-01
 0.510596566194456E-01
 0.501788388802543E-01
 0.493580151578098E-01
 0.485449364007908E-01
 0.477178965688785E-01
 0.469442229073723E-01
 0.461840436791086E-01
 0.454028621382958E-01
 0.446930731372530E-01
 0.439766197693050E-01
 0.432519812388776E-01
 0.424280079357480E-01
 0.415109376066557E-01
 0.405073035082766E-01
 0.394239014285301E-01
 0.382677557438499E-01
 0.370460844296382E-01
 0.357662636124061E-01
 0.344357925910221E-01
 0.339516714123709E-01
 0.338071331987982E-01
 0.335961872437626E-01
 0.334250932551664E-01
 0.331636439570617E-01
 0.329477601658191E-01
 0.326469646929625E-01
 0.323935311408251E-01
 0.333593524492673E-01
 0.370410106774890E-01
 0.408984760365444E-01
 0.447755575554431E-01
 0.486584676795073E-01
 0.525928341641612E-01
 0.567460917405558E-01
 0.608731306325610E-01
 0.649584303532834E-01
 0.689864051274937E-01
 0.730951207968025E-01
 0.772782723957193E-01
 0.813668859348527E-01
 0.853446258492838E-01
 0.891953340859863E-01
 0.931263793266994E-01
 0.970134687956972E-01
 0.100734731187803E+00
 0.104274221091101E+00
 0.107625355684908E+00
 0.111114017056008E+00
 0.114383846686874E+00
 0.117524960853047E+00
 0.120918899849741E+00
 0.124062877096517E+00
 0.126942107230680E+00
 0.129550694397135E+00
 0.132274682593162E+00
 0.134701256689918E+00
 0.136817805731992E+00
 0.138761759916770E+00
 0.140676393731399E+00
 0.142254530272521E+00
 0.143501054603285E+00
 0.144862979689582E+00
 0.145867114479547E+00
 0.146532534133817E+00
 0.147318345290196E+00
 0.147730338029856E+00
 0.147946060312367E+00
 0.148148000023664E+00
 0.147965236857607E+00
 0.147867918265561E+00
 0.147491698696662E+00
 0.146995095083218E+00
 0.146448635795065E+00
 0.145627154410682E+00
 0.144934430931573E+00
 0.143853189530093E+00
 0.143038307848785E+00
 0.141835869979390E+00
 0.140838772880193E+00
 0.139541216524032E+00
 0.138403501619710E+00
 0.137034345197808E+00
 0.135942033701898E+00
 0.134720850861856E+00
 0.133637031098876E+00
 0.132351050830984E+00
 0.131231930713773E+00
 0.129747353528359E+00
 0.128123639076963E+00
 0.126663397282371E+00
 0.125183100908533E+00
 0.123745427295024E+00
 0.122364932231100E+00
 0.120953137849305E+00
 0.119686341912075E+00
 0.118298130781811E+00
 0.117123935436097E+00
 0.115762506650969E+00
 0.114672776864027E+00
 0.113335764459318E+00
 0.112335240785311E+00
 0.111053668433681E+00
 0.110083161084393E+00
 0.108798422382311E+00
 0.107200134697058E+00
 0.105290188875763E+00
 0.103071685055063E+00
 0.100562029058356E+00
 0.980410310195438E-01
 0.956017877918341E-01
 0.932620952002648E-01
 0.943037204282591E-01
 0.966277027069854E-01
 0.987546622796353E-01
 0.100550911571156E+00
 0.102437228322307E+00
 0.103910429205726E+00
 0.105399238866631E+00
 0.106631293476096E+00
 0.107698321863439E+00
 0.108704310028851E+00
 0.109396698693839E+00
 0.110195155084380E+00
 0.110562236307108E+00
 0.111169642282466E+00
 0.111349612941338E+00
 0.111691160175343E+00
 0.111707889214180E+00
 0.111818581793862E+00
 0.111696194298020E+00
 0.111605872158167E+00
 0.111368224830555E+00
 0.111101007356107E+00
 0.110771244235153E+00
 0.110346226541907E+00
 0.109946344309087E+00
 0.109862572680738E+00
 0.109411376122070E+00
 0.109030023933924E+00
 0.108530448380665E+00
 0.107627574620918E+00
 0.107101007052789E+00
 0.106210909481744E+00
 0.105661317792553E+00
 0.104783010041814E+00
 0.104301822317209E+00
 0.103438664311335E+00
 0.102916311064755E+00
 0.102088157499744E+00
 0.101625344892667E+00
 0.100793170403044E+00
 0.100292947633653E+00
 0.995067562699335E-01
 0.990660749979135E-01
 0.982679585189718E-01
 0.977865521834146E-01
 0.970069141757267E-01
 0.958792407007376E-01
 0.971689608188129E-01
 0.999043941207479E-01
 0.102682516422190E+00
 0.105518898788049E+00
 0.108060024380213E+00
 0.110395153513032E+00
 0.112761464239765E+00
 0.114817314566501E+00
 0.116561436377788E+00
 0.118393822719945E+00
 0.119938642377381E+00
 0.121164600089013E+00
 0.122443237527227E+00
 0.123468576376250E+00
 0.124173323029802E+00
 0.124988195959856E+00
 0.125500266796019E+00
 0.125810119595247E+00
 0.126144391176657E+00
 0.126161266570751E+00
 0.126193443915599E+00
 0.126050401780865E+00
 0.125731545935977E+00
 0.125447304453905E+00
 0.124857609977742E+00
 0.124430365278096E+00
 0.123721640382425E+00
 0.123070198466493E+00
 0.122261662655141E+00
 0.121429719126379E+00
 0.120539952974523E+00
 0.119563976963451E+00
 0.118610643140681E+00
 0.117520608579774E+00
 0.116604909931835E+00
 0.115851492009620E+00
 0.114815450762765E+00
 0.113866652869956E+00
 0.112798293744345E+00
 0.111462206677712E+00
 0.110341715494758E+00
 0.109020545312405E+00
 0.107935640834003E+00
 0.106749536280368E+00
 0.105714356423991E+00
 0.104538589155644E+00
 0.103515801222670E+00
 0.102507582888710E+00
 0.101498164775541E+00
 0.100478241818084E+00
 0.994835299838396E-01
 0.986210759016399E-01
 0.976400930333029E-01
 0.967553295920243E-01
 0.957911735015221E-01
 0.945883310684579E-01
 0.931570314901995E-01
 0.915083412111159E-01
 0.896541085215552E-01
 0.876069054356748E-01
 0.854630495073122E-01
 0.833912759997997E-01
 0.813955080690799E-01
 0.794663844371651E-01
 0.776139462796641E-01
 0.758159440761940E-01
 0.740677481813835E-01
 0.723806710242932E-01
 0.707549834976795E-01
 0.691750393124003E-01
 0.676384363665270E-01
 0.661416546879737E-01
 0.647083436023861E-01
 0.633169337691352E-01
 0.621426404647394E-01
 0.638227689780538E-01
 0.654269356107624E-01
 0.669417728934172E-01
 0.683542504794259E-01
 0.696539739075390E-01
 0.710244557524839E-01
 0.722645583981213E-01
 0.734334926874936E-01
 0.746681168788286E-01
 0.758023663855575E-01
 0.767719382556126E-01
 0.775653541058497E-01
 0.783055603920526E-01
 0.789797240459234E-01
 0.794539264123428E-01
 0.797186502388369E-01
 0.800550319955754E-01
 0.801767167594269E-01
 0.800701517372205E-01
 0.800386919191864E-01
 0.797874494542106E-01
 0.793902264044036E-01
 0.790059830114571E-01
 0.783730519023828E-01
 0.778125961712814E-01
 0.770567235283588E-01
 0.762892859120347E-01
 0.754274419246830E-01
 0.745106394199510E-01
 0.735603864600159E-01
 0.725428367840982E-01
 0.715218161997331E-01
 0.704431585247650E-01
 0.693685215778926E-01
 0.682596003681899E-01
 0.671735708337149E-01
 0.661231010792797E-01
 0.650329616468766E-01
 0.639700712153453E-01
 0.628581212874521E-01
 0.618319978848747E-01
 0.607473056831012E-01
 0.598477484129305E-01
 0.587059503212729E-01
 0.575539862439169E-01
 0.564528962178297E-01
 0.554281812640615E-01
 0.543632163642497E-01
 0.534063261285867E-01
 0.523803254699438E-01
 0.515161099096669E-01
 0.544473631410564E-01
 0.579202400975024E-01
 0.613168560491744E-01
 0.647753154633087E-01
 0.680429752630871E-01
 0.711087207196456E-01
 0.742560981295145E-01
 0.772857676951910E-01
 0.803344941802185E-01
 0.834076664201808E-01
 0.862351533075301E-01
 0.888075023017035E-01
 0.914770353245664E-01
 0.938910075859164E-01
 0.960273510882092E-01
 0.981993526265801E-01
 0.100154276015221E+00
 0.101813909120357E+00
 0.103526923286659E+00
 0.104994210345656E+00
 0.106189720911338E+00
 0.107469796309240E+00
 0.108436083401432E+00
 0.109298984079518E+00
 0.110083527398735E+00
 0.110548839419415E+00
 0.111161303256069E+00
 0.111457196844065E+00
 0.111735035724890E+00
 0.111878727612081E+00
 0.111868215927514E+00
 0.111877751869951E+00
 0.111619939081140E+00
 0.111513711524125E+00
 0.111091113005422E+00
 0.110840875497589E+00
 0.110323753242007E+00
 0.109907519045460E+00
 0.109314066801667E+00
 0.108828581981133E+00
 0.108294487602370E+00
 0.107898433673448E+00
 0.107200271562226E+00
 0.106749504359884E+00
 0.106008457301255E+00
 0.104986732795286E+00
 0.104246084465391E+00
 0.103268421357192E+00
 0.102527298466402E+00
 0.101614609093290E+00
 0.100877356845548E+00
 0.999862752807279E-01
 0.992516483139978E-01
 0.984367218332593E-01
 0.977085350768018E-01
 0.968910735921864E-01
 0.961682026022139E-01
 0.954390430295268E-01
 0.947244044100823E-01
 0.939700302046271E-01
 0.932631115943264E-01
 0.922999943346953E-01
 0.910846480456769E-01
 0.896220477240183E-01
 0.879181523454416E-01
 0.859845054649887E-01
 0.840172601346173E-01
 0.821130870174351E-01
 0.802751997812720E-01
 0.784877697368460E-01
 0.767721772059822E-01
 0.750954585867086E-01
 0.734647422195327E-01
 0.718995210835540E-01
 0.703803361473110E-01
 0.689011683698900E-01
 0.674590959730254E-01
 0.660690412642411E-01
 0.647270876923465E-01
 0.634193767152432E-01
 0.621392087057854E-01
 0.608794376477284E-01
 0.596327513232020E-01
 0.584774593764110E-01
 0.573325232395963E-01
 0.561894845751640E-01
 0.550783920232059E-01
 0.540342996182069E-01
 0.529801862632884E-01
 0.519376048444891E-01
 0.509772271015801E-01
 0.499954360470589E-01
 0.490404856501017E-01
 0.481460627657524E-01
 0.471765462145720E-01
 0.465516881561517E-01
 0.462578136577279E-01
 0.461515796979132E-01
 0.458516477473087E-01
 0.457232504402181E-01
 0.454385318264890E-01
 0.453403313593312E-01
 0.450533460247649E-01
 0.449184148079489E-01
 0.446457071866398E-01
 0.445504393833442E-01
 0.442779331070927E-01
 0.441457066018745E-01
 0.438871907038813E-01
 0.437806791821829E-01
 0.435238622525658E-01
 0.433742085097936E-01
 0.431262042313986E-01
 0.453678134789215E-01
 0.489688269254080E-01
 0.527048776077212E-01
 0.566888346597915E-01
 0.608332596852368E-01
 0.650981651361100E-01
 0.694707841789540E-01
 0.739376503707049E-01
 0.784846344958092E-01
 0.830969835430103E-01
 0.877593678037605E-01
 0.926490102325691E-01
 0.976112456782279E-01
 0.102591777544863E+00
 0.107572929147139E+00
 0.112536725812117E+00
 0.117464968933767E+00
 0.122339308499446E+00
 0.127333238719384E+00
 0.132353201375786E+00
 0.137278750654219E+00
 0.142090582445981E+00
 0.146769518837796E+00
 0.151296579993203E+00
 0.155729855624738E+00
 0.160257062622488E+00
 0.164590107841591E+00
 0.168710332768074E+00
 0.172904047062810E+00
 0.177174827122894E+00
 0.181198562092321E+00
 0.184956896376035E+00
 0.188432223952209E+00
 0.191862818736242E+00
 0.195171087049628E+00
 0.198158176656181E+00
 0.200808537120254E+00
 0.203121476630873E+00
 0.205548433135713E+00
 0.207606710849997E+00
 0.209283484125267E+00
 0.210616510673941E+00
 0.212036562144545E+00
 0.213050462319340E+00
 0.213648641415615E+00
 0.214203252537832E+00
 0.214533435969634E+00
 0.214431184118165E+00
 0.214266162315644E+00
 0.213909232519072E+00
 0.213108878647160E+00
 0.212422240054458E+00
 0.211389758082063E+00
 0.210127086784756E+00
 0.208891717043566E+00
 0.207207426272805E+00
 0.205759748157519E+00
 0.203904263078848E+00
 0.202124345572106E+00
 0.200128903429702E+00
 0.198099984361281E+00
 0.195994742710549E+00
 0.193786010496560E+00
 0.191599553467068E+00
 0.189392755557764E+00
 0.187288067250890E+00
 0.185430190381505E+00
 0.183161786625386E+00
 0.181265572254897E+00
 0.178952810007880E+00
 0.176225067392727E+00
 0.173940282615009E+00
 0.171433733756759E+00
 0.169188991271008E+00
 0.166894847369039E+00
 0.164686929866198E+00
 0.162570903381034E+00
 0.160397034541208E+00
 0.158476010094128E+00
 0.156339772119281E+00
 0.154551070376451E+00
 0.152543284610450E+00
 0.150842833285678E+00
 0.148938144523849E+00
 0.147266850738999E+00
 0.145239213128602E+00
 0.142856393097298E+00
 0.140120840013902E+00
 0.137036287567431E+00
 0.133607744943377E+00
 0.129991286027182E+00
 0.126498713347495E+00
 0.123144073846660E+00
 0.119917846303854E+00
 0.116818262539317E+00
 0.117104513200090E+00
 0.120677354774017E+00
 0.124046978674098E+00
 0.127379727393027E+00
 0.130308156857389E+00
 0.133121051688314E+00
 0.135794049896026E+00
 0.138052518670659E+00
 0.140356495149528E+00
 0.142357524133285E+00
 0.144050066275031E+00
 0.145805181549520E+00
 0.147138830715801E+00
 0.148463572605270E+00
 0.149565815187577E+00
 0.150403466499341E+00
 0.151293841204950E+00
 0.151767840630552E+00
 0.152394412928767E+00
 0.152679704545619E+00
 0.152932801390249E+00
 0.153050620054521E+00
 0.152965667019441E+00
 0.152936373924094E+00
 0.152543630170077E+00
 0.152387068757100E+00
 0.151836294299945E+00
 0.151454428336677E+00
 0.151216410965031E+00
 0.150865025736692E+00
 0.150132963050509E+00
 0.149692348007948E+00
 0.148872664968238E+00
 0.147999474468432E+00
 0.147169470771422E+00
 0.146191769102961E+00
 0.145345627554544E+00
 0.144526447827678E+00
 0.143673728524972E+00
 0.142767972623494E+00
 0.141905420963534E+00
 0.141148609814803E+00
 0.140282878261441E+00
 0.139443910296100E+00
 0.138573845775550E+00
 0.137875791997452E+00
 0.137005286396417E+00
 0.136228875638132E+00
 0.135358862893815E+00
 0.134163450743223E+00
 0.132652315799075E+00
 0.130836178679281E+00
 0.128726751761523E+00
 0.126336682324480E+00
 0.123685569895274E+00
 0.121003777423505E+00
 0.118395884356281E+00
 0.115868224391581E+00
 0.113403404435764E+00
 0.111017805539747E+00
 0.108680596709370E+00
 0.106411527063953E+00
 0.104224112690905E+00
 0.102094521836431E+00
 0.100023521931359E+00
 0.980099097855710E-01
 0.960506016923741E-01
 0.941412794128773E-01
 0.923235800374285E-01
 0.905564348531482E-01
 0.888314056679646E-01
 0.871391511519065E-01
 0.854698358763507E-01
 0.839041466221766E-01
 0.823705371731513E-01
 0.808440183138048E-01
 0.793555803771590E-01
 0.779573435882514E-01
 0.765505851257573E-01
 0.751636658334812E-01
 0.738766602709826E-01
 0.725668592015459E-01
 0.713003203376046E-01
 0.698851071505472E-01
 0.683286666075975E-01
 0.666388622451455E-01
 0.648239367196380E-01
 0.628924723835325E-01
 0.608533510746835E-01
 0.587157136510893E-01
 0.564889186659452E-01
 0.541824993801645E-01
 0.518061192905263E-01
 0.493695273612068E-01
 0.476352399032855E-01
 0.478320896551917E-01
 0.478989929479696E-01
 0.480180269712109E-01
 0.482172276464014E-01
 0.482564160953561E-01
 0.482334503259390E-01
 0.482874368232941E-01
 0.483382817225869E-01
 0.482235741741528E-01
 0.481575849476755E-01
 0.481860513545073E-01
 0.485479840137768E-01
 0.506497089868163E-01
 0.527793487549916E-01
 0.549666589085102E-01
 0.572419334036989E-01
 0.594571169150627E-01
 0.616002868232712E-01
 0.636597130526689E-01
 0.656398134520722E-01
 0.676759245701783E-01
 0.696033490040606E-01
 0.714108451935924E-01
 0.730876185119725E-01
 0.746233816787178E-01
 0.762046444136807E-01
 0.776496919892880E-01
 0.789323639861996E-01
 0.800437570717356E-01
 0.811192446435708E-01
 0.821097288392549E-01
 0.829113336953754E-01
 0.835170708341194E-01
 0.841522981445897E-01
 0.846173340405333E-01
 0.848729710116405E-01
 0.850750790111831E-01
 0.851865737913766E-01
 0.850791174740759E-01
 0.849188016487070E-01
 0.846688899999007E-01
 0.841943925708502E-01
 0.837455706660098E-01
 0.831384910156211E-01
 0.823736990161308E-01
 0.816488210935677E-01
 0.806990879759183E-01
 0.798002915287965E-01
 0.787536850790027E-01
 0.776745773237681E-01
 0.765537882703286E-01
 0.753599895912209E-01
 0.741890132283387E-01
 0.729477523331563E-01
 0.718265203009508E-01
 0.708668320303686E-01
 0.697463424102657E-01
 0.687847677807384E-01
 0.678123765659769E-01
 0.669044291762752E-01
 0.660766953805475E-01
 0.651534833192362E-01
 0.644043078680272E-01
 0.636383360832951E-01
 0.629331747375339E-01
 0.622291548308538E-01
 0.615157260125318E-01
 0.608649792838427E-01
 0.601494775422580E-01
 0.595405202874637E-01
 0.588277846625719E-01
 0.582468772713574E-01
 0.575411419250709E-01
 0.569761077421687E-01
 0.562813430875230E-01
 0.557229693790638E-01
 0.550430775951779E-01
 0.542017512800266E-01
 0.531998698078523E-01
 0.520390830129952E-01
 0.507218134953432E-01
 0.503554003323616E-01
 0.501692210445512E-01
 0.500661685908135E-01
 0.498960847172420E-01
 0.497841678032536E-01
 0.496308683764806E-01
 0.494858864630878E-01
 0.493481888563809E-01
 0.491544372980126E-01
 0.490872346254887E-01
 0.492274801536484E-01
 0.492412605155386E-01
 0.492703148340523E-01
 0.491117555174014E-01
 0.490242457355835E-01
 0.487803009705176E-01
 0.485689417498660E-01
 0.483301753803871E-01
 0.481866377817129E-01
 0.478874754124134E-01
 0.476796219332452E-01
 0.473342097413188E-01
 0.471011249270967E-01
 0.468113097462927E-01
 0.466213266139964E-01
 0.463301101139190E-01
 0.461119953609641E-01
 0.458424753902908E-01
 0.456429416334451E-01
 0.454183831529547E-01
 0.451934559746386E-01
 0.449636452879533E-01
 0.447256248672961E-01
 0.445465836134606E-01
 0.443155114593760E-01
 0.441218510525486E-01
 0.438722578870945E-01
 0.436584593525802E-01
 0.433953377972537E-01
 0.431562398799515E-01
 0.428842812805634E-01
 0.426159456971965E-01
 0.423398811521524E-01
 0.420396660454420E-01
 0.417643027596439E-01
 0.414309798678070E-01
 0.411610803845838E-01
 0.407515063995977E-01
 0.402075174715529E-01
 0.395349578876849E-01
 0.387402001705279E-01
 0.378300864392788E-01
 0.368120181235092E-01
 0.358299963739726E-01
 0.349692878225427E-01
 0.341937151138617E-01
 0.334758715891486E-01
 0.328198657506764E-01
 0.321982532012243E-01
 0.316048050534793E-01
 0.310356694886104E-01
 0.304863519331176E-01
 0.299521235023277E-01
 0.294281703943685E-01
 0.289099464818719E-01
 0.284109529980720E-01
 0.279302168509573E-01
 0.274488606297034E-01
 0.269629070145783E-01
 0.264966941699985E-01
 0.260468535647857E-01
 0.255874235315930E-01
 0.251327207447758E-01
 0.247091217089447E-01
 0.242709989564881E-01
 0.238408994785326E-01
 0.234377782139006E-01
 0.230153757389597E-01
 0.226209254662990E-01
 0.222324090304299E-01
 0.218254425152690E-01
 0.213535646955113E-01
 0.208206128133624E-01
 0.202306490315908E-01
 0.195879295739115E-01
 0.188968777849555E-01
 0.181620612477299E-01
 0.173881712503996E-01
 0.165800012751587E-01
 0.157424210026671E-01
 0.148803442048037E-01
 0.139986919569559E-01
 0.131023549964477E-01
 0.121961594383309E-01
 0.112848384534580E-01
 0.103730099294712E-01
 0.946515773409899E-02
 0.856561292256856E-02
 0.767853177711140E-02
 0.680787002380765E-02
 0.595735581575741E-02
 0.513046600909325E-02
 0.498899095347752E-02
 0.489596664013017E-02
 0.481014064486263E-02
 0.473032818383980E-02
 0.465543695746458E-02
 0.458414644869269E-02
 0.451481925471071E-02
 0.444575441830507E-02
 0.439660496463141E-02
 0.437696148474404E-02
 0.434126933078629E-02
 0.431370928286293E-02
 0.428098452868826E-02
 0.426356042945056E-02
 0.422617103926835E-02
 0.420854252557026E-02
 0.417795275880375E-02
 0.415829563879946E-02
 0.412825884090780E-02
 0.411414853625858E-02
 0.408198292717667E-02
 0.406852514013764E-02
 0.404396919720301E-02
 0.402433068923931E-02
 0.400644884414330E-02
 0.398895203950886E-02
 0.396979279325175E-02
 0.395330140616051E-02
 0.393487749345895E-02
 0.391735829092414E-02
 0.390732272160619E-02
 0.389001478885996E-02
 0.387878671702270E-02
 0.386052337145350E-02
 0.384775585279474E-02
 0.383878970499003E-02
 0.382447125885373E-02
 0.381342327998084E-02
 0.379683052992426E-02
 0.378610382562226E-02
 0.377571317095779E-02
 0.376091740159226E-02
 0.374754747524925E-02
 0.373351697586978E-02
 0.371464021421985E-02
 0.368785999960878E-02
 0.366533543315577E-02
 0.363635944590970E-02
 0.360330932366064E-02
 0.357414293739526E-02
 0.353897021814713E-02
 0.350463920937505E-02
 0.347128045688095E-02
 0.343174103072684E-02
 0.339977428465756E-02
 0.335347579011480E-02
 0.329342162458470E-02
 0.322027824410208E-02
 0.313481352721622E-02
 0.303790083778712E-02
 0.293081765657359E-02
 0.282393796540819E-02
 0.272291749783627E-02
 0.264578035378392E-02
 0.260756499392434E-02
 0.257270075511708E-02
 0.253693577541617E-02
 0.249743404393929E-02
 0.246374263652697E-02
 0.242554641760149E-02
 0.238835800031712E-02
 0.235931315746247E-02
 0.235714544208918E-02
 0.235494746665802E-02
 0.235271499786538E-02
 0.235046522008854E-02
 0.234823524704166E-02
 0.234607048588960E-02
 0.234400898019009E-02
 0.234207035188141E-02
 0.234025438838409E-02
 0.233854761396879E-02
 0.233693210951542E-02
 0.233539216789507E-02
 0.233391832407768E-02
 0.233251013118165E-02
 0.233117743273459E-02
 0.232993792918584E-02
 0.232880997704075E-02
 0.232780332967423E-02
 0.232691313336294E-02
 0.232612106382418E-02
 0.232540302764919E-02
 0.232473893286255E-02
 0.232411932611932E-02
 0.232354611544674E-02
 0.232302816715348E-02
 0.232257514494606E-02
 0.232219321497579E-02
 0.232188407614978E-02
 0.232164572676586E-02
 0.232147210939174E-02
 0.232135087744185E-02
 0.232126227965270E-02
 0.232118334008614E-02
 0.232109763043376E-02
 0.232100475276846E-02
 0.232092141869246E-02
 0.232087119341547E-02
 0.232086893428603E-02
 0.232091074838330E-02
 0.232097630835785E-02
 0.232104096938419E-02
 0.232108844356562E-02
 0.232111596655268E-02
 0.232113080941649E-02
 0.232114314088815E-02
 0.232116108729318E-02
 0.232119010192993E-02
 0.232123450231520E-02
 0.232129763404685E-02
 0.232137911790844E-02
 0.232147118872546E-02
 0.232155841316754E-02
 0.232162375990586E-02
 0.232165905324901E-02
 0.232167266085744E-02
 0.232168696577530E-02
 0.232172490267988E-02
 0.232179421338744E-02
 0.232188165779229E-02
 0.232196253604732E-02
 0.232201837043367E-02
 0.232204851617936E-02
 0.232206676168217E-02
 0.232208719327893E-02
 0.232211262453721E-02
 0.232213550659432E-02
 0.232214901799560E-02
 0.232215667498609E-02
 0.232217077638293E-02
 0.232220087086201E-02
 0.232224288494178E-02
 0.232227924135897E-02
 0.232229093179297E-02
 0.232227232165160E-02
 0.232223680754098E-02
 0.232220830979653E-02
 0.232220460376429E-02
 0.232222517735499E-02
 0.232225317383724E-02
 0.232226988188732E-02
 0.232226972259409E-02
 0.232226287684032E-02
 0.232226332213263E-02
 0.232227354183228E-02
 0.232228107798168E-02
 0.232227158550189E-02
 0.232224680935620E-02
 0.232222935956854E-02
 0.232224686789152E-02
 0.232230740390752E-02
 0.232238802343444E-02
 0.232244866349099E-02
 0.232246191607814E-02
 0.232243471900079E-02
 0.232240392612464E-02
 0.232240915718556E-02
 0.232246475873836E-02
 0.232255260194633E-02
 0.232263957118161E-02
 0.232270361001715E-02
 0.232274669773881E-02
 0.232278587218306E-02
 0.232283284281434E-02
 0.232288213237079E-02
 0.232291910703549E-02
 0.232294016788689E-02
 0.232296466711780E-02
 0.232302392400075E-02
 0.232313335366018E-02
 0.232327148431379E-02
 0.232338746835820E-02
 0.232343599462211E-02
 0.232341364382153E-02
 0.232336612523809E-02
 0.232335766886956E-02
 0.232342491015653E-02
 0.232355126198971E-02
 0.232368153708157E-02
 0.232376387150895E-02
 0.232378470460542E-02
 0.232377047494083E-02
 0.232375896143824E-02
 0.232376786330133E-02
 0.232378744504200E-02
 0.232380011225205E-02
 0.232380497219346E-02
 0.232382189410783E-02
 0.232386991607849E-02
 0.232394035855185E-02
 0.232399235435230E-02
 0.232398013066743E-02
 0.232389243132813E-02
 0.232377033844134E-02
 0.232368436100564E-02
 0.232368462196293E-02
 0.232376208800836E-02
 0.232385259980140E-02
 0.232388233507951E-02
 0.232382000526591E-02
 0.232369560716117E-02
 0.232357297189920E-02
 0.232350065231265E-02
 0.232348135757798E-02
 0.232348162819521E-02
 0.232346799277824E-02
 0.232343486627467E-02
 0.232340046094361E-02
 0.232337849959385E-02
 0.232335617370713E-02
 0.232330212903280E-02
 0.232319888403290E-02
 0.232306918586805E-02
 0.232296856052901E-02
 0.232294521718391E-02
 0.232299857419739E-02
 0.232307223827633E-02
 0.232309096558258E-02
 0.232301508441084E-02
 0.232287019524530E-02
 0.232272848777680E-02
 0.232265617235690E-02
 0.232266808207454E-02
 0.232272358143576E-02
 0.232276358657752E-02
 0.232275581154096E-02
 0.232271155430299E-02
 0.232266444430592E-02
 0.232263490026640E-02
 0.232261422517643E-02
 0.232258131918824E-02
 0.232253308019171E-02
 0.232249634721875E-02
 0.232250684404797E-02
 0.232257268963362E-02
 0.232265689837610E-02
 0.232269873808404E-02
 0.232265995023702E-02
 0.232255837165229E-02
 0.232245955178918E-02
 0.232243055608976E-02
 0.232249127918907E-02
 0.232260113476771E-02
 0.232269075453861E-02
 0.232271272692592E-02
 0.232267164137022E-02
 0.232261239329880E-02
 0.232258035010533E-02
 0.232258829596563E-02
 0.232261593459717E-02
 0.232263747167835E-02
 0.232264863401387E-02
 0.232266743431986E-02
 0.232270942312970E-02
 0.232276330689134E-02
 0.232279323906071E-02
 0.232276909839227E-02
 0.232269847739630E-02
 0.232262965049674E-02
 0.232261864528270E-02
 0.232268525158796E-02
 0.232279431120941E-02
 0.232287916685494E-02
 0.232288982980166E-02
 0.232282823532743E-02
 0.232274372775557E-02
 0.232269420347603E-02
 0.232270498364302E-02
 0.232275692245628E-02
 0.232280933772186E-02
 0.232283489525918E-02
 0.232283638909205E-02
 0.232283411353069E-02
 0.232283953076306E-02
 0.232284210562127E-02
 0.232282216070861E-02
 0.232277677409039E-02
 0.232273207730391E-02
 0.232272681579126E-02
 0.232277880061129E-02
 0.232286364695846E-02
 0.232292705786762E-02
 0.232292387337493E-02
 0.232285330485490E-02
 0.232276133569750E-02
 0.232270752514761E-02
 0.232272230666819E-02
 0.232278800113181E-02
 0.232285660904568E-02
 0.232288760714591E-02
 0.232287456466669E-02
 0.232284144897902E-02
