 0.191430947257450E-08
 0.302547613150791E-07
 0.151409992893249E-06
 0.472038003500540E-06
 0.113763315886284E-05
 0.232572632783276E-05
 0.424494906047882E-05
 0.713618451178239E-05
 0.112412980714364E-04
 0.168770507289931E-04
 0.242901510893276E-04
 0.338304499024111E-04
 0.457905827681297E-04
 0.604636276038675E-04
 0.782774555042470E-04
 0.993528038995020E-04
 0.124267129690950E-03
 0.153055712462184E-03
 0.186205569851242E-03
 0.223919139989803E-03
 0.266016223516855E-03
 0.313678599380740E-03
 0.366126650052906E-03
 0.425004428178101E-03
 0.490247357398236E-03
 0.561571708450190E-03
 0.637947463812315E-03
 0.721775582236748E-03
 0.810651663096213E-03
 0.903927335805435E-03
 0.100100274113395E-02
 0.110118423953176E-02
 0.120368970352165E-02
 0.130765581442022E-02
 0.141214727164650E-02
 0.151616745163909E-02
 0.161866992411537E-02
 0.171898519818689E-02
 0.181987205575456E-02
 0.192144619322764E-02
 0.202359008425174E-02
 0.212665970844521E-02
 0.223002138800064E-02
 0.233345431872103E-02
 0.243702866684024E-02
 0.254084006786775E-02
 0.264521126911463E-02
 0.275087050671735E-02
 0.286020457283572E-02
 0.297477598030652E-02
 0.309978023558918E-02
 0.324553641152328E-02
 0.369608802595125E-02
 0.418410427590177E-02
 0.471025796745001E-02
 0.527499465474260E-02
 0.587850797246559E-02
 0.652385481493329E-02
 0.724649406694349E-02
 0.801294809959922E-02
 0.882248972581137E-02
 0.967402642627895E-02
 0.105660821080213E-01
 0.114967828007180E-01
 0.124638479085238E-01
 0.134645875017160E-01
 0.144959052723153E-01
 0.155869718094810E-01
 0.167419690649315E-01
 0.179233683141927E-01
 0.191266101735525E-01
 0.203467263948253E-01
 0.215783477787560E-01
 0.228157207816224E-01
 0.241033873638711E-01
 0.254256987056112E-01
 0.267414756233191E-01
 0.281021040690837E-01
 0.294503906809862E-01
 0.307748024466689E-01
 0.320672957817710E-01
 0.333196271676757E-01
 0.345234243937845E-01
 0.357562387061068E-01
 0.369681690918395E-01
 0.381132173028344E-01
 0.391826659283651E-01
 0.401678900148285E-01
 0.410604123740528E-01
 0.418519717694159E-01
 0.426546973362229E-01
 0.433850125287966E-01
 0.441567060971417E-01
 0.448088736831303E-01
 0.453337864013424E-01
 0.457716836353688E-01
 0.462188130135648E-01
 0.466656198479560E-01
 0.470278553177869E-01
 0.472420609885150E-01
 0.475127857291456E-01
 0.477810531295261E-01
 0.479796622968105E-01
 0.480342019885527E-01
 0.481531369308688E-01
 0.483300807212228E-01
 0.483674778293734E-01
 0.483315639836137E-01
 0.483742302954020E-01
 0.484274168501604E-01
 0.483148486084558E-01
 0.482396445945042E-01
 0.482564747975859E-01
 0.481758286111553E-01
 0.479902056863001E-01
 0.479107805777888E-01
 0.478826953401462E-01
 0.476883600941606E-01
 0.475664137509827E-01
 0.474945433903577E-01
 0.473688271146188E-01
 0.472153672923015E-01
 0.470569867755100E-01
 0.469932287231315E-01
 0.468341719521303E-01
 0.467646696146797E-01
 0.465830329140004E-01
 0.465066647975964E-01
 0.464685652815024E-01
 0.463427690584608E-01
 0.463677186322154E-01
 0.462916015937034E-01
 0.463269616469380E-01
 0.463206793132422E-01
 0.463734367056509E-01
 0.464404133985798E-01
 0.472509236246536E-01
 0.486867570123585E-01
 0.500737140926019E-01
 0.514045623344821E-01
 0.526720723442183E-01
 0.539535608346281E-01
 0.551838294080271E-01
 0.563339140453469E-01
 0.576021225660019E-01
 0.587901615124326E-01
 0.599591883380445E-01
 0.610790074759153E-01
 0.620937308966969E-01
 0.629961719132749E-01
 0.638162770033170E-01
 0.646169111030405E-01
 0.652898320740006E-01
 0.658288226399106E-01
 0.662782415432735E-01
 0.666911312869091E-01
 0.669577713695472E-01
 0.670733654586192E-01
 0.671653647753001E-01
 0.671435300392727E-01
 0.669632061523069E-01
 0.667290206721569E-01
 0.664179243371400E-01
 0.659450708385324E-01
 0.654568898775648E-01
 0.648695284546320E-01
 0.641517995045894E-01
 0.634711308256361E-01
 0.626324227245202E-01
 0.618350594914610E-01
 0.609315076517567E-01
 0.600486406573405E-01
 0.591061080686137E-01
 0.581946617090676E-01
 0.572379257487849E-01
 0.563461740895156E-01
 0.553977825142667E-01
 0.545597488160241E-01
 0.536377265499134E-01
 0.528873534273962E-01
 0.520786678315519E-01
 0.513492803484027E-01
 0.505881625568717E-01
 0.503135171770120E-01
 0.501260721155795E-01
 0.500225533804263E-01
 0.498534683627993E-01
 0.497404301580570E-01
 0.495895815472592E-01
 0.494471830937787E-01
 0.493111441046158E-01
 0.490930888967944E-01
 0.488772734689896E-01
 0.484920035104026E-01
 0.482611273873058E-01
 0.479516629340887E-01
 0.476737578090495E-01
 0.472745667333916E-01
 0.469633157858998E-01
 0.465256561333914E-01
 0.461899779895439E-01
 0.457469970833320E-01
 0.454083015685493E-01
 0.449705632115577E-01
 0.446350036143836E-01
 0.441444948988673E-01
 0.435049710313031E-01
 0.427229556163479E-01
 0.418055956857062E-01
 0.407606948440578E-01
 0.395967067844443E-01
 0.383571809288710E-01
 0.371734135497026E-01
 0.360845250543051E-01
 0.350901098462513E-01
 0.346133346263855E-01
 0.366192800924578E-01
 0.386138832934498E-01
 0.407072546758769E-01
 0.433991861641780E-01
 0.460563131480513E-01
 0.486647286286961E-01
 0.513101118307069E-01
 0.540265984366378E-01
 0.566628018117238E-01
 0.592044864083349E-01
 0.616376801728656E-01
 0.641387453701683E-01
 0.665944381150518E-01
 0.689092827776707E-01
 0.710698854552467E-01
 0.732028084504597E-01
 0.753246363964499E-01
 0.772612480111546E-01
 0.790006619875266E-01
 0.807605254296501E-01
 0.824086118665203E-01
 0.838318466510061E-01
 0.851311229974513E-01
 0.864354433446597E-01
 0.874907954114753E-01
 0.883827263055337E-01
 0.892994558802561E-01
 0.899471657169890E-01
 0.904928295044147E-01
 0.909904092007441E-01
 0.912036308333766E-01
 0.914718358843509E-01
 0.915321438014014E-01
 0.914488943463988E-01
 0.913663153168021E-01
 0.909852372241112E-01
 0.907715322092247E-01
 0.902590265851569E-01
 0.898154130865905E-01
 0.891895609158145E-01
 0.885701258084581E-01
 0.879963464779532E-01
 0.872520254025727E-01
 0.865811444023229E-01
 0.857174062773513E-01
 0.849685384672975E-01
 0.840176449741229E-01
 0.832090521072349E-01
 0.821965191926622E-01
 0.813457768006477E-01
 0.802915841132072E-01
 0.794152126658918E-01
 0.785753958526884E-01
 0.776496197162959E-01
 0.764436824062696E-01
 0.754655559178735E-01
 0.743581287219248E-01
 0.734882453296395E-01
 0.723739591645879E-01
 0.715323312680594E-01
 0.705700671683596E-01
 0.697544868230087E-01
 0.687844554899076E-01
 0.679935690468005E-01
 0.671506816214616E-01
 0.663877723998927E-01
 0.655375580036735E-01
 0.647984630148132E-01
 0.640495043293317E-01
 0.633377315809589E-01
 0.623811369759403E-01
 0.611821308796044E-01
 0.597444643330206E-01
 0.581434170892755E-01
 0.565923621219999E-01
 0.551033057708116E-01
 0.536869383481293E-01
 0.523137326572103E-01
 0.510055656883627E-01
 0.497356712686521E-01
 0.485086354818892E-01
 0.473263966700807E-01
 0.461887892447730E-01
 0.463488690529137E-01
 0.466939116199143E-01
 0.469735022027635E-01
 0.472202258963231E-01
 0.474270223210204E-01
 0.475783430897440E-01
 0.477291784266133E-01
 0.477857519990204E-01
 0.478967310504985E-01
 0.480563838955181E-01
 0.481422396871517E-01
 0.480875345453799E-01
 0.481620904856133E-01
 0.501519623662408E-01
 0.536739659026086E-01
 0.570954223897387E-01
 0.604005797167267E-01
 0.636490973588444E-01
 0.670148028857545E-01
 0.702239563304730E-01
 0.732610944312128E-01
 0.763033135123214E-01
 0.794411231452830E-01
 0.823697800195252E-01
 0.852902869238983E-01
 0.881403519685218E-01
 0.907437869907179E-01
 0.930879863931398E-01
 0.954981484333787E-01
 0.976922721690782E-01
 0.995955475018302E-01
 0.101375251125468E+00
 0.103095387301272E+00
 0.104498228448500E+00
 0.105711864793330E+00
 0.106912673065048E+00
 0.107775443239306E+00
 0.108516248589635E+00
 0.109171393336303E+00
 0.109473671994366E+00
 0.109853662899761E+00
 0.109953754131403E+00
 0.109915224795576E+00
 0.109830950514424E+00
 0.109447201362171E+00
 0.109198934738352E+00
 0.108582899221983E+00
 0.108145263282473E+00
 0.107387133264010E+00
 0.106749965540836E+00
 0.105873656069196E+00
 0.105084212770743E+00
 0.104113066855113E+00
 0.103209579583090E+00
 0.102165942947059E+00
 0.101178403378895E+00
 0.100083621604569E+00
 0.990337334456647E-01
 0.980311517436007E-01
 0.972367698936337E-01
 0.960929955369989E-01
 0.952290437221102E-01
 0.940799602529938E-01
 0.928085273419727E-01
 0.916866093917732E-01
 0.904784379109477E-01
 0.893899063020787E-01
 0.883050581350341E-01
 0.872437194409246E-01
 0.861924739098450E-01
 0.851641396113242E-01
 0.842350037221976E-01
 0.832334433387818E-01
 0.823087888927571E-01
 0.813399215119659E-01
 0.805388580457830E-01
 0.795958831933622E-01
 0.787742312356279E-01
 0.778637969688892E-01
 0.783541177357192E-01
 0.813752131676634E-01
 0.842295985083358E-01
 0.867902347166822E-01
 0.893399554730532E-01
 0.917186051632477E-01
 0.937829727809564E-01
 0.958733644279833E-01
 0.977358568594823E-01
 0.992835988732792E-01
 0.100944950193142E+00
 0.102269189386046E+00
 0.103460066851785E+00
 0.104583598584116E+00
 0.105363682579011E+00
 0.106274906683169E+00
 0.106863445897950E+00
 0.107408448505056E+00
 0.107821891235775E+00
 0.108048395749339E+00
 0.108305080650875E+00
 0.108255964830253E+00
 0.108375230479483E+00
 0.108150685874287E+00
 0.108089867926727E+00
 0.107749839060483E+00
 0.107501675022059E+00
 0.107065580088793E+00
 0.106656792293742E+00
 0.106143479890928E+00
 0.105623873850881E+00
 0.105104769105629E+00
 0.104813490726531E+00
 0.104196141198332E+00
 0.103731209000274E+00
 0.103071301312577E+00
 0.102094742236704E+00
 0.101415856579878E+00
 0.100448288029625E+00
 0.997842213589505E-01
 0.988847490871249E-01
 0.982368765912703E-01
 0.973345251198677E-01
 0.966918799957134E-01
 0.958793808516364E-01
 0.952450517418939E-01
 0.944072203485741E-01
 0.937807794948019E-01
 0.930416374470336E-01
 0.924247465396530E-01
 0.916435974824797E-01
 0.910371031108540E-01
 0.901531155145608E-01
 0.889971131389825E-01
 0.875755543394894E-01
 0.858958336460846E-01
 0.839958632552615E-01
 0.821112197942606E-01
 0.802913127525407E-01
 0.785204188814802E-01
 0.768239714765055E-01
 0.751623255167679E-01
 0.735438033705197E-01
 0.719969581591877E-01
 0.704895150591163E-01
 0.690215533292460E-01
 0.675911423624077E-01
 0.661947275488161E-01
 0.648275812763869E-01
 0.645956322677195E-01
 0.652731177369160E-01
 0.658710490006117E-01
 0.663379791741660E-01
 0.667877843540127E-01
 0.671767558156009E-01
 0.674489204620323E-01
 0.676990094990345E-01
 0.679029597805464E-01
 0.680055019386730E-01
 0.680814690276585E-01
 0.681255703704296E-01
 0.680844696835189E-01
 0.680089525288073E-01
 0.679186325982317E-01
 0.677596615034601E-01
 0.675519309194067E-01
 0.673516616655853E-01
 0.670992394385280E-01
 0.668081650292978E-01
 0.664921190759412E-01
 0.665087116527825E-01
 0.673569415605440E-01
 0.684508140976875E-01
 0.698315214917617E-01
 0.715244144867106E-01
 0.734892522151956E-01
 0.756187000341632E-01
 0.778769648700916E-01
 0.802599565612676E-01
 0.827626231267651E-01
 0.853789613115925E-01
 0.881020478803049E-01
 0.909240870089469E-01
 0.938364662487862E-01
 0.968298116959810E-01
 0.998940325254857E-01
 0.103018347884418E+00
 0.106191296708336E+00
 0.109400741311982E+00
 0.112633882907120E+00
 0.115877305766388E+00
 0.119117055681246E+00
 0.122338743242663E+00
 0.125602009159570E+00
 0.128897612198568E+00
 0.132146041767632E+00
 0.135331639256898E+00
 0.138438575398162E+00
 0.141610348190409E+00
 0.144842380896357E+00
 0.147971958962176E+00
 0.150982104197332E+00
 0.153855863334066E+00
 0.156576395051161E+00
 0.159127074305024E+00
 0.161667942213562E+00
 0.164119885937248E+00
 0.166368041937382E+00
 0.168396353533825E+00
 0.170189296314185E+00
 0.171800302813559E+00
 0.173429847867766E+00
 0.174793747609182E+00
 0.175877961532468E+00
 0.176669238799037E+00
 0.177499931509281E+00
 0.178085339236412E+00
 0.178353647229263E+00
 0.178395363613628E+00
 0.178456917150496E+00
 0.178181613668294E+00
 0.177609730135934E+00
 0.177136328566089E+00
 0.176310823274598E+00
 0.175302813004721E+00
 0.174295713974383E+00
 0.172925736538173E+00
 0.171652977406973E+00
 0.170124076935037E+00
 0.168509025259551E+00
 0.166847489717074E+00
 0.164976706291454E+00
 0.163208442432878E+00
 0.161154780289956E+00
 0.159304682076645E+00
 0.157128088802793E+00
 0.155219766186425E+00
 0.153119838050190E+00
 0.151223438775953E+00
 0.149391074278283E+00
 0.147422487848996E+00
 0.145611285212356E+00
 0.143624349639257E+00
 0.141293420401214E+00
 0.139145866017488E+00
 0.136859376406660E+00
 0.134940373465483E+00
 0.132814727846216E+00
 0.130936060521015E+00
 0.129006627015849E+00
 0.127162050126122E+00
 0.125377588568707E+00
 0.123570476101192E+00
 0.121940187600491E+00
 0.120166812666400E+00
 0.118671355668070E+00
 0.116969138202038E+00
 0.115554115400171E+00
 0.113851193964974E+00
 0.111857439095199E+00
 0.109571015249406E+00
 0.106991178919629E+00
 0.110963491536546E+00
 0.115587067708558E+00
 0.120391575399674E+00
 0.125172319645947E+00
 0.129588056914187E+00
 0.133750246911958E+00
 0.137956892689769E+00
 0.141767900981127E+00
 0.145199703382737E+00
 0.148763854730925E+00
 0.151908116134110E+00
 0.154639579707088E+00
 0.157516285706118E+00
 0.159955295454238E+00
 0.162055175646331E+00
 0.164220869483671E+00
 0.165937330370363E+00
 0.167500501678300E+00
 0.168950243645483E+00
 0.169945099123083E+00
 0.171081347263641E+00
 0.171825940657397E+00
 0.172422764848497E+00
 0.172940149385470E+00
 0.173064829586452E+00
 0.173379566026894E+00
 0.173242178248674E+00
 0.173231414569640E+00
 0.172920247573893E+00
 0.172576293049267E+00
 0.172117622986600E+00
 0.171487322590994E+00
 0.170906727358560E+00
 0.170029818397021E+00
 0.169394358687905E+00
 0.169007361184337E+00
 0.168252135571885E+00
 0.167492617431398E+00
 0.166665856438916E+00
 0.165422499364636E+00
 0.164180902779213E+00
 0.162930855795288E+00
 0.161734272609746E+00
 0.160478654160947E+00
 0.159383566868574E+00
 0.158126797739691E+00
 0.157058444233538E+00
 0.155801562074353E+00
 0.154836189808694E+00
 0.153582338089137E+00
 0.152627188527563E+00
 0.151398033651756E+00
 0.150524179730886E+00
 0.149297710922988E+00
 0.148426668153197E+00
 0.147192453366118E+00
 0.145601300751527E+00
 0.143660719846168E+00
 0.141379447403917E+00
 0.138767375416604E+00
 0.135835803469988E+00
 0.132809827047781E+00
 0.129887818062846E+00
 0.127051668572053E+00
 0.124285605276741E+00
 0.121638791566936E+00
 0.119050927139303E+00
 0.116528500961170E+00
 0.114078068436466E+00
 0.111711850859698E+00
 0.109410114734637E+00
 0.107173320610796E+00
 0.105012647166095E+00
 0.102913211198472E+00
 0.100867571816780E+00
 0.988670750015507E-01
 0.969024277369928E-01
 0.949641943501296E-01
 0.931528746871470E-01
 0.913672743359849E-01
 0.895937371671806E-01
 0.878520391487070E-01
 0.862281504645055E-01
 0.846004586528139E-01
 0.829618897103231E-01
 0.814768896362000E-01
 0.799719763974845E-01
 0.784625294282623E-01
 0.770907219109233E-01
 0.755656419440234E-01
 0.738694359613937E-01
 0.720085810982479E-01
 0.699900997522847E-01
 0.678215261659662E-01
 0.655108784519391E-01
 0.630666365936043E-01
 0.604977169891121E-01
 0.590139570516747E-01
 0.588950628962009E-01
 0.585738165492301E-01
 0.584089377368695E-01
 0.581038744538489E-01
 0.579672729088487E-01
 0.576622710656579E-01
 0.574954118881972E-01
 0.572062458170541E-01
 0.570543494412255E-01
 0.567673791548500E-01
 0.565584794244191E-01
 0.562829476550269E-01
 0.557868849797360E-01
 0.550807898376171E-01
 0.541760177381883E-01
 0.531511829911610E-01
 0.521522090203187E-01
 0.511813792526338E-01
 0.502346589651715E-01
 0.493150658784323E-01
 0.495998524939558E-01
 0.531411094807988E-01
 0.567373508885044E-01
 0.603750003104143E-01
 0.640401983049545E-01
 0.677188448331777E-01
 0.715394370915556E-01
 0.754271684140041E-01
 0.792981977424077E-01
 0.831370756904741E-01
 0.869283511505733E-01
 0.906566653401655E-01
 0.944102271638973E-01
 0.982296375876115E-01
 0.101952072153431E+00
 0.105562172139350E+00
 0.109044935666526E+00
 0.112385769513257E+00
 0.115759105603377E+00
 0.119074273274901E+00
 0.122214612119636E+00
 0.125294221543349E+00
 0.128541228332931E+00
 0.131586687868284E+00
 0.134417202471890E+00
 0.137020191090976E+00
 0.139560369451915E+00
 0.142027779779670E+00
 0.144240167221152E+00
 0.146187204078679E+00
 0.147935753942986E+00
 0.149707267888452E+00
 0.151191929321540E+00
 0.152382140769871E+00
 0.153439542414168E+00
 0.154432871697849E+00
 0.155116782255558E+00
 0.155509848848559E+00
 0.155998006678371E+00
 0.156166505045856E+00
 0.156032081672147E+00
 0.156014565780334E+00
 0.155671760833972E+00
 0.155148975815012E+00
 0.154636606371755E+00
 0.153797560341354E+00
 0.153020892825017E+00
 0.152033544018623E+00
 0.150928994961818E+00
 0.149815503037688E+00
 0.148454482469055E+00
 0.147236597989184E+00
 0.145699555914251E+00
 0.144378785536821E+00
 0.142762243289482E+00
 0.141312103795577E+00
 0.139648116132699E+00
 0.138272182651398E+00
 0.136819119318114E+00
 0.135377319136940E+00
 0.133892667390574E+00
 0.132421049477738E+00
 0.130650928134144E+00
 0.128806801990682E+00
 0.127062746142207E+00
 0.125384277279817E+00
 0.123663407806947E+00
 0.122136011599762E+00
 0.120442473749090E+00
 0.119035203751919E+00
 0.117477116237374E+00
 0.116107522712877E+00
 0.114634208138240E+00
 0.113284925508097E+00
 0.111963146335745E+00
 0.110637369045418E+00
 0.109361860037965E+00
 0.108057611110078E+00
 0.106495553358742E+00
 0.104679486204740E+00
 0.102614241018568E+00
 0.100305654830724E+00
 0.977605493815309E-01
 0.951265645018616E-01
 0.926013116812125E-01
 0.901731382667808E-01
 0.878307366916888E-01
 0.855928029156805E-01
 0.834162487003137E-01
 0.813375455339624E-01
 0.793370270247474E-01
 0.774022963682036E-01
 0.755318487681186E-01
 0.737225841622460E-01
 0.719697669967032E-01
 0.702674215677490E-01
 0.686090100965551E-01
 0.670420125983919E-01
 0.655174116905063E-01
 0.640260255468615E-01
 0.625597249110108E-01
 0.611386147402387E-01
 0.598003242182308E-01
 0.584736318960698E-01
 0.571508796127057E-01
 0.559236128518377E-01
 0.547170221649414E-01
 0.535018347558914E-01
 0.523764379771490E-01
 0.526882913215743E-01
 0.530741521398439E-01
 0.533612822437448E-01
 0.534020060308468E-01
 0.536773203243255E-01
 0.537071487182863E-01
 0.539068716159145E-01
 0.539279559078919E-01
 0.541052095568276E-01
 0.541211873028859E-01
 0.542153079934913E-01
 0.542255462791092E-01
 0.543202833804727E-01
 0.543276060397163E-01
 0.543335755306638E-01
 0.543402861273198E-01
 0.543627979033678E-01
 0.543657109814815E-01
 0.542988163946672E-01
 0.543012209132158E-01
 0.540871818347658E-01
 0.536630074051628E-01
 0.530358749318565E-01
 0.522280264829528E-01
 0.513959404294881E-01
 0.505798784983172E-01
 0.497839824702956E-01
 0.489932890417403E-01
 0.482324471519223E-01
 0.474849018639307E-01
 0.467479052178571E-01
 0.460239910641988E-01
 0.453139065089588E-01
 0.446168799964255E-01
 0.439307330135150E-01
 0.432524164510813E-01
 0.425778609323688E-01
 0.419151299733502E-01
 0.412887158021906E-01
 0.406616782356194E-01
 0.400283035887319E-01
 0.393933980133448E-01
 0.388122597294854E-01
 0.382174102167523E-01
 0.376031273760468E-01
 0.370472252115406E-01
 0.364836796802341E-01
 0.358931756921710E-01
 0.360366575049696E-01
 0.373483318902977E-01
 0.386570128339842E-01
 0.400095559662376E-01
 0.411749420287363E-01
 0.423493768676026E-01
 0.433869024801695E-01
 0.442923190898658E-01
 0.451967853914606E-01
 0.458757735878301E-01
 0.466258942185077E-01
 0.471617554373016E-01
 0.477039134080737E-01
 0.481029272804854E-01
 0.484651686769081E-01
 0.487368853230932E-01
 0.489463473344528E-01
 0.491025082323108E-01
 0.491838475356844E-01
 0.492377422197959E-01
 0.492124098417107E-01
 0.491785529640284E-01
 0.490643125351929E-01
 0.489573522236214E-01
 0.487737194338446E-01
 0.486644930668461E-01
 0.484427198867781E-01
 0.482760539689988E-01
 0.479849735794069E-01
 0.477748042711625E-01
 0.474313262520494E-01
 0.471825172168188E-01
 0.469454929600131E-01
 0.467442726071692E-01
 0.508880015680263E-01
 0.549929495959087E-01
 0.593583168535305E-01
 0.636974669601027E-01
 0.679588883436366E-01
 0.721257760870846E-01
 0.763757280468102E-01
 0.806675242823773E-01
 0.848232319901620E-01
 0.888259495358654E-01
 0.926934043095096E-01
 0.967169622237187E-01
 0.100546405628107E+00
 0.104165488319323E+00
 0.107558601354841E+00
 0.111021149505348E+00
 0.114320929623640E+00
 0.117357071402313E+00
 0.120753732904738E+00
 0.123897330181932E+00
 0.126744743393547E+00
 0.129336101832746E+00
 0.132006198739852E+00
 0.134347421362711E+00
 0.136347930249054E+00
 0.138308969688936E+00
 0.140086851403025E+00
 0.141498393273559E+00
 0.142793962374579E+00
 0.143971228868583E+00
 0.144762343345679E+00
 0.145515320061491E+00
 0.146073224030459E+00
 0.146235567000560E+00
 0.146577062792738E+00
 0.146513005415701E+00
 0.146382392480800E+00
 0.146119009968098E+00
 0.145593387558377E+00
 0.145154445140045E+00
 0.144307280781017E+00
 0.143717407262589E+00
 0.142717076790587E+00
 0.141896405509418E+00
 0.140772475390058E+00
 0.139768631494279E+00
 0.138546589401233E+00
 0.137401621742514E+00
 0.136105672380922E+00
 0.134960937623059E+00
 0.133747386916294E+00
 0.132754558714014E+00
 0.131418983304730E+00
 0.130389618054847E+00
 0.128975202031594E+00
 0.127342479827436E+00
 0.125953848421277E+00
 0.124444932177103E+00
 0.123080005309391E+00
 0.121684484401482E+00
 0.120346647955884E+00
 0.119041849758108E+00
 0.117728729834289E+00
 0.116533799022061E+00
 0.115248494798203E+00
 0.114112416606228E+00
 0.112852693869997E+00
 0.111825714877574E+00
 0.110593925197556E+00
 0.109598271779170E+00
 0.108392829603005E+00
 0.106856443387239E+00
 0.104991525605016E+00
 0.102801753868087E+00
 0.100312367614237E+00
 0.978171653422353E-01
 0.963692349925144E-01
 0.992821039463761E-01
 0.101814586109832E+00
 0.104164709061659E+00
 0.106458024114382E+00
 0.108350071232579E+00
 0.110277710551355E+00
 0.111919969643398E+00
 0.113324793181939E+00
 0.114726655260567E+00
 0.115705781717012E+00
 0.116836773456003E+00
 0.117584996023346E+00
 0.118320364720583E+00
 0.118857639985537E+00
 0.119247546421878E+00
 0.119596036718073E+00
 0.119685992246731E+00
 0.119868823022856E+00
 0.119699656152039E+00
 0.119740340867511E+00
 0.119356103063421E+00
 0.119268323933648E+00
 0.118769214310570E+00
 0.118503827861346E+00
 0.117913423773217E+00
 0.117491830605252E+00
 0.117090225509927E+00
 0.116786809062571E+00
 0.116077669868167E+00
 0.115721596429754E+00
 0.114963962526633E+00
 0.114047760851208E+00
 0.113298100329138E+00
 0.112375782897726E+00
 0.111633163243703E+00
 0.110796438125065E+00
 0.110064637383945E+00
 0.109200881452937E+00
 0.108479207006594E+00
 0.107711130661256E+00
 0.107002221838227E+00
 0.106188508596980E+00
 0.105492412356274E+00
 0.104780815884469E+00
 0.104098660719199E+00
 0.103328948884769E+00
 0.102662064336373E+00
 0.101648441590121E+00
 0.100293090168379E+00
 0.986022326742958E-01
 0.965856613758426E-01
 0.944839862744595E-01
 0.955599369627482E-01
 0.981362106931154E-01
 0.100446742451936E+00
 0.102773830148616E+00
 0.104926184369272E+00
 0.106804057086811E+00
 0.108553026949743E+00
 0.110260742528447E+00
 0.111690478228980E+00
 0.112915298333963E+00
 0.114172947664274E+00
 0.115153962239485E+00
 0.115925447586116E+00
 0.116740331696504E+00
 0.117284099035206E+00
 0.117680804735211E+00
 0.118070462824055E+00
 0.118198083826264E+00
 0.118300224292563E+00
 0.118289608472859E+00
 0.118047261763921E+00
 0.117913596365488E+00
 0.117533192008182E+00
 0.117139685500337E+00
 0.116654879003107E+00
 0.116031474498895E+00
 0.115457606081549E+00
 0.114656019778135E+00
 0.113997634902116E+00
 0.113125667528153E+00
 0.112324318158605E+00
 0.111396054232356E+00
 0.110481071727567E+00
 0.109779058226140E+00
 0.108986849635415E+00
 0.108001931372036E+00
 0.107175486339121E+00
 0.106138547743322E+00
 0.104942032093810E+00
 0.103908199599969E+00
 0.102737617020839E+00
 0.101706961013259E+00
 0.100712792635489E+00
 0.996871959165163E-01
 0.986916935760124E-01
 0.976722961631574E-01
 0.968476563641014E-01
 0.958345801179045E-01
 0.949901629765469E-01
 0.941052444791035E-01
 0.933007052078877E-01
 0.923871044850380E-01
 0.915916165874185E-01
 0.906059966109297E-01
 0.894412988683288E-01
 0.881091848009519E-01
 0.866218639134788E-01
 0.849920281817278E-01
 0.832327828388157E-01
 0.813575776466619E-01
 0.793883126163915E-01
 0.774565094083261E-01
 0.788717728563624E-01
 0.803792206582524E-01
 0.818726094180054E-01
 0.833387259375069E-01
 0.847904637935216E-01
 0.862261699376879E-01
 0.877131810432701E-01
 0.891413027273810E-01
 0.904963061688448E-01
 0.917640740406891E-01
 0.929306713922638E-01
 0.939824208585617E-01
 0.949059828934956E-01
 0.958830539963723E-01
 0.967190967076465E-01
 0.974006363443684E-01
 0.979152745408528E-01
 0.983081338870481E-01
 0.987059081957557E-01
 0.989136570243930E-01
 0.989205128693640E-01
 0.988588590988912E-01
 0.987317272534435E-01
 0.983848132871334E-01
 0.979296457765141E-01
 0.974506169936403E-01
 0.967364687987801E-01
 0.960139412746357E-01
 0.951761615907717E-01
 0.941696962926433E-01
 0.932248225235454E-01
 0.920303114886685E-01
 0.909708338394575E-01
 0.896851460810437E-01
 0.884934898743885E-01
 0.871351418452595E-01
 0.858608784939311E-01
 0.844480126402606E-01
 0.831307105686455E-01
 0.816806354113373E-01
 0.804375689049649E-01
 0.790137741536354E-01
 0.777684122328062E-01
 0.763578267664285E-01
 0.751205697924027E-01
 0.738881917741922E-01
 0.726507946202948E-01
 0.711766898700538E-01
 0.698215609474594E-01
 0.683907239814651E-01
 0.672004867767457E-01
 0.658295586897587E-01
 0.647010653010299E-01
 0.634688243898440E-01
 0.623724603891906E-01
 0.612197903063467E-01
 0.602734459479070E-01
 0.643780945239625E-01
 0.683053129414368E-01
 0.723589480581094E-01
 0.762699802834057E-01
 0.799684179015417E-01
 0.835739775425141E-01
 0.871927429980917E-01
 0.907094219139279E-01
 0.943651897221336E-01
 0.978500854457294E-01
 0.101062305908851E+00
 0.104142697121694E+00
 0.107194157244390E+00
 0.109946307243403E+00
 0.112444537206569E+00
 0.115006245767456E+00
 0.117246946474981E+00
 0.119195940055791E+00
 0.121229883916323E+00
 0.122926314653960E+00
 0.124388816246884E+00
 0.125873946762284E+00
 0.127010135595234E+00
 0.128068367534439E+00
 0.128998515748080E+00
 0.129580768924456E+00
 0.130320091514108E+00
 0.130701930718919E+00
 0.131049465421566E+00
 0.131257549830171E+00
 0.131259776610378E+00
 0.131314077139488E+00
 0.131019681791721E+00
 0.130940586731196E+00
 0.130508100944659E+00
 0.130200549547784E+00
 0.129658492900832E+00
 0.129150435407274E+00
 0.128519298217468E+00
 0.127907794174031E+00
 0.127292035736102E+00
 0.126874188330998E+00
 0.126118855044340E+00
 0.125567150242212E+00
 0.124761305601372E+00
 0.123625829544279E+00
 0.122720682907751E+00
 0.121587898013795E+00
 0.120735620166114E+00
 0.119631386644843E+00
 0.118819261584573E+00
 0.117755501755120E+00
 0.116943617233545E+00
 0.115952869603362E+00
 0.115145087338332E+00
 0.114175204035934E+00
 0.113370937479901E+00
 0.112479381046375E+00
 0.111681633958926E+00
 0.110793747555664E+00
 0.110002378866234E+00
 0.108924921363354E+00
 0.107565244873560E+00
 0.105928306098299E+00
 0.104020133787443E+00
 0.101847802506557E+00
 0.995254246887098E-01
 0.972664951129036E-01
 0.950844080877354E-01
 0.929836691552984E-01
 0.909261082047692E-01
 0.889613470472496E-01
 0.870445260525735E-01
 0.851812170496952E-01
 0.833737943572207E-01
 0.816224533798940E-01
 0.799251882044059E-01
 0.782781760019759E-01
 0.766762775563024E-01
 0.751132718473399E-01
 0.735819879494174E-01
 0.720758070538402E-01
 0.706670221761099E-01
 0.692795462787431E-01
 0.679047781984225E-01
 0.665352954847964E-01
 0.652788802484255E-01
 0.640217652577152E-01
 0.627560764752045E-01
 0.615768412616916E-01
 0.604187050811620E-01
 0.592390539795490E-01
 0.581574335003893E-01
 0.570779805619403E-01
 0.559795795824406E-01
 0.547403280697975E-01
 0.544608937053081E-01
 0.541704786089038E-01
 0.539885586931645E-01
 0.536564676610127E-01
 0.534798022990728E-01
 0.531969603787194E-01
 0.530281549593517E-01
 0.526886854089341E-01
 0.525327772597355E-01
 0.522484333787865E-01
 0.520946332350591E-01
 0.517588583124847E-01
 0.516206143437826E-01
 0.513237745477350E-01
 0.511864528364609E-01
 0.508327210665186E-01
 0.507042787991437E-01
 0.503627682327070E-01
 0.498154867456306E-01
 0.490712125026409E-01
 0.481522301712184E-01
 0.472159809883489E-01
 0.463050786659228E-01
 0.454258422992202E-01
 0.490236274757857E-01
 0.531079617315696E-01
 0.572937077991111E-01
 0.616753830506151E-01
 0.662615388750725E-01
 0.709255564326401E-01
 0.756517414480972E-01
 0.804238970561610E-01
 0.852254225473492E-01
 0.900394125493231E-01
 0.951104583931064E-01
 0.100192958115226E+00
 0.105251581554789E+00
 0.110267903892337E+00
 0.115223403765651E+00
 0.120099523786631E+00
 0.125060340345371E+00
 0.130058735618177E+00
 0.134935689397861E+00
 0.139672135222699E+00
 0.144249392615853E+00
 0.148649235532030E+00
 0.153087752364526E+00
 0.157462019549329E+00
 0.161617602839887E+00
 0.165542763878696E+00
 0.169849415917923E+00
 0.173903369794891E+00
 0.177687194140137E+00
 0.181184320352076E+00
 0.184524983001308E+00
 0.187855019168396E+00
 0.190862037276343E+00
 0.193531790714356E+00
 0.195851142703104E+00
 0.198260819126262E+00
 0.200342244111423E+00
 0.202045351520789E+00
 0.203393717281400E+00
 0.204844210438888E+00
 0.205894238779083E+00
 0.206535872975097E+00
 0.207141429374569E+00
 0.207520845841619E+00
 0.207477745565384E+00
 0.207390412530009E+00
 0.207098919746598E+00
 0.206376404750641E+00
 0.205784459877473E+00
 0.204836015751868E+00
 0.203684354068196E+00
 0.202538223654791E+00
 0.200958346927497E+00
 0.199622150952993E+00
 0.197875427626353E+00
 0.196212744028930E+00
 0.194329159554635E+00
 0.192420136097742E+00
 0.190428621851189E+00
 0.188339116123936E+00
 0.186267190517703E+00
 0.184178583482139E+00
 0.182177634640186E+00
 0.180417900154219E+00
 0.178254311839810E+00
 0.176455085743472E+00
 0.174254393290387E+00
 0.171655345346750E+00
 0.169461275190967E+00
 0.167049379891842E+00
 0.164910137381360E+00
 0.162709181350436E+00
 0.160603626632541E+00
 0.158562446700990E+00
 0.156487926423042E+00
 0.154646074034401E+00
 0.152606150708828E+00
 0.150875459882402E+00
 0.148950606665445E+00
 0.147328868806325E+00
 0.145481619881488E+00
 0.143886969576219E+00
 0.141947557756871E+00
 0.139665899935450E+00
 0.137045761524786E+00
 0.134092144939842E+00
 0.130811274125994E+00
 0.127304831479520E+00
 0.123909506347057E+00
 0.120639916722497E+00
 0.117508199048898E+00
 0.114474199728996E+00
 0.111575616412267E+00
 0.108762248912631E+00
 0.106041284619649E+00
 0.103416267643602E+00
 0.104213198825545E+00
 0.106740363397991E+00
 0.108903868767600E+00
 0.111011797981168E+00
 0.112953846160668E+00
 0.114575249062409E+00
 0.116305161623798E+00
 0.117667426628531E+00
 0.119006015957016E+00
 0.120168539001475E+00
 0.121108670279316E+00
 0.122087804997185E+00
 0.122705651073847E+00
 0.123479793229982E+00
 0.123934477072838E+00
 0.124397603719342E+00
 0.124708290895426E+00
 0.124892233723197E+00
 0.125078074849275E+00
 0.125011171156756E+00
 0.125090971204574E+00
 0.124831688205223E+00
 0.124790132142347E+00
 0.124843660461246E+00
 0.124765033796745E+00
 0.124450079251828E+00
 0.124303639256715E+00
 0.123830912682178E+00
 0.123147717884842E+00
 0.122655974279297E+00
 0.121941977719172E+00
 0.121432271426651E+00
 0.120786819535942E+00
 0.120263463045225E+00
 0.119575680338947E+00
 0.119040188128236E+00
 0.118431641652256E+00
 0.117886642546727E+00
 0.117227348549803E+00
 0.116675312351189E+00
 0.116098949015959E+00
 0.115540530679039E+00
 0.114912113261914E+00
 0.114351191155093E+00
 0.113509619496219E+00
 0.112396750729389E+00
 0.111022798234795E+00
 0.109398786008561E+00
 0.107536500235987E+00
 0.105448606538829E+00
 0.103292208766543E+00
 0.101205017314332E+00
 0.991732269504841E-01
 0.971891542700870E-01
 0.952788770266799E-01
 0.934108629542790E-01
 0.915847938719052E-01
 0.898048954474824E-01
 0.880730961556906E-01
 0.863892263791049E-01
 0.847514748168906E-01
 0.831566185722161E-01
 0.816003488250891E-01
 0.800774085778505E-01
 0.785820824776592E-01
 0.771079382635215E-01
 0.756845752650373E-01
 0.743173722818507E-01
 0.729632439515078E-01
 0.716149862236398E-01
 0.703309996194853E-01
 0.690881054562913E-01
 0.678414407263228E-01
 0.666301310958760E-01
 0.654860890668033E-01
 0.643281223164336E-01
 0.632095565669006E-01
 0.621493279484732E-01
 0.610189210231184E-01
 0.597652922397125E-01
 0.583956019831922E-01
 0.569173410004135E-01
 0.553382929362852E-01
 0.536664906617554E-01
 0.519101712138626E-01
 0.500777350680989E-01
 0.481777119421775E-01
 0.462187304761434E-01
 0.442094867809605E-01
 0.421587081958483E-01
 0.400751118909768E-01
 0.379673607380182E-01
 0.377540721368809E-01
 0.408285605718486E-01
 0.441141992471654E-01
 0.474459556317648E-01
 0.508122468919808E-01
 0.542010990346931E-01
 0.576001846065767E-01
 0.610304350445834E-01
 0.646205334887248E-01
 0.681940056201272E-01
 0.717368896203867E-01
 0.752350176861756E-01
 0.786741022407965E-01
 0.821147731299277E-01
 0.856363979732038E-01
 0.890667455178345E-01
 0.923910153069478E-01
 0.955946284634420E-01
 0.986632736503002E-01
 0.101820713836607E+00
 0.104860982882334E+00
 0.107779792979355E+00
 0.110873524365832E+00
 0.113851788561968E+00
 0.116635812274319E+00
 0.119211621205572E+00
 0.121614488150750E+00
 0.124069392293397E+00
 0.126286224194867E+00
 0.128252609478792E+00
 0.129987884281538E+00
 0.131790017107368E+00
 0.133316662182079E+00
 0.134557648907376E+00
 0.135711550627362E+00
 0.136762515191702E+00
 0.137508615225844E+00
 0.138094521269622E+00
 0.138649016946011E+00
 0.138883989741640E+00
 0.139025560105189E+00
 0.139076244355982E+00
 0.138797285756328E+00
 0.138622871598671E+00
 0.138174135007991E+00
 0.137623196210453E+00
 0.137025205355165E+00
 0.136169326599853E+00
 0.135443371159123E+00
 0.134382427982868E+00
 0.133512391227468E+00
 0.132346793224558E+00
 0.131306188789353E+00
 0.130057402691581E+00
 0.128888660493231E+00
 0.127602052414318E+00
 0.126497204547541E+00
 0.125243174771633E+00
 0.124175171418554E+00
 0.122923010596311E+00
 0.121823919062223E+00
 0.120411167061766E+00
 0.118800923854282E+00
 0.117409447017865E+00
 0.115955766137074E+00
 0.114583795956832E+00
 0.113219354177814E+00
 0.111870302235061E+00
 0.110632540082272E+00
 0.109303866283821E+00
 0.108149362296050E+00
 0.106844669853894E+00
 0.105785793289277E+00
 0.104511735984531E+00
 0.103526156636977E+00
 0.102325658890256E+00
 0.101356734568457E+00
 0.100119178245791E+00
 0.986131024663642E-01
 0.968396976971860E-01
 0.948012368279221E-01
 0.925010809814096E-01
 0.901143883952033E-01
 0.878252106068177E-01
 0.856151402042593E-01
 0.834707010712403E-01
 0.814345722112728E-01
 0.794502176830953E-01
 0.775260536611716E-01
 0.775125069409280E-01
 0.789471350244077E-01
 0.800195768397200E-01
 0.811535141408755E-01
 0.820248551836299E-01
 0.828891384329665E-01
 0.835762183464291E-01
 0.842007911015406E-01
 0.847226654728349E-01
 0.851343592839731E-01
 0.855113984032965E-01
 0.857335600622794E-01
 0.859865267056126E-01
 0.860390951974625E-01
 0.861884123935311E-01
 0.860869648026400E-01
 0.861526746700810E-01
 0.859091915964638E-01
 0.859145038631311E-01
 0.859133498605290E-01
 0.858682219105325E-01
 0.856320152554561E-01
 0.855419331373505E-01
 0.850829109709249E-01
 0.847270556220124E-01
 0.842762806699037E-01
 0.838889688148587E-01
 0.834454375076638E-01
 0.830798233314837E-01
 0.826468212654331E-01
 0.822399254569287E-01
 0.818162850227045E-01
 0.814437231845844E-01
 0.810321873702153E-01
 0.806078738993656E-01
 0.802076014699263E-01
 0.833176822197059E-01
 0.863381070672650E-01
 0.891110118597631E-01
 0.918512144968573E-01
 0.945004945529691E-01
 0.968755009114851E-01
 0.994425441477075E-01
 0.101908052633729E+00
 0.104073997998835E+00
 0.106121299909734E+00
 0.108102117518998E+00
 0.109764080422243E+00
 0.111220867691784E+00
 0.112681811689993E+00
 0.113810495721124E+00
 0.114758957681421E+00
 0.115683152466486E+00
 0.116267466450334E+00
 0.116807921844373E+00
 0.117194403755577E+00
 0.117273778230533E+00
 0.117478625609893E+00
 0.117339645768753E+00
 0.117210243039747E+00
 0.116907919038900E+00
 0.116474521552380E+00
 0.116029540814197E+00
 0.115349980780204E+00
 0.114783314951029E+00
 0.113906704705853E+00
 0.113239162139579E+00
 0.112240148698381E+00
 0.111458368923468E+00
 0.110382521497412E+00
 0.109493569059610E+00
 0.108360351323487E+00
 0.107389415230486E+00
 0.106533466859795E+00
 0.105649227077891E+00
 0.104555483667257E+00
 0.103642889379097E+00
 0.102419400256040E+00
 0.101213867269153E+00
 0.100014621644123E+00
 0.988511567007668E-01
 0.976739409628530E-01
 0.966658651411180E-01
 0.955133002460277E-01
 0.945138003883392E-01
 0.933842961643878E-01
 0.925400743590630E-01
 0.914350996625480E-01
 0.905717170260039E-01
 0.895587079514591E-01
 0.887800320162542E-01
 0.877321209125519E-01
 0.869743418053828E-01
 0.859425384740903E-01
 0.846436846844875E-01
 0.830858369667657E-01
 0.812780991921464E-01
 0.792734777411117E-01
 0.773089135042258E-01
 0.754162802819044E-01
 0.735854773642367E-01
 0.718264267036233E-01
 0.701098351857499E-01
 0.684786225611208E-01
 0.668931599657236E-01
 0.653556691796215E-01
 0.638660415882773E-01
 0.624223144013485E-01
 0.610208493218576E-01
 0.596567625013321E-01
 0.583240395641736E-01
 0.570363606547298E-01
 0.558143196815485E-01
 0.546157522652044E-01
 0.534326355040906E-01
 0.522573233053085E-01
 0.511780096324012E-01
 0.501095156944786E-01
 0.490369732147169E-01
 0.513183170026974E-01
 0.538529813414958E-01
 0.564639101616857E-01
 0.590451329618217E-01
 0.615019641831732E-01
 0.638207366559420E-01
 0.660566695736533E-01
 0.683452891227016E-01
 0.704625534039892E-01
 0.723960708737097E-01
 0.741829374768732E-01
 0.760223226175623E-01
 0.776485892419981E-01
 0.792235863670612E-01
 0.809046575870710E-01
 0.823475432596276E-01
 0.835424114483043E-01
 0.847867937020821E-01
 0.858169949234944E-01
 0.865766053444788E-01
 0.873530612004905E-01
 0.879354996328112E-01
 0.882297207818912E-01
 0.886346382699372E-01
 0.887499173306895E-01
 0.887569576009884E-01
 0.887061791859602E-01
 0.883857310185766E-01
 0.881845743815412E-01
 0.876735143232448E-01
 0.872669801179324E-01
 0.866210614032326E-01
 0.860296197538130E-01
 0.852687918334171E-01
 0.845403260933738E-01
 0.836846903085705E-01
 0.828582702384361E-01
 0.819275247339508E-01
 0.810344644052263E-01
 0.800473881931518E-01
 0.791243548287894E-01
 0.781476247891355E-01
 0.772424596378096E-01
 0.762292807139595E-01
 0.754252968616767E-01
 0.743943930177643E-01
 0.736183235527550E-01
 0.725488377236480E-01
 0.714446952368278E-01
 0.704111190480491E-01
 0.693948477011520E-01
 0.683929026114612E-01
 0.674629122269333E-01
 0.664957898292902E-01
 0.656167858902574E-01
 0.646802041892273E-01
 0.638947667629695E-01
 0.629916881867957E-01
 0.622214447135856E-01
 0.629428297313909E-01
 0.658498190220311E-01
 0.687027682238315E-01
 0.715089591542080E-01
 0.741974973348717E-01
 0.770676868091224E-01
 0.797075977099338E-01
 0.820834355111895E-01
 0.845005726334092E-01
 0.867120559321043E-01
 0.886398222664443E-01
 0.906147848865854E-01
 0.923589489525637E-01
 0.938182192842772E-01
 0.953785807425566E-01
 0.966331566636493E-01
 0.977442762236644E-01
 0.988146160756133E-01
 0.995723347361057E-01
 0.100406122959074E+00
 0.100987346791591E+00
 0.101468312152920E+00
 0.101887894317363E+00
 0.102061493230026E+00
 0.102335688191026E+00
 0.102294589273948E+00
 0.102389370520766E+00
 0.102221734468780E+00
 0.102103954654287E+00
 0.101828151123451E+00
 0.101528900574424E+00
 0.101162857631722E+00
 0.100708275841635E+00
 0.100269398512000E+00
 0.996995938383424E-01
 0.992374083575699E-01
 0.989148113519188E-01
 0.983765445435935E-01
 0.978658095904255E-01
 0.972862439353744E-01
 0.964173649910253E-01
 0.956880414340364E-01
 0.948256455367671E-01
 0.941134735818243E-01
 0.932561146990527E-01
 0.926196420396509E-01
 0.917713473785389E-01
 0.911282851232190E-01
 0.902967975140167E-01
 0.897325052853704E-01
 0.889026868963456E-01
 0.883183561592105E-01
 0.875630400207717E-01
 0.870122916443487E-01
 0.862136370009517E-01
 0.856709173267701E-01
 0.848751170909096E-01
 0.838308828711663E-01
 0.825438347396328E-01
 0.810205321675733E-01
 0.792698271504994E-01
 0.774681121781239E-01
 0.757279454598133E-01
 0.740439890934435E-01
 0.723999337651227E-01
 0.708358804065809E-01
 0.693053123624946E-01
 0.678148850000877E-01
 0.663687357117959E-01
 0.649681782482984E-01
 0.636128101330108E-01
 0.623003026180385E-01
 0.610268090337568E-01
 0.597874699289785E-01
 0.585764464621621E-01
 0.573873428295757E-01
 0.562133278106827E-01
 0.550989152575785E-01
 0.540211453361372E-01
 0.529486893532014E-01
 0.518742992460341E-01
 0.508864604072297E-01
 0.499038457001632E-01
 0.492652374784174E-01
 0.491982077930727E-01
 0.491853556070792E-01
 0.490776993652149E-01
 0.489850769704749E-01
 0.488434141664479E-01
 0.486805704799603E-01
 0.485718767230642E-01
 0.484995930240031E-01
 0.483077590849311E-01
 0.481436479792668E-01
 0.479290848317899E-01
 0.476081273224288E-01
 0.473524796565217E-01
 0.491292917209070E-01
 0.514019408680963E-01
 0.538393630740958E-01
 0.564390491794581E-01
 0.591975230872025E-01
 0.621103160226060E-01
 0.651719549079412E-01
 0.683759752156847E-01
 0.717149577878823E-01
 0.751805782817078E-01
 0.787636545131622E-01
 0.824541829850388E-01
 0.862413662707614E-01
 0.901136398667532E-01
 0.940587063955871E-01
 0.980635789944635E-01
 0.102114630504991E+00
 0.106197644905993E+00
 0.110380316640738E+00
 0.114657433302652E+00
 0.118937518769189E+00
 0.123204195432110E+00
 0.127440731787235E+00
 0.131630105245336E+00
 0.135755066170454E+00
 0.139798203884093E+00
 0.143742015132805E+00
 0.147805968418424E+00
 0.151775236093711E+00
 0.155607309235420E+00
 0.159284201367860E+00
 0.163166559949244E+00
 0.166982998581126E+00
 0.170614106684421E+00
 0.174041517228205E+00
 0.177247300342083E+00
 0.180268400614282E+00
 0.183348866396023E+00
 0.186170179672671E+00
 0.188715531459586E+00
 0.190968848339961E+00
 0.193002191914596E+00
 0.195057011403495E+00
 0.196787638647698E+00
 0.198180070716254E+00
 0.199254125999107E+00
 0.200415338963499E+00
 0.201212335746564E+00
 0.201633778961957E+00
 0.201950770887397E+00
 0.202128228170282E+00
 0.201911037157355E+00
 0.201542301142692E+00
 0.201092220258516E+00
 0.200233600590032E+00
 0.199372680173190E+00
 0.198301243847112E+00
 0.196903529379094E+00
 0.195646725007934E+00
 0.193971828346269E+00
 0.192409542058004E+00
 0.190578388455361E+00
 0.188715122445710E+00
 0.186757139437872E+00
 0.184673315202981E+00
 0.182616936849681E+00
 0.180378504496134E+00
 0.178250746426094E+00
 0.176068432027878E+00
 0.173947298527089E+00
 0.172096410117576E+00
 0.169889877728891E+00
 0.168014513866497E+00
 0.165782724462608E+00
 0.163160145850386E+00
 0.160900412385950E+00
 0.158457699357311E+00
 0.156298269876816E+00
 0.154042399577609E+00
 0.151921408114557E+00
 0.149864699545920E+00
 0.147779227951116E+00
 0.145889172541603E+00
 0.143842594134705E+00
 0.142108038078353E+00
 0.140150549247109E+00
 0.138516001734648E+00
 0.136684424074261E+00
 0.135079347668439E+00
 0.133143262154703E+00
 0.130874920367823E+00
 0.128274290376220E+00
 0.125342566699945E+00
 0.122082175918731E+00
 0.118696182470640E+00
 0.118525705475789E+00
 0.123467713401032E+00
 0.128028697265212E+00
 0.132283139933865E+00
 0.136627303358333E+00
 0.140561300926428E+00
 0.144109389038879E+00
 0.147789339033258E+00
 0.151036717658495E+00
 0.153903057207575E+00
 0.156876510619113E+00
 0.159401677209148E+00
 0.161649904976327E+00
 0.163896207250634E+00
 0.165684868037567E+00
 0.167404762853029E+00
 0.168922057459399E+00
 0.170010197397256E+00
 0.171274612134353E+00
 0.172076660508153E+00
 0.172831770769074E+00
 0.173402869518856E+00
 0.173682039209865E+00
 0.174046871468144E+00
 0.173956462734574E+00
 0.174093819389885E+00
 0.173826286581175E+00
 0.173622514335363E+00
 0.173204223222697E+00
 0.172705015059598E+00
 0.172161653213595E+00
 0.171406232850455E+00
 0.170829828970052E+00
 0.170536234813441E+00
 0.169812152013714E+00
 0.169143827273204E+00
 0.168345303011882E+00
 0.167129573044988E+00
 0.165990230055780E+00
 0.164764986401436E+00
 0.163648077104845E+00
 0.162414613421960E+00
 0.161409329933037E+00
 0.160172130725508E+00
 0.159169991098874E+00
 0.157930493059104E+00
 0.157044366681010E+00
 0.155805561782291E+00
 0.154905655651677E+00
 0.153747156324229E+00
 0.152886036224111E+00
 0.151705923060031E+00
 0.150846207577054E+00
 0.149621463078698E+00
 0.148039359969813E+00
 0.146108750317696E+00
 0.143839627946487E+00
 0.141243084043888E+00
 0.138331258330220E+00
 0.135295548674139E+00
 0.132356889885888E+00
 0.129504737484662E+00
 0.126735590987512E+00
 0.124061064137768E+00
 0.121462820876689E+00
 0.118927671558935E+00
 0.116461877846679E+00
 0.114068585366447E+00
 0.111747746883829E+00
 0.109497027568134E+00
 0.107312094732969E+00
 0.105186731830987E+00
 0.103113724174815E+00
 0.101084778965920E+00
 0.990909537246513E-01
 0.971484290824957E-01
 0.953093552826143E-01
 0.934926227245581E-01
 0.916882856682105E-01
 0.899432949337024E-01
 0.882879488477863E-01
 0.866298628559307E-01
 0.849871371149100E-01
 0.834718887446567E-01
 0.819383818902192E-01
 0.804240179788117E-01
 0.790244543468042E-01
 0.774947728909404E-01
 0.757958078024078E-01
 0.739346704277514E-01
 0.719189776783722E-01
 0.697568254308513E-01
 0.674567580569351E-01
 0.650277321855090E-01
 0.624790763293357E-01
 0.598204498862700E-01
 0.570618035818356E-01
 0.542133403396421E-01
 0.512854741347913E-01
 0.487817173687443E-01
 0.486440187068753E-01
 0.484964373309511E-01
 0.483374088558826E-01
 0.482010029725886E-01
 0.480455032545708E-01
 0.479097436525088E-01
 0.477037596936236E-01
 0.475767029046101E-01
 0.472596388057691E-01
 0.467632993093752E-01
 0.460991174846793E-01
 0.452918305879822E-01
 0.465081850543010E-01
 0.494935658439367E-01
 0.525318971918383E-01
 0.556111837175525E-01
 0.587673511952095E-01
 0.620515171669344E-01
 0.653524194613747E-01
 0.686565377207502E-01
 0.719502171568694E-01
 0.752197013083330E-01
 0.784511627411481E-01
 0.817153750126919E-01
 0.850406764970906E-01
 0.882976623074456E-01
 0.914719619619196E-01
 0.945494558061166E-01
 0.975163585599334E-01
 0.100448725221940E+00
 0.103406025542930E+00
 0.106222622354269E+00
 0.108956900766148E+00
 0.111871862260890E+00
 0.114621680031798E+00
 0.117193195280088E+00
 0.119573915130964E+00
 0.121781813833607E+00
 0.124051772136834E+00
 0.126104447261568E+00
 0.127929192378112E+00
 0.129516264247964E+00
 0.131115135152705E+00
 0.132541318278933E+00
 0.133709799034463E+00
 0.134613347220208E+00
 0.135606796479431E+00
 0.136330821559958E+00
 0.136775943666061E+00
 0.137193592739098E+00
 0.137461057968436E+00
 0.137440083137181E+00
 0.137406426691572E+00
 0.137217289097871E+00
 0.136734429311711E+00
 0.136375730784740E+00
 0.135740358590203E+00
 0.135015577264972E+00
 0.134246965317635E+00
 0.133229132097343E+00
 0.132347072523167E+00
 0.131172049978364E+00
 0.130123502064924E+00
 0.128856840573170E+00
 0.127648976607294E+00
 0.126310082031283E+00
 0.124995828662370E+00
 0.123649053651574E+00
 0.122386731778026E+00
 0.121004756782962E+00
 0.119824664441450E+00
 0.118477770750970E+00
 0.117269984314250E+00
 0.115789768989310E+00
 0.114087132179112E+00
 0.112629207232243E+00
 0.111090985085350E+00
 0.109652501055114E+00
 0.108226307657423E+00
 0.106811472029279E+00
 0.105511681493183E+00
 0.104117168092478E+00
 0.102926269373460E+00
 0.101560919093623E+00
 0.100454922768746E+00
 0.991994885852111E-01
 0.981138646515576E-01
 0.969227346205414E-01
 0.958547057117793E-01
 0.945519806136302E-01
 0.930169597773752E-01
 0.912530508710731E-01
 0.892646555706290E-01
 0.870571522855476E-01
 0.847194528102211E-01
 0.824607751852905E-01
 0.802951717524915E-01
 0.782159956397978E-01
 0.762181250822920E-01
 0.742933113891551E-01
 0.724277993943830E-01
 0.706338168305631E-01
 0.689161170064226E-01
 0.672537507100733E-01
 0.656439174901397E-01
 0.640823523045687E-01
 0.625807371492237E-01
 0.611397194774578E-01
 0.597409533174162E-01
 0.583771196619098E-01
 0.570407761528091E-01
 0.557289758159782E-01
 0.545095444911014E-01
 0.533052729634685E-01
 0.521086384150861E-01
 0.509582751267990E-01
 0.498681738289745E-01
 0.487735186628013E-01
 0.477071686994618E-01
 0.467119571669266E-01
 0.457012329654467E-01
 0.456408552331985E-01
 0.459237346349645E-01
 0.459432191752695E-01
 0.461902209095373E-01
 0.462080196366796E-01
 0.464197889337061E-01
 0.464393221318316E-01
 0.465726838943382E-01
 0.465925197255106E-01
 0.467150991906231E-01
 0.467382225631857E-01
 0.467739971091481E-01
 0.474611710738547E-01
 0.482869213275238E-01
 0.491698397456377E-01
 0.500266344389148E-01
 0.506647566984086E-01
 0.512404239082396E-01
 0.517318053215842E-01
 0.519899151748210E-01
 0.523228935864015E-01
 0.524298970906733E-01
 0.524965226970040E-01
 0.524616743029029E-01
 0.523134224042857E-01
 0.521489300765112E-01
 0.518334178020012E-01
 0.515535164545380E-01
 0.511129887880943E-01
 0.507328761046707E-01
 0.502035958731220E-01
 0.497390902941109E-01
 0.491507451180154E-01
 0.486176697146266E-01
 0.479932583224432E-01
 0.474071387941183E-01
 0.467637666258382E-01
 0.461392046109719E-01
 0.454885193931088E-01
 0.448393637347868E-01
 0.441880283751321E-01
 0.435380502820011E-01
 0.430677170446177E-01
 0.424038109328457E-01
 0.418740841175644E-01
 0.412068551762765E-01
 0.405240160662450E-01
 0.398902427080155E-01
 0.392334543378062E-01
 0.386291385062869E-01
 0.380486719725685E-01
 0.374761135687507E-01
 0.368961654332118E-01
 0.368113268094310E-01
 0.385008623152900E-01
 0.399683793052867E-01
 0.416251176996265E-01
 0.431345604046619E-01
 0.445552544040866E-01
 0.459085715749802E-01
 0.470590241070014E-01
 0.482511157739838E-01
 0.491680205496248E-01
 0.501812514063538E-01
 0.509274850872343E-01
 0.517270089989829E-01
 0.523104060438839E-01
 0.529222956326457E-01
 0.533542730154699E-01
 0.538035261023671E-01
 0.540979850886646E-01
 0.544078092342433E-01
 0.545803852967114E-01
 0.547703303729370E-01
 0.548376340477582E-01
 0.549235144515208E-01
 0.549023339752606E-01
 0.548959011522273E-01
 0.548119504549747E-01
 0.547428711629125E-01
 0.546345887002944E-01
 0.544833330959655E-01
 0.543206851422094E-01
 0.541836127823448E-01
 0.539626542520441E-01
 0.538269468666845E-01
 0.535755409361627E-01
 0.531185407432446E-01
 0.551836757770573E-01
 0.594041537091290E-01
 0.635313657669386E-01
 0.675481607150263E-01
 0.714376975401535E-01
 0.755075435539066E-01
 0.794681743456326E-01
 0.832581439975550E-01
 0.868610926197645E-01
 0.904994680843708E-01
 0.940669298792784E-01
 0.974061137661964E-01
 0.100502338308760E+00
 0.103623371621883E+00
 0.106909098771469E+00
 0.109924104643686E+00
 0.112958945091104E+00
 0.115823621081240E+00
 0.118382586956968E+00
 0.120647555051177E+00
 0.123016236391664E+00
 0.125049870753977E+00
 0.126738761448014E+00
 0.128424516601989E+00
 0.129885678731820E+00
 0.130980992336308E+00
 0.132063099231523E+00
 0.132924488477021E+00
 0.133404934495166E+00
 0.133999706021310E+00
 0.134250309401296E+00
 0.134298240673695E+00
 0.134334989350144E+00
 0.133977917405252E+00
 0.133745071475623E+00
 0.133190030689507E+00
 0.132558458748726E+00
 0.131826028255734E+00
 0.130847573930702E+00
 0.129959977759669E+00
 0.128685453875596E+00
 0.127666849739053E+00
 0.126262241265882E+00
 0.125027593820523E+00
 0.123524552682623E+00
 0.122133502631725E+00
 0.120561272149050E+00
 0.119092378716555E+00
 0.117760050188065E+00
 0.116481077019620E+00
 0.115021405642230E+00
 0.113799864875716E+00
 0.112424898569217E+00
 0.111191470881170E+00
 0.109886220686164E+00
 0.108651291445190E+00
 0.107478158079417E+00
 0.106293583116015E+00
 0.105202165197375E+00
 0.104017360180944E+00
 0.102983050007509E+00
 0.101847340617016E+00
 0.100913760774050E+00
 0.997792610872207E-01
 0.988420618278923E-01
 0.977209481749051E-01
 0.967752976717632E-01
 0.956788242117234E-01
 0.942783457105205E-01
 0.925787337253210E-01
 0.905860813077382E-01
 0.883076717277426E-01
 0.859193673160784E-01
 0.836072875321657E-01
 0.832022374940769E-01
 0.853084919239110E-01
 0.870880893505823E-01
 0.889289777741135E-01
 0.904816494053213E-01
 0.917501922597461E-01
 0.930697805707683E-01
 0.940454536627402E-01
 0.948542624124695E-01
 0.955930804130068E-01
 0.959868708302438E-01
 0.963660547063882E-01
 0.965320149144746E-01
 0.964073961519894E-01
 0.963634335732946E-01
 0.959824608095944E-01
 0.955582716873419E-01
 0.949982334367227E-01
 0.942154122625359E-01
 0.935087811898563E-01
 0.924867711218958E-01
 0.917388309383994E-01
 0.909572510741022E-01
 0.901950375109879E-01
 0.892674036159641E-01
 0.884259301565182E-01
 0.877589534138170E-01
 0.869775151746529E-01
 0.862639948613513E-01
 0.854732327936983E-01
 0.849716055504045E-01
 0.842548162248206E-01
 0.836922129662364E-01
 0.830109295389645E-01
 0.824050678706601E-01
 0.817800224155975E-01
 0.811443883463573E-01
 0.805728076433346E-01
 0.799177361997287E-01
 0.793825602718588E-01
 0.787163844689386E-01
 0.781975686427788E-01
 0.775275477801158E-01
 0.770082566546175E-01
 0.763412992488913E-01
 0.758094047701034E-01
 0.751524190390859E-01
 0.742550761501949E-01
 0.731245055060394E-01
 0.717686323096786E-01
 0.701961449971269E-01
 0.684164625725409E-01
 0.664408584944787E-01
 0.644875011615625E-01
 0.627025784551147E-01
 0.610692950873602E-01
 0.595811893830434E-01
 0.581921769731037E-01
 0.569375090619529E-01
 0.557638415223905E-01
 0.546628713671278E-01
 0.536257880945818E-01
 0.526414408941081E-01
 0.516972440377301E-01
 0.507798957876779E-01
 0.499048554633280E-01
 0.490757281209577E-01
 0.482499214701229E-01
 0.478588155591433E-01
 0.473188448449388E-01
 0.468255881616938E-01
 0.462037646805203E-01
 0.457097805057849E-01
 0.451753625423659E-01
 0.446840666409096E-01
 0.441704948485070E-01
 0.437252585145519E-01
 0.432790745969368E-01
 0.427817076843998E-01
 0.424429085194439E-01
 0.420033411815575E-01
 0.416491731980775E-01
 0.412223174153967E-01
 0.408332325865395E-01
 0.404367760525815E-01
 0.400219558070719E-01
 0.396624141179374E-01
 0.392288187049962E-01
 0.389040366764848E-01
 0.384793134110989E-01
 0.381590812907601E-01
 0.377499546200794E-01
 0.374223031579171E-01
 0.370214489801768E-01
 0.366899829564090E-01
 0.362929165491589E-01
 0.363026463521853E-01
 0.365952964428686E-01
 0.368391702478569E-01
 0.370559134052424E-01
 0.371705392790721E-01
 0.371807368589321E-01
 0.371886323580411E-01
 0.371690616182964E-01
 0.371099702002398E-01
 0.369440942098583E-01
 0.366835769261274E-01
 0.365450491418458E-01
 0.363237110702256E-01
 0.359969831251535E-01
 0.356605122058584E-01
 0.353583949850206E-01
 0.349899706511982E-01
 0.346192817887308E-01
 0.342028254955945E-01
 0.337321587560270E-01
 0.333392354418417E-01
 0.329021381402031E-01
 0.324053890272967E-01
 0.319383615837383E-01
 0.314554380580077E-01
 0.309704827926888E-01
 0.305070101474059E-01
 0.299693604137545E-01
 0.294917382105381E-01
 0.290290099740726E-01
 0.285289301443429E-01
 0.280750560616602E-01
 0.275672806294048E-01
 0.271143674286853E-01
 0.266959480596557E-01
 0.262383545740921E-01
 0.258247627208250E-01
 0.253902725507042E-01
 0.249882249393035E-01
 0.246176883691871E-01
 0.242209454012147E-01
 0.238599208348101E-01
 0.234906104072633E-01
 0.231412309729823E-01
 0.228240296800780E-01
 0.224789066492364E-01
 0.221725263204523E-01
 0.218556751415629E-01
 0.215459311925321E-01
 0.212815955902648E-01
 0.209718289075961E-01
 0.207174696164257E-01
 0.204418026369603E-01
 0.201702370548227E-01
 0.199393961264421E-01
 0.196779249326962E-01
 0.194409531276685E-01
 0.191977048839549E-01
 0.189761922254039E-01
 0.187482255575071E-01
 0.185355483651261E-01
 0.183039373570535E-01
 0.180939919024013E-01
 0.179038289905038E-01
 0.176881839245875E-01
 0.174993638350845E-01
 0.172921187712350E-01
 0.171119144888183E-01
 0.168960392001244E-01
 0.166938273948669E-01
 0.164875575308061E-01
 0.162659304857915E-01
 0.160709057454659E-01
 0.158604153592040E-01
 0.156480180378526E-01
 0.154473469305592E-01
 0.152331711424944E-01
 0.150299326820087E-01
 0.148249679433326E-01
 0.146076721551902E-01
 0.144127612394075E-01
 0.142049396409292E-01
 0.139949866512554E-01
 0.137979544309143E-01
 0.135905811291788E-01
 0.133917833778113E-01
 0.131934368693210E-01
 0.131712112723221E-01
 0.131477591650004E-01
 0.131329606593821E-01
 0.130915266606229E-01
 0.130924933737518E-01
 0.130501112802398E-01
 0.130236138693800E-01
 0.129885345571852E-01
 0.129748451966666E-01
 0.129215428140249E-01
 0.129082899982714E-01
 0.128574676667018E-01
 0.128298319067051E-01
 0.127940311609265E-01
 0.127671748662470E-01
 0.127066221408427E-01
 0.126818153557087E-01
 0.126455771644112E-01
 0.126074422765372E-01
 0.125635916118422E-01
 0.125276102755795E-01
 0.124824723903505E-01
 0.124351097088752E-01
 0.124063245097394E-01
 0.123612145546619E-01
 0.123102213926400E-01
 0.122684532908048E-01
 0.122397829033266E-01
 0.121873407273243E-01
 0.121507487749848E-01
 0.121016204913235E-01
 0.120678160368699E-01
 0.120095834276737E-01
 0.119858533886745E-01
 0.119308699764732E-01
 0.118935898747143E-01
 0.118309315203849E-01
 0.117723113312994E-01
 0.117041483568801E-01
 0.116269279712225E-01
 0.115553687966238E-01
 0.114611968478306E-01
 0.113883597467485E-01
 0.112808605959151E-01
 0.112061806482688E-01
 0.110998378612029E-01
 0.110116512749330E-01
 0.109080328704612E-01
 0.108069140446196E-01
 0.107075001837526E-01
 0.105941015700626E-01
 0.105001068440990E-01
 0.103759506854474E-01
 0.102273220121302E-01
 0.100745993479937E-01
 0.992148302703593E-02
 0.976763572182206E-02
 0.961434899105975E-02
 0.946026333350234E-02
 0.930546109522746E-02
 0.915189617920119E-02
 0.900083844891919E-02
 0.885073033911241E-02
 0.870173271071466E-02
 0.855379039811505E-02
 0.840889041512212E-02
 0.826707432135945E-02
 0.812710300025705E-02
 0.798845887430881E-02
 0.785049771278302E-02
 0.771262287713306E-02
 0.758348710070491E-02
 0.745559142585163E-02
 0.732720313863526E-02
 0.719991033651729E-02
 0.708201196927061E-02
 0.696262989655232E-02
 0.684101599656599E-02
 0.673233711433479E-02
 0.662107764124851E-02
 0.650798805828380E-02
 0.640711037221957E-02
 0.629090177636499E-02
 0.615851249700620E-02
 0.601115394383912E-02
 0.585010932666367E-02
 0.567671996481328E-02
 0.549235337131953E-02
 0.529836069699597E-02
 0.509604335632029E-02
 0.488664655631624E-02
 0.467138067933132E-02
 0.445145264735411E-02
 0.422808323144313E-02
 0.400249711247314E-02
 0.377589133136477E-02
 0.354940041250704E-02
 0.332407498922141E-02
 0.310087866480582E-02
 0.288069570997214E-02
 0.266433878866510E-02
 0.245255174101309E-02
 0.224601045256573E-02
 0.204532695440574E-02
 0.185105632717031E-02
 0.166369892545729E-02
 0.148369044619841E-02
 0.131138176115808E-02
 0.126345819504777E-02
 0.126886123839175E-02
 0.127138050310830E-02
 0.127193882002238E-02
 0.127232221088222E-02
 0.127007859062629E-02
 0.126644599837046E-02
 0.126254493515853E-02
 0.125631195210409E-02
 0.124899269583647E-02
 0.124140745001240E-02
 0.123153884247879E-02
 0.121940940037876E-02
 0.120508122407784E-02
 0.118866277991254E-02
 0.117030028250346E-02
 0.115015776882974E-02
 0.112839303609469E-02
 0.110513842278545E-02
 0.108049451572126E-02
 0.105453996663425E-02
 0.102735302083457E-02
 0.999483000210159E-03
 0.972697013496205E-03
 0.947031147791207E-03
 0.922064977445525E-03
 0.897716465098729E-03
 0.873895157444715E-03
 0.850493938204213E-03
 0.827491599594935E-03
 0.804967400063312E-03
 0.782960068542850E-03
 0.761469281180143E-03
 0.740539919633134E-03
 0.720263420011583E-03
 0.700787273731888E-03
 0.682137565526748E-03
 0.664275912329362E-03
 0.647281987055920E-03
 0.631103923386274E-03
 0.615525345141858E-03
 0.600617309284677E-03
 0.586374881050512E-03
 0.572429243631153E-03
 0.558837747258964E-03
 0.545607227417804E-03
 0.532443225101048E-03
 0.518939304890521E-03
 0.505158854847688E-03
 0.491144791889358E-03
 0.476918636151750E-03
 0.462493864727893E-03
 0.447893228251076E-03
 0.433156770041357E-03
 0.418335284664107E-03
 0.403476007097685E-03
 0.388613046818763E-03
 0.373769783335685E-03
 0.358969279744976E-03
 0.344241950804597E-03
 0.329623142243634E-03
 0.325718302009076E-03
 0.325645554227695E-03
 0.325615923510893E-03
 0.325647343630834E-03
 0.325721362601013E-03
 0.325795524637629E-03
 0.325832993541787E-03
 0.325826485475702E-03
 0.325799175148096E-03
 0.325784411310558E-03
 0.325802099315362E-03
 0.325849683387397E-03
 0.325911425885465E-03
 0.325974459521203E-03
 0.326036599243542E-03
 0.326100741761469E-03
 0.326164044677973E-03
 0.326214847513389E-03
 0.326242399079940E-03
 0.326251124995878E-03
 0.326264743745581E-03
 0.326312775543459E-03
 0.326407618003438E-03
 0.326530784698311E-03
 0.326641781034338E-03
 0.326705240185743E-03
 0.326716103727388E-03
 0.326703007059862E-03
 0.326707187263549E-03
 0.326753797444269E-03
 0.326837701685194E-03
 0.326932600645957E-03
 0.327012937047515E-03
 0.327069471769878E-03
 0.327107984446091E-03
 0.327136850823971E-03
 0.327157934130880E-03
 0.327169378041979E-03
 0.327175492614732E-03
 0.327191260325973E-03
 0.327234069303384E-03
 0.327308032703874E-03
 0.327394797992087E-03
 0.327461096487594E-03
 0.327480021753610E-03
 0.327450988628470E-03
 0.327402704607783E-03
 0.327375533051565E-03
 0.327395305936271E-03
 0.327457474731497E-03
 0.327532638996318E-03
 0.327588033966397E-03
 0.327607916347944E-03
 0.327598442689812E-03
 0.327576707689405E-03
 0.327556323145708E-03
 0.327542250462607E-03
 0.327536411825304E-03
 0.327544472244792E-03
 0.327573970688246E-03
 0.327624346799303E-03
 0.327679518034867E-03
 0.327713082366569E-03
 0.327705096488072E-03
 0.327658044084260E-03
 0.327598614820129E-03
 0.327562405698843E-03
 0.327571814145560E-03
 0.327622539253288E-03
 0.327687562993436E-03
 0.327734832534064E-03
 0.327745826787110E-03
 0.327723019692828E-03
 0.327683471370993E-03
 0.327645819446173E-03
 0.327621135685715E-03
 0.327612639084264E-03
 0.327620548041787E-03
 0.327644450145295E-03
 0.327679891834594E-03
 0.327713856288921E-03
 0.327726947049626E-03
 0.327704433003835E-03
 0.327648780273394E-03
 0.327582432398500E-03
 0.327536147396860E-03
 0.327530006142243E-03
 0.327560770506131E-03
 0.327604635319161E-03
 0.327632669064621E-03
 0.327627409888300E-03
 0.327589897632025E-03
 0.327534883911833E-03
 0.327480274630446E-03
 0.327438836259888E-03
 0.327415922861636E-03
 0.327411344084306E-03
 0.327421241545162E-03
 0.327437950147332E-03
 0.327449552028798E-03
 0.327442430857896E-03
 0.327407850006179E-03
 0.327349105062884E-03
 0.327283213202250E-03
 0.327233592713806E-03
 0.327216813872702E-03
 0.327232079697205E-03
 0.327261300413264E-03
 0.327280186786031E-03
 0.327272541613761E-03
 0.327237909305214E-03
 0.327188588993016E-03
 0.327140311240668E-03
 0.327104364520750E-03
 0.327085442435635E-03
 0.327083443329228E-03
 0.327094976987832E-03
 0.327112976251218E-03
 0.327126705238492E-03
 0.327124994971924E-03
 0.327102211962186E-03
 0.327062914966504E-03
 0.327021076779892E-03
 0.326993349946833E-03
 0.326990121414617E-03
 0.327009781837229E-03
 0.327039707616511E-03
 0.327063344476890E-03
 0.327069090478505E-03
