 0.156845064419754E-07
 0.255648781413263E-06
 0.130699790179900E-05
 0.414529332734989E-05
 0.101263213989416E-04
 0.209340657424853E-04
 0.385256126826655E-04
 0.650980405359341E-04
 0.103048537997410E-03
 0.154941681608292E-03
 0.223475510801276E-03
 0.311441475290504E-03
 0.421676542660695E-03
 0.557009991258840E-03
 0.720210557113805E-03
 0.913940130351002E-03
 0.114071782052548E-02
 0.140289398561517E-02
 0.170262962973531E-02
 0.204187434066383E-02
 0.242233677213270E-02
 0.284544540301191E-02
 0.331230248098560E-02
 0.383236973332493E-02
 0.441352874168180E-02
 0.504544993969160E-02
 0.572811143001659E-02
 0.646102976995441E-02
 0.724325116008766E-02
 0.807334457949598E-02
 0.894939746538216E-02
 0.986901499683058E-02
 0.108649370353956E-01
 0.119285711808501E-01
 0.130422910487094E-01
 0.141952919712032E-01
 0.153828746173016E-01
 0.165998035522569E-01
 0.178403209532071E-01
 0.191201992600730E-01
 0.204600075650088E-01
 0.218109584563692E-01
 0.231654074541770E-01
 0.245152864742996E-01
 0.258521581433842E-01
 0.271672738355951E-01
 0.284516329541176E-01
 0.297650098022058E-01
 0.310589616846889E-01
 0.323011678353983E-01
 0.334817873938110E-01
 0.345909707523802E-01
 0.356189210570718E-01
 0.365559573590065E-01
 0.374653692511377E-01
 0.383859063540077E-01
 0.392575882408807E-01
 0.400151231583112E-01
 0.406493372143878E-01
 0.412527403060099E-01
 0.418462145490321E-01
 0.423991382378053E-01
 0.428124875229052E-01
 0.432624483194710E-01
 0.437023431278188E-01
 0.440372211775579E-01
 0.443895892480122E-01
 0.447346764268746E-01
 0.450065212266430E-01
 0.453025607801925E-01
 0.455972447269697E-01
 0.458186058213636E-01
 0.460767424393826E-01
 0.463502057695875E-01
 0.465331495013470E-01
 0.467563947924639E-01
 0.470320574380608E-01
 0.471875128886866E-01
 0.473657826895482E-01
 0.476647914854964E-01
 0.478089444823652E-01
 0.480396708069253E-01
 0.482576204556823E-01
 0.484917330320331E-01
 0.487204569373851E-01
 0.489706694770357E-01
 0.491554850863690E-01
 0.494548543211825E-01
 0.497742701472714E-01
 0.501224370968199E-01
 0.504288357031403E-01
 0.508553869128847E-01
 0.512248307198539E-01
 0.516154256774634E-01
 0.520065599171855E-01
 0.524594780235829E-01
 0.528381355453400E-01
 0.530513486814405E-01
 0.532556576049760E-01
 0.535002004053041E-01
 0.536889194789100E-01
 0.537467720759911E-01
 0.538251116069474E-01
 0.537266828487203E-01
 0.536555835960916E-01
 0.534624828856128E-01
 0.532553588627700E-01
 0.543129248929895E-01
 0.554685106829084E-01
 0.566782819372727E-01
 0.576762352088158E-01
 0.585320291332872E-01
 0.596483411319663E-01
 0.606261857719834E-01
 0.613885639601367E-01
 0.622632423261460E-01
 0.632068212159007E-01
 0.639528334416968E-01
 0.647421206545578E-01
 0.654551411184212E-01
 0.662036062156738E-01
 0.668528683425545E-01
 0.674802285188375E-01
 0.681452729925746E-01
 0.686671655393135E-01
 0.691970350614697E-01
 0.697403745239422E-01
 0.702801673843526E-01
 0.706573738890351E-01
 0.711303061609048E-01
 0.714875585648213E-01
 0.718672595322927E-01
 0.723655876631252E-01
 0.727446921378656E-01
 0.732144776245558E-01
 0.736622164617641E-01
 0.741135446247569E-01
 0.746737345769340E-01
 0.751180851902617E-01
 0.758051359568984E-01
 0.763519398087741E-01
 0.770381933027429E-01
 0.776567935038804E-01
 0.783263604029139E-01
 0.789633187165841E-01
 0.796031158524301E-01
 0.801780491145230E-01
 0.806168238679051E-01
 0.807931875240602E-01
 0.811065486656100E-01
 0.812997096820324E-01
 0.814976635253533E-01
 0.814340612836401E-01
 0.813003947405998E-01
 0.810870342939871E-01
 0.806610788868061E-01
 0.803308483882834E-01
 0.797522184519019E-01
 0.793147144828260E-01
 0.786682893911422E-01
 0.781823554882869E-01
 0.775070708815570E-01
 0.770230613505464E-01
 0.763445474431944E-01
 0.758600347615459E-01
 0.752069327360636E-01
 0.743300927079021E-01
 0.732361845664840E-01
 0.719335700396455E-01
 0.704321516575154E-01
 0.687429905459635E-01
 0.669340583592656E-01
 0.653412829689749E-01
 0.639178589923841E-01
 0.626995426643106E-01
 0.616492574346889E-01
 0.607132300324123E-01
 0.598857240164778E-01
 0.591406925271266E-01
 0.584635841116260E-01
 0.578420198012763E-01
 0.572777425078809E-01
 0.567317618273975E-01
 0.561900254429328E-01
 0.556330655507878E-01
 0.551043546605166E-01
 0.545603421627905E-01
 0.539617577398352E-01
 0.534114848848479E-01
 0.527209937709164E-01
 0.518960985624183E-01
 0.509429104459724E-01
 0.498677404284511E-01
 0.486771082870352E-01
 0.473778270271152E-01
 0.459771065086953E-01
 0.444826220826749E-01
 0.429025178513615E-01
 0.412453415310163E-01
 0.396083455753879E-01
 0.386308383258769E-01
 0.376046683289311E-01
 0.365499974506032E-01
 0.354730831613965E-01
 0.343935221325405E-01
 0.333309233512398E-01
 0.322931172917540E-01
 0.313052226449019E-01
 0.303585991984830E-01
 0.294714155881669E-01
 0.286401729357375E-01
 0.278569091396231E-01
 0.271199201780830E-01
 0.264258637051080E-01
 0.257702954514794E-01
 0.251478645542010E-01
 0.245525821304134E-01
 0.240001273004749E-01
 0.234755040906728E-01
 0.229667910065990E-01
 0.224685962869297E-01
 0.220161386748369E-01
 0.215738342001913E-01
 0.211247255951677E-01
 0.206298050366469E-01
 0.200905113368108E-01
 0.195084319406930E-01
 0.191711531691023E-01
 0.206812801412559E-01
 0.222874910869371E-01
 0.239896595222648E-01
 0.257867114284156E-01
 0.276766308650804E-01
 0.296565561406532E-01
 0.317229288576834E-01
 0.338863821347011E-01
 0.361930516533043E-01
 0.385845240580100E-01
 0.410555196399534E-01
 0.436001113165481E-01
 0.462115692026029E-01
 0.488822658375396E-01
 0.516036852937599E-01
 0.543665421131911E-01
 0.572192455401507E-01
 0.601855454216686E-01
 0.631754456300533E-01
 0.661778983273158E-01
 0.691816093242993E-01
 0.721750475845742E-01
 0.751464268194292E-01
 0.781529467731657E-01
 0.812438922452425E-01
 0.842865149217670E-01
 0.872673237645929E-01
 0.903142035990065E-01
 0.937419231185255E-01
 0.971396766526621E-01
 0.100585250495645E+00
 0.103900171315993E+00
 0.107068866655988E+00
 0.110076210784986E+00
 0.112907606107539E+00
 0.115840689399956E+00
 0.118588751752096E+00
 0.121129699237417E+00
 0.123450154802625E+00
 0.125649774099251E+00
 0.127834503150336E+00
 0.129771339479410E+00
 0.131448996651852E+00
 0.132965078650722E+00
 0.134470829486746E+00
 0.135695127266351E+00
 0.136629022410862E+00
 0.137562959774123E+00
 0.138304560780032E+00
 0.138739077138227E+00
 0.139107932064096E+00
 0.139351664555188E+00
 0.139276803759678E+00
 0.139206429479834E+00
 0.138951412368293E+00
 0.138407582002195E+00
 0.137990755720740E+00
 0.137247569552963E+00
 0.136495308613094E+00
 0.135610498131621E+00
 0.134559000434458E+00
 0.133554518812540E+00
 0.132267488386609E+00
 0.131165060554346E+00
 0.129741580966798E+00
 0.128517597719075E+00
 0.127021390415091E+00
 0.125676749818919E+00
 0.124128889939063E+00
 0.122697462098444E+00
 0.121432315525205E+00
 0.120132163566104E+00
 0.118529965788535E+00
 0.117202528004308E+00
 0.115598143122209E+00
 0.114144426166766E+00
 0.112585418403379E+00
 0.111282940715849E+00
 0.109781748686440E+00
 0.108550902929802E+00
 0.107162461040747E+00
 0.105932707370572E+00
 0.104674777354069E+00
 0.103482815790293E+00
 0.102266006331248E+00
 0.101077513629832E+00
 0.998297384880207E-01
 0.986561640966420E-01
 0.973814119373971E-01
 0.962331158814902E-01
 0.948297317341859E-01
 0.931727146247770E-01
 0.912647441620302E-01
 0.891096699607576E-01
 0.868597610824700E-01
 0.846966631820439E-01
 0.826033822149542E-01
 0.805662276742779E-01
 0.786214252535780E-01
 0.767195520655842E-01
 0.748690877812590E-01
 0.730898755750425E-01
 0.713685596472576E-01
 0.696950648813262E-01
 0.680669581229124E-01
 0.664861678037727E-01
 0.649731818927698E-01
 0.635037531652714E-01
 0.620715381700949E-01
 0.606688289219218E-01
 0.607642207630153E-01
 0.612079850208492E-01
 0.615409142593301E-01
 0.618947275398343E-01
 0.620932691814265E-01
 0.623743390637767E-01
 0.624439400103175E-01
 0.626691257969400E-01
 0.628742750324659E-01
 0.630600127787421E-01
 0.629889643357716E-01
 0.631492140604619E-01
 0.629857673446668E-01
 0.629933650957757E-01
 0.628424183133306E-01
 0.628767807531815E-01
 0.627198384768964E-01
 0.626541532646262E-01
 0.625203656012596E-01
 0.624784209193508E-01
 0.623315813920002E-01
 0.626654969544589E-01
 0.649985129027850E-01
 0.674317128314939E-01
 0.696581616700075E-01
 0.716684029648372E-01
 0.736006297626726E-01
 0.755672040291301E-01
 0.774440319701962E-01
 0.793418101624087E-01
 0.810694933118590E-01
 0.825284717049446E-01
 0.839109740657242E-01
 0.851962920907399E-01
 0.861940199871484E-01
 0.871241420206437E-01
 0.879367604429753E-01
 0.884484854570941E-01
 0.890115932620826E-01
 0.893382144729746E-01
 0.894951133134702E-01
 0.896495444985540E-01
 0.894912403963347E-01
 0.894644679002904E-01
 0.891471708362688E-01
 0.888616414469303E-01
 0.884048522438828E-01
 0.879144723833954E-01
 0.873383334119524E-01
 0.866905055804913E-01
 0.860148172695686E-01
 0.852482117833836E-01
 0.844925035351878E-01
 0.836376426848646E-01
 0.828207312259047E-01
 0.819015659719159E-01
 0.810414149638757E-01
 0.800756827265015E-01
 0.791887914702459E-01
 0.785385072763772E-01
 0.776358513995327E-01
 0.768007269624751E-01
 0.758860376823020E-01
 0.747897869082869E-01
 0.739037006115221E-01
 0.728265507648521E-01
 0.719679840557935E-01
 0.710341258648766E-01
 0.702035524152898E-01
 0.692601211305680E-01
 0.684672458448556E-01
 0.676548656493060E-01
 0.668785322580291E-01
 0.660641375541892E-01
 0.653234677580288E-01
 0.645989237206323E-01
 0.638753382553299E-01
 0.631254725063299E-01
 0.624289236411770E-01
 0.614785913270765E-01
 0.602794495316093E-01
 0.588383043946921E-01
 0.573230700652057E-01
 0.558701983779719E-01
 0.544650361622238E-01
 0.531064510645006E-01
 0.518046360952349E-01
 0.505492725488710E-01
 0.493291399825187E-01
 0.481485104211659E-01
 0.470088947298445E-01
 0.461683334830167E-01
 0.466673525017385E-01
 0.468546441956286E-01
 0.472605913646509E-01
 0.473486641277728E-01
 0.476778199305633E-01
 0.477175978826076E-01
 0.479690590633039E-01
 0.479668708796588E-01
 0.481397027727246E-01
 0.480820526735309E-01
 0.482687214830647E-01
 0.481520557366909E-01
 0.483094489953318E-01
 0.486602389662458E-01
 0.522384542934420E-01
 0.558683353103269E-01
 0.593969217630741E-01
 0.628084135131753E-01
 0.662266331129672E-01
 0.697023501749538E-01
 0.730210979924892E-01
 0.761678623279789E-01
 0.792176307651433E-01
 0.823354634858351E-01
 0.852436352823866E-01
 0.879284371627662E-01
 0.904867422198884E-01
 0.930644839881219E-01
 0.953851201022299E-01
 0.977306126950274E-01
 0.100132595670488E+00
 0.102248668293066E+00
 0.104083342508316E+00
 0.106022452077870E+00
 0.107647846773846E+00
 0.108950661009718E+00
 0.110321452786134E+00
 0.111413293605557E+00
 0.112162384336046E+00
 0.113048024770067E+00
 0.113581874612619E+00
 0.113943162750611E+00
 0.114274702915301E+00
 0.114242313916234E+00
 0.114336233471404E+00
 0.114113619839694E+00
 0.113860099604717E+00
 0.113468023582109E+00
 0.112935299201949E+00
 0.112396031965049E+00
 0.111641849763873E+00
 0.110978185050470E+00
 0.110051204279427E+00
 0.109285677666395E+00
 0.108225697471915E+00
 0.107380005768414E+00
 0.106218976799997E+00
 0.105313804543925E+00
 0.104138468458107E+00
 0.103235704277259E+00
 0.102287457315021E+00
 0.101316422979998E+00
 0.100296181929572E+00
 0.993011291118774E-01
 0.979592857384266E-01
 0.968129299916120E-01
 0.955054062578816E-01
 0.944402859729287E-01
 0.931636492167890E-01
 0.922068383706127E-01
 0.909643104487434E-01
 0.900521562187963E-01
 0.889028170871806E-01
 0.880410742425185E-01
 0.869107257777939E-01
 0.860737869746694E-01
 0.850652498348667E-01
 0.842557822167939E-01
 0.832359124690518E-01
 0.824516427370822E-01
 0.813665671594838E-01
 0.800287448667428E-01
 0.831149550013366E-01
 0.859864598951205E-01
 0.885554946097104E-01
 0.911651055127000E-01
 0.935455201263794E-01
 0.956028232110195E-01
 0.977497818796944E-01
 0.995987002537842E-01
 0.101198677304360E+00
 0.102840556996358E+00
 0.104136190414752E+00
 0.105378782064754E+00
 0.106468058233383E+00
 0.107271961739572E+00
 0.108167322000540E+00
 0.108707071852358E+00
 0.109300899189280E+00
 0.109660963967389E+00
 0.109934547286283E+00
 0.110133584898613E+00
 0.110130711481235E+00
 0.110188585424401E+00
 0.109947182928181E+00
 0.109883976834791E+00
 0.109471010853828E+00
 0.109272166465777E+00
 0.108761372414819E+00
 0.108401106402958E+00
 0.107811842435517E+00
 0.107311669157905E+00
 0.106870212313439E+00
 0.106509356248341E+00
 0.105814666547561E+00
 0.105389590927049E+00
 0.104652657669155E+00
 0.103713569597707E+00
 0.102981669559261E+00
 0.102051226105185E+00
 0.101323038922074E+00
 0.100482036001075E+00
 0.997617340239556E-01
 0.989053324753574E-01
 0.981917523783484E-01
 0.974359894624378E-01
 0.967322167141467E-01
 0.959392594211841E-01
 0.952449087619020E-01
 0.945606295755281E-01
 0.938772707681115E-01
 0.931400758700581E-01
 0.924685306469986E-01
 0.915133370734360E-01
 0.902801128619705E-01
 0.887754679143264E-01
 0.870070120640590E-01
 0.850602226933121E-01
 0.831679153062478E-01
 0.813345367032390E-01
 0.795599777271444E-01
 0.778355345752693E-01
 0.761612992162526E-01
 0.745546242111698E-01
 0.729883565308570E-01
 0.714647255475138E-01
 0.699834907905056E-01
 0.685425014459593E-01
 0.686329458182731E-01
 0.695293534496236E-01
 0.702754864042405E-01
 0.709561833558129E-01
 0.716104855664998E-01
 0.721265775393569E-01
 0.725537421214573E-01
 0.729868087042347E-01
 0.732955704264250E-01
 0.735008941684517E-01
 0.737365203919731E-01
 0.738632057661443E-01
 0.738932902652234E-01
 0.739407323697754E-01
 0.739115018306844E-01
 0.738023123182218E-01
 0.736782292107173E-01
 0.735188210575922E-01
 0.732961522407945E-01
 0.730238084774546E-01
 0.727579928403686E-01
 0.724468495540965E-01
 0.721026958935490E-01
 0.717392582809676E-01
 0.720608739744941E-01
 0.728659903760090E-01
 0.739176567826033E-01
 0.752220074245852E-01
 0.767219119352248E-01
 0.784798221326111E-01
 0.804501895078964E-01
 0.826210535729335E-01
 0.849133407430134E-01
 0.873124681796833E-01
 0.898116945164906E-01
 0.924035501013365E-01
 0.950798589643508E-01
 0.978317205824486E-01
 0.100649471044718E+00
 0.103522652313226E+00
 0.106440014973379E+00
 0.109389567155793E+00
 0.112358666412348E+00
 0.115334138050402E+00
 0.118353671837403E+00
 0.121416143191530E+00
 0.124458963966091E+00
 0.127467628066838E+00
 0.130427339584004E+00
 0.133322999549745E+00
 0.136376310387903E+00
 0.139388986586906E+00
 0.142315035534875E+00
 0.145138039001164E+00
 0.147841589405676E+00
 0.150409342561259E+00
 0.152825068532488E+00
 0.155198053671646E+00
 0.157526497098985E+00
 0.159669969968188E+00
 0.161612537184906E+00
 0.163338677136502E+00
 0.164833392260069E+00
 0.166379616655788E+00
 0.167709505717645E+00
 0.168779071265839E+00
 0.169574854357018E+00
 0.170278508334961E+00
 0.170882352078380E+00
 0.171188214873508E+00
 0.171184681546200E+00
 0.171238219968367E+00
 0.171031668616053E+00
 0.170497099582435E+00
 0.169980092512361E+00
 0.169252770263401E+00
 0.168183306607513E+00
 0.167270548970970E+00
 0.166026133641625E+00
 0.164683522208890E+00
 0.163288429213436E+00
 0.161613389066995E+00
 0.160092434175015E+00
 0.158218865885653E+00
 0.156546512730874E+00
 0.154573569894842E+00
 0.152745668820854E+00
 0.150697880468692E+00
 0.148771072810470E+00
 0.146671917804822E+00
 0.144878683928533E+00
 0.142992642190959E+00
 0.141179539666668E+00
 0.139319798450476E+00
 0.137489267841795E+00
 0.135329105907000E+00
 0.133132248634539E+00
 0.131014103129355E+00
 0.129046446160129E+00
 0.126967667559035E+00
 0.125152768886062E+00
 0.123184772636464E+00
 0.121488486270429E+00
 0.119659202734192E+00
 0.117998219674324E+00
 0.116324649349808E+00
 0.114695315889837E+00
 0.113150954709994E+00
 0.111556774922554E+00
 0.110128797135788E+00
 0.108565662220745E+00
 0.106724512526582E+00
 0.104602755633224E+00
 0.104303477759041E+00
 0.109173702997522E+00
 0.113781093235292E+00
 0.118453101140799E+00
 0.123219368660769E+00
 0.127630138502546E+00
 0.131695600976183E+00
 0.135904722996930E+00
 0.139727328023648E+00
 0.143154036576885E+00
 0.146650325801390E+00
 0.149821387277131E+00
 0.152574031605264E+00
 0.155375607513980E+00
 0.157855319152921E+00
 0.159900463654605E+00
 0.162083317051414E+00
 0.163852899135280E+00
 0.165333529496576E+00
 0.166841010471279E+00
 0.167899464476329E+00
 0.168953556175598E+00
 0.169765358783982E+00
 0.170281545013698E+00
 0.170869321845409E+00
 0.171007519174645E+00
 0.171302878728318E+00
 0.171243007167406E+00
 0.171153014764992E+00
 0.170920759050715E+00
 0.170498463679412E+00
 0.170120129704679E+00
 0.169412135287912E+00
 0.168912934314184E+00
 0.167983739628539E+00
 0.167400511068479E+00
 0.166933691770219E+00
 0.166260819522974E+00
 0.165425726847033E+00
 0.164681715327036E+00
 0.163524178698829E+00
 0.162201820556996E+00
 0.161036587278730E+00
 0.159763201569416E+00
 0.158591840422518E+00
 0.157418583581877E+00
 0.156245210726990E+00
 0.155102251334212E+00
 0.153927996916897E+00
 0.152886794014217E+00
 0.151714937775152E+00
 0.150687082668216E+00
 0.149518833852582E+00
 0.148591505413967E+00
 0.147428957427651E+00
 0.146503564386158E+00
 0.145348630308449E+00
 0.143839250639450E+00
 0.141982334797367E+00
 0.139785987537700E+00
 0.137259470559826E+00
 0.134413161399738E+00
 0.131412198850676E+00
 0.128498106424566E+00
 0.125675207463144E+00
 0.122950262744890E+00
 0.120297010808094E+00
 0.117739766129826E+00
 0.115244569611590E+00
 0.112818006260290E+00
 0.110463149547600E+00
 0.108180298377981E+00
 0.105967029808994E+00
 0.103818997051375E+00
 0.101730051050041E+00
 0.996928634049732E-01
 0.976990197303583E-01
 0.957394025027592E-01
 0.938597274161859E-01
 0.920538457529430E-01
 0.902689268200359E-01
 0.884948461642598E-01
 0.868104554914561E-01
 0.851833460589006E-01
 0.835514843016152E-01
 0.819671057616595E-01
 0.804754296044304E-01
 0.789632374470386E-01
 0.775049105676094E-01
 0.761236929365941E-01
 0.746483863507484E-01
 0.730021328646832E-01
 0.711910909225504E-01
 0.692219760691715E-01
 0.671020418264089E-01
 0.648390538201481E-01
 0.624412543939837E-01
 0.605730137289295E-01
 0.602545363775415E-01
 0.601102663218300E-01
 0.597894642806089E-01
 0.595934281184240E-01
 0.592895386716371E-01
 0.591288619314318E-01
 0.588249335872372E-01
 0.586287603650083E-01
 0.583412937920638E-01
 0.581661461875509E-01
 0.578808969854796E-01
 0.576468744484539E-01
 0.573734452905052E-01
 0.568738813239830E-01
 0.561584037301374E-01
 0.552381358345756E-01
 0.541863816799917E-01
 0.531622778963706E-01
 0.521653991984195E-01
 0.511918682294219E-01
 0.502504977254113E-01
 0.493210519323465E-01
 0.513165961443295E-01
 0.550236734073926E-01
 0.587844941675998E-01
 0.625850777954707E-01
 0.664110852421302E-01
 0.702478714921770E-01
 0.742126354734036E-01
 0.782640690306284E-01
 0.822945939206325E-01
 0.862883552311687E-01
 0.902295677827939E-01
 0.941025619395854E-01
 0.979999014343168E-01
 0.101965136881463E+00
 0.105827033784239E+00
 0.109569815717956E+00
 0.113178130013445E+00
 0.116637135440186E+00
 0.120139441036322E+00
 0.123570288271136E+00
 0.126818570196704E+00
 0.129998169486622E+00
 0.133356742584189E+00
 0.136504863310123E+00
 0.139428926021808E+00
 0.142116160076574E+00
 0.144756450660329E+00
 0.147302350461541E+00
 0.149583310101493E+00
 0.151588851330535E+00
 0.153408839879142E+00
 0.155232052484664E+00
 0.156757895418142E+00
 0.157978699028831E+00
 0.159082497504129E+00
 0.160099183322301E+00
 0.160795616130361E+00
 0.161211262010264E+00
 0.161704916740875E+00
 0.161867911722167E+00
 0.161736232197557E+00
 0.161706806701410E+00
 0.161341063076789E+00
 0.160806177210031E+00
 0.160265089711408E+00
 0.159386451815889E+00
 0.158588153927767E+00
 0.157555943987984E+00
 0.156418127340913E+00
 0.155255198916210E+00
 0.153851132110988E+00
 0.152580394513953E+00
 0.150979959287240E+00
 0.149616230731100E+00
 0.147933697007359E+00
 0.146435666281379E+00
 0.144703808320365E+00
 0.143271263854407E+00
 0.141783262800567E+00
 0.140280792905683E+00
 0.138744300257326E+00
 0.137211206009506E+00
 0.135370001762963E+00
 0.133468008654032E+00
 0.131653893098751E+00
 0.129919672636305E+00
 0.128129479318452E+00
 0.126555495046860E+00
 0.124793769528408E+00
 0.123341223986433E+00
 0.121735981344178E+00
 0.120308742946179E+00
 0.118789870350395E+00
 0.117383575399086E+00
 0.116022591188146E+00
 0.114640700547723E+00
 0.113327510688772E+00
 0.111967986369981E+00
 0.110342259514363E+00
 0.108454346025827E+00
 0.106309287675446E+00
 0.103913117181332E+00
 0.101272836707002E+00
 0.985452707266552E-01
 0.959316380445889E-01
 0.934175439136001E-01
 0.909928728595092E-01
 0.886736648131454E-01
 0.864181020095917E-01
 0.842673528537475E-01
 0.821943408633520E-01
 0.801895119075561E-01
 0.782514741216171E-01
 0.763767144266568E-01
 0.745605373878888E-01
 0.727968121403641E-01
 0.710785747601767E-01
 0.694509044363729E-01
 0.678715135505074E-01
 0.663268781645293E-01
 0.648085311927893E-01
 0.633324004560329E-01
 0.619469681292718E-01
 0.605740547923847E-01
 0.592056538123153E-01
 0.579304498922215E-01
 0.566826677899676E-01
 0.565256250975488E-01
 0.569013271339686E-01
 0.574253490091845E-01
 0.576923825427198E-01
 0.580773675539772E-01
 0.582991944089137E-01
 0.583240104006440E-01
 0.585329472712586E-01
 0.584978552786821E-01
 0.586787855336478E-01
 0.586336225343925E-01
 0.588004941501030E-01
 0.587492915339036E-01
 0.588326824122854E-01
 0.587745630454359E-01
 0.588659155455600E-01
 0.588041062365159E-01
 0.588069284678828E-01
 0.587431592648037E-01
 0.587686033954505E-01
 0.587008052705660E-01
 0.586377096280349E-01
 0.585688257207201E-01
 0.582852079955625E-01
 0.577939246358214E-01
 0.571028447278580E-01
 0.562246256070047E-01
 0.552996971654105E-01
 0.543966134573115E-01
 0.535094518784765E-01
 0.526434291391510E-01
 0.517884479309001E-01
 0.509653455199270E-01
 0.501535796757316E-01
 0.493557271058801E-01
 0.485727237797039E-01
 0.478038038097411E-01
 0.470472150897182E-01
 0.462997295109376E-01
 0.455576573206917E-01
 0.448424911820736E-01
 0.441504793340921E-01
 0.434596807229536E-01
 0.427648862155450E-01
 0.420799835674704E-01
 0.414397590062000E-01
 0.407883558709220E-01
 0.401202847845653E-01
 0.395162514531428E-01
 0.389016189467491E-01
 0.382630089520740E-01
 0.376963047550193E-01
 0.383128518590764E-01
 0.393655832038667E-01
 0.404485242900888E-01
 0.413814332920687E-01
 0.422052135488273E-01
 0.430133357319992E-01
 0.436105897162512E-01
 0.442830209172233E-01
 0.447455422002903E-01
 0.452194886257494E-01
 0.455533482761497E-01
 0.458570560298119E-01
 0.460709770435878E-01
 0.462311839512461E-01
 0.463365801630852E-01
 0.463766608983265E-01
 0.463863955503922E-01
 0.463277681120181E-01
 0.462551878166663E-01
 0.461161896785132E-01
 0.459752636124606E-01
 0.457933941114448E-01
 0.456526574265435E-01
 0.454182211256724E-01
 0.452240726270666E-01
 0.449264777977127E-01
 0.446920205521153E-01
 0.443391230672288E-01
 0.440771479154179E-01
 0.438269640815927E-01
 0.469269192321570E-01
 0.510366783679345E-01
 0.551315425934466E-01
 0.594998282956873E-01
 0.638126054054362E-01
 0.680532490785036E-01
 0.722053376453913E-01
 0.764735626507535E-01
 0.807559553072934E-01
 0.849096226259116E-01
 0.889177958046436E-01
 0.928037311371856E-01
 0.968397539557795E-01
 0.100689014583289E+00
 0.104335039590813E+00
 0.107762051912232E+00
 0.111239211070398E+00
 0.114579611201763E+00
 0.117663603724052E+00
 0.121063607949600E+00
 0.124257886649207E+00
 0.127163412225720E+00
 0.129766377729815E+00
 0.132497774444468E+00
 0.134910565855176E+00
 0.136989376708549E+00
 0.138948248486216E+00
 0.140809574983489E+00
 0.142310779292395E+00
 0.143592078232827E+00
 0.144863202930604E+00
 0.145753668222472E+00
 0.146478273956574E+00
 0.147138713110584E+00
 0.147403530606505E+00
 0.147705908284736E+00
 0.147751176883198E+00
 0.147564186022384E+00
 0.147411086089944E+00
 0.146850420947028E+00
 0.146489278078364E+00
 0.145752874945177E+00
 0.145083620162705E+00
 0.144197411336749E+00
 0.143282899945008E+00
 0.142272429018674E+00
 0.141166338940224E+00
 0.140056559085834E+00
 0.138801828155010E+00
 0.137616592426556E+00
 0.136346135200294E+00
 0.135158286364790E+00
 0.134142060248169E+00
 0.132866296185580E+00
 0.131769593005636E+00
 0.130460542645149E+00
 0.128770011598463E+00
 0.127402238286539E+00
 0.125761590256702E+00
 0.124496496648127E+00
 0.122968162435266E+00
 0.121727540511502E+00
 0.120298122426762E+00
 0.119079814322828E+00
 0.117758521268830E+00
 0.116565545103996E+00
 0.115311244162581E+00
 0.114141656926312E+00
 0.112994585182962E+00
 0.111850662535002E+00
 0.110742435005732E+00
 0.109622833057740E+00
 0.108174252419347E+00
 0.106398578822180E+00
 0.104298974712294E+00
 0.101879859673062E+00
 0.993329180249089E-01
 0.968792928564123E-01
 0.972499592681185E-01
 0.999004276296364E-01
 0.102199993866214E+00
 0.104614924667150E+00
 0.106628354526897E+00
 0.108512673640743E+00
 0.110278205357729E+00
 0.111642119608678E+00
 0.113168330097623E+00
 0.114270065756464E+00
 0.115362908783419E+00
 0.116234233434947E+00
 0.116930111806104E+00
 0.117590497384366E+00
 0.117939136087486E+00
 0.118410096982372E+00
 0.118456425888747E+00
 0.118761031465577E+00
 0.118634273582703E+00
 0.118706428016093E+00
 0.118439283225518E+00
 0.118303881451424E+00
 0.117920422979005E+00
 0.117604071771837E+00
 0.117127886425430E+00
 0.116651636048282E+00
 0.116185417655529E+00
 0.115997838840120E+00
 0.115399464028284E+00
 0.114984358906625E+00
 0.114337247240016E+00
 0.113351216198291E+00
 0.112710752113214E+00
 0.111718860823368E+00
 0.111083774678662E+00
 0.110174199732183E+00
 0.109548720214202E+00
 0.108613306780842E+00
 0.107996366138041E+00
 0.107153286634753E+00
 0.106547943745512E+00
 0.105660848460721E+00
 0.105066888103724E+00
 0.104278810556495E+00
 0.103697680407593E+00
 0.102853090400854E+00
 0.102285947172343E+00
 0.101368245697225E+00
 0.100104538775586E+00
 0.985006134534883E-01
 0.965634498147612E-01
 0.954546393885225E-01
 0.983272917529821E-01
 0.100962196630481E+00
 0.103321972176488E+00
 0.105683460894802E+00
 0.107878719847420E+00
 0.109788691045657E+00
 0.111556331541046E+00
 0.113288965052117E+00
 0.114731431667318E+00
 0.115962795800213E+00
 0.117225840213769E+00
 0.118198847828664E+00
 0.118969045979589E+00
 0.119768723426624E+00
 0.120282996408817E+00
 0.120675380667486E+00
 0.121028471614838E+00
 0.121104693574987E+00
 0.121205110085334E+00
 0.121136744085891E+00
 0.120889942230075E+00
 0.120693266776672E+00
 0.120234429144015E+00
 0.119846314207430E+00
 0.119279013219685E+00
 0.118661562103707E+00
 0.118002077361995E+00
 0.117197084928756E+00
 0.116461406397440E+00
 0.115504830150820E+00
 0.114708051308909E+00
 0.113675924557995E+00
 0.112786628018785E+00
 0.112107462727081E+00
 0.111226815211040E+00
 0.110262278440012E+00
 0.109347838326642E+00
 0.108208209516222E+00
 0.107043571917726E+00
 0.105910299938231E+00
 0.104773153527604E+00
 0.103645906533955E+00
 0.102685732848134E+00
 0.101566587450244E+00
 0.100605879260859E+00
 0.995971245539705E-01
 0.987064670603628E-01
 0.976780194350914E-01
 0.967962560263989E-01
 0.959322282828010E-01
 0.950577012102591E-01
 0.941640361181084E-01
 0.933009223478798E-01
 0.922351375406888E-01
 0.909776550102632E-01
 0.895401312905477E-01
 0.879348390789952E-01
 0.861745911911777E-01
 0.842726614223171E-01
 0.822484382147955E-01
 0.802453347837948E-01
 0.783221844991656E-01
 0.764660270071222E-01
 0.746692914429214E-01
 0.733957558835468E-01
 0.748543169829190E-01
 0.762795764949379E-01
 0.777365264697528E-01
 0.791751430082754E-01
 0.805538291914384E-01
 0.819151449463988E-01
 0.832740398454424E-01
 0.846309402447002E-01
 0.858944594525090E-01
 0.870507660655281E-01
 0.880863561129187E-01
 0.889881195225935E-01
 0.898386463883871E-01
 0.906503467653395E-01
 0.913021821926353E-01
 0.917821852766711E-01
 0.920981945148399E-01
 0.924596178436034E-01
 0.926266706594111E-01
 0.925891125370228E-01
 0.924982369528512E-01
 0.923263467430720E-01
 0.919318316213529E-01
 0.914889129646230E-01
 0.909629844972997E-01
 0.902000969240430E-01
 0.895270749404049E-01
 0.886419113659266E-01
 0.877157526649767E-01
 0.867250842767093E-01
 0.856130718562493E-01
 0.845345204794613E-01
 0.832934505365657E-01
 0.821446115496935E-01
 0.808218975540152E-01
 0.796198648466458E-01
 0.782533709826961E-01
 0.770146852439516E-01
 0.757047574852648E-01
 0.744901273486799E-01
 0.731863520213020E-01
 0.719499448641641E-01
 0.706905037592948E-01
 0.694225206105697E-01
 0.683569342374789E-01
 0.670903898011593E-01
 0.656663522027168E-01
 0.644401742015469E-01
 0.631758453986567E-01
 0.619859079778445E-01
 0.608002377304040E-01
 0.596490853695025E-01
 0.585873961513315E-01
 0.574702908935577E-01
 0.580580641721888E-01
 0.620107649114363E-01
 0.657914487826625E-01
 0.696822868235989E-01
 0.734462359729253E-01
 0.770039851952497E-01
 0.804623128097955E-01
 0.839422075098867E-01
 0.873292304147552E-01
 0.908323774939413E-01
 0.941805361830116E-01
 0.972639317535292E-01
 0.100212632796051E+00
 0.103139416259228E+00
 0.105775565806801E+00
 0.108164814726507E+00
 0.110615861727733E+00
 0.112755268376238E+00
 0.114618319656160E+00
 0.116556969396717E+00
 0.118167908908226E+00
 0.119565663354172E+00
 0.120971957283089E+00
 0.122039484538624E+00
 0.123052273843523E+00
 0.123920582664611E+00
 0.124478151853936E+00
 0.125161976601103E+00
 0.125499017059694E+00
 0.125836288809307E+00
 0.126005479410086E+00
 0.126013441433914E+00
 0.126034423810720E+00
 0.125760464663906E+00
 0.125653133356189E+00
 0.125203137372662E+00
 0.124922061741459E+00
 0.124366821555254E+00
 0.123895660317708E+00
 0.123255131870473E+00
 0.122695726345786E+00
 0.122111576065307E+00
 0.121679758444055E+00
 0.120920748075574E+00
 0.120412028431521E+00
 0.119604977458549E+00
 0.118478577871561E+00
 0.117637086128004E+00
 0.116534812355958E+00
 0.115723081588868E+00
 0.114685862763935E+00
 0.113876176149301E+00
 0.112876728611538E+00
 0.112068079579385E+00
 0.111139398720150E+00
 0.110335861021351E+00
 0.109425172239958E+00
 0.108625758520526E+00
 0.107791870181932E+00
 0.106999743675323E+00
 0.106166310118249E+00
 0.105381100633868E+00
 0.104318586411507E+00
 0.102982662592115E+00
 0.101378270398316E+00
 0.995113788230694E-01
 0.973889673515908E-01
 0.951614860127829E-01
 0.930077405448249E-01
 0.909210311852871E-01
 0.889017795480300E-01
 0.869506143648924E-01
 0.850635695287949E-01
 0.832248076747222E-01
 0.814393156993799E-01
 0.797094837513994E-01
 0.780351111220091E-01
 0.764141156218738E-01
 0.748425603908587E-01
 0.733153968154924E-01
 0.718262220754052E-01
 0.703681281954419E-01
 0.689336046778287E-01
 0.675597818481078E-01
 0.662414503099480E-01
 0.649352702008674E-01
 0.636330711356641E-01
 0.624079111193011E-01
 0.612153726331442E-01
 0.600138941823255E-01
 0.588634107793748E-01
 0.577658573916337E-01
 0.566470742026543E-01
 0.555918713157293E-01
 0.545698349537981E-01
 0.534988413702207E-01
 0.525478496529269E-01
 0.522942040774441E-01
 0.520913112133422E-01
 0.518453821301686E-01
 0.516009535566280E-01
 0.513609432073965E-01
 0.511635934623531E-01
 0.509322076702704E-01
 0.506792362693121E-01
 0.504640178611086E-01
 0.502600723235717E-01
 0.500448903094879E-01
 0.497965946553987E-01
 0.495972795226305E-01
 0.493794918462845E-01
 0.491818032001242E-01
 0.489103065933263E-01
 0.487223806460230E-01
 0.483311525163194E-01
 0.477446762484657E-01
 0.469719234282090E-01
 0.460643393944411E-01
 0.451715889667822E-01
 0.461562089008270E-01
 0.501143058964387E-01
 0.541892406218607E-01
 0.583684204233935E-01
 0.628203132578727E-01
 0.674020711834906E-01
 0.720646203748959E-01
 0.767924924824906E-01
 0.815698212310410E-01
 0.863803794550237E-01
 0.912329088550665E-01
 0.963349046809029E-01
 0.101435994610561E+00
 0.106517810346324E+00
 0.111561701691785E+00
 0.116548849386141E+00
 0.121460405439727E+00
 0.126467250681339E+00
 0.131505405327995E+00
 0.136426057831073E+00
 0.141210176254468E+00
 0.145839000152394E+00
 0.150294057836216E+00
 0.154767058891533E+00
 0.159201111146228E+00
 0.163419135338346E+00
 0.167403240535535E+00
 0.171720467943091E+00
 0.175842782445277E+00
 0.179697180968856E+00
 0.183266623986602E+00
 0.186625438377702E+00
 0.190030334229026E+00
 0.193113058347630E+00
 0.195858793240266E+00
 0.198253809742525E+00
 0.200665361629099E+00
 0.202823020305947E+00
 0.204601043914215E+00
 0.205988759772012E+00
 0.207458022402053E+00
 0.208580314756163E+00
 0.209291191638031E+00
 0.209865340670877E+00
 0.210312454757996E+00
 0.210332954616040E+00
 0.210199839300726E+00
 0.209969733649240E+00
 0.209303521760264E+00
 0.208654180791271E+00
 0.207759309999471E+00
 0.206537694718908E+00
 0.205442630854299E+00
 0.203907544248250E+00
 0.202494941964976E+00
 0.200790603566629E+00
 0.199043552233671E+00
 0.197200016672406E+00
 0.195200036939282E+00
 0.193246564839009E+00
 0.191060816630390E+00
 0.189025176591016E+00
 0.186828951160607E+00
 0.184787504330252E+00
 0.183019729304780E+00
 0.180886480930116E+00
 0.178997210719303E+00
 0.176829218035461E+00
 0.174255887855543E+00
 0.171954313489026E+00
 0.169434830315719E+00
 0.167327271069470E+00
 0.165021005534188E+00
 0.162946674348700E+00
 0.160806320297977E+00
 0.158762608895180E+00
 0.156823133868672E+00
 0.154813637438120E+00
 0.152990857816212E+00
 0.151013349441897E+00
 0.149383632700979E+00
 0.147445304962525E+00
 0.145885356801831E+00
 0.143975445894856E+00
 0.141717560989706E+00
 0.139114978463071E+00
 0.136172251779217E+00
 0.132895187409657E+00
 0.129351224428450E+00
 0.125892010282401E+00
 0.122564700249694E+00
 0.119365163720243E+00
 0.116268120125485E+00
 0.113315144959643E+00
 0.110460236269246E+00
 0.107696595170912E+00
 0.108087041267491E+00
 0.110694820042926E+00
 0.113350325206618E+00
 0.115725064481347E+00
 0.117819612764460E+00
 0.119965564673833E+00
 0.121730607897994E+00
 0.123459807958894E+00
 0.125002662564588E+00
 0.126259321701556E+00
 0.127594214328706E+00
 0.128549474093119E+00
 0.129563777370468E+00
 0.130328674539333E+00
 0.130969771004636E+00
 0.131563542038336E+00
 0.131870170717919E+00
 0.132312799591288E+00
 0.132389661293314E+00
 0.132631202750741E+00
 0.132580832091051E+00
 0.132569495909561E+00
 0.132411669626027E+00
 0.132174147075701E+00
 0.132038055784714E+00
 0.132069594937496E+00
 0.131752663662808E+00
 0.131511363767473E+00
 0.131127153950768E+00
 0.130408272860197E+00
 0.129796557200338E+00
 0.129061557425210E+00
 0.128423583094046E+00
 0.127673906568502E+00
 0.127111094771348E+00
 0.126350575917550E+00
 0.125749571663616E+00
 0.124980096934328E+00
 0.124463080679150E+00
 0.123686822992146E+00
 0.123123333642777E+00
 0.122348678392441E+00
 0.121865248851193E+00
 0.121081378925139E+00
 0.120556459648106E+00
 0.119773044033320E+00
 0.118702535911682E+00
 0.117354787517836E+00
 0.115740529807629E+00
 0.113871330236199E+00
 0.111759541925566E+00
 0.109467196659819E+00
 0.107217493928786E+00
 0.105032992125616E+00
 0.102907813919442E+00
 0.100845020425592E+00
 0.988285877158112E-01
 0.968882294577430E-01
 0.949918832432797E-01
 0.931420661766967E-01
 0.913392736493322E-01
 0.895818657395055E-01
 0.878668402177960E-01
 0.861902217205196E-01
 0.845466009610055E-01
 0.829375288366351E-01
 0.814060117988104E-01
 0.799015137388258E-01
 0.784167854256118E-01
 0.769445770707657E-01
 0.755470054134108E-01
 0.741874939639012E-01
 0.728305939574901E-01
 0.714982925367195E-01
 0.702522929571222E-01
 0.689980330864844E-01
 0.677544843289226E-01
 0.666067326876446E-01
 0.654398616321497E-01
 0.643031140490041E-01
 0.630342996834654E-01
 0.616405407484845E-01
 0.601293094250364E-01
 0.585083878593014E-01
 0.567858301987171E-01
 0.549699282276215E-01
 0.530691801967019E-01
 0.510922602741550E-01
 0.490479851236785E-01
 0.469452751097161E-01
 0.447931100054190E-01
 0.426004816137898E-01
 0.403763472526864E-01
 0.381295878911494E-01
 0.392560204770104E-01
 0.423643478022393E-01
 0.455285993598940E-01
 0.487379014332023E-01
 0.519809094600622E-01
 0.552458606585161E-01
 0.585301160238650E-01
 0.619907216733049E-01
 0.654481201605624E-01
 0.688889129546605E-01
 0.722995102322792E-01
 0.756661669760970E-01
 0.789750229584478E-01
 0.824206775881457E-01
 0.858069141612770E-01
 0.891039185140028E-01
 0.922971663200862E-01
 0.953723184996296E-01
 0.983935241890390E-01
 0.101455558507314E+00
 0.104367836836873E+00
 0.107285341733242E+00
 0.110308177674044E+00
 0.113155301264118E+00
 0.115812574433596E+00
 0.118266429105760E+00
 0.120646768957891E+00
 0.122980179189809E+00
 0.125081128721706E+00
 0.126937638309733E+00
 0.128652044319962E+00
 0.130346554247191E+00
 0.131772356742432E+00
 0.132919630076510E+00
 0.134055782563768E+00
 0.135016416287376E+00
 0.135679989583297E+00
 0.136254882065543E+00
 0.136730699598512E+00
 0.136895420131933E+00
 0.137032216341358E+00
 0.137016741731169E+00
 0.136684515831811E+00
 0.136505894649671E+00
 0.136004119277246E+00
 0.135460961643706E+00
 0.134813948645233E+00
 0.133973909289987E+00
 0.133202430695097E+00
 0.132126927326977E+00
 0.131251860502004E+00
 0.130053350996796E+00
 0.129034643555410E+00
 0.127755786578476E+00
 0.126613934729544E+00
 0.125319655340271E+00
 0.124240537617609E+00
 0.123006418071771E+00
 0.121904725160101E+00
 0.120694312042226E+00
 0.119562901598364E+00
 0.118126956503875E+00
 0.116561912433572E+00
 0.115147686907577E+00
 0.113740880727016E+00
 0.112346601808524E+00
 0.111026174928513E+00
 0.109655153711071E+00
 0.108462805424847E+00
 0.107112497984912E+00
 0.106001009835172E+00
 0.104694371755410E+00
 0.103660050588838E+00
 0.102436004898853E+00
 0.101421508768953E+00
 0.100271400365543E+00
 0.992738249662160E-01
 0.980155304135319E-01
 0.964967533563257E-01
 0.947187904870581E-01
 0.926840117760068E-01
 0.903970434394736E-01
 0.880581061782085E-01
 0.858072423907352E-01
 0.836407751674644E-01
 0.815455334187754E-01
 0.795405079620472E-01
 0.775884433447070E-01
 0.757120178962636E-01
 0.739150998016323E-01
 0.736903081208648E-01
 0.747279396001867E-01
 0.757968315094341E-01
 0.765749855058382E-01
 0.774670872485289E-01
 0.780121544390249E-01
 0.787449343925946E-01
 0.790973478628769E-01
 0.796739269612380E-01
 0.798863766065477E-01
 0.802943816180110E-01
 0.803876038283906E-01
 0.806434614404994E-01
 0.806378620720694E-01
 0.807546384912830E-01
 0.806698935125132E-01
 0.806574523721453E-01
 0.805579203158449E-01
 0.807336760088515E-01
 0.805455643277996E-01
 0.805367953663410E-01
 0.803071847515251E-01
 0.798518943104647E-01
 0.796268872580420E-01
 0.791390598546901E-01
 0.789177677471161E-01
 0.784459338200652E-01
 0.782317155122879E-01
 0.777182663148073E-01
 0.775099785247630E-01
 0.770261565181215E-01
 0.768267107901386E-01
 0.762992989967270E-01
 0.777856428368794E-01
 0.809511231707462E-01
 0.838847878685341E-01
 0.865764758739382E-01
 0.891832125202905E-01
 0.917539488511121E-01
 0.940554681196848E-01
 0.964688982622368E-01
 0.988595889389951E-01
 0.100955799474273E+00
 0.102885425856094E+00
 0.104799526542033E+00
 0.106399321089020E+00
 0.107757064494136E+00
 0.109158984766049E+00
 0.110232540006638E+00
 0.111100935658705E+00
 0.111973112057430E+00
 0.112508587628663E+00
 0.112987650435913E+00
 0.113328333396673E+00
 0.113364338914054E+00
 0.113526455755312E+00
 0.113347092344230E+00
 0.113192191997310E+00
 0.112852313875786E+00
 0.112409253990252E+00
 0.111929564248553E+00
 0.111254391375191E+00
 0.110655860965459E+00
 0.109796735635535E+00
 0.109100126285814E+00
 0.108096501534109E+00
 0.107321951567089E+00
 0.106221044375876E+00
 0.105372158465022E+00
 0.104216465035938E+00
 0.103294071733938E+00
 0.102474472517843E+00
 0.101571548002816E+00
 0.100528155315459E+00
 0.995991557377723E-01
 0.983603287185372E-01
 0.972237609981867E-01
 0.960113995708894E-01
 0.949178741075631E-01
 0.937295125493169E-01
 0.927836557078869E-01
 0.916219041210154E-01
 0.906862244558577E-01
 0.895863668437086E-01
 0.887611616127183E-01
 0.876504304952872E-01
 0.868451473447677E-01
 0.858826951533403E-01
 0.851000091039085E-01
 0.841048776321944E-01
 0.833442737058856E-01
 0.823108876164483E-01
 0.810112831174510E-01
 0.794531183237082E-01
 0.776451106741141E-01
 0.756996575989176E-01
 0.738135464142124E-01
 0.720000446536917E-01
 0.702623643789690E-01
 0.685629964072872E-01
 0.669482345225116E-01
 0.653765336107843E-01
 0.638522887367519E-01
 0.623776248918158E-01
 0.609521079971435E-01
 0.595733358215190E-01
 0.582374809817069E-01
 0.569393577865979E-01
 0.556726528732738E-01
 0.544306409782948E-01
 0.532354669045460E-01
 0.521025414359111E-01
 0.509843179912937E-01
 0.498729284692552E-01
 0.488011686952440E-01
 0.477956734046114E-01
 0.468975431892882E-01
 0.497901380892236E-01
 0.525999142931292E-01
 0.553124179251015E-01
 0.580691442180808E-01
 0.608298267504847E-01
 0.634572907790851E-01
 0.659376326305755E-01
 0.683255274698021E-01
 0.707737952697953E-01
 0.730408457024337E-01
 0.751141571029172E-01
 0.770495627988028E-01
 0.790240665636744E-01
 0.807747152035657E-01
 0.824941752107587E-01
 0.843031562599994E-01
 0.858626355891310E-01
 0.871627559778621E-01
 0.885480743978487E-01
 0.896760916838757E-01
 0.905218163605286E-01
 0.914214379198629E-01
 0.920821344366573E-01
 0.924715422067921E-01
 0.929538152911776E-01
 0.931275021867734E-01
 0.932205910844763E-01
 0.932203916749540E-01
 0.929670977611146E-01
 0.928090113494679E-01
 0.923290471133644E-01
 0.919775721465275E-01
 0.913558999948127E-01
 0.908047660753423E-01
 0.900619868034740E-01
 0.893600733397243E-01
 0.885166966628465E-01
 0.877051618870931E-01
 0.867816072024163E-01
 0.858924679555102E-01
 0.849081405123904E-01
 0.839659448210676E-01
 0.829870492347436E-01
 0.820766815028422E-01
 0.810606982656951E-01
 0.802617137519596E-01
 0.792084004477677E-01
 0.784341930563672E-01
 0.773555786766763E-01
 0.762131477182665E-01
 0.751693718021755E-01
 0.741147250605766E-01
 0.731017052319813E-01
 0.721357844322638E-01
 0.711567312242678E-01
 0.702422947919963E-01
 0.692931411502610E-01
 0.684737621128383E-01
 0.675573962149162E-01
 0.667547893765405E-01
 0.658676990414265E-01
 0.655611591979479E-01
 0.683936215118637E-01
 0.712996461514241E-01
 0.740006075758035E-01
 0.768525674646026E-01
 0.795943724707250E-01
 0.820682172837786E-01
 0.844690759020274E-01
 0.867787061953724E-01
 0.888002391830914E-01
 0.907591243857338E-01
 0.925963244969390E-01
 0.941304057166282E-01
 0.956870955196082E-01
 0.970288026738548E-01
 0.981175151657925E-01
 0.992734566182305E-01
 0.100111534482387E+00
 0.100921753256211E+00
 0.101581467404830E+00
 0.102033780951589E+00
 0.102529893789782E+00
 0.102704615854789E+00
 0.103018531746926E+00
 0.103046402027151E+00
 0.103106680222190E+00
 0.103006040938332E+00
 0.102849093880948E+00
 0.102638461703531E+00
 0.102295877946097E+00
 0.101993394403582E+00
 0.101491355680028E+00
 0.101114435924772E+00
 0.100476259321788E+00
 0.100075108244685E+00
 0.997180646216935E-01
 0.992393441548123E-01
 0.986713840315496E-01
 0.981501938949293E-01
 0.973339847610495E-01
 0.965478029073324E-01
 0.957374153771607E-01
 0.949650964283827E-01
 0.941590844131654E-01
 0.934672523292610E-01
 0.926696603943512E-01
 0.919670186876703E-01
 0.911765296968289E-01
 0.905673964832553E-01
 0.897871010436479E-01
 0.891436171353130E-01
 0.883728782230395E-01
 0.878338397461253E-01
 0.870743723678897E-01
 0.864821162130964E-01
 0.857344324102860E-01
 0.847331827005426E-01
 0.834839782479912E-01
 0.819933853130771E-01
 0.802688831207848E-01
 0.784455501005225E-01
 0.766822807591858E-01
 0.749742915024558E-01
 0.733267312983572E-01
 0.717258943504708E-01
 0.701859890216706E-01
 0.686840871819110E-01
 0.672243909390255E-01
 0.658087578494786E-01
 0.644365756636865E-01
 0.631057548028038E-01
 0.618126348335878E-01
 0.605522341642500E-01
 0.593188333677722E-01
 0.581061736513402E-01
 0.569292551907131E-01
 0.558146512925281E-01
 0.547115972841938E-01
 0.536128909126362E-01
 0.525475511655364E-01
 0.525256212455628E-01
 0.526278458100362E-01
 0.526465294462774E-01
 0.526329384173111E-01
 0.526045086056424E-01
 0.524900612882831E-01
 0.524210380129654E-01
 0.522494211422280E-01
 0.521151971775029E-01
 0.519111944278286E-01
 0.517038274522361E-01
 0.515851005228315E-01
 0.514286760518645E-01
 0.511747432847073E-01
 0.509694639876787E-01
 0.524020115571080E-01
 0.544035817717301E-01
 0.566357110455958E-01
 0.590224670345213E-01
 0.615610611470159E-01
 0.642477538851309E-01
 0.670778794622589E-01
 0.700458762054455E-01
 0.731453133793521E-01
 0.763689043384284E-01
 0.797085027771488E-01
 0.831550902689269E-01
 0.866987717480446E-01
 0.903287948003436E-01
 0.940335985770691E-01
 0.978008852920719E-01
 0.101617699697338E+00
 0.105586881867223E+00
 0.109602674937357E+00
 0.113642435238511E+00
 0.117690989416847E+00
 0.121732717286722E+00
 0.125751598039761E+00
 0.129731258708026E+00
 0.133655031582826E+00
 0.137506024326410E+00
 0.141331189312132E+00
 0.145228730902327E+00
 0.149017527165401E+00
 0.152679913187404E+00
 0.156215247173991E+00
 0.160021792335545E+00
 0.163673701844893E+00
 0.167152631953266E+00
 0.170440516446745E+00
 0.173519649212909E+00
 0.176436455080111E+00
 0.179397498208429E+00
 0.182112913175851E+00
 0.184565963303510E+00
 0.186740590351841E+00
 0.188678985140478E+00
 0.190663974240447E+00
 0.192338605029930E+00
 0.193688734076828E+00
 0.194701188949112E+00
 0.195809067676856E+00
 0.196586276301395E+00
 0.197001276240669E+00
 0.197247320878138E+00
 0.197426838192001E+00
 0.197224610628315E+00
 0.196796249219948E+00
 0.196368924784458E+00
 0.195545429299737E+00
 0.194633249320810E+00
 0.193603712286583E+00
 0.192168479765179E+00
 0.190956681550080E+00
 0.189341013591432E+00
 0.187741333959190E+00
 0.185974189369067E+00
 0.184080202013665E+00
 0.182190201626854E+00
 0.180081514034121E+00
 0.178096385423713E+00
 0.175838232920712E+00
 0.173784223912143E+00
 0.171580354594492E+00
 0.169533643041158E+00
 0.167657424771381E+00
 0.165527585618710E+00
 0.163632470939303E+00
 0.161478535658277E+00
 0.158943405817710E+00
 0.156668070896101E+00
 0.154220835464378E+00
 0.152137868454447E+00
 0.149872304090571E+00
 0.147827028794121E+00
 0.145762917145662E+00
 0.143752338924760E+00
 0.141848903889836E+00
 0.139876469912001E+00
 0.138132199722637E+00
 0.136194609952980E+00
 0.134597031652794E+00
 0.132764098231531E+00
 0.131221343636963E+00
 0.129356709400021E+00
 0.127168428454653E+00
 0.124655918406747E+00
 0.121819790741187E+00
 0.118661858892344E+00
 0.115355408140069E+00
 0.119353268426138E+00
 0.124322416487831E+00
 0.128913380867193E+00
 0.133152564964407E+00
 0.137529338533385E+00
 0.141498054436886E+00
 0.145050687337828E+00
 0.148737491352166E+00
 0.152022695437114E+00
 0.154870966246960E+00
 0.157866798685737E+00
 0.160431192486306E+00
 0.162635758885609E+00
 0.164921822552891E+00
 0.166749701588990E+00
 0.168418615589960E+00
 0.169975038094304E+00
 0.171068987621789E+00
 0.172308647983460E+00
 0.173147918511143E+00
 0.173840651962337E+00
 0.174448348530688E+00
 0.174660860185102E+00
 0.175061737087437E+00
 0.175004828943793E+00
 0.175074003766799E+00
 0.174839344174228E+00
 0.174564750332408E+00
 0.174178675472047E+00
 0.173606861102325E+00
 0.173095166781579E+00
 0.172266061772571E+00
 0.171668440052790E+00
 0.171356564916213E+00
 0.170663544481448E+00
 0.169928638507071E+00
 0.169160816966732E+00
 0.167972549816690E+00
 0.166755029574787E+00
 0.165557162558687E+00
 0.164368899347523E+00
 0.163162688045214E+00
 0.162084919658275E+00
 0.160874931499734E+00
 0.159806628230104E+00
 0.158594211223975E+00
 0.157640727498035E+00
 0.156428980093528E+00
 0.155467036710198E+00
 0.154257956341779E+00
 0.153411749336544E+00
 0.152206670113318E+00
 0.151339937820837E+00
 0.150141965975100E+00
 0.148583697074469E+00
 0.146673571527723E+00
 0.144421196620902E+00
 0.141837297232803E+00
 0.138933664094875E+00
 0.135874541644715E+00
 0.132902538986180E+00
 0.130022475624709E+00
 0.127241018380641E+00
 0.124531171895859E+00
 0.121917711003493E+00
 0.119366511806296E+00
 0.116884143290860E+00
 0.114473677818961E+00
 0.112135425205113E+00
 0.109866998484600E+00
 0.107664067151012E+00
 0.105520581309890E+00
 0.103429115615993E+00
 0.101381462321007E+00
 0.993686196125155E-01
 0.974362774055639E-01
 0.955786889611816E-01
 0.937430124039023E-01
 0.919193050654225E-01
 0.901848099441410E-01
 0.885105419718620E-01
 0.868327446160755E-01
 0.852002339312747E-01
 0.836656485761187E-01
 0.821119164543197E-01
 0.806077109829433E-01
 0.791879852090298E-01
 0.776675229202195E-01
 0.759755619138286E-01
 0.741190176770414E-01
 0.721053252793969E-01
 0.699424182366111E-01
 0.676387031733921E-01
 0.652030275437165E-01
 0.626446397710106E-01
 0.599731434387303E-01
 0.571984488907922E-01
 0.543307262033829E-01
 0.519175741656243E-01
 0.517603110169980E-01
 0.515869069332584E-01
 0.514280974653535E-01
 0.512287002535434E-01
 0.510819631816581E-01
 0.508925649238406E-01
 0.507464257247924E-01
 0.505044933169957E-01
 0.503673590072416E-01
 0.500296666197410E-01
 0.495020255618806E-01
 0.487957822397092E-01
 0.479337842601287E-01
 0.470564462239475E-01
 0.463142005083097E-01
 0.493967662881344E-01
 0.525354380622968E-01
 0.557180339707863E-01
 0.589320602925473E-01
 0.622649362074670E-01
 0.656811574043052E-01
 0.691031173204050E-01
 0.725168171127540E-01
 0.759081040823921E-01
 0.792627478557490E-01
 0.825665238210597E-01
 0.859992542129584E-01
 0.893874466092233E-01
 0.926933745130989E-01
 0.959025762630938E-01
 0.990009239622891E-01
 0.101974693219401E+00
 0.105050078026653E+00
 0.108001477291389E+00
 0.110797873954322E+00
 0.113719849770533E+00
 0.116610432175912E+00
 0.119321197198947E+00
 0.121839350889140E+00
 0.124152833430011E+00
 0.126470233362067E+00
 0.128660026635354E+00
 0.130619219433671E+00
 0.132337790972715E+00
 0.133937419493624E+00
 0.135495458293481E+00
 0.136792384210339E+00
 0.137820707306496E+00
 0.138797190757663E+00
 0.139645047793192E+00
 0.140209841906789E+00
 0.140589285382464E+00
 0.140974738324004E+00
 0.141067214356058E+00
 0.140976107507235E+00
 0.140898265590762E+00
 0.140521759457596E+00
 0.140087726135489E+00
 0.139556150686420E+00
 0.138737693366378E+00
 0.138070148204737E+00
 0.137102749190279E+00
 0.136158604842372E+00
 0.135076480105962E+00
 0.133906489095138E+00
 0.132729809746421E+00
 0.131387099610218E+00
 0.130134778288761E+00
 0.128661460926094E+00
 0.127351379348253E+00
 0.125910459448507E+00
 0.124584574718103E+00
 0.123338078760449E+00
 0.121955403923249E+00
 0.120674592802166E+00
 0.119262598740397E+00
 0.117575781302698E+00
 0.116020411233411E+00
 0.114360733823445E+00
 0.112945790839104E+00
 0.111377100811239E+00
 0.110027316811494E+00
 0.108574276180987E+00
 0.107243047467833E+00
 0.105917714262981E+00
 0.104610063978685E+00
 0.103365025222176E+00
 0.102076910232439E+00
 0.100958279093911E+00
 0.996938857666745E-01
 0.986239836110256E-01
 0.973800891846178E-01
 0.958989341134293E-01
 0.941839710425300E-01
 0.922396718239661E-01
 0.900715077553207E-01
 0.876962223275268E-01
 0.853321167171615E-01
 0.830623817707863E-01
 0.808740248493173E-01
 0.787854110218862E-01
 0.767511751421011E-01
 0.748193046557376E-01
 0.729473218727970E-01
 0.711380713249253E-01
 0.693924727425770E-01
 0.677094983486289E-01
 0.660864018521318E-01
 0.645191985408371E-01
 0.630025649551977E-01
 0.615302556658620E-01
 0.600952204762744E-01
 0.587164196295418E-01
 0.574057448528490E-01
 0.561201279026364E-01
 0.548513919743020E-01
 0.536240831839260E-01
 0.524689765934657E-01
 0.513170229834565E-01
 0.501678817057309E-01
 0.491217897952242E-01
 0.480667130874397E-01
 0.470122444509452E-01
 0.460551837648203E-01
 0.449934148967869E-01
 0.438146601957042E-01
 0.425223811922722E-01
 0.426838794035288E-01
 0.428429223067775E-01
 0.430270531356612E-01
 0.431526391403009E-01
 0.432994763022249E-01
 0.433880505935109E-01
 0.435081240038772E-01
 0.435518137345819E-01
 0.436546454113058E-01
 0.436444852147090E-01
 0.437390275856545E-01
 0.436667311580265E-01
 0.437613820053705E-01
 0.436354853756620E-01
 0.432940457059516E-01
 0.427430295277355E-01
 0.420415156755282E-01
 0.416927155084221E-01
 0.413781272950973E-01
 0.409316325560368E-01
 0.408868271125814E-01
 0.406251779467046E-01
 0.404464060347082E-01
 0.400819681786359E-01
 0.397719410869791E-01
 0.393135122724998E-01
 0.388807904914086E-01
 0.383395730509515E-01
 0.378008243776489E-01
 0.371912852244489E-01
 0.365669864391751E-01
 0.359056469722502E-01
 0.352257106866718E-01
 0.345304640953762E-01
 0.338297289231636E-01
 0.331193349912633E-01
 0.324975598847753E-01
 0.318553731542428E-01
 0.312809595933034E-01
 0.306309867213972E-01
 0.301009260540390E-01
 0.301616923558702E-01
 0.314735657800732E-01
 0.327654058756759E-01
 0.339829553850882E-01
 0.350614759723967E-01
 0.362208332325079E-01
 0.372425667296783E-01
 0.381017444772355E-01
 0.387905873645044E-01
 0.393851662135203E-01
 0.399774390632879E-01
 0.405749873578807E-01
 0.410467658617940E-01
 0.413230386008104E-01
 0.416080912483050E-01
 0.418360472604023E-01
 0.421218745340427E-01
 0.422024190142804E-01
 0.423067339668353E-01
 0.423176065004789E-01
 0.424322003744600E-01
 0.423342594110853E-01
 0.423823814332134E-01
 0.422343163099743E-01
 0.421925846592615E-01
 0.420665094099917E-01
 0.419746746282479E-01
 0.417102390132451E-01
 0.415828514738299E-01
 0.415243940388436E-01
 0.413285503372691E-01
 0.411907261195665E-01
 0.409733949343799E-01
 0.408241884872758E-01
 0.406281007186791E-01
 0.405281175299194E-01
 0.402157920595538E-01
 0.400889510767523E-01
 0.398739003146726E-01
 0.396747151543380E-01
 0.394035581748103E-01
 0.391743229557271E-01
 0.389121478402976E-01
 0.386243575493359E-01
 0.383143669203986E-01
 0.379853052109564E-01
 0.391338338786424E-01
 0.406234616085880E-01
 0.421440929048590E-01
 0.434852506552294E-01
 0.447382808222768E-01
 0.459823042734662E-01
 0.470315361054446E-01
 0.478829889203102E-01
 0.485349590432839E-01
 0.491172440352510E-01
 0.497005386821753E-01
 0.502797840323304E-01
 0.506531178671094E-01
 0.508228441731376E-01
 0.510637991227872E-01
 0.512177446525987E-01
 0.513557061773650E-01
 0.513154225756861E-01
 0.513703523865247E-01
 0.512412378567686E-01
 0.511797843954829E-01
 0.511153146402325E-01
 0.509891381459298E-01
 0.506814244531247E-01
 0.505395346410383E-01
 0.504620078131834E-01
 0.501854646607571E-01
 0.499987464693739E-01
 0.497395251298331E-01
 0.495312487858539E-01
 0.493203530493428E-01
 0.490737874369576E-01
 0.487233866295732E-01
 0.484365612150849E-01
 0.482606336735005E-01
 0.478931090533260E-01
 0.475728728460833E-01
 0.472351653586237E-01
 0.469466624726052E-01
 0.464807642720764E-01
 0.461503565620316E-01
 0.457705360998961E-01
 0.453819197362053E-01
 0.448680199909900E-01
 0.444430837324701E-01
 0.440598567938372E-01
 0.435948880798170E-01
 0.431359289196729E-01
 0.426495731340841E-01
 0.421995463382805E-01
 0.416864530783826E-01
 0.413061014983490E-01
 0.407809950676444E-01
 0.403783007099253E-01
 0.398612275143660E-01
 0.394737802276729E-01
 0.390189515272919E-01
 0.386347241713370E-01
 0.381652668534550E-01
 0.377916690957787E-01
 0.373927466526787E-01
 0.370101528613174E-01
 0.366310915088248E-01
 0.362582871166319E-01
 0.359172767109146E-01
 0.355430307576068E-01
 0.352297853151225E-01
 0.348635245360678E-01
 0.345887090359800E-01
 0.342236864806683E-01
 0.339546525991618E-01
 0.335985046310480E-01
 0.333739350528207E-01
 0.330155593775462E-01
 0.327766564529369E-01
 0.324600698757851E-01
 0.322371264416292E-01
 0.318931855880314E-01
 0.316743365236205E-01
 0.313826929300618E-01
 0.311621656941014E-01
 0.308456812519013E-01
 0.306293795447862E-01
 0.303587727276400E-01
 0.301416766726236E-01
 0.298464290372858E-01
 0.296339966695156E-01
 0.293828179199632E-01
 0.291700896107048E-01
 0.288988293874382E-01
 0.286910752188566E-01
 0.284511958824726E-01
 0.282440520820054E-01
 0.279952253220821E-01
 0.277933101449318E-01
 0.275618346599842E-01
 0.273615572652002E-01
 0.271025603826452E-01
 0.269088460760048E-01
 0.266030051058734E-01
 0.261889655881972E-01
 0.256712546266867E-01
 0.250548702916730E-01
 0.243451661814404E-01
 0.235477768553438E-01
 0.227702970817201E-01
 0.220888401111027E-01
 0.214742771473487E-01
 0.209077665529271E-01
 0.203868204694588E-01
 0.198966032865685E-01
 0.194303478682199E-01
 0.189867489246206E-01
 0.185647710325022E-01
 0.181618906661097E-01
 0.177746626969276E-01
 0.173998352073805E-01
 0.170341935582837E-01
 0.166737144691104E-01
 0.163392691608809E-01
 0.160139799189338E-01
 0.156885218219295E-01
 0.153598944303187E-01
 0.150677544152028E-01
 0.147697176040777E-01
 0.144626457413757E-01
 0.141905051775772E-01
 0.139124318067582E-01
 0.136250921441794E-01
 0.133756276754771E-01
 0.131103333975340E-01
 0.128557055050383E-01
 0.125493152388851E-01
 0.121938850815239E-01
 0.120674433021591E-01
 0.120315250424497E-01
 0.119543900254101E-01
 0.119160043367740E-01
 0.118345486162974E-01
 0.117925953500751E-01
 0.117083674013854E-01
 0.116630598724429E-01
 0.115755236057339E-01
 0.115286359635121E-01
 0.114381239153363E-01
 0.113902064275766E-01
 0.113012470761117E-01
 0.111731183268619E-01
 0.110090322632975E-01
 0.108121271481292E-01
 0.105854578957706E-01
 0.103435406424986E-01
 0.101065889282067E-01
 0.987681670022512E-02
 0.965681555018961E-02
 0.944322141700462E-02
 0.924218900821049E-02
 0.904858383732293E-02
 0.886263159421920E-02
 0.868513743057437E-02
 0.851767504174102E-02
 0.835661850112824E-02
 0.820157887269217E-02
 0.805203329794724E-02
 0.791001366566920E-02
 0.777313758078706E-02
 0.763965811137978E-02
 0.750891578778380E-02
 0.738005408285666E-02
 0.725510022177086E-02
 0.713693405021556E-02
 0.701894886826641E-02
 0.690127626523667E-02
 0.679051382021379E-02
 0.668404612312205E-02
 0.657600850934061E-02
 0.647287028052867E-02
 0.637618112382141E-02
 0.627800458068850E-02
 0.618505605564554E-02
 0.607613271955350E-02
 0.595277294666431E-02
 0.581651970910176E-02
 0.566893317510747E-02
 0.551159384253278E-02
 0.534608985352639E-02
 0.517398699583413E-02
 0.499678627595779E-02
 0.481587985350954E-02
 0.463251918165233E-02
 0.444780731420438E-02
 0.426271972243334E-02
 0.407814643706114E-02
 0.389493778665218E-02
 0.371393253359475E-02
 0.353595420051315E-02
 0.336177634624831E-02
 0.319207277083129E-02
 0.302737581111942E-02
 0.286806148602455E-02
 0.271436735922735E-02
 0.256643471757743E-02
 0.242435755171379E-02
 0.228821980351127E-02
 0.215810858365483E-02
 0.203410144388338E-02
 0.194717222747360E-02
 0.194794117626175E-02
 0.194876017703001E-02
 0.194958531479643E-02
 0.195034498647857E-02
 0.195097314769588E-02
 0.195143576752197E-02
 0.195174027846736E-02
 0.195192827832449E-02
 0.195205836997148E-02
 0.195218659621704E-02
 0.195234957215871E-02
 0.195255386369720E-02
 0.195277482620036E-02
 0.195296673354616E-02
 0.195308212450508E-02
 0.195309336932352E-02
 0.195300687714386E-02
 0.195286255494366E-02
 0.195271770588524E-02
 0.195262240695038E-02
 0.195259825903205E-02
 0.195263109444516E-02
 0.195268087099783E-02
 0.195270262910432E-02
 0.195266688539641E-02
 0.195256965692650E-02
 0.195242964808283E-02
 0.195227728376169E-02
 0.195214250440012E-02
 0.195204564752554E-02
 0.195199231952769E-02
 0.195197221658706E-02
 0.195196274067905E-02
 0.195193784547501E-02
 0.195187950014594E-02
 0.195178600359662E-02
 0.195167193532379E-02
 0.195155952605547E-02
 0.195146700919334E-02
 0.195140127748184E-02
 0.195135848177691E-02
 0.195133025016614E-02
 0.195130979264211E-02
 0.195129360150058E-02
 0.195127897952045E-02
 0.195126125349602E-02
 0.195123442522468E-02
 0.195119551979727E-02
 0.195114904660911E-02
 0.195110710777553E-02
 0.195108375927431E-02
 0.195108695061716E-02
 0.195111378085826E-02
 0.195115258372002E-02
 0.195119008424157E-02
 0.195121802170832E-02
 0.195123464228899E-02
 0.195124140924848E-02
 0.195123952186856E-02
 0.195123034042228E-02
 0.195121908871705E-02
 0.195121692455029E-02
 0.195123703392274E-02
 0.195128569465827E-02
 0.195135463899390E-02
 0.195142156341174E-02
 0.195146038536823E-02
 0.195145572089153E-02
 0.195141248500767E-02
 0.195135422309919E-02
 0.195131088723258E-02
 0.195130335247310E-02
 0.195133362344247E-02
 0.195138555784037E-02
 0.195143420477055E-02
 0.195145731745986E-02
 0.195144304425327E-02
 0.195139194606480E-02
 0.195131529801256E-02
 0.195123205425506E-02
 0.195116458848241E-02
 0.195113188937711E-02
 0.195114077763051E-02
 0.195117946625185E-02
 0.195121918655541E-02
 0.195122592898618E-02
 0.195117750413763E-02
 0.195107638335375E-02
 0.195095023492316E-02
 0.195083911821528E-02
 0.195077614793456E-02
 0.195077196675086E-02
 0.195081072710318E-02
 0.195085867496253E-02
 0.195088004792500E-02
 0.195085224260889E-02
 0.195077390039988E-02
 0.195066392173400E-02
 0.195055348619772E-02
 0.195047486274302E-02
 0.195045031308408E-02
 0.195048355919186E-02
 0.195055641684485E-02
 0.195063338915130E-02
 0.195067502091173E-02
 0.195065600218580E-02
 0.195057924953980E-02
 0.195047705496403E-02
 0.195039674827722E-02
 0.195037768116682E-02
 0.195043206720381E-02
 0.195053996852367E-02
 0.195066016547926E-02
 0.195074991339429E-02
 0.195078316219725E-02
 0.195075959519819E-02
 0.195070256055404E-02
 0.195064866184084E-02
 0.195063371549564E-02
 0.195067965228706E-02
 0.195078609561617E-02
 0.195092934951502E-02
 0.195106999953833E-02
 0.195116775844693E-02
 0.195119882206370E-02
 0.195116830642599E-02
 0.195111058678377E-02
 0.195107504542982E-02
 0.195110257297740E-02
 0.195120466283855E-02
 0.195135700306550E-02
 0.195151173423400E-02
 0.195162150528955E-02
 0.195166169632178E-02
 0.195163935219770E-02
 0.195158634717298E-02
 0.195154310975297E-02
 0.195154213263492E-02
 0.195159737013464E-02
 0.195170090482469E-02
 0.195182595077538E-02
 0.195193541355127E-02
 0.195199504156874E-02
 0.195198788883316E-02
 0.195192390939140E-02
 0.195183842481213E-02
 0.195177772591791E-02
 0.195177728112534E-02
 0.195184340826015E-02
 0.195194882782583E-02
 0.195204562864162E-02
 0.195208938371066E-02
 0.195206136380456E-02
 0.195197663925663E-02
 0.195187426188560E-02
 0.195179633572027E-02
 0.195176848518726E-02
 0.195179147479406E-02
 0.195184541388568E-02
 0.195190086346187E-02
 0.195192999429051E-02
 0.195191463126320E-02
 0.195185149907626E-02
 0.195175476137880E-02
 0.195165354172055E-02
 0.195158198967102E-02
 0.195156374491071E-02
 0.195159834495246E-02
 0.195165865167589E-02
 0.195170301335587E-02
 0.195169666403286E-02
 0.195163034348503E-02
 0.195152517185401E-02
 0.195142094623392E-02
 0.195135490386374E-02
 0.195134327250973E-02
 0.195137546984843E-02
 0.195142259588506E-02
 0.195145351176508E-02
 0.195144870520208E-02
 0.195140566796079E-02
 0.195133611199656E-02
 0.195125960859126E-02
 0.195119749877788E-02
 0.195116744962737E-02
 0.195117742597870E-02
 0.195122014493334E-02
 0.195127242790556E-02
 0.195130342568962E-02
 0.195129001304945E-02
 0.195123091984976E-02
 0.195114972661675E-02
 0.195108314945676E-02
 0.195106091007820E-02
 0.195108946111774E-02
 0.195114937494038E-02
 0.195120725671174E-02
 0.195123414359793E-02
 0.195121938589325E-02
 0.195117314774311E-02
 0.195111826048175E-02
 0.195107789586552E-02
 0.195106616748660E-02
 0.195108499653249E-02
 0.195112598464803E-02
 0.195117415038016E-02
 0.195121187806101E-02
 0.195122374521477E-02
 0.195120284324804E-02
 0.195115634538027E-02
 0.195110556657612E-02
 0.195107738414974E-02
