 0.183542567304120E-08
 0.293280845097998E-07
 0.147791942544012E-06
 0.465348718843787E-06
 0.112699877322996E-05
 0.231417900191955E-05
 0.424304306660216E-05
 0.713444828504612E-05
 0.112846487963077E-04
 0.169235890802010E-04
 0.248202060780304E-04
 0.362602334126223E-04
 0.514325729636980E-04
 0.711117676888632E-04
 0.961348412820051E-04
 0.127389236985568E-03
 0.165799533636238E-03
 0.212313661023578E-03
 0.269605705620203E-03
 0.338126929620117E-03
 0.418650690470361E-03
 0.512285166906616E-03
 0.620111145849094E-03
 0.743166656615737E-03
 0.882431856044840E-03
 0.103881466579866E-02
 0.121313758645705E-02
 0.140612605754920E-02
 0.161839868563659E-02
 0.185045956388970E-02
 0.210269272645967E-02
 0.238306739009938E-02
 0.269258712354092E-02
 0.302568255607505E-02
 0.338237370777572E-02
 0.376252264941282E-02
 0.416583627528943E-02
 0.459187140821548E-02
 0.504004067494768E-02
 0.550961793101773E-02
 0.601305729063144E-02
 0.654976321281272E-02
 0.710759072810987E-02
 0.768521990454600E-02
 0.828276171861239E-02
 0.890679285952753E-02
 0.954657339462358E-02
 0.102003461278461E-01
 0.108662735256512E-01
 0.115684641099097E-01
 0.122855861458489E-01
 0.130106540454365E-01
 0.137415674039788E-01
 0.144762235880233E-01
 0.152125261253142E-01
 0.159483995299231E-01
 0.166818129786270E-01
 0.174108121647085E-01
 0.181335548752344E-01
 0.188483432715517E-01
 0.195599645243283E-01
 0.202817239277369E-01
 0.209910191264843E-01
 0.216865972901262E-01
 0.223674172010780E-01
 0.230326550111387E-01
 0.236817014622172E-01
 0.243141522479529E-01
 0.249297940399695E-01
 0.255285888800908E-01
 0.261106597461575E-01
 0.266762801941561E-01
 0.272258703025379E-01
 0.277599988367720E-01
 0.282793878493434E-01
 0.287849126052571E-01
 0.292775890341863E-01
 0.297585437427152E-01
 0.302289665554566E-01
 0.306900499622937E-01
 0.311429221298076E-01
 0.315885808680357E-01
 0.320278366374036E-01
 0.324612733362570E-01
 0.328892338833569E-01
 0.333118310006497E-01
 0.337289729179806E-01
 0.341403842612989E-01
 0.345456009562703E-01
 0.349439277007642E-01
 0.353343637403279E-01
 0.357155185717885E-01
 0.360855454651538E-01
 0.364421144973067E-01
 0.367824319636564E-01
 0.371032970068874E-01
 0.374011755285676E-01
 0.376722685629434E-01
 0.379125563529872E-01
 0.381178080321841E-01
 0.382835580865725E-01
 0.384440834996316E-01
 0.385754295170997E-01
 0.386973235268267E-01
 0.387945381095208E-01
 0.388394482592238E-01
 0.388261930744185E-01
 0.387487801770483E-01
 0.386011576084838E-01
 0.383772670266949E-01
 0.382185734760716E-01
 0.380481534325634E-01
 0.378002356191889E-01
 0.374685731146896E-01
 0.370472222854535E-01
 0.367535107629557E-01
 0.364092213515001E-01
 0.359767372648143E-01
 0.355715962069674E-01
 0.351038780875824E-01
 0.346008965186641E-01
 0.341783602926022E-01
 0.337079461295364E-01
 0.331608322776972E-01
 0.326613506134221E-01
 0.320936943515399E-01
 0.315394682907308E-01
 0.310373579967158E-01
 0.304511774935170E-01
 0.298530612877052E-01
 0.292427022534659E-01
 0.286525952722343E-01
 0.286697151349893E-01
 0.296181853525093E-01
 0.306271103408751E-01
 0.316971111453157E-01
 0.328422766575412E-01
 0.340683147638850E-01
 0.353490973292107E-01
 0.366826926424436E-01
 0.380667558814614E-01
 0.394985855230671E-01
 0.409751642692575E-01
 0.424931741831353E-01
 0.441291487075474E-01
 0.466765367076673E-01
 0.491124573718054E-01
 0.515151368487644E-01
 0.538948988989843E-01
 0.561368364161525E-01
 0.582308764518362E-01
 0.602800109351509E-01
 0.623017507955151E-01
 0.641526117180948E-01
 0.658236074682850E-01
 0.673060538107275E-01
 0.685919144499030E-01
 0.696742249755228E-01
 0.708038349983248E-01
 0.719990670779454E-01
 0.729809431457902E-01
 0.737451817192960E-01
 0.749370127663762E-01
 0.766834395252140E-01
 0.783347070851459E-01
 0.798803625248632E-01
 0.813100235188422E-01
 0.826723306851553E-01
 0.839985992894924E-01
 0.851880653219056E-01
 0.862306589397321E-01
 0.871166423993452E-01
 0.879140184967420E-01
 0.886667231002873E-01
 0.892450677380904E-01
 0.896400651111732E-01
 0.899871129620148E-01
 0.902399103156443E-01
 0.902934872084820E-01
 0.902775217906034E-01
 0.901930430039183E-01
 0.898957327111773E-01
 0.896319479593582E-01
 0.892043935662348E-01
 0.886900241709006E-01
 0.881449069380508E-01
 0.874322323402942E-01
 0.867814011970576E-01
 0.859104499386149E-01
 0.851652890513956E-01
 0.841919990190826E-01
 0.833372670662657E-01
 0.822809275433121E-01
 0.813349401554855E-01
 0.802093709645799E-01
 0.791959360533629E-01
 0.780169822146291E-01
 0.769616048101529E-01
 0.759786470047421E-01
 0.749464732679042E-01
 0.737940856651472E-01
 0.727491584184565E-01
 0.715027990762010E-01
 0.704652134125765E-01
 0.693577729025593E-01
 0.683661412264754E-01
 0.672947180079446E-01
 0.663274175769617E-01
 0.653858924873217E-01
 0.644466099391595E-01
 0.635221594901310E-01
 0.626322529545766E-01
 0.618147801384852E-01
 0.609269838148747E-01
 0.627004587834091E-01
 0.662546462609287E-01
 0.696048898274359E-01
 0.727381884334286E-01
 0.758939482760337E-01
 0.789246129389725E-01
 0.817059980691695E-01
 0.844887769740809E-01
 0.874970399138627E-01
 0.902288634114651E-01
 0.928739317104840E-01
 0.954405201638518E-01
 0.977045537936698E-01
 0.998857714740769E-01
 0.101956704056270E+00
 0.103703552058690E+00
 0.105443451421989E+00
 0.106980314041327E+00
 0.108191400486119E+00
 0.109520051292589E+00
 0.110501837580978E+00
 0.111367442064674E+00
 0.112143972995336E+00
 0.112577846845257E+00
 0.113163045205125E+00
 0.113393125656865E+00
 0.113626495930060E+00
 0.113682890433282E+00
 0.113606803747363E+00
 0.113511886776861E+00
 0.113177326862349E+00
 0.112954943694976E+00
 0.112407996229856E+00
 0.112080987386715E+00
 0.111409853493510E+00
 0.110950380437402E+00
 0.110200644254861E+00
 0.109613271771738E+00
 0.109171608473832E+00
 0.108636435082497E+00
 0.107781103109587E+00
 0.107210036225065E+00
 0.106315484684355E+00
 0.105459843206720E+00
 0.104555534386937E+00
 0.103755162700331E+00
 0.102879677426863E+00
 0.102101272106711E+00
 0.101219401149996E+00
 0.100525182555410E+00
 0.996722404989744E-01
 0.989586200623247E-01
 0.981022397622799E-01
 0.974976225805609E-01
 0.966700366743725E-01
 0.960112697843961E-01
 0.951828886833032E-01
 0.944662213587824E-01
 0.936486369528575E-01
 0.925513345400389E-01
 0.911785970912100E-01
 0.895359155886622E-01
 0.876341594334320E-01
 0.856809397382479E-01
 0.837868274253736E-01
 0.819580262268169E-01
 0.801787342842853E-01
 0.784695824589178E-01
 0.767970871460426E-01
 0.751693535222204E-01
 0.736032400929587E-01
 0.720826001635305E-01
 0.705995502656532E-01
 0.691582077463840E-01
 0.677727120326663E-01
 0.664242841814938E-01
 0.651062244376589E-01
 0.638113033887191E-01
 0.625315208030266E-01
 0.613009226456486E-01
 0.601295000540806E-01
 0.589623699054995E-01
 0.577911103108355E-01
 0.567039524436562E-01
 0.556348620747754E-01
 0.545481737429913E-01
 0.535309117852333E-01
 0.525407201794254E-01
 0.515206840574600E-01
 0.505942185669265E-01
 0.496639069219610E-01
 0.487161093628994E-01
 0.476250571155221E-01
 0.469450184171894E-01
 0.468054441999622E-01
 0.465299794816562E-01
 0.463893488117402E-01
 0.460957039099372E-01
 0.459733525693456E-01
 0.456780526912422E-01
 0.455563101729181E-01
 0.452668251505876E-01
 0.451627191041638E-01
 0.448483849835667E-01
 0.447466213610109E-01
 0.444308028701375E-01
 0.442855085852173E-01
 0.439833156010379E-01
 0.434783625337075E-01
 0.427801576786086E-01
 0.419354588606040E-01
 0.453247293715909E-01
 0.492602354761166E-01
 0.533080756521065E-01
 0.574548599468240E-01
 0.618607729855728E-01
 0.663999107470182E-01
 0.710136714149014E-01
 0.756867584219747E-01
 0.804034752528389E-01
 0.851475880735316E-01
 0.899526524322329E-01
 0.949773429656398E-01
 0.999937419005744E-01
 0.104982981532592E+00
 0.109926165537422E+00
 0.114804595508796E+00
 0.119599906306677E+00
 0.124550908028350E+00
 0.129461163955288E+00
 0.134247599862182E+00
 0.138891384875912E+00
 0.143373770133991E+00
 0.147676226690416E+00
 0.152101039931360E+00
 0.156369799448497E+00
 0.160416694217058E+00
 0.164685051876388E+00
 0.168836185415114E+00
 0.172732931382043E+00
 0.176358390278075E+00
 0.179696520825218E+00
 0.183046496960963E+00
 0.186212027818814E+00
 0.189054908321830E+00
 0.191561462749529E+00
 0.193858456164711E+00
 0.196140142972105E+00
 0.198057033260200E+00
 0.199598503658369E+00
 0.200972451327338E+00
 0.202260287437580E+00
 0.203151960891633E+00
 0.203643382186154E+00
 0.204281807310306E+00
 0.204509027709829E+00
 0.204319921025252E+00
 0.204283647826474E+00
 0.203848188265749E+00
 0.203119553134733E+00
 0.202462644434520E+00
 0.201380710592956E+00
 0.200313083029540E+00
 0.199036668642604E+00
 0.197537755062211E+00
 0.196095843504436E+00
 0.194259960369206E+00
 0.192681855953582E+00
 0.190684509341456E+00
 0.188902182125230E+00
 0.186801054001050E+00
 0.184878573668986E+00
 0.182771778357583E+00
 0.180912616991174E+00
 0.178888014522694E+00
 0.177019996231728E+00
 0.175058396166551E+00
 0.173153534551783E+00
 0.170855327529171E+00
 0.168375784483663E+00
 0.166112061900067E+00
 0.163881855821157E+00
 0.161649378443528E+00
 0.159583615626159E+00
 0.157387311945785E+00
 0.155518481590499E+00
 0.153410052288417E+00
 0.151639711170827E+00
 0.149689020377752E+00
 0.147945731189686E+00
 0.146145669114072E+00
 0.144433092475234E+00
 0.142747396641209E+00
 0.141063181410649E+00
 0.139041100282150E+00
 0.136684287887471E+00
 0.133997096504046E+00
 0.130985051505681E+00
 0.127654819578990E+00
 0.124210247694573E+00
 0.120906528361232E+00
 0.117725654385242E+00
 0.114652067886803E+00
 0.111719178099075E+00
 0.108865721148531E+00
 0.106127819156457E+00
 0.103503422839097E+00
 0.100964858042611E+00
 0.100031324553171E+00
 0.102321534414878E+00
 0.104326771108906E+00
 0.106404463012958E+00
 0.108125497606473E+00
 0.109815858445814E+00
 0.111330368301712E+00
 0.112598938899278E+00
 0.113920043849220E+00
 0.114886363862021E+00
 0.115943774662327E+00
 0.116733307855247E+00
 0.117452711872961E+00
 0.118082906162656E+00
 0.118497541875191E+00
 0.118986177201702E+00
 0.119134093810325E+00
 0.119490966206183E+00
 0.119519235540037E+00
 0.119641432328792E+00
 0.119568707549737E+00
 0.119478263831473E+00
 0.119463169036306E+00
 0.119565586711331E+00
 0.119343229852963E+00
 0.119229514832398E+00
 0.118942361814549E+00
 0.118343838841148E+00
 0.117894842918248E+00
 0.117280325973571E+00
 0.116794068658977E+00
 0.116163830230964E+00
 0.115739897907960E+00
 0.115098626562761E+00
 0.114626842498459E+00
 0.113975405102498E+00
 0.113577078829230E+00
 0.112918406289379E+00
 0.112464541602395E+00
 0.111812525583992E+00
 0.111424365087040E+00
 0.110756089741586E+00
 0.110323532402839E+00
 0.109654248089395E+00
 0.108717718995479E+00
 0.107523701186055E+00
 0.106082742123409E+00
 0.104406137062555E+00
 0.102505888258233E+00
 0.100441763696675E+00
 0.984168493706834E-01
 0.964500695681640E-01
 0.945364281843028E-01
 0.926771215598593E-01
 0.908596976921113E-01
 0.891094001959797E-01
 0.873981822447510E-01
 0.857280056902907E-01
 0.840990742919883E-01
 0.825100916966317E-01
 0.809580137369463E-01
 0.794388998495023E-01
 0.779481618428261E-01
 0.764948214119536E-01
 0.751042037453850E-01
 0.737362997429291E-01
 0.723847395995964E-01
 0.710428159477018E-01
 0.697805927961674E-01
 0.685398161531163E-01
 0.672995497104073E-01
 0.660953612875997E-01
 0.649548952883131E-01
 0.638053977315687E-01
 0.626811713778924E-01
 0.616278094396980E-01
 0.605556688259005E-01
 0.595285669812856E-01
 0.583792998533389E-01
 0.571147749519761E-01
 0.557422065605378E-01
 0.542690924464955E-01
 0.527031912621871E-01
 0.510524964624410E-01
 0.493252043908551E-01
 0.475296751129234E-01
 0.456743856615200E-01
 0.437678780511736E-01
 0.418187078258984E-01
 0.398353999985704E-01
 0.378264159828324E-01
 0.360066086156359E-01
 0.391437383015074E-01
 0.423327800368450E-01
 0.457491063444043E-01
 0.492034369235917E-01
 0.526834008834270E-01
 0.561762362242943E-01
 0.596689361252513E-01
 0.632248547117157E-01
 0.669022483411024E-01
 0.705512670851136E-01
 0.741578079175957E-01
 0.777075700631751E-01
 0.811860635695134E-01
 0.847476297888928E-01
 0.882983901825856E-01
 0.917441554751900E-01
 0.950699031464232E-01
 0.982609736583474E-01
 0.101400478584469E+00
 0.104568432690544E+00
 0.107569087228275E+00
 0.110616936277182E+00
 0.113729984167274E+00
 0.116648255660734E+00
 0.119357382999398E+00
 0.121843629392613E+00
 0.124343004525272E+00
 0.126694312851167E+00
 0.128793097128316E+00
 0.130627405162595E+00
 0.132455547291662E+00
 0.134112932124405E+00
 0.135481363787871E+00
 0.136624089448596E+00
 0.137802066248684E+00
 0.138671043154711E+00
 0.139238023125016E+00
 0.139914026943880E+00
 0.140265632388446E+00
 0.140380235066717E+00
 0.140545567177099E+00
 0.140375629349493E+00
 0.140166474785358E+00
 0.139824244313447E+00
 0.139228361198067E+00
 0.138734291131735E+00
 0.137897834151547E+00
 0.137198873415563E+00
 0.136232613452240E+00
 0.135302653698387E+00
 0.134228889069807E+00
 0.133120874326105E+00
 0.131961404289797E+00
 0.130717933314966E+00
 0.129493462997059E+00
 0.128312453363979E+00
 0.127086196454698E+00
 0.126016917596053E+00
 0.124713917232009E+00
 0.123664294331544E+00
 0.122332571355208E+00
 0.120680605113276E+00
 0.119309568651811E+00
 0.117755938862777E+00
 0.116461978409462E+00
 0.114999813655637E+00
 0.113727218767568E+00
 0.112392745152462E+00
 0.111139336359654E+00
 0.109889785601664E+00
 0.108658896474194E+00
 0.107506498863368E+00
 0.106295643753613E+00
 0.105227010913005E+00
 0.104039219834681E+00
 0.103038476662044E+00
 0.101871512036461E+00
 0.100429994617317E+00
 0.987147918554758E-01
 0.967279197314343E-01
 0.944725412568268E-01
 0.920505015846381E-01
 0.897045568663321E-01
 0.874448742475784E-01
 0.852788627966256E-01
 0.831696619120819E-01
 0.811620710723344E-01
 0.793490816627695E-01
 0.808414889428856E-01
 0.822086641493383E-01
 0.834852044626550E-01
 0.845243516810913E-01
 0.855980154107641E-01
 0.863427977035631E-01
 0.872296538742029E-01
 0.877191671122571E-01
 0.884308532868902E-01
 0.887512882443608E-01
 0.892502779156127E-01
 0.894230817957194E-01
 0.897347335933695E-01
 0.897816870246448E-01
 0.899262682591856E-01
 0.898689401698372E-01
 0.898624735149341E-01
 0.897214827383057E-01
 0.895768695502517E-01
 0.893974673421326E-01
 0.894929697277181E-01
 0.892428323298926E-01
 0.891164270339318E-01
 0.888225119714302E-01
 0.882097783828991E-01
 0.879207128457198E-01
 0.872838931289470E-01
 0.869987576157917E-01
 0.863903123381098E-01
 0.861126323418673E-01
 0.854801407998137E-01
 0.851979108956845E-01
 0.845951710765630E-01
 0.843331519954317E-01
 0.837283044814415E-01
 0.834303989209409E-01
 0.828398814842691E-01
 0.851298603432320E-01
 0.881680182967904E-01
 0.909541750445025E-01
 0.937973863219869E-01
 0.964552543310321E-01
 0.988347692600984E-01
 0.101557270702913E+00
 0.104025488163056E+00
 0.106190644574992E+00
 0.108329586462276E+00
 0.110306022208012E+00
 0.111960806486389E+00
 0.113498309047781E+00
 0.114949067992410E+00
 0.116065728487983E+00
 0.117084673013893E+00
 0.117994314415553E+00
 0.118563120482497E+00
 0.119163924825871E+00
 0.119532872687019E+00
 0.119664048899775E+00
 0.119849716032791E+00
 0.119691527634217E+00
 0.119604309238512E+00
 0.119281417926358E+00
 0.118883152539309E+00
 0.118416343848660E+00
 0.117765396727636E+00
 0.117175804795522E+00
 0.116322306355588E+00
 0.115630497323175E+00
 0.114616163119785E+00
 0.113842440229379E+00
 0.112742401131015E+00
 0.111864613239764E+00
 0.110706537348814E+00
 0.109742862381702E+00
 0.108904527891326E+00
 0.107991845691794E+00
 0.106906083647863E+00
 0.105964340097357E+00
 0.104713172591165E+00
 0.103509211038715E+00
 0.102281256760722E+00
 0.101117266837875E+00
 0.999106880197624E-01
 0.989070131311857E-01
 0.977242306692411E-01
 0.967269151368627E-01
 0.955799697082621E-01
 0.947290963585499E-01
 0.935926745322998E-01
 0.927343648223282E-01
 0.917313972105073E-01
 0.909190954285240E-01
 0.898809331258828E-01
 0.890890492327328E-01
 0.880241560807824E-01
 0.866937147973431E-01
 0.851062276762153E-01
 0.832711909244057E-01
 0.812305359406275E-01
 0.792226444894310E-01
 0.772890686759737E-01
 0.754153509188137E-01
 0.736216138188122E-01
 0.718655624708584E-01
 0.701950348664878E-01
 0.685751151213933E-01
 0.670034612245523E-01
 0.654801276902088E-01
 0.640032190894017E-01
 0.625691999167562E-01
 0.611730893684524E-01
 0.598094398436403E-01
 0.584969255560561E-01
 0.572446156301921E-01
 0.560167320976246E-01
 0.548057320478773E-01
 0.536036553034631E-01
 0.525003297685487E-01
 0.514062525569103E-01
 0.505471570296033E-01
 0.529599750417040E-01
 0.554757666730133E-01
 0.579352895385101E-01
 0.602774305820561E-01
 0.624886165693504E-01
 0.646239129056078E-01
 0.668073610185211E-01
 0.688275201811938E-01
 0.706721300428395E-01
 0.723604740826013E-01
 0.741155708385010E-01
 0.756657954870500E-01
 0.771428619505608E-01
 0.787450353441229E-01
 0.801178258904669E-01
 0.812513286269459E-01
 0.823972994932849E-01
 0.833717925997315E-01
 0.840845620652596E-01
 0.847729486346629E-01
 0.853144889510599E-01
 0.855765113304433E-01
 0.859029531876285E-01
 0.859920539385859E-01
 0.859311002884272E-01
 0.858598689376208E-01
 0.854908375297817E-01
 0.852656754705556E-01
 0.847480000619356E-01
 0.842899835505897E-01
 0.836423069427194E-01
 0.830078816041989E-01
 0.822494839836651E-01
 0.814862527623866E-01
 0.806368836515122E-01
 0.797820986967996E-01
 0.788611668335020E-01
 0.779456904546703E-01
 0.769713090671118E-01
 0.760346488540495E-01
 0.750715877823105E-01
 0.741511255099648E-01
 0.731539773058796E-01
 0.723324786498030E-01
 0.712956861378281E-01
 0.705318109506596E-01
 0.694821111486733E-01
 0.683813578182750E-01
 0.673681353435535E-01
 0.663560515507323E-01
 0.653746367703188E-01
 0.644479407494716E-01
 0.635017452524131E-01
 0.626265819423621E-01
 0.617110810592653E-01
 0.609289546960576E-01
 0.600471451393017E-01
 0.600802139981644E-01
 0.631579412480257E-01
 0.660242366062215E-01
 0.688908475202552E-01
 0.716570203824680E-01
 0.743725183604933E-01
 0.772259074915148E-01
 0.798258420213561E-01
 0.821645300999589E-01
 0.845925923150732E-01
 0.867674103047926E-01
 0.886613399625932E-01
 0.906457670679602E-01
 0.923570510372110E-01
 0.938260920846374E-01
 0.953544684733573E-01
 0.965799567869757E-01
 0.976996283156245E-01
 0.987418284124661E-01
 0.994742983147352E-01
 0.100315712473978E+00
 0.100872644868809E+00
 0.101361771219330E+00
 0.101757866875188E+00
 0.101941019504748E+00
 0.102192542458476E+00
 0.102131606421394E+00
 0.102235332640519E+00
 0.102048668480600E+00
 0.101939894912258E+00
 0.101645868219053E+00
 0.101356561667372E+00
 0.100972801868164E+00
 0.100529468510205E+00
 0.100073242395324E+00
 0.995316045472333E-01
 0.990524962216760E-01
 0.987271957113349E-01
 0.981723617288829E-01
 0.976798713598907E-01
 0.970839692074322E-01
 0.962014058922424E-01
 0.954820452249138E-01
 0.946061829268294E-01
 0.939092276276872E-01
 0.930381885911333E-01
 0.924112315440005E-01
 0.915494516933211E-01
 0.909223788725105E-01
 0.901025302289073E-01
 0.895221158095876E-01
 0.886855718049764E-01
 0.881108943209836E-01
 0.873670143855157E-01
 0.868002229849405E-01
 0.860205848045337E-01
 0.854619832975181E-01
 0.846526349645504E-01
 0.835971294436793E-01
 0.823010400773382E-01
 0.807708753535496E-01
 0.790164667525983E-01
 0.772178027641696E-01
 0.754795077480953E-01
 0.737990253141586E-01
 0.721601985351696E-01
 0.705969737939542E-01
 0.690677489751753E-01
 0.675792497163506E-01
 0.661353580807177E-01
 0.647381493017910E-01
 0.633854503869682E-01
 0.620766050788982E-01
 0.608071303142363E-01
 0.595722646714440E-01
 0.583660722913853E-01
 0.571821687920883E-01
 0.560138979244090E-01
 0.548948396479014E-01
 0.538225985052962E-01
 0.527561007012089E-01
 0.516880530654672E-01
 0.506954018269694E-01
 0.497187067402063E-01
 0.487297594911042E-01
 0.477999970668791E-01
 0.473350029521123E-01
 0.472703873707014E-01
 0.471559466235119E-01
 0.470228228345890E-01
 0.469243614598803E-01
 0.468921427899510E-01
 0.467274240033119E-01
 0.465884421339579E-01
 0.464012069394075E-01
 0.460942779577441E-01
 0.458834250093761E-01
 0.455750040038331E-01
 0.453346757968255E-01
 0.472244859144874E-01
 0.496527243107363E-01
 0.522511643678777E-01
 0.550164926464350E-01
 0.579443717887447E-01
 0.610294875013076E-01
 0.642655966386622E-01
 0.676455577641099E-01
 0.711613395207731E-01
 0.748040170228880E-01
 0.785637730856162E-01
 0.824299169692005E-01
 0.863909233772650E-01
 0.904344862951682E-01
 0.945475800624620E-01
 0.987165223814830E-01
 0.102927036524280E+00
 0.107164310495579E+00
 0.111413050884283E+00
 0.115833095529413E+00
 0.120263003098937E+00
 0.124672513686067E+00
 0.129044347927432E+00
 0.133360980710040E+00
 0.137604735583433E+00
 0.141757867761970E+00
 0.145802632752300E+00
 0.149951150403806E+00
 0.154017328783824E+00
 0.157936585352038E+00
 0.161690713836067E+00
 0.165662664375276E+00
 0.169557725746399E+00
 0.173256500163512E+00
 0.176740558878533E+00
 0.179991938138455E+00
 0.183096668321516E+00
 0.186214828408346E+00
 0.189062378676793E+00
 0.191622607452351E+00
 0.193879591351764E+00
 0.195990642558569E+00
 0.198040828761405E+00
 0.199755724833415E+00
 0.201121611426089E+00
 0.202267372443947E+00
 0.203394216889687E+00
 0.204146410143623E+00
 0.204513019599692E+00
 0.204898906817010E+00
 0.205014700587117E+00
 0.204726437478936E+00
 0.204423921273524E+00
 0.203896949711603E+00
 0.202952818550337E+00
 0.202158649569729E+00
 0.200996888181801E+00
 0.199663584258457E+00
 0.198312733121173E+00
 0.196552029286037E+00
 0.195040952812655E+00
 0.193105363501792E+00
 0.191308987277568E+00
 0.189244515554901E+00
 0.187227840372972E+00
 0.185063631449698E+00
 0.182892610261929E+00
 0.180656182081641E+00
 0.178541293668594E+00
 0.176452751885855E+00
 0.174539179126575E+00
 0.172359232918744E+00
 0.170414716575837E+00
 0.168074051206862E+00
 0.165459935535610E+00
 0.163158159001933E+00
 0.160782425576274E+00
 0.158517509129707E+00
 0.156336194402149E+00
 0.154111170822616E+00
 0.152119897641494E+00
 0.149932192100154E+00
 0.148117355287587E+00
 0.146059039958933E+00
 0.144299120559914E+00
 0.142409892764020E+00
 0.140683689980075E+00
 0.138906682189624E+00
 0.137211336160852E+00
 0.135179162535782E+00
 0.132809436628584E+00
 0.130102654775549E+00
 0.127060566178628E+00
 0.123690227294659E+00
 0.120282804617675E+00
 0.118351430234289E+00
 0.123204878174275E+00
 0.127674762988261E+00
 0.131956533686862E+00
 0.136205122735309E+00
 0.140041963526304E+00
 0.143625357497920E+00
 0.147205207989842E+00
 0.150351881040322E+00
 0.153262168102398E+00
 0.156133222538707E+00
 0.158556465443218E+00
 0.160858021211471E+00
 0.163001629724368E+00
 0.164689075891690E+00
 0.166471072072834E+00
 0.167887279954603E+00
 0.169046825433072E+00
 0.170210871953188E+00
 0.170915288800697E+00
 0.171748921977949E+00
 0.172223595256806E+00
 0.172589752597962E+00
 0.172859360577155E+00
 0.172816624636481E+00
 0.172906706613843E+00
 0.172549242827125E+00
 0.172442953595163E+00
 0.171936336866508E+00
 0.171540072667883E+00
 0.170909975201494E+00
 0.170261575897989E+00
 0.169794036937067E+00
 0.169412165354774E+00
 0.168604009750412E+00
 0.168045305616596E+00
 0.167164064948223E+00
 0.165870244703329E+00
 0.164848971358795E+00
 0.163546598649787E+00
 0.162547060209791E+00
 0.161264552319895E+00
 0.160344078613918E+00
 0.159070794880569E+00
 0.158142499325610E+00
 0.156981103835428E+00
 0.156048299512653E+00
 0.154881001478567E+00
 0.153945787120133E+00
 0.152889087374847E+00
 0.151953096044920E+00
 0.150882369080368E+00
 0.149948765811927E+00
 0.148653990114750E+00
 0.147006192909610E+00
 0.145014668371818E+00
 0.142689817707073E+00
 0.140043114746635E+00
 0.137092680093944E+00
 0.134100434372865E+00
 0.131197677891427E+00
 0.128389010273212E+00
 0.125654705414479E+00
 0.123017186555135E+00
 0.120436025618981E+00
 0.117925801996556E+00
 0.115511559790077E+00
 0.113158170407237E+00
 0.110864269610157E+00
 0.108626493962815E+00
 0.106440072701084E+00
 0.104346760485662E+00
 0.102307358569272E+00
 0.100313259532551E+00
 0.983554485341813E-01
 0.964247782933072E-01
 0.945757942640934E-01
 0.927967125704060E-01
 0.910309390561524E-01
 0.892688897428309E-01
 0.876362312417111E-01
 0.860180083888555E-01
 0.843884967386947E-01
 0.828682636073590E-01
 0.813753147007666E-01
 0.798567344504132E-01
 0.784716214282065E-01
 0.769135103472766E-01
 0.751892042117298E-01
 0.733060258809354E-01
 0.712717836050166E-01
 0.690947361346962E-01
 0.667835569864012E-01
 0.643473005272133E-01
 0.617953718551260E-01
 0.591374974504191E-01
 0.563836900050324E-01
 0.535442035490239E-01
 0.506294817294918E-01
 0.476501061037861E-01
 0.463122883631064E-01
 0.461418117962756E-01
 0.460521196186744E-01
 0.458925484550414E-01
 0.457886739241818E-01
 0.456300715371629E-01
 0.454764765987561E-01
 0.453267585635762E-01
 0.449967969908863E-01
 0.444975259714575E-01
 0.438405587729378E-01
 0.464198191865249E-01
 0.493436942402268E-01
 0.523194144165891E-01
 0.553351897508323E-01
 0.584852061178430E-01
 0.617009132710096E-01
 0.649326490202365E-01
 0.681671216439166E-01
 0.713909099686636E-01
 0.745904913580307E-01
 0.777522692326598E-01
 0.809984029703096E-01
 0.842511040444782E-01
 0.874361567482274E-01
 0.905393655974410E-01
 0.935467753414611E-01
 0.964447439783267E-01
 0.993579242177371E-01
 0.102244774026170E+00
 0.104992382679599E+00
 0.107753500268717E+00
 0.110596231319044E+00
 0.113275473145203E+00
 0.115778143034676E+00
 0.118091824585790E+00
 0.120288374982406E+00
 0.122491146831550E+00
 0.124478721401668E+00
 0.126240475079887E+00
 0.127766698730541E+00
 0.129362447787023E+00
 0.130728370116780E+00
 0.131838922035393E+00
 0.132747471514153E+00
 0.133687667626826E+00
 0.134357014367659E+00
 0.134749920640388E+00
 0.135186773837806E+00
 0.135403016334717E+00
 0.135333387838279E+00
 0.135330137937076E+00
 0.135093536954116E+00
 0.134633547514750E+00
 0.134247005475220E+00
 0.133568054742916E+00
 0.132892572769015E+00
 0.132081926975530E+00
 0.131122009615906E+00
 0.130199103341940E+00
 0.129016503576774E+00
 0.128000995803735E+00
 0.126697487310059E+00
 0.125558776937538E+00
 0.124184515172149E+00
 0.122957847850790E+00
 0.121577264321909E+00
 0.120385973113476E+00
 0.119070323164876E+00
 0.117855819279675E+00
 0.116583801140226E+00
 0.115342805223292E+00
 0.113831839781277E+00
 0.112218447968259E+00
 0.110730487543929E+00
 0.109276219868207E+00
 0.107808700085675E+00
 0.106465147034960E+00
 0.105021885851203E+00
 0.103798303751774E+00
 0.102414547527896E+00
 0.101262704821032E+00
 0.999679298969211E-01
 0.988332345690547E-01
 0.976530736128775E-01
 0.965394482690103E-01
 0.954119020730130E-01
 0.943162905320533E-01
 0.929882941803706E-01
 0.914302498956210E-01
 0.896454744960950E-01
 0.876382728887244E-01
 0.854139454974257E-01
 0.831171797313510E-01
 0.809185916348663E-01
 0.788031652411951E-01
 0.767631632102609E-01
 0.748131038730430E-01
 0.729167733607712E-01
 0.711080762002188E-01
 0.693674061804356E-01
 0.676844441164301E-01
 0.660579673765371E-01
 0.644849111941493E-01
 0.629609688610820E-01
 0.614807938272403E-01
 0.600438884531307E-01
 0.586837769535386E-01
 0.573590107021391E-01
 0.560618032627850E-01
 0.547845101989755E-01
 0.535579911527058E-01
 0.523923805053021E-01
 0.512341751089397E-01
 0.500763175447926E-01
 0.490204099425834E-01
 0.479627204137794E-01
 0.468939743409999E-01
 0.461717553111463E-01
 0.463615643320175E-01
 0.464707036813830E-01
 0.466580112548404E-01
 0.467022881216255E-01
 0.468857147310553E-01
 0.468930856330998E-01
 0.470763938635150E-01
 0.470160058874093E-01
 0.471975213309294E-01
 0.471359722311836E-01
 0.485977805148535E-01
 0.498761593015036E-01
 0.509635345490800E-01
 0.521319751956540E-01
 0.530950485342437E-01
 0.541130847962507E-01
 0.551198644148406E-01
 0.559013337283649E-01
 0.565927131102616E-01
 0.572245359062571E-01
 0.576154247391214E-01
 0.580283813317282E-01
 0.582635945287276E-01
 0.583725580105329E-01
 0.584609812813604E-01
 0.583194517926349E-01
 0.582729534369246E-01
 0.579653456657124E-01
 0.577641309827516E-01
 0.573330820610818E-01
 0.569958683893041E-01
 0.564579109086532E-01
 0.560232464591969E-01
 0.553955681165687E-01
 0.548950303996584E-01
 0.541945131607740E-01
 0.536533069255919E-01
 0.528963437826859E-01
 0.523327571297861E-01
 0.515351846327496E-01
 0.509623322165016E-01
 0.501474133880906E-01
 0.495642028940399E-01
 0.489578599683935E-01
 0.483686730855018E-01
 0.476799523890303E-01
 0.470842231337733E-01
 0.462411508138648E-01
 0.456359103710179E-01
 0.448281273609019E-01
 0.442478621819468E-01
 0.434821849928819E-01
 0.429742025767015E-01
 0.422313755973605E-01
 0.417362974262686E-01
 0.410607585477337E-01
 0.406067926343075E-01
 0.399315230647316E-01
 0.410322389364805E-01
 0.425702251450201E-01
 0.440144436408843E-01
 0.453922216323277E-01
 0.465735100881128E-01
 0.477861471552183E-01
 0.487209393974075E-01
 0.497696519755323E-01
 0.505264904584962E-01
 0.513700391322398E-01
 0.519609792306980E-01
 0.526207450697562E-01
 0.530572100158450E-01
 0.535578974123054E-01
 0.538543805735472E-01
 0.542175943402824E-01
 0.543902591301146E-01
 0.546352389617157E-01
 0.547008675375945E-01
 0.548430618531155E-01
 0.548187892858730E-01
 0.548695047191209E-01
 0.548024488078343E-01
 0.547945266813759E-01
 0.546896408149849E-01
 0.545982556709906E-01
 0.544393586770563E-01
 0.543352501424545E-01
 0.541133562118071E-01
 0.540493751859312E-01
 0.537996525791462E-01
 0.533737072572023E-01
 0.556633422142429E-01
 0.598440078506621E-01
 0.639300584950716E-01
 0.679048909095372E-01
 0.717862633123105E-01
 0.758616401227246E-01
 0.797840481490334E-01
 0.835368890710418E-01
 0.871040400359962E-01
 0.908074198877472E-01
 0.943467083579287E-01
 0.976595466394194E-01
 0.100731325332151E+00
 0.103877890734448E+00
 0.106835893663788E+00
 0.109517021503010E+00
 0.112577097653770E+00
 0.115349429934980E+00
 0.117813319424171E+00
 0.120150103110360E+00
 0.122422780872620E+00
 0.124356908786189E+00
 0.126008353060287E+00
 0.127726661383719E+00
 0.129081907048930E+00
 0.130142072786236E+00
 0.131271202111306E+00
 0.132018650752892E+00
 0.132605197581978E+00
 0.133128383967776E+00
 0.133257073385958E+00
 0.133499566181236E+00
 0.133415866578444E+00
 0.133234919737413E+00
 0.132960844526186E+00
 0.132431757738716E+00
 0.131990979241099E+00
 0.131180216903914E+00
 0.130597002579132E+00
 0.129610936012946E+00
 0.128860537702541E+00
 0.127758665426221E+00
 0.126853136547327E+00
 0.125660225714357E+00
 0.124635553176347E+00
 0.123374979567576E+00
 0.122354396345872E+00
 0.121252060123609E+00
 0.120297960079472E+00
 0.119077451526362E+00
 0.118090978729820E+00
 0.116726601974150E+00
 0.115287976400369E+00
 0.113953307792508E+00
 0.112616155124469E+00
 0.111308400696228E+00
 0.110085402495710E+00
 0.108807899968825E+00
 0.107650837477919E+00
 0.106400835230577E+00
 0.105358845738899E+00
 0.104139158316089E+00
 0.103129652911486E+00
 0.101938028283921E+00
 0.101046142067369E+00
 0.998843765110099E-01
 0.989967568882232E-01
 0.978635639904810E-01
 0.964052081065078E-01
 0.946248673437316E-01
 0.925269797806441E-01
 0.915215490392132E-01
 0.943380830209172E-01
 0.971404038243339E-01
 0.997492936602446E-01
 0.101999755307230E+00
 0.104318761642315E+00
 0.106339503970258E+00
 0.108078523551672E+00
 0.109870617869312E+00
 0.111277880357307E+00
 0.112647026301167E+00
 0.113826354635309E+00
 0.114731996352221E+00
 0.115697472771137E+00
 0.116266827343032E+00
 0.116962292521375E+00
 0.117333298089881E+00
 0.117690565489008E+00
 0.117884271203930E+00
 0.117948966339173E+00
 0.117987567317618E+00
 0.117800536306547E+00
 0.117706082699419E+00
 0.117302500683283E+00
 0.117096857271435E+00
 0.116505563500490E+00
 0.116210093519775E+00
 0.115532361330999E+00
 0.115089737178932E+00
 0.114695361561216E+00
 0.114278274656577E+00
 0.113585941038495E+00
 0.113118922531661E+00
 0.112283613357051E+00
 0.111378868087027E+00
 0.110551257987431E+00
 0.109646668919742E+00
 0.108825435068352E+00
 0.108014467720008E+00
 0.107203637978296E+00
 0.106369725737371E+00
 0.105568403030847E+00
 0.104838276611872E+00
 0.104049197596707E+00
 0.103275911693202E+00
 0.102499115420378E+00
 0.101835764339593E+00
 0.101072267165921E+00
 0.100352219433109E+00
 0.996035264019922E-01
 0.985373882424509E-01
 0.971596733368039E-01
 0.954773522144574E-01
 0.934990613276494E-01
 0.914240011160348E-01
 0.894244706045259E-01
 0.874792092959621E-01
 0.855937211058073E-01
 0.837679153136435E-01
 0.833113958875431E-01
 0.850717318250235E-01
 0.866208584694621E-01
 0.881816892349561E-01
 0.896003316204531E-01
 0.908108950873370E-01
 0.919403064391803E-01
 0.930214017192532E-01
 0.939012693720519E-01
 0.946458839982863E-01
 0.954024946942175E-01
 0.959678470616686E-01
 0.963798045690861E-01
 0.968317888390023E-01
 0.971050256815537E-01
 0.972383407372780E-01
 0.974104480744763E-01
 0.974180982861424E-01
 0.973238596846003E-01
 0.972436834160472E-01
 0.970146245698279E-01
 0.967393270544488E-01
 0.964358222523963E-01
 0.959999340920162E-01
 0.955850356764432E-01
 0.950874828061293E-01
 0.945066532939064E-01
 0.939560334729457E-01
 0.932932172402328E-01
 0.926446334619105E-01
 0.919398663992314E-01
 0.912238462876520E-01
 0.906786399769813E-01
 0.900146478844428E-01
 0.892549501265395E-01
 0.885620223335004E-01
 0.877655992177792E-01
 0.868790980500052E-01
 0.859774573118675E-01
 0.850832064649898E-01
 0.857948958946332E-01
 0.868660957356708E-01
 0.881821654231655E-01
 0.896106727633411E-01
 0.911460939367982E-01
 0.927819753036592E-01
 0.945109713824968E-01
 0.963248910872665E-01
 0.982147437707892E-01
 0.100170778191949E+00
 0.102182514189675E+00
 0.104238774041538E+00
 0.106327723011900E+00
 0.108436924744980E+00
 0.110553409953294E+00
 0.112663751475718E+00
 0.114754138488717E+00
 0.116810446566311E+00
 0.118818304652961E+00
 0.120763161623843E+00
 0.122630353790303E+00
 0.124405172949819E+00
 0.126072934789048E+00
 0.127767070965438E+00
 0.129370159077968E+00
 0.130837260617803E+00
 0.132153778050676E+00
 0.133305419682726E+00
 0.134278271009521E+00
 0.135258323280134E+00
 0.136101437407618E+00
 0.136739440848181E+00
 0.137159580470270E+00
 0.137447346972037E+00
 0.137714713104083E+00
 0.137741778831520E+00
 0.137517540494748E+00
 0.137288050857691E+00
 0.136901723573058E+00
 0.136246392655368E+00
 0.135574155914673E+00
 0.134765074636585E+00
 0.133673125861214E+00
 0.132709183291201E+00
 0.131478274974471E+00
 0.130191694849732E+00
 0.128842734587178E+00
 0.127314832263054E+00
 0.125869137729151E+00
 0.124169016373487E+00
 0.122647342493557E+00
 0.120833051284339E+00
 0.119254874420915E+00
 0.117386871162357E+00
 0.115776911710340E+00
 0.114018071321304E+00
 0.112422432167916E+00
 0.110779049469651E+00
 0.109132986025170E+00
 0.107612220351785E+00
 0.105959531312750E+00
 0.104031263276899E+00
 0.102275995052894E+00
 0.100422674785641E+00
 0.988424384976988E-01
 0.971093645076477E-01
 0.955663828080918E-01
 0.940113523715396E-01
 0.925018916271250E-01
 0.910527186386647E-01
 0.895798751309104E-01
 0.882702991160376E-01
 0.868297132641691E-01
 0.856210886635030E-01
 0.842551334590196E-01
 0.842374795021424E-01
 0.889415005586749E-01
 0.933937589971756E-01
 0.976863791518497E-01
 0.102047404711098E+00
 0.106183721970329E+00
 0.110551170419889E+00
 0.114762248325300E+00
 0.118653684265051E+00
 0.122354815721053E+00
 0.126061059988087E+00
 0.129417956010440E+00
 0.132438101443284E+00
 0.135574975315820E+00
 0.138338449511617E+00
 0.140721146892670E+00
 0.143234281946418E+00
 0.145366469898850E+00
 0.147157336452851E+00
 0.149043978854294E+00
 0.150526351673185E+00
 0.151827419433048E+00
 0.153069633991539E+00
 0.153900409002475E+00
 0.154816050258887E+00
 0.155421355784222E+00
 0.155851699112257E+00
 0.156252722994622E+00
 0.156260709886026E+00
 0.156479922607955E+00
 0.156287699621630E+00
 0.156184218744735E+00
 0.155836327606862E+00
 0.155439329260891E+00
 0.154960075244398E+00
 0.154312154403908E+00
 0.153724997359222E+00
 0.152885733044307E+00
 0.152262096423387E+00
 0.151813181830492E+00
 0.151072911459305E+00
 0.150340386261492E+00
 0.149537629996747E+00
 0.148353916193378E+00
 0.147183727391141E+00
 0.145997341822410E+00
 0.144883055101728E+00
 0.143694552525410E+00
 0.142665332551743E+00
 0.141478985660585E+00
 0.140487439622981E+00
 0.139303514239097E+00
 0.138399027594817E+00
 0.137220956008680E+00
 0.136336393750454E+00
 0.135194478926761E+00
 0.134367850692779E+00
 0.133236919992872E+00
 0.132414268525020E+00
 0.131260681427792E+00
 0.129780741247830E+00
 0.127980204113410E+00
 0.125865985895208E+00
 0.123446140087409E+00
 0.120741232787405E+00
 0.118022936854548E+00
 0.115383261128009E+00
 0.112838814257454E+00
 0.110369852138810E+00
 0.107977171568128E+00
 0.105639147365549E+00
 0.103391721786969E+00
 0.101215600788433E+00
 0.990982035024671E-01
 0.970380591122144E-01
 0.950315472205270E-01
 0.930737796784075E-01
 0.911808867349528E-01
 0.893628372601485E-01
 0.875870233393305E-01
 0.858448254130537E-01
 0.841269326410518E-01
 0.824630318109923E-01
 0.808859164648342E-01
 0.793191076153063E-01
 0.777531711073005E-01
 0.762905955353276E-01
 0.748557468823940E-01
 0.734069670291170E-01
 0.720475454115013E-01
 0.707222058970137E-01
 0.693688162716505E-01
 0.681336518751809E-01
 0.667354831048573E-01
 0.651792069451247E-01
 0.634702871605852E-01
 0.616353741712497E-01
 0.614605787099910E-01
 0.611100793896330E-01
 0.608778732540377E-01
 0.605349511145433E-01
 0.603658317843359E-01
 0.600324312927748E-01
 0.597988375749020E-01
 0.594838775405989E-01
 0.593001645050073E-01
 0.589858629461876E-01
 0.587557393511457E-01
 0.584594656006586E-01
 0.582621649263211E-01
 0.579685444451115E-01
 0.577116727012271E-01
 0.574302310905880E-01
 0.569169110001229E-01
 0.561809788721087E-01
 0.552326691473426E-01
 0.541621543629115E-01
 0.531181455425950E-01
 0.521061059837214E-01
 0.511218170383051E-01
 0.501628794846858E-01
 0.492176038657874E-01
 0.495787843619259E-01
 0.535213296854246E-01
 0.576280868444675E-01
 0.619309779549071E-01
 0.662902102743731E-01
 0.706903820447266E-01
 0.751157499770013E-01
 0.795502581120199E-01
 0.840442095075634E-01
 0.887241938537037E-01
 0.933782237788918E-01
 0.979886981301284E-01
 0.102538084597057E+00
 0.107009025885379E+00
 0.111438763614923E+00
 0.116017296765058E+00
 0.120478785303305E+00
 0.124805877124163E+00
 0.128981535387574E+00
 0.132989089622512E+00
 0.136978063954342E+00
 0.140957543565396E+00
 0.144730687485800E+00
 0.148281895315108E+00
 0.152157710827377E+00
 0.155827052433408E+00
 0.159243842872871E+00
 0.162393564838104E+00
 0.165406529802857E+00
 0.168399800803243E+00
 0.171093983659311E+00
 0.173476964860710E+00
 0.175549123036152E+00
 0.177728100835150E+00
 0.179570429308112E+00
 0.181066942498595E+00
 0.182313082220437E+00
 0.183579333657120E+00
 0.184481664742376E+00
 0.185014236518108E+00
 0.185603225194371E+00
 0.185898901750895E+00
 0.185814217742955E+00
 0.185788001992835E+00
 0.185479876727966E+00
 0.184820673112062E+00
 0.184311410807993E+00
 0.183415151825829E+00
 0.182443133242625E+00
 0.181370139475449E+00
 0.179999211273772E+00
 0.178775384027293E+00
 0.177168466239466E+00
 0.175741870087084E+00
 0.174013079163300E+00
 0.172366863815217E+00
 0.170542028735644E+00
 0.168735073127687E+00
 0.166838541525918E+00
 0.165065184978013E+00
 0.163310325626841E+00
 0.161689290725377E+00
 0.159821648654956E+00
 0.158164528609284E+00
 0.156151924435464E+00
 0.153864494663859E+00
 0.151880619874725E+00
 0.149783066154070E+00
 0.147825241528487E+00
 0.145915742555991E+00
 0.143988245474622E+00
 0.142218604366439E+00
 0.140318645674688E+00
 0.138729711521692E+00
 0.136888365155090E+00
 0.135365628732957E+00
 0.133703678434244E+00
 0.132206819763722E+00
 0.130606324490220E+00
 0.129133941617371E+00
 0.127355117964201E+00
 0.125273513663180E+00
 0.122893932617050E+00
 0.120222303271367E+00
 0.117265656549571E+00
 0.114122767679422E+00
 0.111084374014433E+00
 0.108159878682082E+00
 0.105363623693520E+00
 0.102661306910030E+00
 0.100066355210961E+00
 0.975490804380050E-01
 0.951155548832270E-01
 0.927874324905815E-01
 0.905367242846644E-01
 0.883556961337479E-01
 0.862391720771508E-01
 0.842153432503084E-01
 0.822588521310153E-01
 0.803597935803408E-01
 0.785090954913070E-01
 0.790723118492524E-01
 0.801843095014882E-01
 0.810526037589425E-01
 0.819207701570162E-01
 0.826574073082798E-01
 0.832986265334760E-01
 0.839184209730040E-01
 0.843480694418366E-01
 0.848658159351177E-01
 0.850979276898585E-01
 0.855282319827921E-01
 0.856756937932119E-01
 0.859323720765421E-01
 0.861864413404561E-01
 0.864851064797772E-01
 0.865074093140624E-01
 0.866933428778122E-01
 0.866614390792901E-01
 0.863775002797453E-01
 0.863270484464053E-01
 0.860161607923386E-01
 0.859120270415812E-01
 0.855941437499599E-01
 0.855113959467152E-01
 0.851758080113358E-01
 0.850261823569545E-01
 0.846842778277091E-01
 0.845774429060000E-01
 0.842248178789394E-01
 0.840409672033844E-01
 0.836827391052665E-01
 0.835557830020274E-01
 0.831925265798766E-01
 0.829844066402112E-01
 0.826191760407329E-01
 0.820261545509075E-01
 0.812142843654468E-01
 0.801932736753529E-01
 0.789735473303334E-01
 0.775679788229020E-01
 0.761185567457760E-01
 0.747088844493767E-01
 0.733336919046080E-01
 0.719871407101460E-01
 0.706850553364897E-01
 0.694123060297954E-01
 0.681642599098829E-01
 0.669442310210593E-01
 0.657531587977598E-01
 0.645908132002861E-01
 0.634555329754813E-01
 0.623444176702668E-01
 0.612538465757103E-01
 0.601795686046035E-01
 0.591167049349995E-01
 0.580983355143636E-01
 0.571081754011944E-01
 0.561237913421745E-01
 0.551394499739721E-01
 0.542060061747093E-01
 0.532956178962064E-01
 0.523781954052759E-01
 0.514866799151477E-01
 0.506429986669300E-01
 0.497846217600106E-01
 0.489540577168501E-01
 0.481675427977049E-01
 0.473590409268416E-01
 0.466042370460363E-01
 0.457458108318021E-01
 0.447901000166107E-01
 0.437437453487782E-01
 0.426136514259468E-01
 0.414069467248503E-01
 0.401309458950953E-01
 0.387931163520130E-01
 0.374010485945942E-01
 0.359624271817339E-01
 0.344849987648643E-01
 0.329765352734398E-01
 0.314447928826330E-01
 0.298974691557528E-01
 0.283421612241926E-01
 0.298237027441889E-01
 0.332112700705131E-01
 0.368651274177301E-01
 0.406015342872856E-01
 0.443633409669882E-01
 0.481373122012949E-01
 0.520299527800141E-01
 0.560737472711285E-01
 0.600992203154928E-01
 0.640912848377819E-01
 0.680347568113652E-01
 0.720915248113553E-01
 0.761944546371391E-01
 0.802129158338283E-01
 0.841308300467522E-01
 0.879322357879483E-01
 0.918096171814217E-01
 0.956546737562589E-01
 0.993452238270363E-01
 0.102865463035548E+00
 0.106200069172439E+00
 0.109645036584874E+00
 0.112917140327450E+00
 0.116004721795547E+00
 0.119392835713362E+00
 0.122553776792617E+00
 0.125462811710749E+00
 0.128105817312070E+00
 0.130787438981538E+00
 0.133267043139686E+00
 0.135449233290997E+00
 0.137342704614433E+00
 0.139332756814158E+00
 0.140998618454941E+00
 0.142329994366905E+00
 0.143648735224439E+00
 0.144760919250213E+00
 0.145518638547518E+00
 0.146265175108875E+00
 0.146803470123619E+00
 0.146972508999599E+00
 0.147279844109279E+00
 0.147239423023875E+00
 0.147055912525286E+00
 0.146826337509015E+00
 0.146234873778143E+00
 0.145838237262027E+00
 0.145059522877948E+00
 0.144372806104298E+00
 0.143450874176180E+00
 0.142518583109185E+00
 0.141477756087491E+00
 0.140353840167244E+00
 0.139217963770638E+00
 0.137946642208334E+00
 0.136738533107699E+00
 0.135493849067357E+00
 0.134283090843081E+00
 0.133215860761134E+00
 0.131919999674224E+00
 0.130828139456646E+00
 0.129500299151899E+00
 0.127814909646651E+00
 0.126408663831418E+00
 0.124774875179126E+00
 0.123486886241372E+00
 0.121951413872724E+00
 0.120685943036271E+00
 0.119272088930861E+00
 0.118026975894578E+00
 0.116703445162544E+00
 0.115482023683208E+00
 0.114251256309968E+00
 0.113051174878197E+00
 0.111906774062656E+00
 0.110730991682406E+00
 0.109653405069585E+00
 0.108499827530806E+00
 0.107038964794739E+00
 0.105272023661278E+00
 0.103201401928425E+00
 0.100830693062951E+00
 0.982881179007820E-01
 0.958223409349745E-01
 0.934490233787160E-01
 0.911739760000340E-01
 0.925501653573271E-01
 0.947732609780514E-01
 0.965997926520758E-01
 0.984856046335129E-01
 0.100066736868131E+00
 0.101495938445971E+00
 0.102841054338154E+00
 0.103857925311284E+00
 0.104981149311474E+00
 0.105679705315030E+00
 0.106549333159177E+00
 0.107041013371113E+00
 0.107608649076012E+00
 0.107915591461506E+00
 0.108219942192495E+00
 0.108365388077858E+00
 0.108440501303466E+00
 0.108447866926036E+00
 0.108322167958738E+00
 0.108214787822063E+00
 0.107911729723668E+00
 0.107712282942134E+00
 0.107250288646659E+00
 0.106980395323284E+00
 0.106844921902972E+00
 0.106523429958535E+00
 0.106097946878070E+00
 0.105727509913337E+00
 0.104955812339150E+00
 0.104380140439356E+00
 0.103619429190471E+00
 0.103020684355364E+00
 0.102270043749238E+00
 0.101733981808735E+00
 0.100996773035237E+00
 0.100420278001108E+00
 0.996956645267619E-01
 0.991943168108345E-01
 0.984847905312688E-01
 0.979262060496106E-01
 0.972315068756189E-01
 0.967579804740198E-01
 0.960793427480219E-01
 0.955359335545384E-01
 0.948741333241513E-01
 0.949402778101298E-01
 0.979374902411994E-01
 0.100658964088493E+00
 0.103433393112492E+00
 0.106256759665975E+00
 0.108780874236067E+00
 0.111098125044509E+00
 0.113443970058038E+00
 0.115474255293110E+00
 0.117187168415966E+00
 0.119000272805395E+00
 0.120509686867869E+00
 0.121693609313890E+00
 0.122953688371843E+00
 0.123932786661401E+00
 0.124599819454776E+00
 0.125384797122065E+00
 0.125839187635982E+00
 0.126137888050526E+00
 0.126411117066175E+00
 0.126358565598028E+00
 0.126389332216120E+00
 0.126174091956158E+00
 0.125859486318650E+00
 0.125500865400028E+00
 0.124900364988978E+00
 0.124418122037332E+00
 0.123624701754414E+00
 0.122997899649455E+00
 0.122104053745394E+00
 0.121303209361700E+00
 0.120328144657283E+00
 0.119389050317093E+00
 0.118351015215881E+00
 0.117303399346305E+00
 0.116424031364055E+00
 0.115597174213541E+00
 0.114479033275203E+00
 0.113579732103088E+00
 0.112430783624286E+00
 0.111088681863846E+00
 0.109953673831152E+00
 0.108652366482921E+00
 0.107530025969336E+00
 0.106399421404602E+00
 0.105292399639753E+00
 0.104171964252098E+00
 0.103079875294881E+00
 0.102125440293514E+00
 0.101049375397456E+00
 0.100082672950089E+00
 0.990236310168426E-01
 0.982129777406913E-01
 0.971701344780192E-01
 0.963362804935752E-01
 0.953123957351774E-01
 0.940425146066135E-01
 0.925366977461008E-01
 0.908058794331892E-01
 0.888618099429082E-01
 0.867294164090384E-01
 0.846078406766844E-01
 0.825668000496322E-01
 0.805901786838300E-01
 0.787000740839418E-01
 0.768499981142634E-01
 0.750841882964079E-01
 0.733716080495946E-01
 0.717094903362923E-01
 0.700981655425322E-01
 0.685360002694565E-01
 0.670202723979529E-01
 0.655468301686929E-01
 0.641106531531958E-01
 0.627062608007130E-01
 0.613636695801291E-01
 0.600694191779228E-01
 0.599493470366591E-01
 0.617229273762160E-01
 0.634443016619540E-01
 0.650642956308530E-01
 0.665699492172218E-01
 0.679487575426727E-01
 0.693106594262983E-01
 0.706256629109210E-01
 0.717983235043796E-01
 0.730295225979790E-01
 0.742286862945560E-01
 0.752506985013539E-01
 0.760845031436491E-01
 0.768479565685146E-01
 0.775552036964781E-01
 0.780509258197571E-01
 0.783535810049780E-01
 0.787100580848917E-01
 0.788355793190643E-01
 0.787747980209433E-01
 0.787578248113335E-01
 0.784946017374465E-01
 0.781775590745720E-01
 0.777763156755576E-01
 0.771783344675656E-01
 0.766537918557738E-01
 0.758681226589948E-01
 0.752072581354047E-01
 0.743122116720548E-01
 0.735103672805906E-01
 0.725242128585402E-01
 0.716283351086638E-01
 0.705691803375639E-01
 0.696166935716490E-01
 0.685022024473715E-01
 0.675221169227249E-01
 0.664075714310734E-01
 0.654780282043868E-01
 0.643459325586103E-01
 0.634065607975177E-01
 0.622887327912927E-01
 0.613557801118102E-01
 0.603815264947381E-01
 0.594454593106672E-01
 0.582604275546983E-01
 0.572426833308810E-01
 0.560994168206357E-01
 0.551953060604272E-01
 0.540890227206587E-01
 0.532539576619615E-01
 0.522328524833632E-01
 0.514564727393425E-01
 0.549212821187031E-01
 0.582207823723504E-01
 0.616007067535328E-01
 0.648723074497116E-01
 0.679474460927330E-01
 0.709429519661066E-01
 0.739354013900894E-01
 0.768507852037654E-01
 0.798706979235693E-01
 0.827229711466540E-01
 0.853259141016109E-01
 0.878634886566169E-01
 0.903149853491783E-01
 0.924946588801397E-01
 0.945525247037449E-01
 0.965573875668547E-01
 0.982726826947157E-01
 0.998862352017802E-01
 0.101415263441279E+00
 0.102641868246332E+00
 0.103871057910978E+00
 0.104910265909243E+00
 0.105695855672306E+00
 0.106558176860951E+00
 0.107106659699644E+00
 0.107648922785146E+00
 0.108032154086532E+00
 0.108245985270251E+00
 0.108480388925539E+00
 0.108410335248680E+00
 0.108513267087129E+00
 0.108302374344175E+00
 0.108189078465909E+00
 0.107866878610345E+00
 0.107560424803605E+00
 0.107145157098795E+00
 0.106674379366544E+00
 0.106183780784999E+00
 0.105634940721970E+00
 0.105120735129697E+00
 0.104750031505530E+00
 0.104155624129803E+00
 0.103644987331886E+00
 0.103007686702135E+00
 0.102079950487768E+00
 0.101295021638605E+00
 0.100372128736196E+00
 0.996244702469301E-01
 0.987052162874616E-01
 0.980207731285782E-01
 0.971093538903067E-01
 0.964395750135907E-01
 0.955688841091995E-01
 0.949395703423930E-01
 0.940652792634182E-01
 0.934403144385764E-01
 0.926545906374685E-01
 0.920368285836373E-01
 0.912243838430372E-01
 0.906134137032332E-01
 0.897495520928034E-01
 0.886366017255321E-01
 0.872793742591941E-01
 0.856836621109037E-01
 0.838562024956211E-01
 0.819322596757486E-01
 0.800726761870514E-01
 0.782719396496368E-01
 0.765318393513160E-01
 0.748484926490904E-01
 0.732235014970241E-01
 0.716401661885108E-01
 0.701028256748896E-01
 0.686133312547215E-01
 0.671715378362892E-01
 0.657752045057962E-01
 0.644208293371318E-01
 0.631034542405340E-01
 0.618173484013295E-01
 0.605560592068313E-01
 0.593126720462131E-01
 0.581421294083443E-01
 0.569992286858103E-01
 0.558639591602202E-01
 0.547289783437480E-01
 0.536885158200234E-01
 0.526484000877463E-01
 0.515971897501233E-01
 0.506213718776920E-01
 0.496603867568045E-01
 0.486772012491856E-01
 0.477850731222496E-01
 0.468862053943930E-01
 0.459781660147885E-01
 0.452632434113268E-01
 0.450271407400612E-01
 0.448776132727010E-01
 0.446478351662006E-01
 0.444538078846040E-01
 0.442311967177330E-01
 0.440828282175057E-01
 0.438629786243398E-01
 0.436722484961932E-01
 0.434653105890019E-01
 0.433084560716635E-01
 0.431001151268289E-01
 0.429143482072326E-01
 0.427185999181604E-01
 0.425536031148767E-01
 0.423580706033092E-01
 0.434974474745159E-01
 0.468057642011348E-01
 0.502894025415306E-01
 0.539821341135992E-01
 0.578080612129698E-01
 0.617557522913412E-01
 0.658129227770062E-01
 0.699665000423835E-01
 0.742027034519178E-01
 0.785071289083378E-01
 0.828648272199321E-01
 0.873468300765657E-01
 0.919789498784196E-01
 0.966332673945936E-01
 0.101292546395116E+00
 0.105939211745441E+00
 0.110555444786239E+00
 0.115123285098884E+00
 0.119624724648991E+00
 0.124263254136978E+00
 0.128863884630056E+00
 0.133357725318762E+00
 0.137726192061927E+00
 0.142562415258347E+00
 0.147283178242645E+00
 0.151855737982673E+00
 0.156260966142759E+00
 0.160480151707567E+00
 0.164495063528800E+00
 0.168567622923984E+00
 0.172495467947517E+00
 0.176178534402571E+00
 0.179599878834204E+00
 0.182743325499730E+00
 0.185733447401168E+00
 0.188695997328201E+00
 0.191346104508920E+00
 0.193669710726074E+00
 0.195653755556470E+00
 0.197601801084772E+00
 0.199339802953561E+00
 0.200711585804105E+00
 0.201707019105438E+00
 0.202645616192331E+00
 0.203370582610180E+00
 0.203700196494450E+00
 0.203684881213265E+00
 0.203746152613352E+00
 0.203398913135145E+00
 0.202638664207212E+00
 0.201993001801388E+00
 0.200973697836382E+00
 0.199551901760452E+00
 0.198298819836487E+00
 0.196628503437066E+00
 0.194758351545930E+00
 0.192886493594921E+00
 0.190602000177047E+00
 0.188463083878905E+00
 0.186018357187658E+00
 0.183513359855529E+00
 0.180948662794414E+00
 0.178200446523255E+00
 0.175556858207770E+00
 0.172691412647701E+00
 0.170009337001454E+00
 0.167424939493361E+00
 0.164863630720322E+00
 0.162603196210337E+00
 0.160146499054419E+00
 0.157878429903200E+00
 0.155604822877741E+00
 0.153345909669940E+00
 0.151381489000612E+00
 0.149270133080964E+00
 0.147406103543639E+00
 0.145379159540978E+00
 0.143554195963460E+00
 0.141811445434329E+00
 0.139999457851040E+00
 0.138300426051446E+00
 0.136498274522202E+00
 0.134836233357937E+00
 0.133054316287927E+00
 0.131423954121650E+00
 0.129672223555788E+00
 0.127620224037556E+00
 0.125271211241357E+00
 0.122629524129469E+00
 0.119700559395014E+00
 0.116490750875482E+00
 0.113051666825887E+00
 0.109700930516290E+00
 0.106497508981826E+00
 0.103447747690826E+00
 0.100534401487636E+00
 0.989382049563112E-01
 0.101668504721692E+00
 0.104036011673641E+00
 0.106426657926646E+00
 0.108505672796502E+00
 0.110214404038421E+00
 0.111868437348994E+00
 0.113277760944712E+00
 0.114316291721488E+00
 0.115265237809412E+00
 0.116015051307801E+00
 0.116400863708539E+00
 0.116734857899708E+00
 0.116859155585542E+00
 0.116632946128039E+00
 0.116493200996857E+00
 0.116047173532521E+00
 0.115453872338851E+00
 0.114829452059921E+00
 0.113907250515645E+00
 0.113147478864451E+00
 0.112383178020347E+00
 0.111653046075285E+00
 0.110867065168362E+00
 0.110034858465282E+00
 0.109409700399870E+00
 0.108635877125643E+00
 0.108057762704727E+00
 0.107317125792252E+00
 0.106774838950218E+00
 0.106235869631579E+00
 0.105620799717257E+00
 0.105096226319514E+00
 0.104427348044404E+00
 0.103942948145433E+00
 0.103260309677532E+00
 0.102794379960276E+00
 0.102141190415312E+00
 0.101647001149678E+00
 0.101002033480591E+00
 0.100486572305033E+00
 0.998282817168038E-01
 0.992985509823106E-01
 0.986103470910918E-01
 0.980732989351730E-01
 0.973453838406217E-01
 0.968077528774142E-01
 0.960205861076313E-01
 0.949921000165262E-01
 0.937313026856130E-01
 0.922480044305950E-01
 0.905527900210790E-01
 0.886569423630524E-01
 0.865723270953265E-01
 0.843849650419222E-01
 0.824129638895244E-01
 0.806518366192630E-01
 0.790328023055711E-01
 0.775596870094299E-01
 0.761648252791535E-01
 0.748430356431970E-01
 0.735863803911285E-01
 0.723846742759512E-01
 0.712263784137413E-01
 0.700995214530828E-01
 0.689921590685387E-01
 0.678928380163388E-01
 0.667916597636825E-01
 0.657583846283860E-01
 0.647172631076370E-01
 0.636608888211366E-01
 0.626324781213435E-01
 0.616334429383137E-01
 0.606123777274896E-01
 0.596096722905240E-01
 0.586479938195535E-01
 0.576605111073564E-01
 0.567039385036496E-01
 0.557789653088778E-01
 0.548250546581650E-01
 0.539325088423735E-01
 0.530431300520231E-01
 0.521310640534533E-01
 0.511089109557770E-01
 0.499825402390520E-01
 0.487581348329105E-01
 0.474421534084065E-01
 0.460412876286319E-01
 0.445624193672563E-01
 0.430125822353268E-01
 0.413989286706825E-01
 0.397287002019195E-01
 0.380091965901603E-01
 0.362477406140770E-01
 0.344516386510373E-01
 0.326281407721434E-01
 0.307844055172633E-01
 0.289274728527018E-01
 0.270642449441794E-01
 0.252014704970711E-01
 0.233457266528963E-01
 0.215033936562940E-01
 0.196806210157362E-01
 0.178832879813833E-01
 0.161169641229258E-01
 0.147475824906210E-01
 0.144150125757015E-01
 0.141120194806551E-01
 0.138687688868759E-01
 0.136686423994245E-01
 0.134959337085654E-01
 0.133417142500588E-01
 0.132019265874635E-01
 0.130716681348525E-01
 0.129462918736900E-01
 0.128216330585421E-01
 0.126932130353001E-01
 0.125579889195870E-01
 0.124233373795527E-01
 0.122887550687322E-01
 0.121444015734348E-01
 0.119932503646493E-01
 0.118487344786257E-01
 0.116938738133813E-01
 0.115315797336921E-01
 0.113786001061382E-01
 0.112168014575868E-01
 0.110492792423509E-01
 0.108928429775092E-01
 0.107298241531526E-01
 0.105631651353696E-01
 0.104097051881252E-01
 0.102523637833388E-01
 0.100917419345426E-01
 0.994737526681712E-02
 0.980159964027759E-02
 0.965354364984060E-02
 0.952015960394285E-02
 0.938922491545716E-02
 0.925014821762403E-02
 0.908863472293860E-02
 0.890735591169906E-02
 0.870891525568015E-02
 0.849584431163338E-02
 0.833154154702235E-02
 0.826726331571389E-02
 0.819520186852132E-02
 0.813872163948215E-02
 0.806673458548058E-02
 0.799153084075121E-02
 0.792257412681136E-02
 0.787053160660842E-02
 0.778865446553792E-02
 0.772985388693708E-02
 0.765164823024212E-02
 0.759061965895951E-02
 0.750150020612932E-02
 0.741355134413513E-02
 0.732860690796284E-02
 0.722874627728214E-02
 0.713447966530291E-02
 0.704040023032597E-02
 0.693287642900642E-02
 0.683171168362201E-02
 0.673144221536135E-02
 0.661940044753413E-02
 0.651155628903284E-02
 0.640693506007352E-02
 0.629238918004697E-02
 0.617731119358576E-02
 0.606978120499502E-02
 0.595312841546962E-02
 0.583461469035744E-02
 0.572730543571001E-02
 0.561218454662456E-02
 0.548986187360911E-02
 0.538159470042115E-02
 0.526967075783135E-02
 0.515137533063659E-02
 0.504227408116879E-02
 0.493251684597035E-02
 0.481949992339505E-02
 0.476214685315591E-02
 0.477507308791005E-02
 0.478772260805699E-02
 0.480011385825441E-02
 0.481229827402913E-02
 0.482430719482093E-02
 0.483611780111321E-02
 0.484765190044188E-02
 0.485880145586091E-02
 0.486946351328121E-02
 0.487956867065367E-02
 0.488909530110231E-02
 0.489806816491464E-02
 0.490654243335167E-02
 0.491457619198325E-02
 0.492219951030636E-02
 0.492939367683681E-02
 0.493609363016075E-02
 0.494221643549487E-02
 0.494770346202347E-02
 0.495255398644000E-02
 0.495683114035258E-02
 0.496063632106924E-02
 0.496406589772342E-02
 0.496717328749020E-02
 0.496995524003604E-02
 0.497236704026118E-02
 0.497435626969416E-02
 0.497589704406618E-02
 0.497700920001587E-02
 0.497775647439119E-02
 0.497822780587299E-02
 0.497851131619992E-02
 0.497867046465091E-02
 0.497872916813594E-02
 0.497867027496165E-02
 0.497844959222290E-02
 0.497802329015811E-02
 0.497737926557740E-02
 0.497655701521012E-02
 0.497564236609023E-02
 0.497473566348581E-02
 0.497390868171203E-02
 0.497317473576282E-02
 0.497248991570790E-02
 0.497178420251102E-02
 0.497100282360202E-02
 0.497013379053005E-02
 0.496920941562337E-02
 0.496828742384229E-02
 0.496742722102133E-02
 0.496667329111868E-02
 0.496604703636045E-02
 0.496554214434568E-02
 0.496512204530251E-02
 0.496472544831851E-02
 0.496428666605442E-02
 0.496376721684377E-02
 0.496318173577387E-02
 0.496259805452931E-02
 0.496210498349376E-02
 0.496176378194406E-02
 0.496157312150941E-02
 0.496147027078225E-02
 0.496136727133172E-02
 0.496119786114815E-02
 0.496094600667405E-02
 0.496064261625040E-02
 0.496033966894348E-02
 0.496008290145988E-02
 0.495989833687111E-02
 0.495979256941887E-02
 0.495975659701287E-02
 0.495976587945262E-02
 0.495977988739718E-02
 0.495975039388366E-02
 0.495964186529149E-02
 0.495945421792044E-02
 0.495923047394172E-02
 0.495903853833131E-02
 0.495893429981276E-02
 0.495892880898797E-02
 0.495898204085194E-02
 0.495902819615674E-02
 0.495901526205722E-02
 0.495893185853833E-02
 0.495880499207346E-02
 0.495867467374810E-02
 0.495856736233902E-02
 0.495848742301941E-02
 0.495842797525582E-02
 0.495838596323581E-02
 0.495836526549298E-02
 0.495836577493751E-02
 0.495837154920181E-02
 0.495835295736279E-02
 0.495828471793405E-02
 0.495816613477424E-02
 0.495802611817221E-02
 0.495790719260085E-02
 0.495783951079676E-02
 0.495782365529053E-02
 0.495783370713035E-02
 0.495783639357151E-02
 0.495781102232280E-02
 0.495775658384327E-02
 0.495768422213007E-02
 0.495760480585534E-02
 0.495752329848495E-02
 0.495744331362735E-02
 0.495737464301204E-02
 0.495733336091286E-02
 0.495733134144913E-02
 0.495736318848406E-02
 0.495740320754782E-02
 0.495741810503195E-02
 0.495738795939659E-02
 0.495732011963306E-02
 0.495724534032959E-02
 0.495719899796873E-02
 0.495720118296986E-02
 0.495724889338962E-02
 0.495732290940670E-02
 0.495740109488347E-02
 0.495746772474400E-02
 0.495751507554819E-02
 0.495754130464556E-02
 0.495755021532963E-02
 0.495755355160333E-02
 0.495757111141906E-02
 0.495762420402069E-02
 0.495772391967958E-02
 0.495786178045080E-02
 0.495801069326281E-02
 0.495813771849075E-02
 0.495822169109925E-02
 0.495826473206334E-02
 0.495829039198580E-02
 0.495832998093572E-02
 0.495840610874667E-02
 0.495852324793520E-02
 0.495866917131940E-02
 0.495882356067679E-02
 0.495896686592200E-02
 0.495908524771411E-02
 0.495917238135816E-02
 0.495923083560256E-02
 0.495927327160117E-02
 0.495932045843376E-02
 0.495939364876169E-02
 0.495950361770495E-02
 0.495964314706268E-02
 0.495978902123934E-02
 0.495991345004605E-02
 0.495999814882458E-02
 0.496004257815131E-02
 0.496006221084117E-02
 0.496007929979305E-02
 0.496011242114962E-02
 0.496017006104783E-02
 0.496024967359499E-02
 0.496034043744782E-02
 0.496042730652061E-02
 0.496049522137457E-02
 0.496053349429135E-02
 0.496054002613775E-02
 0.496052359818103E-02
 0.496050184308036E-02
 0.496049416664056E-02
 0.496051236375734E-02
 0.496055428121518E-02
 0.496060487954984E-02
 0.496064440343005E-02
 0.496065846733241E-02
 0.496064381495631E-02
 0.496060726004333E-02
 0.496056046723586E-02
 0.496051519803960E-02
 0.496048116584687E-02
 0.496046495233724E-02
 0.496046773634266E-02
 0.496048249358495E-02
 0.496049422341747E-02
 0.496048577650312E-02
 0.496044720521347E-02
 0.496038255326556E-02
 0.496030876972599E-02
 0.496024678625835E-02
 0.496021038625256E-02
 0.496019983938819E-02
 0.496020359361391E-02
 0.496020579175901E-02
 0.496019417777778E-02
 0.496016396260107E-02
 0.496011700656972E-02
 0.496005899260841E-02
 0.495999760471863E-02
 0.495994220720055E-02
 0.495990280366767E-02
 0.495988613912872E-02
 0.495989014273649E-02
 0.495990142294535E-02
 0.495990010303569E-02
 0.495987098022475E-02
 0.495981386488231E-02
 0.495974492916714E-02
 0.495968699093532E-02
 0.495965530922828E-02
 0.495964916877408E-02
 0.495965481803443E-02
 0.495965625331413E-02
 0.495964482391634E-02
 0.495962109446798E-02
 0.495958989558518E-02
 0.495955489425396E-02
 0.495951783820896E-02
 0.495948183885220E-02
 0.495945361304596E-02
 0.495944065962179E-02
 0.495944468474975E-02
 0.495945711610633E-02
 0.495946194146233E-02
 0.495944548804475E-02
 0.495940657392107E-02
 0.495935898190138E-02
 0.495932326700880E-02
 0.495931307146658E-02
 0.495932592259000E-02
 0.495934556187590E-02
 0.495935399713043E-02
 0.495934379776860E-02
 0.495932126253145E-02
 0.495929902412021E-02
 0.495928546055165E-02
 0.495928014762277E-02
 0.495927811435419E-02
 0.495927721952212E-02
 0.495928058160129E-02
 0.495929166144026E-02
 0.495930750005926E-02
 0.495931791845250E-02
 0.495931291016263E-02
 0.495929230216244E-02
 0.495926874260522E-02
 0.495926016295909E-02
 0.495927674358264E-02
 0.495931247778141E-02
 0.495934833312271E-02
 0.495936514726172E-02
 0.495935680152293E-02
 0.495933391102579E-02
 0.495931554852714E-02
 0.495931567292282E-02
 0.495933467842268E-02
 0.495936182731767E-02
 0.495938522778231E-02
 0.495940023832045E-02
 0.495940962482358E-02
 0.495941700040967E-02
 0.495942129403273E-02
 0.495941836366311E-02
 0.495940807252905E-02
 0.495939891625751E-02
 0.495940396937606E-02
 0.495943021412884E-02
 0.495947038960654E-02
 0.495950543379049E-02
