 0.148986713324597E-07
 0.231158891423931E-06
 0.112406316387410E-05
 0.339053176735958E-05
 0.785681205504037E-05
 0.153907068428047E-04
 0.268294345082417E-04
 0.429286128954629E-04
 0.643316553445453E-04
 0.915543286704528E-04
 0.124977772634040E-03
 0.164844958672356E-03
 0.211259105861601E-03
 0.264186037450014E-03
 0.323464133573637E-03
 0.388824642699828E-03
 0.459922118014628E-03
 0.536371077814806E-03
 0.617782408284102E-03
 0.703792847314472E-03
 0.797327907191927E-03
 0.896963801743443E-03
 0.100106500917794E-02
 0.110932632450389E-02
 0.122152117863078E-02
 0.133752892017400E-02
 0.145735916455491E-02
 0.158117068543218E-02
 0.170928394903033E-02
 0.184218837990632E-02
 0.198054635583853E-02
 0.212519503945908E-02
 0.227714510481380E-02
 0.243757381014047E-02
 0.260781008364292E-02
 0.278931140394288E-02
 0.298363495950310E-02
 0.319240714211391E-02
 0.341729501001667E-02
 0.365998146460246E-02
 0.392214381663712E-02
 0.420543413775900E-02
 0.451145934314688E-02
 0.484175886184750E-02
 0.519777791180151E-02
 0.558083537373884E-02
 0.599208759809656E-02
 0.643249264106055E-02
 0.690278155619638E-02
 0.740344247068772E-02
 0.793471888188204E-02
 0.849661794162840E-02
 0.908892071089987E-02
 0.971118659197694E-02
 0.103627477528670E-01
 0.110426935343172E-01
 0.117682994557918E-01
 0.125429588685619E-01
 0.133471091507872E-01
 0.141786921017164E-01
 0.150352579798322E-01
 0.159139268407771E-01
 0.168114536164081E-01
 0.177577947110882E-01
 0.187172072596470E-01
 0.196850121275409E-01
 0.206966187983253E-01
 0.217428206100694E-01
 0.227875875896994E-01
 0.238244345163613E-01
 0.248464241818750E-01
 0.258462167574743E-01
 0.268161362157040E-01
 0.277482456546546E-01
 0.287293614959608E-01
 0.296731413691140E-01
 0.305614866966549E-01
 0.313856483897001E-01
 0.321368915814790E-01
 0.328065626570132E-01
 0.334279360842112E-01
 0.340553275120015E-01
 0.346848941443013E-01
 0.352514019008795E-01
 0.357091165638969E-01
 0.360658250710208E-01
 0.364687564631163E-01
 0.368339762985392E-01
 0.371673619844414E-01
 0.373754477555589E-01
 0.376555151137612E-01
 0.378653221881720E-01
 0.380772915800068E-01
 0.382415610799107E-01
 0.384052721548304E-01
 0.385286887976072E-01
 0.386267813619208E-01
 0.388266126048845E-01
 0.388834222037361E-01
 0.389563520987953E-01
 0.391323014583434E-01
 0.392482216304007E-01
 0.393238818129889E-01
 0.394169520341833E-01
 0.395557342843710E-01
 0.396447539284372E-01
 0.398117099381304E-01
 0.398200931785199E-01
 0.399628830487494E-01
 0.401370099739266E-01
 0.402219618089941E-01
 0.403026976099990E-01
 0.403504910595115E-01
 0.405036183319082E-01
 0.404977486240477E-01
 0.405487639717177E-01
 0.405916760151122E-01
 0.406570712349500E-01
 0.406303861626492E-01
 0.406709420005696E-01
 0.406340847002631E-01
 0.406682354322773E-01
 0.417921319074256E-01
 0.434725379483145E-01
 0.452553284399327E-01
 0.468669215650545E-01
 0.482994020073300E-01
 0.495458636131766E-01
 0.506186271040894E-01
 0.517591123734160E-01
 0.528591090878608E-01
 0.538621834927404E-01
 0.546563045772581E-01
 0.553484812946663E-01
 0.560378213211077E-01
 0.566609039794477E-01
 0.572139472977119E-01
 0.576961376392537E-01
 0.581599399850880E-01
 0.584407512727105E-01
 0.587804133067990E-01
 0.592293592126152E-01
 0.594954546938242E-01
 0.596478031266210E-01
 0.599097632943221E-01
 0.602336786119705E-01
 0.603658977605335E-01
 0.606405466369508E-01
 0.607179366544093E-01
 0.608904249596233E-01
 0.611796551720117E-01
 0.612994468624199E-01
 0.613947382473608E-01
 0.614681244101632E-01
 0.616715345004135E-01
 0.616467958250819E-01
 0.617856040605847E-01
 0.617466750766579E-01
 0.617982538935687E-01
 0.617162281384937E-01
 0.616893260224281E-01
 0.615942267400441E-01
 0.614955222469613E-01
 0.612433898567528E-01
 0.610914279231761E-01
 0.609676825724353E-01
 0.607292337047586E-01
 0.605549325759620E-01
 0.602875378356728E-01
 0.600920167694694E-01
 0.598164824951909E-01
 0.596423997386562E-01
 0.593741819936366E-01
 0.592427233894699E-01
 0.589916489796433E-01
 0.589027980284804E-01
 0.586732416198035E-01
 0.586091626093811E-01
 0.584060369814446E-01
 0.587643855185468E-01
 0.594161538090625E-01
 0.599281526053413E-01
 0.604909149517002E-01
 0.609288520902453E-01
 0.613320796132030E-01
 0.616989459346152E-01
 0.619566230746705E-01
 0.622572789224133E-01
 0.624024481813753E-01
 0.626258110555139E-01
 0.627090966975450E-01
 0.630381912851065E-01
 0.639967897716951E-01
 0.649681311006875E-01
 0.657099978657637E-01
 0.664503970296654E-01
 0.670064849059693E-01
 0.673345856552783E-01
 0.677181653465035E-01
 0.678646242153523E-01
 0.679128331957492E-01
 0.679075971284995E-01
 0.676732998116131E-01
 0.675416687187606E-01
 0.671771286153110E-01
 0.668579988802131E-01
 0.663980867540828E-01
 0.659441385570114E-01
 0.654157998225489E-01
 0.648779677957832E-01
 0.643055689519165E-01
 0.637233500673564E-01
 0.631276819583747E-01
 0.625277054307981E-01
 0.619257567690734E-01
 0.613230269659734E-01
 0.607278806198725E-01
 0.601280159963733E-01
 0.595491980341668E-01
 0.590152506125493E-01
 0.584663724723518E-01
 0.579567950945688E-01
 0.574215090211451E-01
 0.569457733544008E-01
 0.564382191001431E-01
 0.559938356805861E-01
 0.554979725093577E-01
 0.550646945043885E-01
 0.545949410252316E-01
 0.541990924285032E-01
 0.537395607037132E-01
 0.537987012052729E-01
 0.549077091730127E-01
 0.560369321309836E-01
 0.569661628319177E-01
 0.579993327981243E-01
 0.588318542419885E-01
 0.596928266593909E-01
 0.604306785170371E-01
 0.611297977561253E-01
 0.617770299119102E-01
 0.623259258043479E-01
 0.634792734466969E-01
 0.647601670855002E-01
 0.659637149713947E-01
 0.670478942167110E-01
 0.680188363087820E-01
 0.690114930585580E-01
 0.699183411071666E-01
 0.707192495218337E-01
 0.714224364830182E-01
 0.721586048865623E-01
 0.729012920743893E-01
 0.735668406410801E-01
 0.742172161897333E-01
 0.748134462090066E-01
 0.753462653665121E-01
 0.758255294996017E-01
 0.762613694039773E-01
 0.766640750935864E-01
 0.770440016058534E-01
 0.774115162103025E-01
 0.778007837612180E-01
 0.784969480896711E-01
 0.792534911959673E-01
 0.801477862618189E-01
 0.811570231726269E-01
 0.822489847124636E-01
 0.834274812105906E-01
 0.846955650637276E-01
 0.861297882770016E-01
 0.876756785325163E-01
 0.893114068983707E-01
 0.910356440387246E-01
 0.928462030084725E-01
 0.947400253427968E-01
 0.967131799362019E-01
 0.987608833571813E-01
 0.100877534719126E+00
 0.103056747909037E+00
 0.105291368912082E+00
 0.107573482633291E+00
 0.109894427495140E+00
 0.112244834478899E+00
 0.114614690878669E+00
 0.116993411686048E+00
 0.119369898081467E+00
 0.121732575786266E+00
 0.124069424497210E+00
 0.126368017758197E+00
 0.128963588455858E+00
 0.131626135729244E+00
 0.134228037220960E+00
 0.136754217567451E+00
 0.139189432856347E+00
 0.141518402702275E+00
 0.143725912977748E+00
 0.145796868391034E+00
 0.147923306452230E+00
 0.149914477680662E+00
 0.151738883289550E+00
 0.153381534382198E+00
 0.154827782863275E+00
 0.156083467308660E+00
 0.157393571886722E+00
 0.158479340790516E+00
 0.159327062065799E+00
 0.159923660171904E+00
 0.160455546819449E+00
 0.160877162219195E+00
 0.164534996113208E+00
 0.168630632632236E+00
 0.172743050367168E+00
 0.176860973061564E+00
 0.181092879708813E+00
 0.185325346499156E+00
 0.189541690458183E+00
 0.193728945903561E+00
 0.197873784970411E+00
 0.201962562508500E+00
 0.205981360152384E+00
 0.209916039092065E+00
 0.213813608202056E+00
 0.217768328505570E+00
 0.221611309463389E+00
 0.225327706110606E+00
 0.229310090595132E+00
 0.233749401803115E+00
 0.238090237341606E+00
 0.242317036372096E+00
 0.246414073556307E+00
 0.250365529561575E+00
 0.254218669369579E+00
 0.258153769258023E+00
 0.261914048332418E+00
 0.265483407887567E+00
 0.268845928316261E+00
 0.272138719154721E+00
 0.275433470039495E+00
 0.278492817960966E+00
 0.281301293243151E+00
 0.283957235447186E+00
 0.286667731737574E+00
 0.289100788708662E+00
 0.291241920764698E+00
 0.293359052541021E+00
 0.295380728917257E+00
 0.297086836767260E+00
 0.298581401703617E+00
 0.300163674497293E+00
 0.301409349308265E+00
 0.302371637508640E+00
 0.303494178607789E+00
 0.304261852359040E+00
 0.304784734264757E+00
 0.305434484211268E+00
 0.305713953698508E+00
 0.305889898588066E+00
 0.306060543111496E+00
 0.305848383670454E+00
 0.305767106543804E+00
 0.305458433819207E+00
 0.304893884292048E+00
 0.304504092232464E+00
 0.303721305788585E+00
 0.303042134421784E+00
 0.302193884005439E+00
 0.301125659269256E+00
 0.300227805537360E+00
 0.299887252786555E+00
 0.299932047040304E+00
 0.299642576310537E+00
 0.299678075695187E+00
 0.299321664140352E+00
 0.298563812760765E+00
 0.298176511020164E+00
 0.297426835041960E+00
 0.296269955397677E+00
 0.294698671908017E+00
 0.292706975028565E+00
 0.290290089087699E+00
 0.287444512936071E+00
 0.284692799375545E+00
 0.281917710274105E+00
 0.278721210556520E+00
 0.275102440890896E+00
 0.271061863468017E+00
 0.266851373765212E+00
 0.262723124688972E+00
 0.258660577638219E+00
 0.254674082502968E+00
 0.250762775520683E+00
 0.246933852562697E+00
 0.243159398822619E+00
 0.239449844378122E+00
 0.235811407592099E+00
 0.232246510355327E+00
 0.228754276093580E+00
 0.225330920122287E+00
 0.221970184664059E+00
 0.218663879248345E+00
 0.215402223857909E+00
 0.212174252808679E+00
 0.209040558210874E+00
 0.205998634144266E+00
 0.202975404979891E+00
 0.199957530032742E+00
 0.197042640392096E+00
 0.200977202453370E+00
 0.205357829081283E+00
 0.209911148104883E+00
 0.214095625754276E+00
 0.217932941551002E+00
 0.222020740099995E+00
 0.225721548879416E+00
 0.229032458782398E+00
 0.232621572576000E+00
 0.235809779856154E+00
 0.238623631665847E+00
 0.241691812410065E+00
 0.244348847712910E+00
 0.246704734405722E+00
 0.249238818040333E+00
 0.251355578690978E+00
 0.253298441994930E+00
 0.255294183600396E+00
 0.256870101180441E+00
 0.258448344632167E+00
 0.259909312041124E+00
 0.260951388039360E+00
 0.262215023485220E+00
 0.263151610977464E+00
 0.263828078608433E+00
 0.264672939074622E+00
 0.265101387114995E+00
 0.265558139961708E+00
 0.265907813673411E+00
 0.265851423332611E+00
 0.266136928454787E+00
 0.266014200085185E+00
 0.267086092509441E+00
 0.268182204698627E+00
 0.268865695973022E+00
 0.269931411014723E+00
 0.270643305555131E+00
 0.270944853000390E+00
 0.271399066159897E+00
 0.271742573671966E+00
 0.271680456379044E+00
 0.271219902005456E+00
 0.270369241748080E+00
 0.269137907595799E+00
 0.267536387348811E+00
 0.265576178709793E+00
 0.263388169279386E+00
 0.261512116922814E+00
 0.259293881196654E+00
 0.256746668299320E+00
 0.253884527942915E+00
 0.250883548159867E+00
 0.247903828186534E+00
 0.244963072754833E+00
 0.242043697331060E+00
 0.239155474045219E+00
 0.236279001774251E+00
 0.233424265826364E+00
 0.230599723397894E+00
 0.227804110286346E+00
 0.225038216478255E+00
 0.222303956378599E+00
 0.219595490067031E+00
 0.216907452790921E+00
 0.214233281290641E+00
 0.211565567891403E+00
 0.208913030980490E+00
 0.206349632014751E+00
 0.203786099004931E+00
 0.201213528347608E+00
 0.198680245762598E+00
 0.196223071104768E+00
 0.193747664352936E+00
 0.191273103439429E+00
 0.188918865639952E+00
 0.186536675467566E+00
 0.184158682740273E+00
 0.181900555723573E+00
 0.179604347048401E+00
 0.177353920597166E+00
 0.175181715391677E+00
 0.172910393618969E+00
 0.170593398168441E+00
 0.168312118196137E+00
 0.165859766493344E+00
 0.163248700889229E+00
 0.160491574422875E+00
 0.157601281140167E+00
 0.154590900961936E+00
 0.151473644210937E+00
 0.148262796669237E+00
 0.148110919476578E+00
 0.150836946049867E+00
 0.153640126442026E+00
 0.156170372834637E+00
 0.158416322033599E+00
 0.160367699891413E+00
 0.162344087024670E+00
 0.164097133529889E+00
 0.165533684483101E+00
 0.166646415750668E+00
 0.167871589535112E+00
 0.168765261461327E+00
 0.169320302365698E+00
 0.169828684633479E+00
 0.170167692306262E+00
 0.170158387702203E+00
 0.173489157881546E+00
 0.177568444341785E+00
 0.181501340399603E+00
 0.185320388884980E+00
 0.189227826250783E+00
 0.192959926379789E+00
 0.196504005465370E+00
 0.199848047671266E+00
 0.203008407651850E+00
 0.206263026033933E+00
 0.209292827370747E+00
 0.212087660969029E+00
 0.214638220547109E+00
 0.217147704313498E+00
 0.219561305584271E+00
 0.221711653306224E+00
 0.223591790830868E+00
 0.225395789385047E+00
 0.227117260676299E+00
 0.228554671657576E+00
 0.229703697560946E+00
 0.232495664458210E+00
 0.235358710978541E+00
 0.238186559730418E+00
 0.240728847589055E+00
 0.242978259141871E+00
 0.245328472691611E+00
 0.247434989141122E+00
 0.249235668043772E+00
 0.250985696370431E+00
 0.252642269875852E+00
 0.253983491464474E+00
 0.255201677369181E+00
 0.256402385830799E+00
 0.257281584000625E+00
 0.258039347260718E+00
 0.258785627453347E+00
 0.259207425888613E+00
 0.259576745272250E+00
 0.259876512253063E+00
 0.259851772574779E+00
 0.259903242311296E+00
 0.259770001482730E+00
 0.259344086541752E+00
 0.259116408191475E+00
 0.258568314817283E+00
 0.257945716561171E+00
 0.257319282092741E+00
 0.256378257999604E+00
 0.255620425661092E+00
 0.254618140985017E+00
 0.253522471210758E+00
 0.252473301041482E+00
 0.251120509038886E+00
 0.249991822740019E+00
 0.248609464895110E+00
 0.247219064998623E+00
 0.245820794189517E+00
 0.244132075729500E+00
 0.242160310817713E+00
 0.241308995713063E+00
 0.240941600579343E+00
 0.240233631033815E+00
 0.239188812840274E+00
 0.237812006962792E+00
 0.236109180968372E+00
 0.234087375719827E+00
 0.231754670492102E+00
 0.229400695919612E+00
 0.227114633242628E+00
 0.224534423477093E+00
 0.221669902514234E+00
 0.218531802628122E+00
 0.215212888994154E+00
 0.211951832018474E+00
 0.208752508212495E+00
 0.205618720436053E+00
 0.202528733625517E+00
 0.199509337599212E+00
 0.196547281222255E+00
 0.193629947446814E+00
 0.190760251124065E+00
 0.187938693990661E+00
 0.185163625838366E+00
 0.182431809910358E+00
 0.179738651095601E+00
 0.177078463495745E+00
 0.174445549419567E+00
 0.171907385617757E+00
 0.169396372773662E+00
 0.166904774155954E+00
 0.164424797066443E+00
 0.162029159349372E+00
 0.159676457600899E+00
 0.157325593717749E+00
 0.155005219513046E+00
 0.152782832918719E+00
 0.150551929108495E+00
 0.148336631353825E+00
 0.146232720224430E+00
 0.144109919155239E+00
 0.142023385138743E+00
 0.139784528539337E+00
 0.137401449314214E+00
 0.135152356802474E+00
 0.132779878943166E+00
 0.130278755124904E+00
 0.127657780155105E+00
 0.124926066474554E+00
 0.122103212473765E+00
 0.119437812620011E+00
 0.116677201625576E+00
 0.113830738356486E+00
 0.110907967638748E+00
 0.108031113268171E+00
 0.105138722678075E+00
 0.102258084052934E+00
 0.995427249689131E-01
 0.967187056005017E-01
 0.970867337117027E-01
 0.982799240290560E-01
 0.994519957428481E-01
 0.100700800109218E+00
 0.101758953710575E+00
 0.102628218739127E+00
 0.103310988327240E+00
 0.103810269308413E+00
 0.104129659412194E+00
 0.104273320865696E+00
 0.104644217724201E+00
 0.104844886701886E+00
 0.104873173723428E+00
 0.104760837245335E+00
 0.104631175151408E+00
 0.104502994853650E+00
 0.104377549536186E+00
 0.104238739627237E+00
 0.104095149061385E+00
 0.106151441574865E+00
 0.108336088705442E+00
 0.110553570290139E+00
 0.112794915154379E+00
 0.115050566970555E+00
 0.117310432553529E+00
 0.119563937831630E+00
 0.121800084945886E+00
 0.124007503821769E+00
 0.126286500970348E+00
 0.128535468652582E+00
 0.130735348618923E+00
 0.132873706809857E+00
 0.134937927766010E+00
 0.136963143764899E+00
 0.139034354320376E+00
 0.141009285509410E+00
 0.142874858706909E+00
 0.144618042627475E+00
 0.146445336867895E+00
 0.148162847673534E+00
 0.149735684068000E+00
 0.151202095336755E+00
 0.152738660191154E+00
 0.154109057208314E+00
 0.155300722452805E+00
 0.156574939055918E+00
 0.157714907679122E+00
 0.158656207594569E+00
 0.159656112097209E+00
 0.160541904875505E+00
 0.161210653163480E+00
 0.161976906353671E+00
 0.162589052282715E+00
 0.162979244733390E+00
 0.163540932379967E+00
 0.163864226822057E+00
 0.164083945852145E+00
 0.164359489623608E+00
 0.164382949074821E+00
 0.164470163518146E+00
 0.164450733827580E+00
 0.164212134991096E+00
 0.164158530804435E+00
 0.163873915259794E+00
 0.168095730460505E+00
 0.172183368983269E+00
 0.176121023174904E+00
 0.180147774833015E+00
 0.184064111781021E+00
 0.187797617414726E+00
 0.191333334195982E+00
 0.194656868194103E+00
 0.198090252413238E+00
 0.201322013960726E+00
 0.204312293847385E+00
 0.207048328526889E+00
 0.209766900360626E+00
 0.212370379441062E+00
 0.214694559687050E+00
 0.216728846668592E+00
 0.218797706134568E+00
 0.220671678016509E+00
 0.222235781985563E+00
 0.223602445201131E+00
 0.224999398960350E+00
 0.226070384945255E+00
 0.226827569110049E+00
 0.227731508922902E+00
 0.228297265630874E+00
 0.228543957484237E+00
 0.228948697001047E+00
 0.229006856924209E+00
 0.228843869867652E+00
 0.228751861848918E+00
 0.228308558450595E+00
 0.227835014424748E+00
 0.227256151151812E+00
 0.226332837805618E+00
 0.225635319577238E+00
 0.224585822841078E+00
 0.223518303774540E+00
 0.222368595772578E+00
 0.220972048553410E+00
 0.219739843759336E+00
 0.218161055062683E+00
 0.216761096147000E+00
 0.215119908587906E+00
 0.213489031049573E+00
 0.212169938887945E+00
 0.212230237066421E+00
 0.212131802238779E+00
 0.212142848328799E+00
 0.211786260027837E+00
 0.211671083598482E+00
 0.211282670514113E+00
 0.210846228605588E+00
 0.210440408316352E+00
 0.209672557240522E+00
 0.208542979026133E+00
 0.207666731384923E+00
 0.206543245274358E+00
 0.205064367871430E+00
 0.203233022277554E+00
 0.201053407263249E+00
 0.198530994269013E+00
 0.195672517737467E+00
 0.192485955546444E+00
 0.189104026954689E+00
 0.185778267059010E+00
 0.182515937585515E+00
 0.179312738498951E+00
 0.176167758862013E+00
 0.173060255908118E+00
 0.170047914017548E+00
 0.167082161301433E+00
 0.164166427515898E+00
 0.161301384876575E+00
 0.158485351418397E+00
 0.155714621726726E+00
 0.152984044573406E+00
 0.150321664724306E+00
 0.147730487922568E+00
 0.145174777184517E+00
 0.142645843645419E+00
 0.140134871717642E+00
 0.137878009149169E+00
 0.140267605422026E+00
 0.142314746291090E+00
 0.144382722181153E+00
 0.146235458250816E+00
 0.147730464098590E+00
 0.149299263031022E+00
 0.151556245280407E+00
 0.154570995385876E+00
 0.157330962526851E+00
 0.160206588487700E+00
 0.162709118883644E+00
 0.165288725600588E+00
 0.167644924487532E+00
 0.169828265886878E+00
 0.172044298661995E+00
 0.173864595692039E+00
 0.175922120068309E+00
 0.177604260088404E+00
 0.179293764220787E+00
 0.180849007381814E+00
 0.182175071770200E+00
 0.183615879862473E+00
 0.184643738764143E+00
 0.185922393799966E+00
 0.186846827272915E+00
 0.187786380214747E+00
 0.188622495340060E+00
 0.189225809752830E+00
 0.189989272948779E+00
 0.190335785285616E+00
 0.190965987659818E+00
 0.191256160183810E+00
 0.191571991001546E+00
 0.191822443331738E+00
 0.191827028748361E+00
 0.192054192292186E+00
 0.191869695405496E+00
 0.191277323254275E+00
 0.191024730999825E+00
 0.190430782091835E+00
 0.189436912471901E+00
 0.188376162309852E+00
 0.190494113555305E+00
 0.192600131098128E+00
 0.194470261264113E+00
 0.196105126115953E+00
 0.197690044008124E+00
 0.199206185244424E+00
 0.200486455584463E+00
 0.201534183704890E+00
 0.202636614898196E+00
 0.203567840614777E+00
 0.204270602726569E+00
 0.204833256121752E+00
 0.205427250320144E+00
 0.205799533522539E+00
 0.205957388795320E+00
 0.206155389464890E+00
 0.206216348526559E+00
 0.206073228005046E+00
 0.205851629125467E+00
 0.205623889938821E+00
 0.205204241471152E+00
 0.204620529411566E+00
 0.204129199712315E+00
 0.203459555996908E+00
 0.202622890150509E+00
 0.201840763613406E+00
 0.200948936828014E+00
 0.199905475014948E+00
 0.198866241529529E+00
 0.197780608322450E+00
 0.196559262266770E+00
 0.195310628314141E+00
 0.194059403065410E+00
 0.192688630456165E+00
 0.191274647812717E+00
 0.189885271350073E+00
 0.188392513677949E+00
 0.186853370008393E+00
 0.185352023683855E+00
 0.183763203564824E+00
 0.182134780084964E+00
 0.180545907092714E+00
 0.178884992012438E+00
 0.177198426721464E+00
 0.175544382874860E+00
 0.173833115908418E+00
 0.172078314197719E+00
 0.170293645827792E+00
 0.168492684639584E+00
 0.167348699732005E+00
 0.167920442519313E+00
 0.168697980176700E+00
 0.169777038011305E+00
 0.170978971415517E+00
 0.172296911566580E+00
 0.173797349787424E+00
 0.175426718766142E+00
 0.177131516987276E+00
 0.178901289848373E+00
 0.180725059734414E+00
 0.182591380966039E+00
 0.184488391001565E+00
 0.186403858530582E+00
 0.188325233433806E+00
 0.190239704852284E+00
 0.192134270320798E+00
 0.193995812968492E+00
 0.195811179082238E+00
 0.197567248088572E+00
 0.199290231552422E+00
 0.201030123148739E+00
 0.202688759534646E+00
 0.204253143559740E+00
 0.205710540911166E+00
 0.207048533025306E+00
 0.208255069979358E+00
 0.209450964561892E+00
 0.210594056746625E+00
 0.211586189491576E+00
 0.212416410381666E+00
 0.213074355504026E+00
 0.213756382642947E+00
 0.214330908135278E+00
 0.214717289906198E+00
 0.214906795933622E+00
 0.215109453680258E+00
 0.215210318494287E+00
 0.215101879357753E+00
 0.214814045423625E+00
 0.214621275660447E+00
 0.214209293022152E+00
 0.213572510369794E+00
 0.213028349987581E+00
 0.212312490704615E+00
 0.211365668825575E+00
 0.210516716464711E+00
 0.209501295881094E+00
 0.208251176967243E+00
 0.207175660740423E+00
 0.205869065023904E+00
 0.204447238038912E+00
 0.203096365783005E+00
 0.201510492977508E+00
 0.199987032902244E+00
 0.198370362127726E+00
 0.196590984265692E+00
 0.194955314299231E+00
 0.193088227829176E+00
 0.191310917671510E+00
 0.189438691427282E+00
 0.187479286845701E+00
 0.185612901550374E+00
 0.183521682047915E+00
 0.181649137322860E+00
 0.180646086631944E+00
 0.179540190156916E+00
 0.178196960768606E+00
 0.176613280281155E+00
 0.174786997241298E+00
 0.172716941453936E+00
 0.170402934532511E+00
 0.167860888881154E+00
 0.165293968957307E+00
 0.162762873920613E+00
 0.160265854065971E+00
 0.157806362753329E+00
 0.155369750263774E+00
 0.152992946718213E+00
 0.150643843943890E+00
 0.148325606137148E+00
 0.146039006217028E+00
 0.143782669076989E+00
 0.141553472854168E+00
 0.139346854285589E+00
 0.137187496911911E+00
 0.137344729171953E+00
 0.141489646081050E+00
 0.145790593776030E+00
 0.149864297250015E+00
 0.153702365688131E+00
 0.157464093541540E+00
 0.161221562710503E+00
 0.164723164306560E+00
 0.167962844576946E+00
 0.171302057622403E+00
 0.174426388436218E+00
 0.177273681827762E+00
 0.180033560157194E+00
 0.182750844871743E+00
 0.185179728649476E+00
 0.187380796958057E+00
 0.189671604186240E+00
 0.191666345971725E+00
 0.193364994631534E+00
 0.195194102950243E+00
 0.196748276566713E+00
 0.198003970432289E+00
 0.199348503884684E+00
 0.200463916054334E+00
 0.201281775056419E+00
 0.202184642019674E+00
 0.202870188928598E+00
 0.203928415906043E+00
 0.205800501880339E+00
 0.207376471435014E+00
 0.208894431829953E+00
 0.210361673885131E+00
 0.211550308071572E+00
 0.212918032438235E+00
 0.213956591180013E+00
 0.215077944604329E+00
 0.216026390114589E+00
 0.216872047318608E+00
 0.217741453778858E+00
 0.218329298168034E+00
 0.219131072832856E+00
 0.219607921758247E+00
 0.220222757905250E+00
 0.220644789582721E+00
 0.221042156255928E+00
 0.221421464281629E+00
 0.221612938838288E+00
 0.221961571771492E+00
 0.221995410003019E+00
 0.221721266182960E+00
 0.221710873986712E+00
 0.221423058146072E+00
 0.220837612207593E+00
 0.219963405647878E+00
 0.218810265994785E+00
 0.217388930347889E+00
 0.215710993735489E+00
 0.213788853579178E+00
 0.211635649839504E+00
 0.209265201351942E+00
 0.206691939583528E+00
 0.204051213653920E+00
 0.201530503723817E+00
 0.198826298787596E+00
 0.195993552919210E+00
 0.193210050976234E+00
 0.190489056862240E+00
 0.187835735929091E+00
 0.185229404597025E+00
 0.182688498547525E+00
 0.180187093873797E+00
 0.177729048625788E+00
 0.175316122019382E+00
 0.172948290392252E+00
 0.170624053607581E+00
 0.168340561371301E+00
 0.166093936536415E+00
 0.163879446700901E+00
 0.161691628492280E+00
 0.159524523338183E+00
 0.157396330817734E+00
 0.155324643078341E+00
 0.153265941977550E+00
 0.151258978720256E+00
 0.149252252038480E+00
 0.147334972653552E+00
 0.145420525254132E+00
 0.143495376014468E+00
 0.141671319705228E+00
 0.139826013961830E+00
 0.138010526386492E+00
 0.136095264420427E+00
 0.136628985481137E+00
 0.141475140992190E+00
 0.146177341581551E+00
 0.150716723556347E+00
 0.155167409362673E+00
 0.159698279381070E+00
 0.164024032312896E+00
 0.168126380513903E+00
 0.172349483545980E+00
 0.176599190538079E+00
 0.180591046450171E+00
 0.184307235377342E+00
 0.187730740247355E+00
 0.191195248557550E+00
 0.194443320283043E+00
 0.197361466317455E+00
 0.199934904630967E+00
 0.202297479675366E+00
 0.204640850355779E+00
 0.206608831021163E+00
 0.209905433484363E+00
 0.214490652870798E+00
 0.219040853559698E+00
 0.223439600175352E+00
 0.227669725819958E+00
 0.231714502496503E+00
 0.235557696449809E+00
 0.239497688515865E+00
 0.244760549953512E+00
 0.250091546697480E+00
 0.255362725352957E+00
 0.260472534435649E+00
 0.265402832874512E+00
 0.270135940994129E+00
 0.274654707663954E+00
 0.279291516229821E+00
 0.283727607415445E+00
 0.287916892726282E+00
 0.291843638498748E+00
 0.295503218910641E+00
 0.299303287068856E+00
 0.302812263015848E+00
 0.306016366647227E+00
 0.308902763133334E+00
 0.311813623515952E+00
 0.314531377696745E+00
 0.316909121073072E+00
 0.318936569058229E+00
 0.321058527496624E+00
 0.322901992764733E+00
 0.324378429668010E+00
 0.325654432362201E+00
 0.326948900185504E+00
 0.327863605282446E+00
 0.328404563888926E+00
 0.329145207150330E+00
 0.329497209224850E+00
 0.329456789129472E+00
 0.329607296964999E+00
 0.329404160075612E+00
 0.328814341562579E+00
 0.328466590780204E+00
 0.327723217137030E+00
 0.326733008394265E+00
 0.325864605559893E+00
 0.324601999742889E+00
 0.323314711395313E+00
 0.321948708509511E+00
 0.320192808079580E+00
 0.318704985906369E+00
 0.316868682017657E+00
 0.314946988284182E+00
 0.313049907668999E+00
 0.310773886255860E+00
 0.308807055471087E+00
 0.306493613735046E+00
 0.304205884481047E+00
 0.301873313934755E+00
 0.299307514547441E+00
 0.296973020272307E+00
 0.294279059392771E+00
 0.294612817525945E+00
 0.295591750894953E+00
 0.296520730662023E+00
 0.297447844402023E+00
 0.297900244809539E+00
 0.298790503640008E+00
 0.299188925878087E+00
 0.299651293230929E+00
 0.300026077866358E+00
 0.300061735438301E+00
 0.300429224168024E+00
 0.300296585279028E+00
 0.299794983837066E+00
 0.299672219306242E+00
 0.299046356247191E+00
 0.297915180144928E+00
 0.296277964189260E+00
 0.294135473983120E+00
 0.291489967084413E+00
 0.288345187566668E+00
 0.285623129223003E+00
 0.282554113388790E+00
 0.278999257071369E+00
 0.275000921607270E+00
 0.270961389414287E+00
 0.266995668369074E+00
 0.263114926582386E+00
 0.259310220171382E+00
 0.255562067172002E+00
 0.251855462904345E+00
 0.248248449678574E+00
 0.244705701158804E+00
 0.241214148289855E+00
 0.237772732293681E+00
 0.234377154531430E+00
 0.231020490806531E+00
 0.227762979918325E+00
 0.224565059428894E+00
 0.221401333818628E+00
 0.218258431939283E+00
 0.215122198460944E+00
 0.212096661600108E+00
 0.209140527043144E+00
 0.206172443786527E+00
 0.203177975995004E+00
 0.200395456367510E+00
 0.197579130360221E+00
 0.194713745901686E+00
 0.192046340515780E+00
 0.189357871661813E+00
 0.186603479803522E+00
 0.184094054428257E+00
 0.181271810445668E+00
 0.178624782389005E+00
 0.175753191693381E+00
 0.176361219471558E+00
 0.177543174416569E+00
 0.178747603418856E+00
 0.179692904990866E+00
 0.180623964625811E+00
 0.181473290193859E+00
 0.182077442070680E+00
 0.182775242132146E+00
 0.183297131174732E+00
 0.183620687061010E+00
 0.184071304581661E+00
 0.184690510213413E+00
 0.185992975758164E+00
 0.187049470419148E+00
 0.187933793173066E+00
 0.188961245877729E+00
 0.189693029586361E+00
 0.190447795171291E+00
 0.191159156270677E+00
 0.191582890897661E+00
 0.192234748476836E+00
 0.192647670869452E+00
 0.192946492443448E+00
 0.193359010187885E+00
 0.193493061071745E+00
 0.193745115005200E+00
 0.193888702596192E+00
 0.193835223066176E+00
 0.193998086396185E+00
 0.193893221509835E+00
 0.193532253145972E+00
 0.193399965988440E+00
 0.193068099479530E+00
 0.192492600349674E+00
 0.191686015904127E+00
 0.190661236204081E+00
 0.189431430855084E+00
 0.188009984964818E+00
 0.186410434114534E+00
 0.184646398807088E+00
 0.183085031389809E+00
 0.181381920863644E+00
 0.179530378501061E+00
 0.177543816143026E+00
 0.175435539455753E+00
 0.173218686854847E+00
 0.170906169496398E+00
 0.168522537436865E+00
 0.166152720187698E+00
 0.163809197838670E+00
 0.161486267763042E+00
 0.160041355478636E+00
 0.159563465087775E+00
 0.159227909151535E+00
 0.158775136313306E+00
 0.158380095512652E+00
 0.157746141211890E+00
 0.157264558519642E+00
 0.156587856933005E+00
 0.155682249290441E+00
 0.154554344098442E+00
 0.153211270382108E+00
 0.151660643408862E+00
 0.153399892510248E+00
 0.156591847301283E+00
 0.159863083481029E+00
 0.163144941221777E+00
 0.166408981996509E+00
 0.169642107627254E+00
 0.172831101552354E+00
 0.175962686383157E+00
 0.179023586744935E+00
 0.182000600900560E+00
 0.184880675903377E+00
 0.187697625750811E+00
 0.190558772965754E+00
 0.193297050535242E+00
 0.195899764816400E+00
 0.198354624614870E+00
 0.200649786386264E+00
 0.202773891151659E+00
 0.204923860196560E+00
 0.206951884919436E+00
 0.208786453091660E+00
 0.210417611828254E+00
 0.211836103911052E+00
 0.213215188690709E+00
 0.214500851298765E+00
 0.215556240358588E+00
 0.217144215033020E+00
 0.219771911046840E+00
 0.222209682693674E+00
 0.224580847176435E+00
 0.226933619864939E+00
 0.229077496806383E+00
 0.231001958190313E+00
 0.232822387393942E+00
 0.234649113895083E+00
 0.236240950086330E+00
 0.237589289773930E+00
 0.238943440909723E+00
 0.240189055653296E+00
 0.241179567825381E+00
 0.241998904289206E+00
 0.242891177915301E+00
 0.243519438281991E+00
 0.243878604087820E+00
 0.244407112379933E+00
 0.244674401128547E+00
 0.244667680675865E+00
 0.244808091583829E+00
 0.244720632990070E+00
 0.244356790235205E+00
 0.244173810965787E+00
 0.243742081668889E+00
 0.243077251449540E+00
 0.242589902815299E+00
 0.241827972600359E+00
 0.240948969113120E+00
 0.240145748146393E+00
 0.239070677838724E+00
 0.238034232098792E+00
 0.236932848309930E+00
 0.235564112161862E+00
 0.234423285561695E+00
 0.233043411360949E+00
 0.231585679639166E+00
 0.230206170334426E+00
 0.228568845168078E+00
 0.226677570315497E+00
 0.224537251468806E+00
 0.222153826494521E+00
 0.219534250508809E+00
 0.216686470685249E+00
 0.214079663765603E+00
 0.211266608841316E+00
 0.208237784609517E+00
 0.205002888107812E+00
 0.201572495797582E+00
 0.197958020671744E+00
 0.194171669065224E+00
 0.190226396724064E+00
 0.186151980256672E+00
 0.182124794203601E+00
 0.178195883199590E+00
 0.174356086770738E+00
 0.170618816461657E+00
 0.166954180572739E+00
 0.163384330136870E+00
 0.159905123270024E+00
 0.156503334258375E+00
 0.153179697428589E+00
 0.149933508392873E+00
 0.146763029061823E+00
 0.143665500358397E+00
 0.140637394464389E+00
 0.137674751048948E+00
 0.134773072156686E+00
 0.131963811298371E+00
 0.129222885645433E+00
 0.126536877556840E+00
 0.123900523795557E+00
 0.121310599550241E+00
 0.121705339575671E+00
 0.125705978805393E+00
 0.129690369405695E+00
 0.133642683807102E+00
 0.137547260423056E+00
 0.141388661107495E+00
 0.145151737603162E+00
 0.149033195792229E+00
 0.152862244112115E+00
 0.156580635591839E+00
 0.160173921734898E+00
 0.163628210682777E+00
 0.166930228150379E+00
 0.170293571927924E+00
 0.173565021512112E+00
 0.176655452121490E+00
 0.179553285695059E+00
 0.182247784239259E+00
 0.184884199244926E+00
 0.187484231675309E+00
 0.189857705028786E+00
 0.191996240013763E+00
 0.193892484298865E+00
 0.195819078501909E+00
 0.197576067535607E+00
 0.199074632688076E+00
 0.200310256898697E+00
 0.201490626880141E+00
 0.202569283315002E+00
 0.203374882558268E+00
 0.203905948619033E+00
 0.204449266328339E+00
 0.204818184105551E+00
 0.204908490167532E+00
 0.206661347611862E+00
 0.208678817974209E+00
 0.210539002125336E+00
 0.212138062827606E+00
 0.213636520356201E+00
 0.215135639604129E+00
 0.216365108211312E+00
 0.217390666255765E+00
 0.218525380092589E+00
 0.219385022519417E+00
 0.219987060699957E+00
 0.220760201973735E+00
 0.221255793293874E+00
 0.221485436919799E+00
 0.221905123642699E+00
 0.222047498144475E+00
 0.221956398293292E+00
 0.222035255503094E+00
 0.221839483412299E+00
 0.221478849472230E+00
 0.221233267797118E+00
 0.220717876763818E+00
 0.220137675701419E+00
 0.219587019734508E+00
 0.218773233807844E+00
 0.218021671229028E+00
 0.217187536268550E+00
 0.216098560223798E+00
 0.215221724795372E+00
 0.214127199680455E+00
 0.212917791445490E+00
 0.211828816053179E+00
 0.210497775807491E+00
 0.208932193594254E+00
 0.207140601732179E+00
 0.205132505249810E+00
 0.202918338705576E+00
 0.200509416801773E+00
 0.197917879873932E+00
 0.195495411639894E+00
 0.192941860139363E+00
 0.190221080770282E+00
 0.187346504210542E+00
 0.184332204665266E+00
 0.181192834110820E+00
 0.177943555459981E+00
 0.174599975933859E+00
 0.171178080803846E+00
 0.167699072498588E+00
 0.164258572483054E+00
 0.160884258017812E+00
 0.157574818659519E+00
 0.154328511459533E+00
 0.151145603725352E+00
 0.148029573581782E+00
 0.144971396226885E+00
 0.141972120084976E+00
 0.139031955351007E+00
 0.136150585206396E+00
 0.138583795661537E+00
 0.142040960030290E+00
 0.145516994662222E+00
 0.148995998766490E+00
 0.152462021545884E+00
 0.155899131382888E+00
 0.159291480660515E+00
 0.162623367298463E+00
 0.165879295036403E+00
 0.169044035159178E+00
 0.172312203550246E+00
 0.175493239123149E+00
 0.178551965155550E+00
 0.181473831994311E+00
 0.184244816547698E+00
 0.186851485237938E+00
 0.189436552839141E+00
 0.191976651726355E+00
 0.194325012340242E+00
 0.196469846451243E+00
 0.198400185910009E+00
 0.200213342657736E+00
 0.202025532571174E+00
 0.203601195406964E+00
 0.204931646025836E+00
 0.206009201549945E+00
 0.207141665280340E+00
 0.208067501369830E+00
 0.208725186371647E+00
 0.209109765377154E+00
 0.209580513765891E+00
 0.209804099228231E+00
 0.209745007905424E+00
 0.209567494443918E+00
 0.211331423896268E+00
 0.212945839133246E+00
 0.214688242914338E+00
 0.216211219984020E+00
 0.217474799335423E+00
 0.218742501445691E+00
 0.219917327622694E+00
 0.220821397142288E+00
 0.221664019511824E+00
 0.222485425692920E+00
 0.223027644077892E+00
 0.223496891271242E+00
 0.223965341623957E+00
 0.224148951150239E+00
 0.224297235407911E+00
 0.224418269403693E+00
 0.224251401566931E+00
 0.224130834152437E+00
 0.223914422187025E+00
 0.223409436098424E+00
 0.223071159800147E+00
 0.222530989873342E+00
 0.221760488941326E+00
 0.221197511106106E+00
 0.220350278276651E+00
 0.219448241291345E+00
 0.218593276556253E+00
 0.217458032193698E+00
 0.216471843770533E+00
 0.215344124134103E+00
 0.213941621463718E+00
 0.212267360067158E+00
 0.210325459083308E+00
 0.208121116677193E+00
 0.205660589997933E+00
 0.203070103534912E+00
 0.200649477781848E+00
 0.197983887337629E+00
 0.195081501457454E+00
 0.191951439925471E+00
 0.188603734243399E+00
 0.185049282992151E+00
 0.181370037798277E+00
 0.177756185878601E+00
 0.174209647624982E+00
 0.170719204519786E+00
 0.167320532272181E+00
 0.163971748274856E+00
 0.160680806084661E+00
 0.157452807174179E+00
 0.154299200630441E+00
 0.151201763767800E+00
 0.148163247132664E+00
 0.145194910670072E+00
 0.142285740002225E+00
 0.143497911492816E+00
 0.145648374228867E+00
 0.147552294814635E+00
 0.149215339040672E+00
 0.150979520901325E+00
 0.152489417429906E+00
 0.153745327201316E+00
 0.154863750700320E+00
 0.155970434476724E+00
 0.158513882828053E+00
 0.161219782301021E+00
 0.163655337766034E+00
 0.166177761863629E+00
 0.168491014019477E+00
 0.170624190678494E+00
 0.172817190718895E+00
 0.174727325581627E+00
 0.176661361145299E+00
 0.178451802123350E+00
 0.180051110369277E+00
 0.181728160540938E+00
 0.183116801574742E+00
 0.184584781144036E+00
 0.185866158894488E+00
 0.187049144884792E+00
 0.188232176778974E+00
 0.189147130455054E+00
 0.190241525432318E+00
 0.191048305976482E+00
 0.191918974374887E+00
 0.192648277549740E+00
 0.193287801676917E+00
 0.193950620305974E+00
 0.194369822897216E+00
 0.194977321953865E+00
 0.195305249271621E+00
 0.195748511723965E+00
 0.196034534671350E+00
 0.196282340325736E+00
 0.196537870893260E+00
 0.196523380025161E+00
 0.196244923209584E+00
 0.195741318348921E+00
 0.195449444648593E+00
 0.194903375850748E+00
 0.194110848791581E+00
 0.193080383748581E+00
 0.191821232847550E+00
 0.190343324627958E+00
 0.188657205863078E+00
 0.186773981840472E+00
 0.184705255984640E+00
 0.182463069013344E+00
 0.180059837108385E+00
 0.177525336014437E+00
 0.175014611465447E+00
 0.172558583726434E+00
 0.170324909746339E+00
 0.170312703658017E+00
 0.170263617143584E+00
 0.170189197352887E+00
 0.170101150488302E+00
 0.170011279672614E+00
 0.169931421102045E+00
 0.169897372750778E+00
 0.169959445590945E+00
 0.170082876246224E+00
 0.170278342624757E+00
 0.170556139430630E+00
 0.171061993132476E+00
 0.171701857921818E+00
 0.172462014041885E+00
 0.173447683747551E+00
 0.174656478323961E+00
 0.176008575179056E+00
 0.177507516086814E+00
 0.179263368043495E+00
 0.181235314848040E+00
 0.183356129096257E+00
 0.185624560659120E+00
 0.188038431532102E+00
 0.190594638474922E+00
 0.193289158582841E+00
 0.196170833318834E+00
 0.199209774599989E+00
 0.202357143586619E+00
 0.205604507159002E+00
 0.208942652412620E+00
 0.212361620625703E+00
 0.215850740550346E+00
 0.219398661921578E+00
 0.222993392331698E+00
 0.226622341272577E+00
 0.230272373289631E+00
 0.233929868686037E+00
 0.237580787391558E+00
 0.241222918219095E+00
 0.244938878969643E+00
 0.248621693245452E+00
 0.252256047230488E+00
 0.255826432814616E+00
 0.259317216269042E+00
 0.262712705151906E+00
 0.265997213516608E+00
 0.269155126014533E+00
 0.272170962439548E+00
 0.275029444938430E+00
 0.277969568864398E+00
 0.280748414689656E+00
 0.283340565768154E+00
 0.285731365003246E+00
 0.287906621220397E+00
 0.289852681744849E+00
 0.291733136329449E+00
 0.293535585943996E+00
 0.295083517653302E+00
 0.296364836084984E+00
 0.297368229511845E+00
 0.298261112453380E+00
 0.299087719990526E+00
 0.299616477096979E+00
 0.299838257411913E+00
 0.299829877065109E+00
 0.299866189256868E+00
 0.299580635444899E+00
 0.298966637559067E+00
 0.299298427086109E+00
 0.301513332118135E+00
 0.303445275414854E+00
 0.305081489389935E+00
 0.306763645140816E+00
 0.308275711681105E+00
 0.309475936273528E+00
 0.310562965386686E+00
 0.311645743252331E+00
 0.312403430128609E+00
 0.312969690290350E+00
 0.313620237944543E+00
 0.313935292838103E+00
 0.314055257445721E+00
 0.314276360043980E+00
 0.314154343347037E+00
 0.313901216415647E+00
 0.313700689681540E+00
 0.313152062380022E+00
 0.312596744834195E+00
 0.311986802588694E+00
 0.311026240050165E+00
 0.310236560169190E+00
 0.309233157658425E+00
 0.307950143376663E+00
 0.306919112757555E+00
 0.305541272572312E+00
 0.304131477159216E+00
 0.302745016191105E+00
 0.301014170333902E+00
 0.298937949301643E+00
 0.296516556162872E+00
 0.293751396351359E+00
 0.290645080487299E+00
 0.287597903921056E+00
 0.285460861955332E+00
 0.285406191891108E+00
 0.284876038307794E+00
 0.284523593892608E+00
 0.283948420803854E+00
 0.283272956349899E+00
 0.282669989973722E+00
 0.281586894887185E+00
 0.280379126160879E+00
 0.279288625601729E+00
 0.277716188474571E+00
 0.275658382742549E+00
 0.273229849735263E+00
 0.271090012005793E+00
 0.268683458539992E+00
 0.266603130600737E+00
 0.264053463770214E+00
 0.261032561181838E+00
 0.257539908982805E+00
 0.253846633055656E+00
 0.250227476819698E+00
 0.246664368336521E+00
 0.243166868258939E+00
 0.239738036822166E+00
 0.236380741188622E+00
 0.233066750000605E+00
 0.229807417296385E+00
 0.226609483936072E+00
 0.223475661955596E+00
 0.220404931630366E+00
 0.217393059023703E+00
 0.214433213719432E+00
 0.211516221310897E+00
 0.208631206254792E+00
 0.205766034636751E+00
 0.202993968011869E+00
 0.200304352685953E+00
 0.197618843678334E+00
 0.197112328618797E+00
 0.198449625657279E+00
 0.199424942116834E+00
 0.200388376635692E+00
 0.201175941285877E+00
 0.201607852868320E+00
 0.202092860795740E+00
 0.202351511058674E+00
 0.204679601556957E+00
 0.207819348621006E+00
 0.211099752785905E+00
 0.214094979441234E+00
 0.216723179997084E+00
 0.219576678067475E+00
 0.222013405009041E+00
 0.224294701455835E+00
 0.226588013218561E+00
 0.228461420950090E+00
 0.230441375145153E+00
 0.232174499415031E+00
 0.233612477620309E+00
 0.235215783942267E+00
 0.236396512375980E+00
 0.237627192110526E+00
 0.238687288493684E+00
 0.239451307573673E+00
 0.240404194001222E+00
 0.240938675598606E+00
 0.241591055687080E+00
 0.242031659627563E+00
 0.242292265623667E+00
 0.242653800667093E+00
 0.242606612120355E+00
 0.242849708823368E+00
 0.242739102690262E+00
 0.242663213268699E+00
 0.243019038767531E+00
 0.243274775240311E+00
 0.243885419935325E+00
 0.244156186296818E+00
 0.244024749934444E+00
 0.244235450344135E+00
 0.244132727228227E+00
 0.243636137070906E+00
 0.242755873809528E+00
 0.241503152417410E+00
 0.239890155721132E+00
 0.237929978865647E+00
 0.236190250213645E+00
 0.234297947982439E+00
 0.232076538926362E+00
 0.229540576925427E+00
 0.226705334228226E+00
 0.223707357512939E+00
 0.220743166784954E+00
 0.217823552364180E+00
 0.214942146871560E+00
 0.212092517355867E+00
 0.209262688755041E+00
 0.206499584288137E+00
 0.203762970570952E+00
 0.201056043162322E+00
 0.198379765629052E+00
 0.195733325663586E+00
 0.193114508188719E+00
 0.190519921596308E+00
 0.187985952017962E+00
 0.185496567625992E+00
 0.183032286137915E+00
 0.180587457996217E+00
 0.178156141085618E+00
 0.175796359163282E+00
 0.173494600633901E+00
 0.171202478720784E+00
 0.168913539804841E+00
 0.166966210059335E+00
 0.165532327883779E+00
 0.163996356481137E+00
 0.162511879916368E+00
 0.161852064281972E+00
 0.164563935976498E+00
 0.167412822490481E+00
 0.170389217682316E+00
 0.173482917553355E+00
 0.176683056987377E+00
 0.179978153226907E+00
 0.183356159233455E+00
 0.186804525379925E+00
 0.190310264627643E+00
 0.193860016554903E+00
 0.197440108493342E+00
 0.201036614914085E+00
 0.204635417085888E+00
 0.208222264083821E+00
 0.211782835113406E+00
 0.215302803054644E+00
 0.218767899795933E+00
 0.222301172659179E+00
 0.225797225859205E+00
 0.229211238326876E+00
 0.232529079252478E+00
 0.235736926114963E+00
 0.238821334850125E+00
 0.241769308818836E+00
 0.244568361709852E+00
 0.247334830656251E+00
 0.250069324058374E+00
 0.252630961956774E+00
 0.255008640922356E+00
 0.257191978913254E+00
 0.259171357097207E+00
 0.261027317550367E+00
 0.262889732370271E+00
 0.264530052079872E+00
 0.265940741757881E+00
 0.267115189754576E+00
 0.268082227171429E+00
 0.269115160171093E+00
 0.269899778714598E+00
 0.270431938846326E+00
 0.270708524552594E+00
 0.270939761043509E+00
 0.271065968820164E+00
 0.270931081816393E+00
 0.270534644955944E+00
 0.270083560806905E+00
 0.269543134785620E+00
 0.268740542257807E+00
 0.267678003173093E+00
 0.266699890754383E+00
 0.265506845856772E+00
 0.264057792697083E+00
 0.262563532676438E+00
 0.261000913739724E+00
 0.259188851309332E+00
 0.257297897152685E+00
 0.255390604609019E+00
 0.253242715466579E+00
 0.251064409914414E+00
 0.249459627351695E+00
 0.250008220839319E+00
 0.250657766053225E+00
 0.251048004167154E+00
 0.251265376137064E+00
 0.251612611110184E+00
 0.251701005557992E+00
 0.251623946894259E+00
 0.251682266537368E+00
 0.251483899961438E+00
 0.251149881612042E+00
 0.250934882857986E+00
 0.250466840010374E+00
 0.249747231494287E+00
 0.248778539731929E+00
 0.247564239717812E+00
 0.246108783640479E+00
 0.244417581633711E+00
 0.242496978608159E+00
 0.240511086288174E+00
 0.238610251525816E+00
 0.236490768811559E+00
 0.234160655860783E+00
 0.231628756156916E+00
 0.228904700038278E+00
 0.225998861840545E+00
 0.222922313352062E+00
 0.219686774042136E+00
 0.216304558583774E+00
 0.212798558109582E+00
 0.209300106883367E+00
 0.205845210703946E+00
 0.202433739127052E+00
 0.199065408445237E+00
 0.195744585523672E+00
 0.192461926851567E+00
 0.189220444803548E+00
 0.186021295549513E+00
 0.182864082780447E+00
 0.179747219759252E+00
 0.176746270878379E+00
 0.174839606693650E+00
 0.172643629698919E+00
 0.170166975546378E+00
 0.167431518865252E+00
 0.164677561861358E+00
 0.161995326200585E+00
 0.159372419562205E+00
 0.156834528076592E+00
 0.154325982199979E+00
 0.154173330442566E+00
 0.156193098580709E+00
 0.158180049833297E+00
 0.160121707691313E+00
 0.162089638432386E+00
 0.164051952705545E+00
 0.165945791128357E+00
 0.167759322982070E+00
 0.169481196246553E+00
 0.171100595169460E+00
 0.172607292726627E+00
 0.173991697791507E+00
 0.175427099076254E+00
 0.176760173954536E+00
 0.177952941881017E+00
 0.178997580600356E+00
 0.179887079141022E+00
 0.180635440571701E+00
 0.181446841135930E+00
 0.182090260205765E+00
 0.182560912145436E+00
 0.182854953928827E+00
 0.183025968018975E+00
 0.183228391796711E+00
 0.183247332235565E+00
 0.183081454385029E+00
 0.182730435490347E+00
 0.182448134350532E+00
 0.182004547600847E+00
 0.181375126683569E+00
 0.180565486952371E+00
 0.179852893810065E+00
 0.178956606530276E+00
 0.177880425998187E+00
 0.176747946729759E+00
 0.175600935185152E+00
 0.174280174258017E+00
 0.172813818154099E+00
 0.171435738292383E+00
 0.169892208188764E+00
 0.168190776880184E+00
 0.166586635111380E+00
 0.164844374416008E+00
 0.162955533436727E+00
 0.161174628722753E+00
 0.159259059638323E+00
 0.157246060473136E+00
 0.155314259649700E+00
 0.154341828023980E+00
 0.154436422201895E+00
 0.154359541208251E+00
 0.154108781887196E+00
 0.153682696286833E+00
 0.153080802162422E+00
 0.152303589671831E+00
 0.151352523855648E+00
 0.150230041976511E+00
 0.149255471730047E+00
 0.148164533395344E+00
 0.146908115713438E+00
 0.145490497792040E+00
 0.143916878601324E+00
 0.142208184941814E+00
 0.140470642808521E+00
 0.138734250192331E+00
 0.136996600854345E+00
 0.135257262389119E+00
 0.133514441523146E+00
 0.131773011649838E+00
 0.130035492855349E+00
 0.128302361885771E+00
 0.128287469809966E+00
 0.129834104415925E+00
 0.131317820205076E+00
 0.134578778373986E+00
 0.138017754904737E+00
 0.141624269473086E+00
 0.145387001575630E+00
 0.149293833564251E+00
 0.153331901073905E+00
 0.157487646287775E+00
 0.161746870559759E+00
 0.166094786676855E+00
 0.170516074003700E+00
 0.174994939225083E+00
 0.179515181981903E+00
 0.184060261724965E+00
 0.188613362563844E+00
 0.193157456516554E+00
 0.197675369012118E+00
 0.202149850354411E+00
 0.206764710158420E+00
 0.211333981610236E+00
 0.215825399596088E+00
 0.220221332647080E+00
 0.224504363467317E+00
 0.228657368137962E+00
 0.232663587326820E+00
 0.236606412842590E+00
 0.240589923934751E+00
 0.244392872726359E+00
 0.247999428603917E+00
 0.251394390699125E+00
 0.254563250956979E+00
 0.257640223847291E+00
 0.260700782963695E+00
 0.263506340777468E+00
 0.266044314718733E+00
 0.268303063759260E+00
 0.270441205952560E+00
 0.272541981379328E+00
 0.274340945426318E+00
 0.275829033533991E+00
 0.277019797228034E+00
 0.278329522473333E+00
 0.279311581488102E+00
 0.279959835790966E+00
 0.280357268564705E+00
 0.280820095751232E+00
 0.280938433384490E+00
 0.280709292069911E+00
 0.280485783839326E+00
 0.280075940788518E+00
 0.279314034393933E+00
 0.278461682483738E+00
 0.277534543172774E+00
 0.276254668263679E+00
 0.274914747417698E+00
 0.273488866690512E+00
 0.271713147492162E+00
 0.270019098403135E+00
 0.268119262755885E+00
 0.265953593685342E+00
 0.263950534394461E+00
 0.261606412138931E+00
 0.259306132851722E+00
 0.256882314514889E+00
 0.254276500022494E+00
 0.251792911682085E+00
 0.248981987375293E+00
 0.246418998818543E+00
 0.243571495234695E+00
 0.240832811141639E+00
 0.238433308029141E+00
 0.238868768647817E+00
 0.239040517218086E+00
 0.238876532248245E+00
 0.238374844242473E+00
 0.237534734918730E+00
 0.236356740819591E+00
 0.234878412997254E+00
 0.233717067106850E+00
 0.232224762117474E+00
 0.230404515236030E+00
 0.228260567986162E+00
 0.225798373393232E+00
 0.223024578362789E+00
 0.219956337629340E+00
 0.216812879412966E+00
 0.213696177913919E+00
 0.210605452960240E+00
 0.207533442394795E+00
 0.204495494837789E+00
 0.201472569204163E+00
 0.198472742015501E+00
 0.195500446595121E+00
 0.192556963341996E+00
 0.189640973533492E+00
 0.186748986070442E+00
 0.183875803869660E+00
 0.181015035383377E+00
 0.178193366005337E+00
 0.175435353639661E+00
 0.172683513520861E+00
 0.169929056957615E+00
 0.167221379733387E+00
 0.165530085278703E+00
 0.168512828069841E+00
 0.171417059187485E+00
 0.173999258579563E+00
 0.176524916034437E+00
 0.178946163590797E+00
 0.181031828778212E+00
 0.183131886928402E+00
 0.185053049711949E+00
 0.186629147274344E+00
 0.188342266991431E+00
 0.189756367044849E+00
 0.190926312854778E+00
 0.192188606208644E+00
 0.193097616252620E+00
 0.193955213476833E+00
 0.194722480666699E+00
 0.195136146729499E+00
 0.195724676316849E+00
 0.196010168605749E+00
 0.196133746376322E+00
 0.196306283815154E+00
 0.196129032651037E+00
 0.196053849376972E+00
 0.195780791445080E+00
 0.195281826214655E+00
 0.194929028900623E+00
 0.194235499564338E+00
 0.197265000398579E+00
 0.201145048379409E+00
 0.204864783519763E+00
 0.208525174878986E+00
 0.212215833771338E+00
 0.215726390333831E+00
 0.219049932790135E+00
 0.222180508739045E+00
 0.225113137882282E+00
 0.228054441423474E+00
 0.230904071057505E+00
 0.233544066157276E+00
 0.235972072774493E+00
 0.238186758099402E+00
 0.240275366382839E+00
 0.242382173358906E+00
 0.244270950074107E+00
 0.245943043535205E+00
 0.247400800269020E+00
 0.248679177711024E+00
 0.250020084460181E+00
 0.251148578216970E+00
 0.252069522768112E+00
 0.252788675852117E+00
 0.253319763777321E+00
 0.253926072621128E+00
 0.254338302394357E+00
 0.254564389876396E+00
 0.254613015874684E+00
 0.254493557736057E+00
 0.254414849736050E+00
 0.254198880394681E+00
 0.253828151136690E+00
 0.253313638683428E+00
 0.252666824521527E+00
 0.251956164643951E+00
 0.251232962542168E+00
 0.250393606828581E+00
 0.249450609477806E+00
 0.248416748594795E+00
 0.247304992195836E+00
 0.246128431384370E+00
 0.244900220776157E+00
 0.243647903531558E+00
 0.242378784713791E+00
 0.241075923752399E+00
 0.239752420827098E+00
 0.238441199712140E+00
 0.237174643530788E+00
 0.235944709108840E+00
 0.234762660531853E+00
 0.233639240546464E+00
 0.232689143117274E+00
 0.231879618531407E+00
 0.231176312807929E+00
 0.230768492226002E+00
 0.230479038583986E+00
 0.230382725528091E+00
 0.230545700240085E+00
 0.230835403112628E+00
 0.231251565159005E+00
 0.231941347878623E+00
 0.232779968529937E+00
 0.233730947291934E+00
 0.234789228963620E+00
 0.235948932094552E+00
 0.237203369572419E+00
 0.238545081295903E+00
 0.240045282008983E+00
 0.241601371400439E+00
 0.243203102927224E+00
 0.244839826974857E+00
 0.246500431232705E+00
 0.248173395004768E+00
 0.249846841492965E+00
 0.251508593391179E+00
 0.253146236799176E+00
 0.254747192843225E+00
 0.256298790385325E+00
 0.257881473176205E+00
 0.259412194219192E+00
 0.260871756221823E+00
 0.262247312406244E+00
 0.263526169545737E+00
 0.264695844652777E+00
 0.265744122738465E+00
 0.266659122268823E+00
 0.267429367822394E+00
 0.268139196671007E+00
 0.268822129779828E+00
 0.269341295801966E+00
 0.269686454028097E+00
 0.269848008511024E+00
 0.269817061235049E+00
 0.269736103217245E+00
 0.269593518839783E+00
 0.269244682776011E+00
 0.268682642426939E+00
 0.267901317351548E+00
 0.267168366461934E+00
 0.266271468164017E+00
 0.265147072703720E+00
 0.263791464333757E+00
 0.262495462562524E+00
 0.261033601834964E+00
 0.259336884407230E+00
 0.257508610279176E+00
 0.255721174411172E+00
 0.253698244524330E+00
 0.251470620714869E+00
 0.249374868168705E+00
 0.247045791228372E+00
 0.244541477668674E+00
 0.242158821148407E+00
 0.239547531373991E+00
 0.236875611215264E+00
 0.234230250891151E+00
 0.231363129197124E+00
 0.228617134725924E+00
 0.225734816521756E+00
 0.224080576013208E+00
 0.223875902053060E+00
 0.223464175621753E+00
 0.222839374588990E+00
 0.221996347215086E+00
 0.220930846630969E+00
 0.220086234935787E+00
 0.219035359906771E+00
 0.217762770519183E+00
 0.216266182352323E+00
 0.214544279345890E+00
 0.212596731675344E+00
 0.210424207425580E+00
 0.208028377133812E+00
 0.205411911665054E+00
 0.202691619944273E+00
 0.199991155097165E+00
 0.197301845369720E+00
 0.194643545205578E+00
 0.191991129925657E+00
 0.189355487125252E+00
 0.186754610941585E+00
 0.184172602045528E+00
 0.181607947106602E+00
 0.179083355450067E+00
 0.176583777878783E+00
 0.174103706025383E+00
 0.171636033290148E+00
 0.169172415386837E+00
 0.166755133703195E+00
 0.164373536213956E+00
 0.161982650059491E+00
 0.159600946725580E+00
 0.157289770718609E+00
 0.154952922472258E+00
 0.152638768038783E+00
 0.150374540290475E+00
 0.150788599788800E+00
 0.153400430806449E+00
 0.156023736564607E+00
 0.158371985292940E+00
 0.160503695709810E+00
 0.162686235877397E+00
 0.164588964197980E+00
 0.166296958263898E+00
 0.168040326338826E+00
 0.169503292863288E+00
 0.170857113232927E+00
 0.172173575379078E+00
 0.173212747050473E+00
 0.174285224485803E+00
 0.175194930373138E+00
 0.175895589054376E+00
 0.176691609276324E+00
 0.177219773081950E+00
 0.177750337359254E+00
 0.178183306382189E+00
 0.178407401469961E+00
 0.178759069331114E+00
 0.178856245043235E+00
 0.180293754858003E+00
 0.181740461104027E+00
 0.183367293709160E+00
 0.184720010918469E+00
 0.185883575613095E+00
 0.187154178014910E+00
 0.188112126718970E+00
 0.189081244873210E+00
 0.189968069967282E+00
 0.190546559791177E+00
 0.191362771007337E+00
 0.191882158050915E+00
 0.192468968727212E+00
 0.194115889888027E+00
 0.195685311199374E+00
 0.197070782419482E+00
 0.198272117295026E+00
 0.199290050454445E+00
 0.200126236293922E+00
 0.200973111603286E+00
 0.201685758948952E+00
 0.202219953618997E+00
 0.202579780316252E+00
 0.202770144078983E+00
 0.202881748724789E+00
 0.202967941039135E+00
 0.202893817686921E+00
 0.202666243743807E+00
 0.202292709509425E+00
 0.201820057954771E+00
 0.201371589119550E+00
 0.200790142023703E+00
 0.200084567249028E+00
 0.199264148685284E+00
 0.198346413409839E+00
 0.197482005422981E+00
 0.196517578256075E+00
 0.195463196412324E+00
 0.194329160027214E+00
 0.193125942314720E+00
 0.191913327219556E+00
 0.190697274711727E+00
 0.189427044976934E+00
 0.188113148063558E+00
 0.186766040195394E+00
 0.185396062327666E+00
 0.184013385949963E+00
 0.182627961569004E+00
 0.181249463312311E+00
 0.179887227580561E+00
 0.178550190906080E+00
 0.177246835681864E+00
 0.175985148867059E+00
 0.174772590939255E+00
 0.173671141438212E+00
 0.172680560121884E+00
 0.171766095895252E+00
 0.171002372247814E+00
 0.170377200128175E+00
 0.169840055662717E+00
 0.169449743297780E+00
 0.169210153162761E+00
 0.169055264383730E+00
 0.168982603428057E+00
 0.168989101632977E+00
 0.169133835444307E+00
 0.169364592149395E+00
 0.169653790413071E+00
 0.169995735955647E+00
 0.170384404190039E+00
 0.170813475530924E+00
 0.171276379077580E+00
 0.171766353764234E+00
 0.172276520858298E+00
 0.172799950833660E+00
 0.173329711539029E+00
 0.173858900320020E+00
 0.174380676471389E+00
 0.174888309849034E+00
 0.175375247083211E+00
 0.175835181049103E+00
 0.176262105279248E+00
 0.176650345586496E+00
 0.176994577051507E+00
 0.177364286672478E+00
 0.177699417803727E+00
 0.177982328408666E+00
 0.178208643688671E+00
 0.178374438661713E+00
 0.178476280576558E+00
 0.178511270011730E+00
 0.178477064999479E+00
 0.178388739686018E+00
 0.178332444522811E+00
 0.178203652973432E+00
 0.178001363876621E+00
 0.177725137620732E+00
 0.177375076093473E+00
 0.176951818146354E+00
 0.176484948345496E+00
 0.176039776108488E+00
 0.175522359367231E+00
 0.174934597275714E+00
 0.174278917999684E+00
 0.173558262148907E+00
 0.172776049540857E+00
 0.172007103680590E+00
 0.171208629152971E+00
 0.170353042944785E+00
 0.169444742037155E+00
 0.168488484850727E+00
 0.167489369065138E+00
 0.166452811468575E+00
 0.165396389226399E+00
 0.164351582406773E+00
 0.163276005580856E+00
 0.162175676091779E+00
 0.161056814309352E+00
 0.159925778516729E+00
 0.158788997328656E+00
 0.157652915361252E+00
 0.156523956789003E+00
 0.155408497418143E+00
 0.154317018865533E+00
 0.153309503050918E+00
 0.152343741248158E+00
 0.151424957502015E+00
 0.150610178673644E+00
 0.149908363562254E+00
 0.149272857024128E+00
 0.148817224786993E+00
 0.148447489845888E+00
 0.148162549007115E+00
 0.148065634265736E+00
 0.148043730673729E+00
 0.148095967134870E+00
 0.148379171330794E+00
 0.149400538026105E+00
 0.150365599955073E+00
 0.151270796149488E+00
 0.152131628606854E+00
 0.153028475621692E+00
 0.153860864305496E+00
 0.154626124551485E+00
 0.155322010201698E+00
 0.155957801921780E+00
 0.156642632199023E+00
 0.157255442940715E+00
 0.157794965132479E+00
 0.158260362206879E+00
 0.158702909850005E+00
 0.159157244958568E+00
 0.159536750550405E+00
 0.159841547837615E+00
 0.160135728835195E+00
 0.160958028726927E+00
 0.161767552428945E+00
 0.162560361595488E+00
 0.163332747914913E+00
 0.164081250963891E+00
 0.164802651392334E+00
 0.165493958989306E+00
 0.166152419813489E+00
 0.166775549139579E+00
 0.167361172291781E+00
 0.167907445109422E+00
 0.168412839466308E+00
 0.168876106021096E+00
 0.169360250227986E+00
 0.169811119919775E+00
 0.170217635981471E+00
 0.170579218742655E+00
 0.170895534986210E+00
 0.171166516513103E+00
 0.171392379856227E+00
 0.171573622094021E+00
 0.171710988481650E+00
 0.171805431110536E+00
 0.171858083006883E+00
 0.171897607520708E+00
 0.171934302645867E+00
 0.171930663941018E+00
 0.171888267547639E+00
 0.171808851874377E+00
 0.171694314630427E+00
 0.171546688114399E+00
 0.171368100188300E+00
 0.171160738813769E+00
 0.170926833060191E+00
 0.170668648925478E+00
 0.170388486861273E+00
 0.170088668341088E+00
 0.169771509674244E+00
 0.169439292928869E+00
 0.169094246500010E+00
 0.168738539377436E+00
 0.168378872805474E+00
 0.168018576827240E+00
 0.167650522045995E+00
 0.167276723527663E+00
 0.166899110588580E+00
 0.166519507390271E+00
 0.166139608371680E+00
 0.165760964138106E+00
 0.165384986951650E+00
 0.165012969811775E+00
 0.164655181188019E+00
 0.164306596409988E+00
 0.163966332615915E+00
 0.163635032682654E+00
 0.163313250767760E+00
 0.163001454232751E+00
 0.162700021107542E+00
 0.162409240656388E+00
 0.162129319956800E+00
 0.161860393569855E+00
 0.161602531274781E+00
 0.161355741104314E+00
 0.161119968954012E+00
 0.160895098867994E+00
 0.160680957994639E+00
 0.160477327056835E+00
 0.160283952768740E+00
 0.160100556230114E+00
 0.159926833516420E+00
 0.159762450483056E+00
 0.159607038549828E+00
 0.159460197503519E+00
 0.159321505518948E+00
 0.159190530894993E+00
 0.159066839521460E+00
 0.158949996769819E+00
 0.158839567490294E+00
 0.158735118643881E+00
 0.158636225926824E+00
 0.158542482243809E+00
 0.158453504967087E+00
 0.158368940255781E+00
 0.158288464290271E+00
 0.158211782132509E+00
 0.158138625510930E+00
 0.158068751326331E+00
 0.158001942239671E+00
 0.157938008908652E+00
 0.157876791614320E+00
 0.157818159105232E+00
 0.157762004587560E+00
 0.157708240711799E+00
 0.157656795132891E+00
 0.157607606320791E+00
 0.157560618192619E+00
 0.157515773122309E+00
 0.157473004710479E+00
 0.157432232376058E+00
 0.157393359072223E+00
 0.157356272478397E+00
 0.157320849443323E+00
 0.157286962379061E+00
 0.157254484444288E+00
 0.157223289717935E+00
 0.157193247536212E+00
 0.157164215619006E+00
 0.157136039432991E+00
 0.157260052426671E+00
 0.157404441193101E+00
 0.157545155446694E+00
 0.157682203043374E+00
 0.157815579618474E+00
 0.157945278197113E+00
 0.158071301465758E+00
 0.158193673599819E+00
 0.158312447345045E+00
 0.158427703072628E+00
 0.158539540169052E+00
 0.158648065341614E+00
 0.158753384164480E+00
 0.158855600069029E+00
 0.158954820479914E+00
 0.159051165896964E+00
 0.159144776519275E+00
 0.159235812588587E+00
 0.159324447725352E+00
 0.159410857661792E+00
 0.159502662381586E+00
 0.159595619355121E+00
 0.159686550398484E+00
 0.159775619457966E+00
 0.159862980908052E+00
 0.159948773831543E+00
 0.160033120054895E+00
 0.160116125341802E+00
 0.160197882969650E+00
 0.160278479054636E+00
 0.160357998320264E+00
 0.160436527851004E+00
 0.160514156359936E+00
 0.160590968617805E+00
 0.160667037833655E+00
 0.160742420491897E+00
 0.160817156907051E+00
 0.160891277362912E+00
 0.160964810519815E+00
 0.161037789731612E+00
 0.161110254286670E+00
 0.161182245304701E+00
 0.161253798658459E+00
 0.161324938693323E+00
 0.161395676033466E+00
 0.161466010528824E+00
 0.161535937583946E+00
 0.161605454436080E+00
 0.161674563438948E+00
 0.161743271492224E+00
 0.161811586787423E+00
 0.161879514805355E+00
 0.161947055137731E+00
 0.162014200108800E+00
 0.162080935750498E+00
 0.162147245057732E+00
 0.162213112365615E+00
 0.162278526793735E+00
 0.162343482991069E+00
 0.162407978961760E+00
 0.162472012376727E+00
 0.162539427615917E+00
 0.162610764941831E+00
 0.162681621488961E+00
 0.162751998703508E+00
 0.162821898378007E+00
 0.162891315885277E+00
 0.162960236259930E+00
 0.163028636182310E+00
 0.163096491334279E+00
 0.163163784787493E+00
 0.163230511113624E+00
 0.163296673732076E+00
 0.163362277507933E+00
 0.163427321411927E+00
 0.163491795391516E+00
 0.163555682482710E+00
 0.163618964097631E+00
 0.163681625183877E+00
 0.163743656755045E+00
 0.163805055169700E+00
 0.163865819298483E+00
 0.163925947493053E+00
 0.163985435757415E+00
 0.164044277229729E+00
 0.164102462172417E+00
 0.164159978029106E+00
 0.164216810296256E+00
 0.164272945356819E+00
 0.164328374925943E+00
 0.164383099369534E+00
 0.164437126466439E+00
 0.164490464776516E+00
 0.164543115134055E+00
 0.164595066188509E+00
 0.164646297814353E+00
 0.164696790833978E+00
 0.164746536983907E+00
 0.164795542892357E+00
 0.164843825960237E+00
 0.164891405170525E+00
 0.164938292420226E+00
 0.164991697947785E+00
 0.165046528594852E+00
 0.165100677405302E+00
 0.165154152504289E+00
 0.165206957963243E+00
 0.165259093847586E+00
 0.165310556733252E+00
 0.165361340696976E+00
 0.165411439490458E+00
 0.165460850204868E+00
 0.165509577117195E+00
 0.165557632916735E+00
 0.165605035008449E+00
 0.165651797596530E+00
 0.165697923846466E+00
 0.165743403475755E+00
 0.165788218117899E+00
 0.165832351614996E+00
 0.165875798994429E+00
 0.165918568940087E+00
 0.165960679091936E+00
 0.166002147837079E+00
 0.166042987350283E+00
 0.166083200514856E+00
 0.166122781497388E+00
 0.166161718482625E+00
 0.166199997575954E+00
 0.166237607594628E+00
 0.166274545066202E+00
 0.166310817521325E+00
 0.166346442626730E+00
 0.166381442061566E+00
 0.166415831982337E+00
 0.166449614657839E+00
 0.166482776290507E+00
 0.166515293274539E+00
 0.166547144366718E+00
 0.166578322339758E+00
 0.166608838450392E+00
 0.166638717082633E+00
 0.166667983791984E+00
 0.166696653725514E+00
 0.166724726505744E+00
 0.166752189077827E+00
 0.166779023334624E+00
 0.166805213799264E+00
 0.166830752539943E+00
 0.166855641279606E+00
 0.166879891641094E+00
 0.166903523338291E+00
 0.166926559047418E+00
 0.166949015874422E+00
 0.166970896529776E+00
 0.166992185709900E+00
 0.167012855824122E+00
 0.167032880921002E+00
 0.167052251756040E+00
 0.167070982913604E+00
 0.167089106914724E+00
 0.167106658120122E+00
 0.167123655712836E+00
 0.167140095568567E+00
 0.167155955010545E+00
 0.167171206446441E+00
 0.167185831248990E+00
 0.167199826717673E+00
 0.167213204590520E+00
 0.167225984630883E+00
 0.167238187835813E+00
 0.167249831275267E+00
 0.167260923920872E+00
 0.167271462934366E+00
 0.167281432280518E+00
 0.167290806935807E+00
 0.167299563673995E+00
 0.167307694275859E+00
 0.167315213200490E+00
 0.167322153278730E+00
 0.167328549946798E+00
 0.167334422433266E+00
 0.167339763251776E+00
