 0.257655431805273E-07
 0.399603431334149E-06
 0.194180613618851E-05
 0.585090150781493E-05
 0.135381943166497E-04
 0.264682242988320E-04
 0.460246809479121E-04
 0.734116009461420E-04
 0.109588895239402E-03
 0.155233375369729E-03
 0.210713972999549E-03
 0.276072842040528E-03
 0.351010251226884E-03
 0.434877195195947E-03
 0.526682463705718E-03
 0.625119231757779E-03
 0.728610937718366E-03
 0.837121439747042E-03
 0.953659316497704E-03
 0.107590618276646E-02
 0.119776060825423E-02
 0.132083535642465E-02
 0.144456051631062E-02
 0.156167070346238E-02
 0.166930404713761E-02
 0.176992144414921E-02
 0.186241919171714E-02
 0.193815116749743E-02
 0.199423811235873E-02
 0.203822092937745E-02
 0.206390518553929E-02
 0.207957859779642E-02
 0.207972078249438E-02
 0.208567601151902E-02
 0.209491687261909E-02
 0.217351096999572E-02
 0.229007204556736E-02
 0.241328635212630E-02
 0.253834403054562E-02
 0.267091301578308E-02
 0.280111385226630E-02
 0.293941360848560E-02
 0.307762454799760E-02
 0.321807216657846E-02
 0.336214722513793E-02
 0.350920998423334E-02
 0.366232277038149E-02
 0.381364177804356E-02
 0.397077690212502E-02
 0.412310961005197E-02
 0.428278425065372E-02
 0.447166528841742E-02
 0.499626897625201E-02
 0.551395210617272E-02
 0.602010216913102E-02
 0.653109272381113E-02
 0.705331666891760E-02
 0.757906451703662E-02
 0.808028231768734E-02
 0.855214562940429E-02
 0.903480712508552E-02
 0.954307056266753E-02
 0.100148687346955E-01
 0.104688530156892E-01
 0.109381487238677E-01
 0.114102064617239E-01
 0.118503145267604E-01
 0.123015633883789E-01
 0.127666906337954E-01
 0.132017497264296E-01
 0.136530237681706E-01
 0.141033752074346E-01
 0.145348503795294E-01
 0.149881348976505E-01
 0.154313856594615E-01
 0.158559764999212E-01
 0.163060110743718E-01
 0.167527335395436E-01
 0.171826685975006E-01
 0.176056371523148E-01
 0.180596100652204E-01
 0.184958352595688E-01
 0.189666954818037E-01
 0.194114385522239E-01
 0.198945869815211E-01
 0.204012747237907E-01
 0.209200489960020E-01
 0.214791328218325E-01
 0.221006886804966E-01
 0.227489112663346E-01
 0.234172911666211E-01
 0.241418626948870E-01
 0.248827164701531E-01
 0.256279818453550E-01
 0.263690848120969E-01
 0.270290791789369E-01
 0.276478237007818E-01
 0.282808313921157E-01
 0.289063560919750E-01
 0.294624250113679E-01
 0.299196265967247E-01
 0.303232116339004E-01
 0.306920363313243E-01
 0.309512819561854E-01
 0.311390480602604E-01
 0.313087427772228E-01
 0.315478185952507E-01
 0.318246601297487E-01
 0.320113027775073E-01
 0.321315620163445E-01
 0.322262676758373E-01
 0.322237975545378E-01
 0.321213782253897E-01
 0.319411408008751E-01
 0.317489409020059E-01
 0.315172238286303E-01
 0.312921984612706E-01
 0.310671926528926E-01
 0.308233949370640E-01
 0.305685858100936E-01
 0.302849367346394E-01
 0.299713063177759E-01
 0.296316226722041E-01
 0.292508907352953E-01
 0.288195296851429E-01
 0.283789003211737E-01
 0.279350356649362E-01
 0.280127929176604E-01
 0.281491994420812E-01
 0.283108316254319E-01
 0.284640119410110E-01
 0.286317675958345E-01
 0.287988054698147E-01
 0.289157591675428E-01
 0.290721453962961E-01
 0.291420836353034E-01
 0.297878127955117E-01
 0.304294806503325E-01
 0.310227304884055E-01
 0.316428444486582E-01
 0.322168567024491E-01
 0.327357224377611E-01
 0.332596196322610E-01
 0.337549681257744E-01
 0.341891153286909E-01
 0.346246384761809E-01
 0.350333764086949E-01
 0.353756244129425E-01
 0.357368027542550E-01
 0.360538485174385E-01
 0.363088503201843E-01
 0.366041560356583E-01
 0.368269209408680E-01
 0.370370280346714E-01
 0.372407772115147E-01
 0.373687163843932E-01
 0.375517132506242E-01
 0.376642722430889E-01
 0.377147362449483E-01
 0.378168088477784E-01
 0.378506013539321E-01
 0.380875282761032E-01
 0.382473391439254E-01
 0.383279526329047E-01
 0.383275659269839E-01
 0.382446698066874E-01
 0.382142535758801E-01
 0.381263528749393E-01
 0.379582897855319E-01
 0.377293732759611E-01
 0.374450971392754E-01
 0.371028611605774E-01
 0.367123051814664E-01
 0.362719280138474E-01
 0.357866089539817E-01
 0.352621380834549E-01
 0.347084887584601E-01
 0.341477052344814E-01
 0.336065299346989E-01
 0.330510747692212E-01
 0.324827445712445E-01
 0.319092835438832E-01
 0.313511894560060E-01
 0.308031551528037E-01
 0.302686923447856E-01
 0.297511964667573E-01
 0.292527343437563E-01
 0.287740529690658E-01
 0.283146623330823E-01
 0.289201387324324E-01
 0.315627186831584E-01
 0.343801974177973E-01
 0.373421064862682E-01
 0.404434955430974E-01
 0.436785927437045E-01
 0.470408031817306E-01
 0.505227021714404E-01
 0.541160377714249E-01
 0.578950511840367E-01
 0.618750911870925E-01
 0.659549069033060E-01
 0.701229942270995E-01
 0.743670326337756E-01
 0.786739672586637E-01
 0.830300996394842E-01
 0.874760242097678E-01
 0.921400167707533E-01
 0.968251171804202E-01
 0.101514903302457E+00
 0.106192539317778E+00
 0.111225923074886E+00
 0.116545605819701E+00
 0.121809086654127E+00
 0.126996663615722E+00
 0.132088531819334E+00
 0.137064865214228E+00
 0.141905884258085E+00
 0.146873523406239E+00
 0.151746255738915E+00
 0.156440745510317E+00
 0.160936996753902E+00
 0.165215400251741E+00
 0.169278332255338E+00
 0.173478189563307E+00
 0.177418427077610E+00
 0.181080332130740E+00
 0.184445987046120E+00
 0.187556654346525E+00
 0.190751560339046E+00
 0.193612759138325E+00
 0.196124428109120E+00
 0.198271916013339E+00
 0.200496261201660E+00
 0.202404220615616E+00
 0.203918029054096E+00
 0.205113864747301E+00
 0.206372512137014E+00
 0.207212581044093E+00
 0.207624644851259E+00
 0.208119302653517E+00
 0.208264012646962E+00
 0.207964726219161E+00
 0.207784963711282E+00
 0.207230974230445E+00
 0.206337577946138E+00
 0.205554271403954E+00
 0.204315482829050E+00
 0.203086250445086E+00
 0.201647562072666E+00
 0.206972450349927E+00
 0.212399236135663E+00
 0.217610421447260E+00
 0.222917253237530E+00
 0.228095615349415E+00
 0.233019641881424E+00
 0.237672599231877E+00
 0.242191425513267E+00
 0.246742297731318E+00
 0.252060147172218E+00
 0.257857471599635E+00
 0.263382451144203E+00
 0.268616601014024E+00
 0.273723661980111E+00
 0.278876111430642E+00
 0.283700367197321E+00
 0.288179837031199E+00
 0.292594495523842E+00
 0.296939364926380E+00
 0.300906811091049E+00
 0.304482807918236E+00
 0.308259666084902E+00
 0.311662919035770E+00
 0.314647889698662E+00
 0.317635155927986E+00
 0.320435189272936E+00
 0.322794574376000E+00
 0.325080009891869E+00
 0.327250154600582E+00
 0.328961831293751E+00
 0.330641711494608E+00
 0.332166785548775E+00
 0.333220091156567E+00
 0.334394787415232E+00
 0.335270107765943E+00
 0.335721269678433E+00
 0.336435102524059E+00
 0.337020396378766E+00
 0.338366119557884E+00
 0.340062603158094E+00
 0.341263054338602E+00
 0.342354129626226E+00
 0.343449377929224E+00
 0.344037985881030E+00
 0.344949344948520E+00
 0.345447000074431E+00
 0.345809726461173E+00
 0.346234385433610E+00
 0.346144716532320E+00
 0.346445339725246E+00
 0.346300986271707E+00
 0.346123437400581E+00
 0.345943240343078E+00
 0.345310873520278E+00
 0.345113286261714E+00
 0.344402841315865E+00
 0.343245191153338E+00
 0.342539263828932E+00
 0.341323871018557E+00
 0.339600305871424E+00
 0.337371594034180E+00
 0.334642482203178E+00
 0.331419417188713E+00
 0.327710515761972E+00
 0.324397803796190E+00
 0.320776283707256E+00
 0.316689308343033E+00
 0.312147964109527E+00
 0.307175858341438E+00
 0.302141277686421E+00
 0.297201021838975E+00
 0.292376553356936E+00
 0.287648124448121E+00
 0.283005569330014E+00
 0.278432430820010E+00
 0.273996835056210E+00
 0.269635018210451E+00
 0.265351172113433E+00
 0.261145938137894E+00
 0.257016866929004E+00
 0.252958922725053E+00
 0.248964918561742E+00
 0.245036832709899E+00
 0.241247018380820E+00
 0.237514820363559E+00
 0.233827999406601E+00
 0.230173814594492E+00
 0.226828877869278E+00
 0.224082743654905E+00
 0.221373833007300E+00
 0.218794796885967E+00
 0.216155068452721E+00
 0.213559518874340E+00
 0.211083896648516E+00
 0.208524511868270E+00
 0.206092440319163E+00
 0.203343596937736E+00
 0.200793486307423E+00
 0.197996620184636E+00
 0.195439380573753E+00
 0.192682145197670E+00
 0.189635329217327E+00
 0.186306612049280E+00
 0.182704572686026E+00
 0.178838651808640E+00
 0.179564096156581E+00
 0.181220646522654E+00
 0.182935469887648E+00
 0.184566958049332E+00
 0.185939964143473E+00
 0.187441125658835E+00
 0.188795617862234E+00
 0.189899093251481E+00
 0.191196830411776E+00
 0.192289639165809E+00
 0.193155668101450E+00
 0.194246889738646E+00
 0.195095797432717E+00
 0.195785765991158E+00
 0.196642176014421E+00
 0.197266835420070E+00
 0.197796952847904E+00
 0.198438571015749E+00
 0.198859851314103E+00
 0.199247352333534E+00
 0.199694992471487E+00
 0.199934298814049E+00
 0.200196474098524E+00
 0.200471049487198E+00
 0.200549647404670E+00
 0.200444616013269E+00
 0.200313342189583E+00
 0.200252403106870E+00
 0.200020811123423E+00
 0.199631132029828E+00
 0.199095915029564E+00
 0.198427624753469E+00
 0.197638576679852E+00
 0.196740876503043E+00
 0.195746363168846E+00
 0.194666554731654E+00
 0.193512596053935E+00
 0.192295207655342E+00
 0.191024635639846E+00
 0.189710603421370E+00
 0.188362266636665E+00
 0.186988172826369E+00
 0.185596227004311E+00
 0.184193663301711E+00
 0.182787021921066E+00
 0.181382130091404E+00
 0.179984085742870E+00
 0.178597243118072E+00
 0.177225200317709E+00
 0.175870789630105E+00
 0.174536072141551E+00
 0.173222338222120E+00
 0.171930114820185E+00
 0.170659179269285E+00
 0.169408578119302E+00
 0.168176649015352E+00
 0.166961044125767E+00
 0.165758754757242E+00
 0.164566137961164E+00
 0.163525060615856E+00
 0.163228034727753E+00
 0.162845665080025E+00
 0.162568298137616E+00
 0.162217037415830E+00
 0.161768983480312E+00
 0.161285420762192E+00
 0.160868307039796E+00
 0.160343404388347E+00
 0.159700987213332E+00
 0.158931498172908E+00
 0.158075790963522E+00
 0.157337058312656E+00
 0.156949756019478E+00
 0.160199305368368E+00
 0.163270782812326E+00
 0.166151467016640E+00
 0.168829209162969E+00
 0.171456853073544E+00
 0.174030449020904E+00
 0.176376102967902E+00
 0.178483284447175E+00
 0.180493405866343E+00
 0.182462973730031E+00
 0.184173134453085E+00
 0.185615435536402E+00
 0.187082105086961E+00
 0.188365347362729E+00
 0.189364593738309E+00
 0.190261374885919E+00
 0.191098299725283E+00
 0.192981935648257E+00
 0.195209311157115E+00
 0.197149733196594E+00
 0.199029622478357E+00
 0.200834039231604E+00
 0.202334785427067E+00
 0.203760451865887E+00
 0.205123537737145E+00
 0.206169608333266E+00
 0.207207140040155E+00
 0.208118871549090E+00
 0.208703576044813E+00
 0.209421625968829E+00
 0.209879544162564E+00
 0.210127004426934E+00
 0.210470763448000E+00
 0.210479137300543E+00
 0.210525944393375E+00
 0.210432631783898E+00
 0.210092214410669E+00
 0.209911366351171E+00
 0.209393352965063E+00
 0.208960623728019E+00
 0.208370414125885E+00
 0.207623661086634E+00
 0.206975771063717E+00
 0.205994262531040E+00
 0.205250215104255E+00
 0.204227884630880E+00
 0.203232350002843E+00
 0.202183468682755E+00
 0.200959038413858E+00
 0.199897185070399E+00
 0.198512761429089E+00
 0.196808907183445E+00
 0.195329204408647E+00
 0.193634094402590E+00
 0.191628202000187E+00
 0.189317036965937E+00
 0.186990194461333E+00
 0.185561656052523E+00
 0.183777829062610E+00
 0.181642858892911E+00
 0.179763170859912E+00
 0.177680731052168E+00
 0.175267170841856E+00
 0.172765075010531E+00
 0.170302082345750E+00
 0.167874222037810E+00
 0.165473029832214E+00
 0.163126439132575E+00
 0.160814282182490E+00
 0.158528013685646E+00
 0.156274304175006E+00
 0.154056646112512E+00
 0.151875617750104E+00
 0.149729322600157E+00
 0.147613846403335E+00
 0.145523496910031E+00
 0.143451224742332E+00
 0.141389068329659E+00
 0.139397139205932E+00
 0.137444496581043E+00
 0.135492105248138E+00
 0.133529992495197E+00
 0.131649519972307E+00
 0.129800815613449E+00
 0.127928721280870E+00
 0.126095680039202E+00
 0.124337065071743E+00
 0.122540895161564E+00
 0.121803612581320E+00
 0.122874507947187E+00
 0.123918565239880E+00
 0.124829864830745E+00
 0.125498146833021E+00
 0.126260235638705E+00
 0.126645519524537E+00
 0.127191530192693E+00
 0.127435358334963E+00
 0.127651039705021E+00
 0.127767210274826E+00
 0.130031328594884E+00
 0.133814628131827E+00
 0.137438270903276E+00
 0.141179820232085E+00
 0.144782005718967E+00
 0.148197171115396E+00
 0.151415140053947E+00
 0.154582382411837E+00
 0.157727832567793E+00
 0.160653211197116E+00
 0.163350734501846E+00
 0.165928612633178E+00
 0.168515503280284E+00
 0.170857004428728E+00
 0.172948059137958E+00
 0.174959868241536E+00
 0.176915339219236E+00
 0.178608605429071E+00
 0.180037537866006E+00
 0.181535756443586E+00
 0.182816515241586E+00
 0.183827069708598E+00
 0.184761037038873E+00
 0.185624672331446E+00
 0.186216091481395E+00
 0.186659590019169E+00
 0.187110278566419E+00
 0.187290281415614E+00
 0.187318753087882E+00
 0.187368078223060E+00
 0.187151461962424E+00
 0.186839117070405E+00
 0.186504770939878E+00
 0.185912092267455E+00
 0.185329937433378E+00
 0.184634473069827E+00
 0.183690750073837E+00
 0.183936553025535E+00
 0.184596911942938E+00
 0.184984090927265E+00
 0.185461677862496E+00
 0.185767853248288E+00
 0.185845842373061E+00
 0.186082338564640E+00
 0.186052068862168E+00
 0.185961857996302E+00
 0.185875156541374E+00
 0.185529440381106E+00
 0.185309711898514E+00
 0.184921523067777E+00
 0.184390760856379E+00
 0.183971600828814E+00
 0.183305586318820E+00
 0.182714312969233E+00
 0.182031239777215E+00
 0.181183496460520E+00
 0.180494289037627E+00
 0.179571794779370E+00
 0.178425248471120E+00
 0.177064793137594E+00
 0.175908294247323E+00
 0.174560559428401E+00
 0.173012515937266E+00
 0.171275836023603E+00
 0.169362908310728E+00
 0.167286773056437E+00
 0.165061066230361E+00
 0.162699967119000E+00
 0.160218141954486E+00
 0.157630679086042E+00
 0.154953016249587E+00
 0.152200863493173E+00
 0.149390124772023E+00
 0.146536819000082E+00
 0.143687211648744E+00
 0.140890496748998E+00
 0.138148870630838E+00
 0.135460025920133E+00
 0.132817744812356E+00
 0.130226168226005E+00
 0.128737865684843E+00
 0.131348273304357E+00
 0.133984699428686E+00
 0.136633141960869E+00
 0.139279462746739E+00
 0.141909468454925E+00
 0.144545545668681E+00
 0.147232944109626E+00
 0.149877530068560E+00
 0.152464843781722E+00
 0.154980611041260E+00
 0.157410804130792E+00
 0.159741704499746E+00
 0.161959967623268E+00
 0.164259153308320E+00
 0.166442944618534E+00
 0.168488730035637E+00
 0.170384189446663E+00
 0.172117617660676E+00
 0.173852072459023E+00
 0.175506979873730E+00
 0.176978092163947E+00
 0.178255357007004E+00
 0.179405019382739E+00
 0.180581272935993E+00
 0.181545730328541E+00
 0.182290384944288E+00
 0.182948115552673E+00
 0.183578613147360E+00
 0.183975738370653E+00
 0.184133816451000E+00
 0.184406669187463E+00
 0.184446284082873E+00
 0.184237895441350E+00
 0.184100320580501E+00
 0.183779720246825E+00
 0.183205266512495E+00
 0.182742932027930E+00
 0.182065881944219E+00
 0.181193731967853E+00
 0.180426777137466E+00
 0.179402596878868E+00
 0.178432996031576E+00
 0.178805834724127E+00
 0.179086028349683E+00
 0.179406272538350E+00
 0.179477227799214E+00
 0.179584440617961E+00
 0.179611381214458E+00
 0.179383002567798E+00
 0.179358109452665E+00
 0.179095972191447E+00
 0.178743073733306E+00
 0.178457250726475E+00
 0.177913839144539E+00
 0.177492473629097E+00
 0.176937431722293E+00
 0.176227128071450E+00
 0.175670790545860E+00
 0.174858337399394E+00
 0.173787799394405E+00
 0.172493502980308E+00
 0.171438523008237E+00
 0.170128086609550E+00
 0.168562389468598E+00
 0.166742703849547E+00
 0.164671361904256E+00
 0.162351731143022E+00
 0.159788192145664E+00
 0.156986123679763E+00
 0.154034424052138E+00
 0.151138336085258E+00
 0.148296705211650E+00
 0.145504077256277E+00
 0.142777170786099E+00
 0.140086306949793E+00
 0.137451934690271E+00
 0.134881347737097E+00
 0.132355081800014E+00
 0.129873068000389E+00
 0.127433481640971E+00
 0.131174020855813E+00
 0.135445521164923E+00
 0.139538868930473E+00
 0.143668514312416E+00
 0.147758945019732E+00
 0.151647348282962E+00
 0.155386759560666E+00
 0.159244343194959E+00
 0.162878557009184E+00
 0.166281485803412E+00
 0.169800252069939E+00
 0.173139676644042E+00
 0.176230573140933E+00
 0.179355403247558E+00
 0.182368019376029E+00
 0.185117907191061E+00
 0.187865094002946E+00
 0.190527121797128E+00
 0.192915302478571E+00
 0.195307491792885E+00
 0.197602876131109E+00
 0.199616339288262E+00
 0.201680056912968E+00
 0.203599869107228E+00
 0.205232640254923E+00
 0.206996403078969E+00
 0.208538159199322E+00
 0.209825446661266E+00
 0.211283657506903E+00
 0.212450616833818E+00
 0.213489749744893E+00
 0.214580167991873E+00
 0.215380690756121E+00
 0.216200367272342E+00
 0.216933533439228E+00
 0.217380421436669E+00
 0.218008634597841E+00
 0.218399000063098E+00
 0.218628042194087E+00
 0.218972805748961E+00
 0.219038031426826E+00
 0.219124411988439E+00
 0.219156398341484E+00
 0.218916704850407E+00
 0.218886439130215E+00
 0.218626432495697E+00
 0.218250649958146E+00
 0.217981517442279E+00
 0.217451670799418E+00
 0.216669588059732E+00
 0.215657120011837E+00
 0.214881110143011E+00
 0.213864358082170E+00
 0.212616867065577E+00
 0.211149332629954E+00
 0.209473083516130E+00
 0.207600019566028E+00
 0.205542546119188E+00
 0.203313505412278E+00
 0.200926107167751E+00
 0.198393861048753E+00
 0.195730511902371E+00
 0.192949975712058E+00
 0.190066272368675E+00
 0.187093452571524E+00
 0.184045519881055E+00
 0.180936781855111E+00
 0.177836242375624E+00
 0.174783361212119E+00
 0.171781757526230E+00
 0.168819521656907E+00
 0.165906933302290E+00
 0.163032969129697E+00
 0.160198347698496E+00
 0.157402646601531E+00
 0.154644516634494E+00
 0.152889802296695E+00
 0.151250515844632E+00
 0.149680415784719E+00
 0.148126743381717E+00
 0.146571024260039E+00
 0.145024472653810E+00
 0.143557456906681E+00
 0.142079412939086E+00
 0.143246546548860E+00
 0.147444344073838E+00
 0.151665452839193E+00
 0.155882504452703E+00
 0.159943213242824E+00
 0.163829132278648E+00
 0.167833580624118E+00
 0.171865498948944E+00
 0.175690725797848E+00
 0.179290657040662E+00
 0.182647171771566E+00
 0.185831532339248E+00
 0.189048848702940E+00
 0.191984408135467E+00
 0.194621467165520E+00
 0.196944127826309E+00
 0.199130715367202E+00
 0.201239516359243E+00
 0.203001827226322E+00
 0.204950772848598E+00
 0.210092603810303E+00
 0.215214498827535E+00
 0.220380179584599E+00
 0.225609464959015E+00
 0.230786739273526E+00
 0.235894316894772E+00
 0.240914428922031E+00
 0.245829299276141E+00
 0.250621216090114E+00
 0.255272599676380E+00
 0.259965003020721E+00
 0.264596169674542E+00
 0.269052527428862E+00
 0.273316795524641E+00
 0.277372112098533E+00
 0.281202107830879E+00
 0.285094937918623E+00
 0.288819012423528E+00
 0.292286514251145E+00
 0.295482419232918E+00
 0.298392439328341E+00
 0.301407894004521E+00
 0.304159195604371E+00
 0.306598288506137E+00
 0.308712917867558E+00
 0.310823740461840E+00
 0.312755489857966E+00
 0.314341435151936E+00
 0.315571790554351E+00
 0.316918530255681E+00
 0.317954710964315E+00
 0.318619432230452E+00
 0.319174324478326E+00
 0.319650258017017E+00
 0.319742802922806E+00
 0.319634768371453E+00
 0.319549515221855E+00
 0.319072788134849E+00
 0.318430104697590E+00
 0.317791182847879E+00
 0.316756339543263E+00
 0.315703100296980E+00
 0.314525220187786E+00
 0.312950345707507E+00
 0.311603836318274E+00
 0.309907674908660E+00
 0.308082393783643E+00
 0.307273407504415E+00
 0.307632055878751E+00
 0.308220414161912E+00
 0.308472347819106E+00
 0.308559763042705E+00
 0.308722387821631E+00
 0.308460258037911E+00
 0.308424180168409E+00
 0.308092639804770E+00
 0.307618731496709E+00
 0.307235213639161E+00
 0.306429583062201E+00
 0.305927313997097E+00
 0.305090978204912E+00
 0.303834610749373E+00
 0.302386847926227E+00
 0.301122901238178E+00
 0.299443709957639E+00
 0.297349735084695E+00
 0.294842766434567E+00
 0.294890373131295E+00
 0.294797944301446E+00
 0.294784098044159E+00
 0.294690157815391E+00
 0.294093990573804E+00
 0.293523566010989E+00
 0.292943577562104E+00
 0.291856398411505E+00
 0.290258046843274E+00
 0.288146014047537E+00
 0.285519279385900E+00
 0.282378321233049E+00
 0.279313774118751E+00
 0.276248954500835E+00
 0.272680258208754E+00
 0.268612459307179E+00
 0.264359956715637E+00
 0.260191539362281E+00
 0.256076407083265E+00
 0.252029771782253E+00
 0.248046954670730E+00
 0.244145675389478E+00
 0.240288550543694E+00
 0.236486191369021E+00
 0.232744415744601E+00
 0.229064669394685E+00
 0.225444599475083E+00
 0.221878635204112E+00
 0.218358414998748E+00
 0.214873450194337E+00
 0.211411577363515E+00
 0.208038678831869E+00
 0.205180983962066E+00
 0.203151541184132E+00
 0.201087119694688E+00
 0.199179168371815E+00
 0.197187565201057E+00
 0.195183549552617E+00
 0.194053172781992E+00
 0.196294444484012E+00
 0.198179545704823E+00
 0.200178662689897E+00
 0.201879821674027E+00
 0.204144290956077E+00
 0.207130770507610E+00
 0.209724183713422E+00
 0.212354313349492E+00
 0.214774747422878E+00
 0.216956883546050E+00
 0.219212384708546E+00
 0.221075823670189E+00
 0.223078085326102E+00
 0.224785516395266E+00
 0.226412888542038E+00
 0.227976218579650E+00
 0.229257392233333E+00
 0.230689490907180E+00
 0.231738722050160E+00
 0.232965795896416E+00
 0.233898944827359E+00
 0.234844035305611E+00
 0.235675725087179E+00
 0.236361264178576E+00
 0.237106377423526E+00
 0.237552532527227E+00
 0.238225981560927E+00
 0.238536181541143E+00
 0.239067020502180E+00
 0.239322957891634E+00
 0.239658823638486E+00
 0.239874997584353E+00
 0.239745848149002E+00
 0.239569605646518E+00
 0.239418081551290E+00
 0.238937884835315E+00
 0.238143488177683E+00
 0.237050102082692E+00
 0.235673599486190E+00
 0.234030438943690E+00
 0.232137585231444E+00
 0.230012427287448E+00
 0.227672695047426E+00
 0.225136377227969E+00
 0.222421640853060E+00
 0.219546751373212E+00
 0.217083549219821E+00
 0.214688185745728E+00
 0.212040269305912E+00
 0.209158471024477E+00
 0.206215593787067E+00
 0.203315025554516E+00
 0.200441329056364E+00
 0.197615133383757E+00
 0.194801491215464E+00
 0.192043051203683E+00
 0.189314112109580E+00
 0.186613307153349E+00
 0.183942728291615E+00
 0.181302889833452E+00
 0.178693065199135E+00
 0.176111533019543E+00
 0.174526935273373E+00
 0.174004677989130E+00
 0.173448778939506E+00
 0.172863914903534E+00
 0.172000940452409E+00
 0.170864997547371E+00
 0.169461952070600E+00
 0.167798372166240E+00
 0.166291192939998E+00
 0.164709140098034E+00
 0.162934114128784E+00
 0.161330805846534E+00
 0.159487170963599E+00
 0.157410968136104E+00
 0.155110517305414E+00
 0.152594662019898E+00
 0.149872730475373E+00
 0.146954497642620E+00
 0.143978522010912E+00
 0.142684112702888E+00
 0.145741015916620E+00
 0.148769067546163E+00
 0.151804442468871E+00
 0.154886721619865E+00
 0.157915034818545E+00
 0.160876320351183E+00
 0.163757679431599E+00
 0.167325875868013E+00
 0.170922957683978E+00
 0.174498667973385E+00
 0.178039330037052E+00
 0.181531265094882E+00
 0.184960842053996E+00
 0.188314530933221E+00
 0.191724466074555E+00
 0.195079889333050E+00
 0.198335197192628E+00
 0.201477209686313E+00
 0.204493095005644E+00
 0.207370445866577E+00
 0.210231599422331E+00
 0.213056254914510E+00
 0.215720767043937E+00
 0.218213914566812E+00
 0.220525109547242E+00
 0.222794080592534E+00
 0.225019781285724E+00
 0.227045823469259E+00
 0.228863331189207E+00
 0.230507766647400E+00
 0.232225093573389E+00
 0.233719905388614E+00
 0.234985361416632E+00
 0.236088581826565E+00
 0.237247215894188E+00
 0.238166568227533E+00
 0.238842063062562E+00
 0.239498214011326E+00
 0.240067483962940E+00
 0.240387094684814E+00
 0.240541094651103E+00
 0.240762160597294E+00
 0.240730429957897E+00
 0.240455397083583E+00
 0.240335271756625E+00
 0.239961731250474E+00
 0.239335402109545E+00
 0.238878908920285E+00
 0.238177166127729E+00
 0.237254521009558E+00
 0.236489565682832E+00
 0.235476569020123E+00
 0.234328122063270E+00
 0.233266065209500E+00
 0.231961538611250E+00
 0.230646908535081E+00
 0.229307936074643E+00
 0.227733654833631E+00
 0.226307892552349E+00
 0.224713801161611E+00
 0.223009117621923E+00
 0.221406504334473E+00
 0.219580178181137E+00
 0.217856423912295E+00
 0.216035414091811E+00
 0.214000316464291E+00
 0.211758561651166E+00
 0.209318462344274E+00
 0.206689160785587E+00
 0.203880576287359E+00
 0.201033979896861E+00
 0.198256837116066E+00
 0.195313852199641E+00
 0.192216242950766E+00
 0.188975880650445E+00
 0.185605256761324E+00
 0.182117435085048E+00
 0.178525985019272E+00
 0.174844904972991E+00
 0.171088551073067E+00
 0.167271579941865E+00
 0.163408901034050E+00
 0.160563191032033E+00
 0.159251489683381E+00
 0.157645795539034E+00
 0.155752569720809E+00
 0.153579317989575E+00
 0.151710040794831E+00
 0.149575716002673E+00
 0.147175899789416E+00
 0.144708923284957E+00
 0.142301868997569E+00
 0.140356201001294E+00
 0.138481233857438E+00
 0.136669203083476E+00
 0.134883004972879E+00
 0.133123857551748E+00
 0.131395149937342E+00
 0.129698066036045E+00
 0.128031729748868E+00
 0.128288164635399E+00
 0.131007647840836E+00
 0.133755999159275E+00
 0.136518394833890E+00
 0.139279941160940E+00
 0.142025749477995E+00
 0.144741018816973E+00
 0.147424552460478E+00
 0.150175490619821E+00
 0.152870377706797E+00
 0.155494669933390E+00
 0.158034172440654E+00
 0.160475094972354E+00
 0.162804103644157E+00
 0.165184785225801E+00
 0.167485202817603E+00
 0.169651049647905E+00
 0.171670282479539E+00
 0.173531543498788E+00
 0.175494078196751E+00
 0.177294568335476E+00
 0.178918559328978E+00
 0.180356573693758E+00
 0.181860581275483E+00
 0.183223455154452E+00
 0.184385746634300E+00
 0.185370880686782E+00
 0.186455865224949E+00
 0.187328505760833E+00
 0.187982939419710E+00
 0.188644514727137E+00
 0.189220092321722E+00
 0.189569944885765E+00
 0.189833353991184E+00
 0.190110296828780E+00
 0.190156751847180E+00
 0.190078305821313E+00
 0.190060213694397E+00
 0.189809472691290E+00
 0.189444474777482E+00
 0.189139347116662E+00
 0.188601795970885E+00
 0.188003497587526E+00
 0.187423033721915E+00
 0.186612558977116E+00
 0.185831545707136E+00
 0.184990577815576E+00
 0.183923969236760E+00
 0.183007816338385E+00
 0.181923633846999E+00
 0.180704224445098E+00
 0.179612947939267E+00
 0.178304628256596E+00
 0.177030445113629E+00
 0.175727689052895E+00
 0.174215582765051E+00
 0.172925902531255E+00
 0.171431676823210E+00
 0.169736845205552E+00
 0.167848414744398E+00
 0.165774334621855E+00
 0.163523463127586E+00
 0.161105544798372E+00
 0.158535528885790E+00
 0.156158723886900E+00
 0.153627856015444E+00
 0.150954166577741E+00
 0.148149654527434E+00
 0.145227017944790E+00
 0.142199585876463E+00
 0.139081251881074E+00
 0.135895741763125E+00
 0.132755494135312E+00
 0.129691207613894E+00
 0.126700152574564E+00
 0.123785239134693E+00
 0.120931901873696E+00
 0.118147232598759E+00
 0.115435687108282E+00
 0.112785081064466E+00
 0.112736597787682E+00
 0.114507464597531E+00
 0.116200532877533E+00
 0.117866514653922E+00
 0.120182573444456E+00
 0.124381944700084E+00
 0.128595651206980E+00
 0.132807109224921E+00
 0.136999662234674E+00
 0.141156647438909E+00
 0.145261446052453E+00
 0.149297530563805E+00
 0.153360369162850E+00
 0.157476483601569E+00
 0.161488647376966E+00
 0.165380377540236E+00
 0.169135561922914E+00
 0.172738537458139E+00
 0.176274441372378E+00
 0.179850698257100E+00
 0.183241121671842E+00
 0.186431240011457E+00
 0.189407300926375E+00
 0.192197001471469E+00
 0.195071708372095E+00
 0.197703094773013E+00
 0.200079381007841E+00
 0.202189721245684E+00
 0.204255420055111E+00
 0.206208450806608E+00
 0.207872720877951E+00
 0.209351231937686E+00
 0.212655875486040E+00
 0.215724948345749E+00
 0.218544770507198E+00
 0.221316118688107E+00
 0.224025862516413E+00
 0.226463172213080E+00
 0.228616647500336E+00
 0.230869272075048E+00
 0.232894416055541E+00
 0.234617494457745E+00
 0.236258588692517E+00
 0.237851544195902E+00
 0.239127811964140E+00
 0.240224377941569E+00
 0.241373971204295E+00
 0.242195818542139E+00
 0.242819296096415E+00
 0.243522359755889E+00
 0.243890056392478E+00
 0.244113531879534E+00
 0.244373945997937E+00
 0.244294610857610E+00
 0.244190623108353E+00
 0.244018319663207E+00
 0.243504922043245E+00
 0.243143950410479E+00
 0.242554047418521E+00
 0.241724736236518E+00
 0.241073920939740E+00
 0.240085823063313E+00
 0.239116194687332E+00
 0.238085290691353E+00
 0.236731116812287E+00
 0.235672560514782E+00
 0.234284963189451E+00
 0.232895790756713E+00
 0.231498933520340E+00
 0.229801425614319E+00
 0.228409349637204E+00
 0.226699551999518E+00
 0.224676495854563E+00
 0.222345828935085E+00
 0.219714372411757E+00
 0.216790098452172E+00
 0.214047561095737E+00
 0.211165039445958E+00
 0.208003235007138E+00
 0.204572172793191E+00
 0.200882889866054E+00
 0.196947386719285E+00
 0.192778915513809E+00
 0.188559157905223E+00
 0.184448292345117E+00
 0.180428160846667E+00
 0.176496959377988E+00
 0.172672381002925E+00
 0.168932870454275E+00
 0.165270726336700E+00
 0.161691162048642E+00
 0.158196747956207E+00
 0.154787925821198E+00
 0.151463303247172E+00
 0.148219971197886E+00
 0.145053831455158E+00
 0.142391553075066E+00
 0.146496711979850E+00
 0.150340465436567E+00
 0.154160784237334E+00
 0.157906614651217E+00
 0.161368759279319E+00
 0.164827760799721E+00
 0.168170121326125E+00
 0.171210271348441E+00
 0.174323030092891E+00
 0.177228856869194E+00
 0.179838999219305E+00
 0.182610042603067E+00
 0.185056721531447E+00
 0.187372208833368E+00
 0.189680113808956E+00
 0.191654663122882E+00
 0.193710623164598E+00
 0.195547608894259E+00
 0.197171612453961E+00
 0.198879425995093E+00
 0.200245656244914E+00
 0.201674837737483E+00
 0.202919804259968E+00
 0.203957945915197E+00
 0.205093246667300E+00
 0.205885679378306E+00
 0.206790004759370E+00
 0.207485316727408E+00
 0.208033128961014E+00
 0.208644837134038E+00
 0.208917954848206E+00
 0.209386753743295E+00
 0.209591676785100E+00
 0.209732710729016E+00
 0.209883727870762E+00
 0.209704590730967E+00
 0.209814776926325E+00
 0.209598401447261E+00
 0.209404524164311E+00
 0.209164967723516E+00
 0.208606473573148E+00
 0.207736056988083E+00
 0.206561713701925E+00
 0.205628289899181E+00
 0.204454660960616E+00
 0.202989334819977E+00
 0.201242073175790E+00
 0.199223460125900E+00
 0.196944846995448E+00
 0.194418290811782E+00
 0.191656487698279E+00
 0.188672704511026E+00
 0.185520939899693E+00
 0.182393337259578E+00
 0.182559585207202E+00
 0.182732006328319E+00
 0.182807794884263E+00
 0.182904128383714E+00
 0.182915000729830E+00
 0.182844092907608E+00
 0.182702542917754E+00
 0.182501700487243E+00
 0.182374034063239E+00
 0.183396898689527E+00
 0.184397880689493E+00
 0.185373959744685E+00
 0.186229133912815E+00
 0.186971595493904E+00
 0.187610083708092E+00
 0.188276313670175E+00
 0.188877611780043E+00
 0.189386362203264E+00
 0.189812351105185E+00
 0.190165728926350E+00
 0.190466487472805E+00
 0.190792731859265E+00
 0.191058972608855E+00
 0.191275920112063E+00
 0.191454454022341E+00
 0.191605556714334E+00
 0.191740243034559E+00
 0.191869491842271E+00
 0.192004182806114E+00
 0.192155037161767E+00
 0.192340472637412E+00
 0.192771797447743E+00
 0.194686757390997E+00
 0.196682881067054E+00
 0.198752623030307E+00
 0.200887741848926E+00
 0.203079336285481E+00
 0.205317872736845E+00
 0.207593212678885E+00
 0.209894650123960E+00
 0.212210962791000E+00
 0.214530472458185E+00
 0.216841106431814E+00
 0.219130455344101E+00
 0.221385828828857E+00
 0.223594314014783E+00
 0.225742839358936E+00
 0.227818240845611E+00
 0.229839423001534E+00
 0.231884111137709E+00
 0.233831299674871E+00
 0.235667592549720E+00
 0.237746116722432E+00
 0.240653522308803E+00
 0.243520590944988E+00
 0.246333327049918E+00
 0.249077539261317E+00
 0.251738907847347E+00
 0.254303050529394E+00
 0.256920209935273E+00
 0.259439391375794E+00
 0.261838935224001E+00
 0.264104479552406E+00
 0.266221832203449E+00
 0.268177035049700E+00
 0.270186400356070E+00
 0.272063437381155E+00
 0.273757838614620E+00
 0.275256455088183E+00
 0.276614359345508E+00
 0.278024460684733E+00
 0.279220743565167E+00
 0.280191287811435E+00
 0.281009337063421E+00
 0.281887736570044E+00
 0.282525350176216E+00
 0.282911838835991E+00
 0.283311119844638E+00
 0.283608116281165E+00
 0.283642264193120E+00
 0.283556377824792E+00
 0.283510207048635E+00
 0.283191851948469E+00
 0.282698023537315E+00
 0.282310785165410E+00
 0.281644346474047E+00
 0.280817165371646E+00
 0.280095032855327E+00
 0.279088907717991E+00
 0.277999430539952E+00
 0.276952154394343E+00
 0.275618219440319E+00
 0.274333514691389E+00
 0.272973935652390E+00
 0.271327009361284E+00
 0.269909872268771E+00
 0.268253396654176E+00
 0.266473123145045E+00
 0.264819510290484E+00
 0.262883622474850E+00
 0.260664251626810E+00
 0.258161240005350E+00
 0.255375492105353E+00
 0.252308985968528E+00
 0.248964781819370E+00
 0.245919093303614E+00
 0.242618401372081E+00
 0.239048900553007E+00
 0.235215740290331E+00
 0.231125121656499E+00
 0.226784280937668E+00
 0.223455593766422E+00
 0.222527808421785E+00
 0.221243589487499E+00
 0.219595182663323E+00
 0.217588229675550E+00
 0.215990775639422E+00
 0.214028198044977E+00
 0.211694891563872E+00
 0.208987049600325E+00
 0.206131161755492E+00
 0.203333784935944E+00
 0.200573931276239E+00
 0.197861610747051E+00
 0.195201860802467E+00
 0.192597695624670E+00
 0.190026774670864E+00
 0.187498218755868E+00
 0.185017501191952E+00
 0.182586748671626E+00
 0.180205056371130E+00
 0.177868896758048E+00
 0.175572474340018E+00
 0.173308082516404E+00
 0.171066550995639E+00
 0.171417602163007E+00
 0.173122713723888E+00
 0.176824669623392E+00
 0.180555194433048E+00
 0.184376877335397E+00
 0.187834160844419E+00
 0.191217726291479E+00
 0.194494594218916E+00
 0.197396351446959E+00
 0.200469881092385E+00
 0.203185885950174E+00
 0.205793377377474E+00
 0.208328998069822E+00
 0.210501034338922E+00
 0.212863927346415E+00
 0.214837982777913E+00
 0.216829332399287E+00
 0.218638237024607E+00
 0.220263167967456E+00
 0.221918932986075E+00
 0.223202043015108E+00
 0.224717705742930E+00
 0.225845552779069E+00
 0.227070121393258E+00
 0.228072649959228E+00
 0.229254473081107E+00
 0.230574160805746E+00
 0.231762075642925E+00
 0.232970653281087E+00
 0.233769173740950E+00
 0.234797801699729E+00
 0.235495069621857E+00
 0.236095076676326E+00
 0.236704655482825E+00
 0.236906912180851E+00
 0.237437963765594E+00
 0.237565762486951E+00
 0.237734928494157E+00
 0.237802932051490E+00
 0.237635140376344E+00
 0.237658054675017E+00
 0.237281823812831E+00
 0.237170002581363E+00
 0.236763971746424E+00
 0.236376589075539E+00
 0.235955269759016E+00
 0.235378465195233E+00
 0.235031228913120E+00
 0.234304476514045E+00
 0.233206545399482E+00
 0.231746848828869E+00
 0.229935834838224E+00
 0.228433849192284E+00
 0.226688878124876E+00
 0.224608014518182E+00
 0.222203477713557E+00
 0.219492605553082E+00
 0.216697287036714E+00
 0.213943179446312E+00
 0.211218669833088E+00
 0.208531785088169E+00
 0.205871729148847E+00
 0.203264039359577E+00
 0.200678855792398E+00
 0.198121743389193E+00
 0.195595487642861E+00
 0.193100480813927E+00
 0.190635124811707E+00
 0.188196160194784E+00
 0.185779042979142E+00
 0.183378180853553E+00
 0.181026393870786E+00
 0.178732564544772E+00
 0.176451729748939E+00
 0.174176288496009E+00
 0.171907473769588E+00
 0.169755034839372E+00
 0.167601092057457E+00
 0.165437692992190E+00
 0.163342206666157E+00
 0.161309959547232E+00
 0.159259997005979E+00
 0.157249678323160E+00
 0.155334847000831E+00
 0.153392875990963E+00
 0.151498485326679E+00
 0.149480390742401E+00
 0.147553236132366E+00
 0.148045704935690E+00
 0.151637524062552E+00
 0.155370868788253E+00
 0.159233758263326E+00
 0.163213530619535E+00
 0.167296912273182E+00
 0.171470080888939E+00
 0.175718717925073E+00
 0.180028056138952E+00
 0.184382931665992E+00
 0.188767846557613E+00
 0.193167039910853E+00
 0.197564560751538E+00
 0.201944337352335E+00
 0.206305215138743E+00
 0.210790451659537E+00
 0.215226596170245E+00
 0.219597061144797E+00
 0.223885393148773E+00
 0.228075348667327E+00
 0.232150974580887E+00
 0.236096685120355E+00
 0.239897327091771E+00
 0.243757486909436E+00
 0.247522907423046E+00
 0.251112649656031E+00
 0.254512665965393E+00
 0.257709575828401E+00
 0.260690709132227E+00
 0.263601427725444E+00
 0.266469335665206E+00
 0.269096102209464E+00
 0.271471044904971E+00
 0.273584393944074E+00
 0.275494559192775E+00
 0.277450630838473E+00
 0.279125994713154E+00
 0.280513401389055E+00
 0.281606673490908E+00
 0.282648058534613E+00
 0.283559266595172E+00
 0.284164461978852E+00
 0.284460333136367E+00
 0.284677363311421E+00
 0.284788876418080E+00
 0.284584921466364E+00
 0.284065158601263E+00
 0.283628450171022E+00
 0.282932463835687E+00
 0.281920080843698E+00
 0.280848371376516E+00
 0.282565578654323E+00
 0.284156269562042E+00
 0.285435302015083E+00
 0.286851636684934E+00
 0.288014623400208E+00
 0.288859980765219E+00
 0.289777863870136E+00
 0.290518286732482E+00
 0.290937967528077E+00
 0.291416178844424E+00
 0.291744474374435E+00
 0.291751556744913E+00
 0.291848911420499E+00
 0.291779985124740E+00
 0.291391772128991E+00
 0.291166328244709E+00
 0.290718775939083E+00
 0.289957205128878E+00
 0.289464452001391E+00
 0.288659802445163E+00
 0.287675472131777E+00
 0.286842979702842E+00
 0.285704940913207E+00
 0.284551792797581E+00
 0.283403280775771E+00
 0.281957009605013E+00
 0.280217852105984E+00
 0.278191738097824E+00
 0.275885625647906E+00
 0.273307467091326E+00
 0.270466171320613E+00
 0.267694104078220E+00
 0.264881883280763E+00
 0.261820423591015E+00
 0.258520289763839E+00
 0.254992860701868E+00
 0.251250280201999E+00
 0.247305405359148E+00
 0.243171752502756E+00
 0.240799680407319E+00
 0.240942918644331E+00
 0.240682856659065E+00
 0.240120348371038E+00
 0.239864743299695E+00
 0.239207569526704E+00
 0.238150880551713E+00
 0.236697980564464E+00
 0.234853409548637E+00
 0.232622923419466E+00
 0.230412357220676E+00
 0.228232905710298E+00
 0.225681028396554E+00
 0.222764695095949E+00
 0.219493294317501E+00
 0.216100179916794E+00
 0.212790767438479E+00
 0.209551256955832E+00
 0.206365813919487E+00
 0.203280445522193E+00
 0.200232754526250E+00
 0.197234925036979E+00
 0.194327693880586E+00
 0.191472691401856E+00
 0.188666026443408E+00
 0.185905349746270E+00
 0.183186387800151E+00
 0.180534089948630E+00
 0.177948026516902E+00
 0.175401976596653E+00
 0.172887126995326E+00
 0.170394065202383E+00
 0.167921052051288E+00
 0.165580459720589E+00
 0.163250511090668E+00
 0.160920906116381E+00
 0.158634039005369E+00
 0.156460259508338E+00
 0.154273642560182E+00
 0.152075774963570E+00
 0.150045910344808E+00
 0.148058037258275E+00
 0.146194651653012E+00
 0.144369614983608E+00
 0.142460581512660E+00
 0.140318565341120E+00
 0.138021499859646E+00
 0.135905994584027E+00
 0.135115126396626E+00
 0.135019111634327E+00
 0.134899510493317E+00
 0.134741011210348E+00
 0.134455051218510E+00
 0.134045961299712E+00
 0.133526947912217E+00
 0.133063518059500E+00
 0.132483491264959E+00
 0.131793352836449E+00
 0.131000365858189E+00
 0.130212055219739E+00
 0.129378704678021E+00
 0.128453382911538E+00
 0.127445178679321E+00
 0.126380233638442E+00
 0.125345638590480E+00
 0.124241359086043E+00
 0.123077986729216E+00
 0.121866621892770E+00
 0.121244235974543E+00
 0.121575621454045E+00
 0.121785653776339E+00
 0.121878265372820E+00
 0.122101589370794E+00
 0.122202969020855E+00
 0.122181380907976E+00
 0.122036672563892E+00
 0.121769562331710E+00
 0.121381636185993E+00
 0.120875340873598E+00
 0.120253972643004E+00
 0.119715288347619E+00
 0.121151912540095E+00
 0.122475224759223E+00
 0.123861938758769E+00
 0.125123821322833E+00
 0.126249236250028E+00
 0.127226899643319E+00
 0.128180895682502E+00
 0.129079536218140E+00
 0.129811319337651E+00
 0.130366002153131E+00
 0.131895931814588E+00
 0.135054488480425E+00
 0.138361100543869E+00
 0.141807086106223E+00
 0.145382966666642E+00
 0.149078505806043E+00
 0.152882746083238E+00
 0.156784043516802E+00
 0.160770105729968E+00
 0.164828040779184E+00
 0.168944417476520E+00
 0.173105329868562E+00
 0.177296455867947E+00
 0.181503105865265E+00
 0.185710267092014E+00
 0.189902655220973E+00
 0.194103857162626E+00
 0.198403565072681E+00
 0.202658278799134E+00
 0.206851829678219E+00
 0.210968037643348E+00
 0.214990792215326E+00
 0.218904129491590E+00
 0.222692300314070E+00
 0.226339832466200E+00
 0.230111148293772E+00
 0.233727322114332E+00
 0.237171492989253E+00
 0.240428906981733E+00
 0.243485351113584E+00
 0.246327223474553E+00
 0.249227788082984E+00
 0.251958797528463E+00
 0.254448089989633E+00
 0.256683765426074E+00
 0.258654775685660E+00
 0.260635186504688E+00
 0.262449244832613E+00
 0.263977225996181E+00
 0.265210421950144E+00
 0.266280386642658E+00
 0.267338094292219E+00
 0.268084982014806E+00
 0.268515044269032E+00
 0.268829880599540E+00
 0.269078532500763E+00
 0.269000041058201E+00
 0.268591351546233E+00
 0.268322970755688E+00
 0.267738128638675E+00
 0.266818532879760E+00
 0.265969688905139E+00
 0.264889380259045E+00
 0.263473480639718E+00
 0.262182026112115E+00
 0.260624390053438E+00
 0.258808347154909E+00
 0.257128883761125E+00
 0.255117941660960E+00
 0.253090465202778E+00
 0.250979605723355E+00
 0.248603721396128E+00
 0.248007958136853E+00
 0.248536510814784E+00
 0.249128330120494E+00
 0.249599107799390E+00
 0.249741519703898E+00
 0.250080507434579E+00
 0.250180492303751E+00
 0.250009308294214E+00
 0.250079760475430E+00
 0.249824535132024E+00
 0.249469330894087E+00
 0.249200899990570E+00
 0.248608668926278E+00
 0.247691779144395E+00
 0.246450575230991E+00
 0.244886610204631E+00
 0.243002646227446E+00
 0.240867378052742E+00
 0.239007317570476E+00
 0.236836152255362E+00
 0.234358993347072E+00
 0.231582116620444E+00
 0.228512944185306E+00
 0.225160022580668E+00
 0.221536951722444E+00
 0.217845168131538E+00
 0.214198616122983E+00
 0.210602114177136E+00
 0.207051004182480E+00
 0.203547421577873E+00
 0.200079208977428E+00
 0.196655116298385E+00
 0.193280450426154E+00
 0.189957617722144E+00
 0.186686499018970E+00
 0.183464921435543E+00
 0.180289098412754E+00
 0.177153933843448E+00
 0.174053442875447E+00
 0.170981022306062E+00
 0.167983641725683E+00
 0.165049049387780E+00
 0.162134971160729E+00
 0.159233809119147E+00
 0.158785410871643E+00
 0.160615193634242E+00
 0.162528232476777E+00
 0.164178595745216E+00
 0.165487556992018E+00
 0.166965235010286E+00
 0.168083643961549E+00
 0.169002800742093E+00
 0.169953110402828E+00
 0.170538609414350E+00
 0.171115971822176E+00
 0.171543039528451E+00
 0.171605209950732E+00
 0.171888546611607E+00
 0.171804401774622E+00
 0.171609400831166E+00
 0.171396994004740E+00
 0.170820334271579E+00
 0.173984946443609E+00
 0.178667475416557E+00
 0.183234352528726E+00
 0.187671322775289E+00
 0.191964819542571E+00
 0.196326882976569E+00
 0.200630926745755E+00
 0.204762276407630E+00
 0.208709179861238E+00
 0.212460767889113E+00
 0.216007088954009E+00
 0.219695947250115E+00
 0.223169012375949E+00
 0.226414738054723E+00
 0.229425699611361E+00
 0.232195535674234E+00
 0.235019621405703E+00
 0.237668557049373E+00
 0.240061655127821E+00
 0.242195446004800E+00
 0.244069654705977E+00
 0.246061679708663E+00
 0.247785695801089E+00
 0.249241240158564E+00
 0.250428999713132E+00
 0.251557957624103E+00
 0.252591974185376E+00
 0.253357227665912E+00
 0.253857362071204E+00
 0.254229601688667E+00
 0.254580541485887E+00
 0.254670765770114E+00
 0.254506709145333E+00
 0.254238121862169E+00
 0.253937269109479E+00
 0.253391245602493E+00
 0.252609018529559E+00
 0.251814277402207E+00
 0.250913179627661E+00
 0.249788893969027E+00
 0.248464239415247E+00
 0.247238597695052E+00
 0.245804697121320E+00
 0.244174828139201E+00
 0.242532579234506E+00
 0.240823454961385E+00
 0.238935701149595E+00
 0.236955714809567E+00
 0.235006673677724E+00
 0.232897210606483E+00
 0.230661581165034E+00
 0.228507956300180E+00
 0.226212616121528E+00
 0.223794941133004E+00
 0.221471338288027E+00
 0.220411358324754E+00
 0.220604972047799E+00
 0.220834901671045E+00
 0.220832171461490E+00
 0.220603500087162E+00
 0.220156515487000E+00
 0.219499712017057E+00
 0.218642404072365E+00
 0.217594676056033E+00
 0.216367328476652E+00
 0.214971820382791E+00
 0.213498802643747E+00
 0.212120196827154E+00
 0.210587542125616E+00
 0.208913262704798E+00
 0.207110249056825E+00
 0.205191793445349E+00
 0.203171525215272E+00
 0.201063345529216E+00
 0.198881360661838E+00
 0.196639813415970E+00
 0.194353013190270E+00
 0.192035265944644E+00
 0.189769753289764E+00
 0.191379472762083E+00
 0.193069518152845E+00
 0.194828307779993E+00
 0.196643823898978E+00
 0.198503660915547E+00
 0.200395077575327E+00
 0.202305058889072E+00
 0.204220386888095E+00
 0.206127713696814E+00
 0.208013630278187E+00
 0.209864729239358E+00
 0.211667665603184E+00
 0.213520655026213E+00
 0.215321468873508E+00
 0.217050325169066E+00
 0.218694068042646E+00
 0.220239853641859E+00
 0.221675217604775E+00
 0.222988135802953E+00
 0.224167076996165E+00
 0.225255241041802E+00
 0.226363180124975E+00
 0.227316814578758E+00
 0.228105999149930E+00
 0.228721280524901E+00
 0.229153945205109E+00
 0.229518428976528E+00
 0.229847449093955E+00
 0.229979128027156E+00
 0.229906797107535E+00
 0.229624690228359E+00
 0.229362633011503E+00
 0.228966547985266E+00
 0.228351604684507E+00
 0.227514424396827E+00
 0.226694746179574E+00
 0.225747844914609E+00
 0.224574111445561E+00
 0.223222188852819E+00
 0.221950368230782E+00
 0.220449986244762E+00
 0.218721683465175E+00
 0.217101118031958E+00
 0.215288957848671E+00
 0.213251264871252E+00
 0.211342606818959E+00
 0.209237511309383E+00
 0.206971931119392E+00
 0.204814555285106E+00
 0.203510177381408E+00
 0.203891512891115E+00
 0.204312109047425E+00
 0.204542813144211E+00
 0.204640017473959E+00
 0.204863762268982E+00
 0.204892434340568E+00
 0.204719366112190E+00
 0.204338750659381E+00
 0.203745671217166E+00
 0.202936125985656E+00
 0.201907049311657E+00
 0.200656329887636E+00
 0.199182825867025E+00
 0.197788903274628E+00
 0.196343050863237E+00
 0.194677956316059E+00
 0.192794438885806E+00
 0.190694289807535E+00
 0.188380269089434E+00
 0.185856097786949E+00
 0.183179166770053E+00
 0.180506600677366E+00
 0.177858710723099E+00
 0.175224678628339E+00
 0.172620002396795E+00
 0.170027904509199E+00
 0.167455497334800E+00
 0.164906962021230E+00
 0.162383856764342E+00
 0.159885544517145E+00
 0.157409557876734E+00
 0.154951934113245E+00
 0.152507640028265E+00
 0.150070836213963E+00
 0.147701284999615E+00
 0.150178288125632E+00
 0.153415938177351E+00
 0.156420275372437E+00
 0.159265079728841E+00
 0.162158799168405E+00
 0.164804858858686E+00
 0.167198631929568E+00
 0.169689724908458E+00
 0.171955647566994E+00
 0.173959823613711E+00
 0.175990165666527E+00
 0.177863126378798E+00
 0.179468181009680E+00
 0.181065871841658E+00
 0.182541166891221E+00
 0.183745539535062E+00
 0.184942168677334E+00
 0.186022205722347E+00
 0.186831251147507E+00
 0.187659799612453E+00
 0.188353069437623E+00
 0.188777994270441E+00
 0.189271397271964E+00
 0.189591500781080E+00
 0.189648347458402E+00
 0.189838543938986E+00
 0.189803294648995E+00
 0.189544785753900E+00
 0.189429363853538E+00
 0.189059949186905E+00
 0.188551907272155E+00
 0.188116590861837E+00
 0.187436763516891E+00
 0.186707016072392E+00
 0.187612656905087E+00
 0.188540155839235E+00
 0.189568450965806E+00
 0.190287430357761E+00
 0.191097428719903E+00
 0.191758568186293E+00
 0.192224731938590E+00
 0.192837806875690E+00
 0.193141179200767E+00
 0.193551104327641E+00
 0.193815659116338E+00
 0.193925104596815E+00
 0.194161407826836E+00
 0.194091641444630E+00
 0.194205634362875E+00
 0.194118401055350E+00
 0.193975643315205E+00
 0.193881785560938E+00
 0.193488455766199E+00
 0.193062968064364E+00
 0.192675064330917E+00
 0.192386962324242E+00
 0.192017578482798E+00
 0.191497228462487E+00
 0.190900680050696E+00
 0.190312885535509E+00
 0.189587084203301E+00
 0.188734172487331E+00
 0.187765774251933E+00
 0.186850865399503E+00
 0.185834693384295E+00
 0.184719445312996E+00
 0.183518275321953E+00
 0.182259336377224E+00
 0.181026537653274E+00
 0.179725687639661E+00
 0.178371067091020E+00
 0.176977326753733E+00
 0.175559417924152E+00
 0.174132520300262E+00
 0.172711967610231E+00
 0.171313171035478E+00
 0.169964286773672E+00
 0.168788466718269E+00
 0.167969401745510E+00
 0.167623887355498E+00
 0.167794291971158E+00
 0.168445561085668E+00
 0.169466038673262E+00
 0.170910282165027E+00
 0.172605879055417E+00
 0.174759801932451E+00
 0.177135701452229E+00
 0.179731876094882E+00
 0.182595797405413E+00
 0.185803669340010E+00
 0.189207456190696E+00
 0.192800042064132E+00
 0.196573307741655E+00
 0.200518159991007E+00
 0.204624563270356E+00
 0.208881573888643E+00
 0.213277378840585E+00
 0.217799340659771E+00
 0.222434046790028E+00
 0.227167360140988E+00
 0.231984468703472E+00
 0.236869935595314E+00
 0.241807753770301E+00
 0.246781409217435E+00
 0.251773952687720E+00
 0.256768075486525E+00
 0.261746183166277E+00
 0.266690463589676E+00
 0.271582950963730E+00
 0.276405591122740E+00
 0.281236370885774E+00
 0.286105561730620E+00
 0.290869908714086E+00
 0.295511028581039E+00
 0.300010737119439E+00
 0.304351126380953E+00
 0.308514640516251E+00
 0.312484149284614E+00
 0.316378291777548E+00
 0.320265597650078E+00
 0.323925708813020E+00
 0.327342671873912E+00
 0.330501230354845E+00
 0.333386895504139E+00
 0.336128368904167E+00
 0.338856521158419E+00
 0.341284408185371E+00
 0.343399667807472E+00
 0.345190942708694E+00
 0.346797422403192E+00
 0.348392397303498E+00
 0.349642820555644E+00
 0.350540049128181E+00
 0.351076620187669E+00
 0.351753469398909E+00
 0.352075700769618E+00
 0.352024522915997E+00
 0.351670164391581E+00
 0.351413712487680E+00
 0.350775402390178E+00
 0.349752814535433E+00
 0.348737105562897E+00
 0.347522197365661E+00
 0.345920577979145E+00
 0.344244244773638E+00
 0.342471636114377E+00
 0.340313646212111E+00
 0.338141303086242E+00
 0.335836753039655E+00
 0.333151559919476E+00
 0.330636136697767E+00
 0.327830833197963E+00
 0.324835154922681E+00
 0.321933473006395E+00
 0.318662712571769E+00
 0.315571379989859E+00
 0.312231288015197E+00
 0.308845884472970E+00
 0.305458539388093E+00
 0.305621857387972E+00
 0.305897387241285E+00
 0.305797015294399E+00
 0.305989567766366E+00
 0.305859322470459E+00
 0.305354433142287E+00
 0.304472763774339E+00
 0.303213446371381E+00
 0.301576887322352E+00
 0.300061210924913E+00
 0.300311043951263E+00
 0.300562668099417E+00
 0.300813916827879E+00
 0.300952833471239E+00
 0.300797685833203E+00
 0.300842501110131E+00
 0.300364824989032E+00
 0.300281573901378E+00
 0.299728755270279E+00
 0.299317465792015E+00
 0.298709244018311E+00
 0.298104229177915E+00
 0.298461029351879E+00
 0.298340017228816E+00
 0.297784719935057E+00
 0.297672768718798E+00
 0.297050775309177E+00
 0.295915504413746E+00
 0.294265219543902E+00
 0.292099696134939E+00
 0.289420227473865E+00
 0.287039111463434E+00
 0.284425750898487E+00
 0.281309700401251E+00
 0.277695198762388E+00
 0.273637401812588E+00
 0.269559011289712E+00
 0.265569913337344E+00
 0.261639330732563E+00
 0.257818922397131E+00
 0.254032176662809E+00
 0.250317754202049E+00
 0.246703509760346E+00
 0.243143586150437E+00
 0.239641340216224E+00
 0.236196329010692E+00
 0.232804879022492E+00
 0.229460537425040E+00
 0.226154654901717E+00
 0.222959752909848E+00
 0.219828942518694E+00
 0.216728837240380E+00
 0.213645645627689E+00
 0.210565139824946E+00
 0.207663281505603E+00
 0.204773745468538E+00
 0.201868238601466E+00
 0.199020123099855E+00
 0.196309980120229E+00
 0.193563013107517E+00
 0.190827968607628E+00
 0.188275168010310E+00
 0.185664317698841E+00
 0.186177993133182E+00
 0.186750868113265E+00
 0.187434258673764E+00
 0.187833741278387E+00
 0.188205604773469E+00
 0.188521472212290E+00
 0.188567390892121E+00
 0.188760534399254E+00
 0.188739632535145E+00
 0.189356890500687E+00
 0.190652814330203E+00
 0.192243725612628E+00
 0.193752115635348E+00
 0.195467377097039E+00
 0.196850215247049E+00
 0.198183116628856E+00
 0.199522394278730E+00
 0.200533126473537E+00
 0.201716530464360E+00
 0.202691768166909E+00
 0.203455213462046E+00
 0.204406049798766E+00
 0.205032930447909E+00
 0.205701277515764E+00
 0.206313876495288E+00
 0.206611031172887E+00
 0.207214888823378E+00
 0.207508584232320E+00
 0.207765353517395E+00
 0.208066882654573E+00
 0.208062716357143E+00
 0.208315855469500E+00
 0.208330248502333E+00
 0.208050212304834E+00
 0.207927675580015E+00
 0.207677309344577E+00
 0.207145008737121E+00
 0.206343496935721E+00
 0.205285992975800E+00
 0.203986140886244E+00
 0.202457939338139E+00
 0.200715672680438E+00
 0.198931867426222E+00
 0.197252845305345E+00
 0.195377432702780E+00
 0.193320089568914E+00
 0.191095351697324E+00
 0.188717764838095E+00
 0.186201819680866E+00
 0.183614300846279E+00
 0.181069852441506E+00
 0.178567166517520E+00
 0.178268388903137E+00
 0.179009601376084E+00
 0.179882912341542E+00
 0.180874752865664E+00
 0.181984134080510E+00
 0.183307302324101E+00
 0.184782300073420E+00
 0.186358903900056E+00
 0.188031735218600E+00
 0.189794671357673E+00
 0.191640880329533E+00
 0.193562856637639E+00
 0.195552459359051E+00
 0.197600954898662E+00
 0.199699066475092E+00
 0.201837030574579E+00
 0.204004658290413E+00
 0.206191398045783E+00
 0.208386396559278E+00
 0.210578556820378E+00
 0.212756594129193E+00
 0.214909092659699E+00
 0.217024565002472E+00
 0.219091516105301E+00
 0.221098511692211E+00
 0.223034250045850E+00
 0.224887634997642E+00
 0.226647847086483E+00
 0.228304409522417E+00
 0.229871045137752E+00
 0.231466823945635E+00
 0.232940875692319E+00
 0.234283785514572E+00
 0.235486699242239E+00
 0.236541368689249E+00
 0.237440190313993E+00
 0.238176241640896E+00
 0.238956633197377E+00
 0.239589425361975E+00
 0.240048750121401E+00
 0.240329678301620E+00
 0.240428110766948E+00
 0.240406996150737E+00
 0.240399061534615E+00
 0.240203902683215E+00
 0.239819721938985E+00
 0.239245630809195E+00
 0.238610535390359E+00
 0.237942174890968E+00
 0.237085118263032E+00
 0.236040809962459E+00
 0.234883554076353E+00
 0.233765012316642E+00
 0.232464231922580E+00
 0.230984798976475E+00
 0.229468463761995E+00
 0.227937390037550E+00
 0.226235538077123E+00
 0.224368413796845E+00
 0.222632557506108E+00
 0.220735847561291E+00
 0.218683895491092E+00
 0.216701256760159E+00
 0.214635671895791E+00
 0.212425576212521E+00
 0.210271242765400E+00
 0.208060511589905E+00
 0.205716469843169E+00
 0.203448431175346E+00
 0.201114178934123E+00
 0.198658143731909E+00
 0.196322263528063E+00
 0.193884516971090E+00
 0.191386050796150E+00
 0.188971409335343E+00
 0.186449151850838E+00
 0.183960476064970E+00
 0.181468118598922E+00
 0.178891026162667E+00
 0.176432836142796E+00
 0.173880530832974E+00
 0.171380339188161E+00
 0.168868086666533E+00
 0.166272991626717E+00
 0.163604956904453E+00
 0.160874211694535E+00
 0.158091262268135E+00
 0.155266846329152E+00
 0.152411886803346E+00
 0.149537440089142E+00
 0.146654636246183E+00
 0.143774612877587E+00
 0.140908447989360E+00
 0.138067097812700E+00
 0.135261343186431E+00
 0.132501744147282E+00
 0.131610009322624E+00
 0.131954274923166E+00
 0.132546967856948E+00
 0.133257209633080E+00
 0.134077340360400E+00
 0.134999753033972E+00
 0.136100258710004E+00
 0.137273259506064E+00
 0.138510060616355E+00
 0.139801919780956E+00
 0.141140076074251E+00
 0.142515778125539E+00
 0.143920317549069E+00
 0.145345075229086E+00
 0.146781584593859E+00
 0.148221607021616E+00
 0.149657205437397E+00
 0.151080800044834E+00
 0.152485197888138E+00
 0.153863601338206E+00
 0.155209610911009E+00
 0.156524457180486E+00
 0.157867744500280E+00
 0.159167838561136E+00
 0.160419473928088E+00
 0.161617857682015E+00
 0.162758694981697E+00
 0.163838217338032E+00
 0.164853203903034E+00
 0.165800990782660E+00
 0.166679469179067E+00
 0.167487075993578E+00
 0.168279693147732E+00
 0.169053063175523E+00
 0.169752996730590E+00
 0.170379301833268E+00
 0.170932296347639E+00
 0.171412765312482E+00
 0.171821917401939E+00
 0.172161349683062E+00
 0.172433026003796E+00
 0.172703086687771E+00
 0.172940862359179E+00
 0.173113853633331E+00
 0.173224931623875E+00
 0.173277267196853E+00
 0.173274315513153E+00
 0.173219788713390E+00
 0.173117614353657E+00
 0.172971883916835E+00
 0.172786799723936E+00
 0.172570361743323E+00
 0.172364587650906E+00
 0.172125327038508E+00
 0.171857008805893E+00
 0.171564047404712E+00
 0.171250791275882E+00
 0.170921482704754E+00
 0.170580231607357E+00
 0.170231001343235E+00
 0.169877600726074E+00
 0.169523674538551E+00
 0.169172686217440E+00
 0.168827890868532E+00
 0.168492302597228E+00
 0.168168664345342E+00
 0.167859428474943E+00
 0.167566751852528E+00
 0.167294268197490E+00
 0.167072611895184E+00
 0.166873208281108E+00
 0.166696619144836E+00
 0.166543108830813E+00
 0.166412664552003E+00
 0.166305016318657E+00
 0.166219654799699E+00
 0.166155850060700E+00
 0.166112675020433E+00
 0.166089033893999E+00
 0.166083690786278E+00
 0.166095291311727E+00
 0.166122372971601E+00
 0.166163366452119E+00
 0.166216595727581E+00
 0.166280286086672E+00
 0.166352585384599E+00
 0.166431597686889E+00
 0.166515423665928E+00
 0.166602200550553E+00
 0.166690135479285E+00
 0.166777527984823E+00
 0.166862779087596E+00
 0.166944386635398E+00
 0.167020929990567E+00
 0.167091051547475E+00
 0.167153445717464E+00
 0.167206865308147E+00
 0.167250149537226E+00
 0.167282268884678E+00
 0.167302373483237E+00
 0.167309828016546E+00
 0.167304219518595E+00
 0.167285334170094E+00
 0.167253111173564E+00
 0.167207590680561E+00
 0.167148874399312E+00
 0.167077111215277E+00
 0.167004035124028E+00
 0.166931015932300E+00
 0.166844921694729E+00
 0.166746155243887E+00
 0.166635201442431E+00
 0.166512641085972E+00
 0.166379161393188E+00
 0.166235557712327E+00
 0.166082723544343E+00
 0.165921628924733E+00
 0.165753290443007E+00
 0.165578739100105E+00
 0.165398993564507E+00
 0.165215045046671E+00
 0.165027856002047E+00
 0.164838369757088E+00
 0.164647524225012E+00
 0.164456261818332E+00
 0.164265529674636E+00
 0.164076268262252E+00
 0.163889390674729E+00
 0.163705758036166E+00
 0.163526157542710E+00
 0.163351288478561E+00
 0.163181758483624E+00
 0.163018088588221E+00
 0.162860722679738E+00
 0.162710036377306E+00
 0.162566341852161E+00
 0.162429887774920E+00
 0.162300855704308E+00
 0.162179354991631E+00
 0.162065418027423E+00
 0.161958997401600E+00
 0.161859966785006E+00
 0.161768127480077E+00
 0.161683221537527E+00
 0.161604949764177E+00
 0.161532990038180E+00
 0.161467010188247E+00
 0.161406671640383E+00
 0.161351624400374E+00
 0.161301498192125E+00
 0.161255896062245E+00
 0.161214394668110E+00
 0.161176551393696E+00
 0.161141915156815E+00
 0.161110037121196E+00
 0.161080479177800E+00
 0.161052820106814E+00
 0.161026660097641E+00
 0.161001623713636E+00
 0.160977360730733E+00
 0.160953544701071E+00
 0.160929870351553E+00
 0.160906051654118E+00
 0.160881821616027E+00
 0.160856933141496E+00
 0.160831159477122E+00
 0.160804293908678E+00
 0.160776150613637E+00
 0.160746569449551E+00
 0.160715425244034E+00
 0.160682637828556E+00
 0.160648176052731E+00
 0.160612050549466E+00
 0.160574296147894E+00
 0.160534951779460E+00
 0.160494048412563E+00
 0.160451611497508E+00
 0.160407675898183E+00
 0.160362303951882E+00
 0.160315595968766E+00
 0.160267687609705E+00
 0.160218736058712E+00
 0.160168901480757E+00
 0.160118329716456E+00
 0.160067138770944E+00
 0.160015409592209E+00
 0.159963182807041E+00
 0.159910465144591E+00
 0.159857247936395E+00
 0.159803533746965E+00
 0.159749359586069E+00
 0.159694803005090E+00
 0.159639964638685E+00
 0.159584934307872E+00
 0.159529758784427E+00
 0.159474429537959E+00
 0.159418897272986E+00
 0.159363104272990E+00
 0.159307016046998E+00
 0.159250636368682E+00
 0.159194001562815E+00
 0.159137161822151E+00
 0.159080161553105E+00
 0.159023026306551E+00
 0.158965756592984E+00
 0.158908325758143E+00
 0.158850681927643E+00
 0.158792758123901E+00
 0.158734493518708E+00
 0.158675860811089E+00
 0.158616885774519E+00
 0.158557644028172E+00
 0.158498230996263E+00
 0.158438718070660E+00
 0.158379119056116E+00
 0.158319386886197E+00
 0.158259442933056E+00
 0.158199221814409E+00
 0.158138706669022E+00
 0.158077938039089E+00
 0.158016996652843E+00
 0.157955973923116E+00
 0.157894945807225E+00
 0.157833957811925E+00
 0.157773020219803E+00
 0.157712110251670E+00
 0.157651181327257E+00
 0.157590182082768E+00
 0.157529083694601E+00
 0.157467905071555E+00
 0.157525756316719E+00
 0.157604488464103E+00
 0.157683087390032E+00
 0.157761545849018E+00
 0.157839851968627E+00
 0.157917994691248E+00
 0.157995965962668E+00
 0.158073757134481E+00
 0.158151352346224E+00
 0.158228724714175E+00
 0.158305839166852E+00
 0.158382660300828E+00
 0.158459159369839E+00
 0.158535315199809E+00
 0.158611108901341E+00
 0.158686517327356E+00
 0.158761510890016E+00
 0.158836057095581E+00
 0.158910125826950E+00
 0.158983690809921E+00
 0.159056725348707E+00
 0.159129196145652E+00
 0.159201061701912E+00
 0.159272278770713E+00
 0.159342813770476E+00
 0.159412651261932E+00
 0.159481792660574E+00
 0.159550244823597E+00
 0.159618005263931E+00
 0.159685053184389E+00
 0.159751351562379E+00
 0.159816858275374E+00
 0.159881816546410E+00
 0.159953499888528E+00
 0.160024388790480E+00
 0.160094460562657E+00
 0.160163704691747E+00
 0.160232120990222E+00
 0.160299716012486E+00
 0.160366500798820E+00
 0.160432489576400E+00
 0.160497696647409E+00
 0.160562130148292E+00
 0.160625785546728E+00
 0.160688644492207E+00
 0.160750682610398E+00
 0.160811883788773E+00
 0.160872252984158E+00
 0.160931819215503E+00
 0.160990625992791E+00
 0.161048714186593E+00
 0.161106106821870E+00
 0.161162803565675E+00
 0.161218786414965E+00
 0.161274031921328E+00
 0.161328523153149E+00
 0.161382256916447E+00
 0.161435245654394E+00
 0.161487515562797E+00
 0.161539101865816E+00
 0.161590040897105E+00
 0.161640359283486E+00
 0.161690063505814E+00
 0.161739135727923E+00
 0.161787540611265E+00
 0.161835242168696E+00
 0.161882222942311E+00
 0.161928495070840E+00
 0.161974096803260E+00
 0.162019076387044E+00
 0.162063472288286E+00
 0.162107299736288E+00
 0.162150548603111E+00
 0.162193190894268E+00
 0.162235192421361E+00
 0.162276524032020E+00
 0.162317170638218E+00
 0.162357137659080E+00
 0.162396453245825E+00
 0.162435163073124E+00
 0.162473315900839E+00
 0.162510943342276E+00
 0.162548043096455E+00
 0.162584576201286E+00
 0.162620482919668E+00
 0.162655711263821E+00
 0.162690243656030E+00
 0.162724107036540E+00
 0.162757360709971E+00
 0.162790068807160E+00
 0.162822272297490E+00
 0.162853974202871E+00
 0.162885142856345E+00
 0.162915728321691E+00
 0.162945682507630E+00
 0.162974975265386E+00
 0.163003603281469E+00
 0.163031591499597E+00
 0.163058986937745E+00
 0.163085844547120E+00
 0.163112207083481E+00
 0.163138085621623E+00
 0.163163450565081E+00
 0.163188240615252E+00
 0.163212388662100E+00
 0.163235853439358E+00
 0.163258640792201E+00
 0.163280802640047E+00
 0.163302413363226E+00
 0.163323535540783E+00
 0.163344192345976E+00
 0.163364359515359E+00
 0.163383978902998E+00
 0.163402985107801E+00
 0.163421332185993E+00
 0.163439010017956E+00
 0.163456046150253E+00
 0.163472494598518E+00
 0.163488416198267E+00
 0.163503856411082E+00
 0.163518827385433E+00
 0.163533301229896E+00
 0.163547219064324E+00
 0.163560514512822E+00
 0.163573142885332E+00
 0.163585102764012E+00
 0.163596438788334E+00
 0.163607223040799E+00
 0.163617523196734E+00
 0.163627372478004E+00
 0.163636755574272E+00
 0.163645616688725E+00
 0.163653885225379E+00
 0.163661506871170E+00
 0.163668466362103E+00
 0.163674792923197E+00
 0.163680547264615E+00
 0.163685796357145E+00
 0.163690586372595E+00
 0.163694924316405E+00
 0.163698775471379E+00
 0.163702077924079E+00
 0.163704768773540E+00
 0.163706811405831E+00
 0.163708211976776E+00
 0.163709017349711E+00
