 0.156845064419758E-07
 0.255648781413265E-06
 0.130699790179900E-05
 0.414529332734986E-05
 0.101263213989414E-04
 0.209340657424852E-04
 0.385256126826654E-04
 0.650980405359346E-04
 0.103048537997412E-03
 0.154941681608295E-03
 0.223475510801277E-03
 0.311441475290501E-03
 0.421676542660693E-03
 0.557009991258834E-03
 0.720210557113800E-03
 0.913940130351002E-03
 0.114071782052549E-02
 0.140289398561517E-02
 0.170262962973530E-02
 0.204187434066383E-02
 0.242233677213269E-02
 0.284544540301188E-02
 0.331230248098555E-02
 0.383236973332491E-02
 0.441352874168179E-02
 0.504544993969155E-02
 0.572811143001652E-02
 0.646102976995437E-02
 0.724325116008760E-02
 0.807334457949592E-02
 0.894939746538216E-02
 0.986901499683056E-02
 0.108649370353955E-01
 0.119285711808501E-01
 0.130422910487095E-01
 0.141952919712035E-01
 0.153828746173017E-01
 0.165998035522570E-01
 0.178403209532071E-01
 0.191201992600732E-01
 0.204600075650090E-01
 0.218109584563692E-01
 0.231654074541771E-01
 0.245152864742999E-01
 0.258521581433844E-01
 0.271672738355950E-01
 0.284516329541177E-01
 0.297650098022062E-01
 0.310589616846890E-01
 0.323011678353983E-01
 0.334817873938113E-01
 0.345909707523808E-01
 0.356189210570718E-01
 0.365559573590061E-01
 0.374653692511371E-01
 0.383859063540075E-01
 0.392575882408807E-01
 0.400151231583112E-01
 0.406493372143883E-01
 0.412527403060100E-01
 0.418462145490327E-01
 0.423991382378062E-01
 0.428124875229066E-01
 0.432624483194711E-01
 0.437023431278181E-01
 0.440372211775571E-01
 0.443895892480120E-01
 0.447346764268745E-01
 0.450065212266411E-01
 0.453025607801927E-01
 0.455972447269686E-01
 0.458186058213609E-01
 0.460767424393832E-01
 0.463502057695872E-01
 0.465331495013470E-01
 0.467563947924634E-01
 0.470320574380611E-01
 0.471875128886870E-01
 0.473657826895507E-01
 0.476647914854966E-01
 0.478089444823645E-01
 0.480396708069257E-01
 0.482576204556803E-01
 0.484917330320314E-01
 0.487204569373834E-01
 0.489706694770361E-01
 0.491554850863692E-01
 0.494548543211820E-01
 0.497742701472701E-01
 0.501224370968185E-01
 0.504288357031350E-01
 0.508553869128851E-01
 0.512248307198534E-01
 0.516154256774621E-01
 0.520065599171808E-01
 0.524594780235908E-01
 0.528381355453445E-01
 0.530513486814431E-01
 0.532556576049781E-01
 0.535002004053111E-01
 0.536889194789141E-01
 0.537467720759955E-01
 0.538251116069481E-01
 0.537266828487211E-01
 0.536555835960928E-01
 0.534624828856137E-01
 0.532553588627762E-01
 0.543129248929932E-01
 0.554685106829059E-01
 0.566782819372728E-01
 0.576762352088188E-01
 0.585320291332916E-01
 0.596483411319692E-01
 0.606261857719813E-01
 0.613885639601303E-01
 0.622632423261457E-01
 0.632068212158927E-01
 0.639528334416932E-01
 0.647421206545591E-01
 0.654551411184094E-01
 0.662036062156637E-01
 0.668528683425529E-01
 0.674802285188321E-01
 0.681452729925707E-01
 0.686671655393093E-01
 0.691970350614614E-01
 0.697403745239355E-01
 0.702801673843443E-01
 0.706573738890350E-01
 0.711303061609084E-01
 0.714875585648061E-01
 0.718672595323022E-01
 0.723655876631212E-01
 0.727446921378488E-01
 0.732144776245528E-01
 0.736622164617774E-01
 0.741135446247645E-01
 0.746737345769355E-01
 0.751180851902617E-01
 0.758051359569101E-01
 0.763519398087653E-01
 0.770381933027270E-01
 0.776567935038716E-01
 0.783263604029119E-01
 0.789633187165894E-01
 0.796031158524286E-01
 0.801780491145267E-01
 0.806168238679219E-01
 0.807931875240683E-01
 0.811065486656221E-01
 0.812997096820410E-01
 0.814976635253712E-01
 0.814340612836536E-01
 0.813003947406052E-01
 0.810870342940006E-01
 0.806610788868001E-01
 0.803308483882702E-01
 0.797522184519078E-01
 0.793147144828215E-01
 0.786682893911486E-01
 0.781823554882937E-01
 0.775070708815625E-01
 0.770230613505508E-01
 0.763445474431898E-01
 0.758600347615581E-01
 0.752069327360686E-01
 0.743300927078985E-01
 0.732361845664579E-01
 0.719335700396184E-01
 0.704321516574925E-01
 0.687429905459534E-01
 0.669340583592655E-01
 0.653412829689939E-01
 0.639178589923589E-01
 0.626995426643056E-01
 0.616492574347103E-01
 0.607132300324068E-01
 0.598857240164598E-01
 0.591406925271250E-01
 0.584635841116273E-01
 0.578420198012559E-01
 0.572777425078282E-01
 0.567317618273648E-01
 0.561900254429475E-01
 0.556330655508132E-01
 0.551043546605316E-01
 0.545603421627753E-01
 0.539617577398346E-01
 0.534114848848633E-01
 0.527209937709506E-01
 0.518960985624480E-01
 0.509429104459787E-01
 0.498677404284416E-01
 0.486771082870454E-01
 0.473778270271145E-01
 0.459771065086665E-01
 0.444826220826470E-01
 0.429025178513711E-01
 0.412453415310405E-01
 0.396083455753884E-01
 0.386308383258724E-01
 0.376046683289317E-01
 0.365499974506086E-01
 0.354730831613995E-01
 0.343935221325431E-01
 0.333309233512387E-01
 0.322931172917514E-01
 0.313052226448990E-01
 0.303585991984770E-01
 0.294714155881697E-01
 0.286401729357397E-01
 0.278569091396292E-01
 0.271199201780866E-01
 0.264258637051091E-01
 0.257702954514748E-01
 0.251478645541996E-01
 0.245525821304107E-01
 0.240001273004733E-01
 0.234755040906767E-01
 0.229667910066029E-01
 0.224685962869347E-01
 0.220161386748355E-01
 0.215738342001925E-01
 0.211247255951645E-01
 0.206298050366416E-01
 0.200905113368064E-01
 0.195084319406922E-01
 0.191711531690996E-01
 0.206812801412567E-01
 0.222874910869351E-01
 0.239896595222605E-01
 0.257867114284068E-01
 0.276766308650822E-01
 0.296565561406558E-01
 0.317229288576853E-01
 0.338863821346957E-01
 0.361930516532984E-01
 0.385845240580099E-01
 0.410555196399592E-01
 0.436001113165559E-01
 0.462115692026072E-01
 0.488822658375401E-01
 0.516036852937590E-01
 0.543665421131910E-01
 0.572192455401538E-01
 0.601855454216653E-01
 0.631754456300477E-01
 0.661778983273176E-01
 0.691816093243042E-01
 0.721750475845850E-01
 0.751464268194307E-01
 0.781529467731652E-01
 0.812438922452310E-01
 0.842865149217602E-01
 0.872673237645890E-01
 0.903142035989954E-01
 0.937419231185231E-01
 0.971396766526543E-01
 0.100585250495639E+00
 0.103900171315998E+00
 0.107068866655989E+00
 0.110076210784988E+00
 0.112907606107540E+00
 0.115840689399965E+00
 0.118588751752111E+00
 0.121129699237428E+00
 0.123450154802633E+00
 0.125649774099265E+00
 0.127834503150345E+00
 0.129771339479419E+00
 0.131448996651856E+00
 0.132965078650728E+00
 0.134470829486754E+00
 0.135695127266359E+00
 0.136629022410861E+00
 0.137562959774132E+00
 0.138304560780037E+00
 0.138739077138229E+00
 0.139107932064100E+00
 0.139351664555188E+00
 0.139276803759676E+00
 0.139206429479835E+00
 0.138951412368288E+00
 0.138407582002200E+00
 0.137990755720739E+00
 0.137247569552958E+00
 0.136495308613090E+00
 0.135610498131618E+00
 0.134559000434451E+00
 0.133554518812535E+00
 0.132267488386612E+00
 0.131165060554338E+00
 0.129741580966793E+00
 0.128517597719077E+00
 0.127021390415086E+00
 0.125676749818920E+00
 0.124128889939065E+00
 0.122697462098437E+00
 0.121432315525208E+00
 0.120132163566100E+00
 0.118529965788535E+00
 0.117202528004314E+00
 0.115598143122206E+00
 0.114144426166768E+00
 0.112585418403377E+00
 0.111282940715857E+00
 0.109781748686445E+00
 0.108550902929803E+00
 0.107162461040751E+00
 0.105932707370575E+00
 0.104674777354071E+00
 0.103482815790295E+00
 0.102266006331248E+00
 0.101077513629836E+00
 0.998297384880191E-01
 0.986561640966445E-01
 0.973814119374026E-01
 0.962331158814893E-01
 0.948297317341895E-01
 0.931727146247808E-01
 0.912647441620307E-01
 0.891096699607600E-01
 0.868597610824705E-01
 0.846966631820457E-01
 0.826033822149592E-01
 0.805662276742784E-01
 0.786214252535802E-01
 0.767195520655974E-01
 0.748690877812590E-01
 0.730898755750505E-01
 0.713685596472621E-01
 0.696950648813257E-01
 0.680669581229099E-01
 0.664861678037711E-01
 0.649731818927652E-01
 0.635037531652711E-01
 0.620715381700924E-01
 0.606688289219241E-01
 0.607642207630094E-01
 0.612079850208424E-01
 0.615409142593249E-01
 0.618947275398266E-01
 0.620932691814291E-01
 0.623743390637712E-01
 0.624439400103223E-01
 0.626691257969403E-01
 0.628742750324695E-01
 0.630600127787421E-01
 0.629889643357735E-01
 0.631492140604618E-01
 0.629857673446655E-01
 0.629933650957734E-01
 0.628424183133327E-01
 0.628767807531815E-01
 0.627198384768991E-01
 0.626541532646276E-01
 0.625203656012583E-01
 0.624784209193558E-01
 0.623315813920037E-01
 0.626654969544604E-01
 0.649985129027898E-01
 0.674317128314915E-01
 0.696581616700059E-01
 0.716684029648390E-01
 0.736006297626688E-01
 0.755672040291370E-01
 0.774440319701990E-01
 0.793418101624135E-01
 0.810694933118624E-01
 0.825284717049473E-01
 0.839109740657308E-01
 0.851962920907432E-01
 0.861940199871522E-01
 0.871241420206444E-01
 0.879367604429760E-01
 0.884484854570936E-01
 0.890115932620848E-01
 0.893382144729765E-01
 0.894951133134707E-01
 0.896495444985564E-01
 0.894912403963349E-01
 0.894644679002918E-01
 0.891471708362685E-01
 0.888616414469274E-01
 0.884048522438843E-01
 0.879144723833886E-01
 0.873383334119512E-01
 0.866905055804889E-01
 0.860148172695662E-01
 0.852482117833853E-01
 0.844925035351894E-01
 0.836376426848667E-01
 0.828207312259054E-01
 0.819015659719176E-01
 0.810414149638767E-01
 0.800756827265049E-01
 0.791887914702498E-01
 0.785385072763763E-01
 0.776358513995350E-01
 0.768007269624755E-01
 0.758860376822986E-01
 0.747897869082866E-01
 0.739037006115194E-01
 0.728265507648541E-01
 0.719679840557933E-01
 0.710341258648774E-01
 0.702035524152863E-01
 0.692601211305645E-01
 0.684672458448527E-01
 0.676548656493043E-01
 0.668785322580284E-01
 0.660641375541876E-01
 0.653234677580260E-01
 0.645989237206306E-01
 0.638753382553287E-01
 0.631254725063318E-01
 0.624289236411729E-01
 0.614785913270726E-01
 0.602794495316069E-01
 0.588383043946883E-01
 0.573230700652058E-01
 0.558701983779681E-01
 0.544650361622243E-01
 0.531064510644996E-01
 0.518046360952344E-01
 0.505492725488712E-01
 0.493291399825172E-01
 0.481485104211669E-01
 0.470088947298461E-01
 0.461683334830188E-01
 0.466673525017453E-01
 0.468546441956260E-01
 0.472605913646547E-01
 0.473486641277683E-01
 0.476778199305617E-01
 0.477175978826114E-01
 0.479690590633060E-01
 0.479668708796642E-01
 0.481397027727282E-01
 0.480820526735396E-01
 0.482687214830665E-01
 0.481520557366932E-01
 0.483094489953302E-01
 0.486602389662464E-01
 0.522384542934389E-01
 0.558683353103232E-01
 0.593969217630722E-01
 0.628084135131774E-01
 0.662266331129669E-01
 0.697023501749533E-01
 0.730210979924870E-01
 0.761678623279794E-01
 0.792176307651444E-01
 0.823354634858352E-01
 0.852436352823868E-01
 0.879284371627664E-01
 0.904867422198884E-01
 0.930644839881201E-01
 0.953851201022300E-01
 0.977306126950279E-01
 0.100132595670490E+00
 0.102248668293067E+00
 0.104083342508315E+00
 0.106022452077868E+00
 0.107647846773847E+00
 0.108950661009721E+00
 0.110321452786132E+00
 0.111413293605557E+00
 0.112162384336046E+00
 0.113048024770067E+00
 0.113581874612614E+00
 0.113943162750611E+00
 0.114274702915301E+00
 0.114242313916232E+00
 0.114336233471405E+00
 0.114113619839694E+00
 0.113860099604720E+00
 0.113468023582109E+00
 0.112935299201951E+00
 0.112396031965053E+00
 0.111641849763870E+00
 0.110978185050471E+00
 0.110051204279426E+00
 0.109285677666394E+00
 0.108225697471915E+00
 0.107380005768414E+00
 0.106218976799999E+00
 0.105313804543927E+00
 0.104138468458110E+00
 0.103235704277260E+00
 0.102287457315021E+00
 0.101316422979997E+00
 0.100296181929573E+00
 0.993011291118771E-01
 0.979592857384287E-01
 0.968129299916136E-01
 0.955054062578821E-01
 0.944402859729309E-01
 0.931636492167905E-01
 0.922068383706122E-01
 0.909643104487451E-01
 0.900521562187948E-01
 0.889028170871766E-01
 0.880410742425142E-01
 0.869107257777953E-01
 0.860737869746675E-01
 0.850652498348627E-01
 0.842557822167889E-01
 0.832359124690515E-01
 0.824516427370823E-01
 0.813665671594803E-01
 0.800287448667467E-01
 0.831149550013359E-01
 0.859864598951206E-01
 0.885554946097141E-01
 0.911651055126995E-01
 0.935455201263793E-01
 0.956028232110211E-01
 0.977497818796948E-01
 0.995987002537879E-01
 0.101198677304362E+00
 0.102840556996362E+00
 0.104136190414755E+00
 0.105378782064757E+00
 0.106468058233386E+00
 0.107271961739575E+00
 0.108167322000542E+00
 0.108707071852359E+00
 0.109300899189280E+00
 0.109660963967390E+00
 0.109934547286284E+00
 0.110133584898615E+00
 0.110130711481237E+00
 0.110188585424403E+00
 0.109947182928180E+00
 0.109883976834792E+00
 0.109471010853830E+00
 0.109272166465778E+00
 0.108761372414820E+00
 0.108401106402956E+00
 0.107811842435517E+00
 0.107311669157903E+00
 0.106870212313439E+00
 0.106509356248340E+00
 0.105814666547560E+00
 0.105389590927049E+00
 0.104652657669156E+00
 0.103713569597707E+00
 0.102981669559261E+00
 0.102051226105184E+00
 0.101323038922075E+00
 0.100482036001077E+00
 0.997617340239569E-01
 0.989053324753594E-01
 0.981917523783496E-01
 0.974359894624396E-01
 0.967322167141464E-01
 0.959392594211859E-01
 0.952449087619013E-01
 0.945606295755272E-01
 0.938772707681105E-01
 0.931400758700582E-01
 0.924685306469999E-01
 0.915133370734380E-01
 0.902801128619710E-01
 0.887754679143264E-01
 0.870070120640601E-01
 0.850602226933162E-01
 0.831679153062518E-01
 0.813345367032417E-01
 0.795599777271422E-01
 0.778355345752677E-01
 0.761612992162527E-01
 0.745546242111679E-01
 0.729883565308558E-01
 0.714647255475168E-01
 0.699834907905061E-01
 0.685425014459586E-01
 0.686329458182734E-01
 0.695293534496233E-01
 0.702754864042412E-01
 0.709561833558139E-01
 0.716104855665004E-01
 0.721265775393566E-01
 0.725537421214573E-01
 0.729868087042352E-01
 0.732955704264246E-01
 0.735008941684526E-01
 0.737365203919738E-01
 0.738632057661435E-01
 0.738932902652241E-01
 0.739407323697766E-01
 0.739115018306841E-01
 0.738023123182243E-01
 0.736782292107205E-01
 0.735188210575946E-01
 0.732961522407967E-01
 0.730238084774558E-01
 0.727579928403713E-01
 0.724468495540978E-01
 0.721026958935495E-01
 0.717392582809685E-01
 0.720608739744958E-01
 0.728659903760100E-01
 0.739176567826051E-01
 0.752220074245855E-01
 0.767219119352247E-01
 0.784798221326121E-01
 0.804501895078939E-01
 0.826210535729325E-01
 0.849133407430105E-01
 0.873124681796823E-01
 0.898116945164913E-01
 0.924035501013344E-01
 0.950798589643513E-01
 0.978317205824503E-01
 0.100649471044721E+00
 0.103522652313230E+00
 0.106440014973378E+00
 0.109389567155792E+00
 0.112358666412346E+00
 0.115334138050401E+00
 0.118353671837403E+00
 0.121416143191529E+00
 0.124458963966093E+00
 0.127467628066842E+00
 0.130427339584002E+00
 0.133322999549741E+00
 0.136376310387904E+00
 0.139388986586906E+00
 0.142315035534874E+00
 0.145138039001163E+00
 0.147841589405677E+00
 0.150409342561259E+00
 0.152825068532487E+00
 0.155198053671647E+00
 0.157526497098985E+00
 0.159669969968188E+00
 0.161612537184906E+00
 0.163338677136504E+00
 0.164833392260071E+00
 0.166379616655788E+00
 0.167709505717646E+00
 0.168779071265840E+00
 0.169574854357018E+00
 0.170278508334963E+00
 0.170882352078380E+00
 0.171188214873508E+00
 0.171184681546201E+00
 0.171238219968368E+00
 0.171031668616053E+00
 0.170497099582437E+00
 0.169980092512362E+00
 0.169252770263401E+00
 0.168183306607514E+00
 0.167270548970972E+00
 0.166026133641627E+00
 0.164683522208891E+00
 0.163288429213438E+00
 0.161613389066996E+00
 0.160092434175015E+00
 0.158218865885655E+00
 0.156546512730878E+00
 0.154573569894845E+00
 0.152745668820856E+00
 0.150697880468695E+00
 0.148771072810469E+00
 0.146671917804822E+00
 0.144878683928533E+00
 0.142992642190962E+00
 0.141179539666671E+00
 0.139319798450476E+00
 0.137489267841795E+00
 0.135329105907000E+00
 0.133132248634538E+00
 0.131014103129356E+00
 0.129046446160129E+00
 0.126967667559034E+00
 0.125152768886062E+00
 0.123184772636466E+00
 0.121488486270430E+00
 0.119659202734192E+00
 0.117998219674322E+00
 0.116324649349809E+00
 0.114695315889837E+00
 0.113150954709996E+00
 0.111556774922555E+00
 0.110128797135787E+00
 0.108565662220743E+00
 0.106724512526579E+00
 0.104602755633221E+00
 0.104303477759042E+00
 0.109173702997522E+00
 0.113781093235293E+00
 0.118453101140799E+00
 0.123219368660770E+00
 0.127630138502547E+00
 0.131695600976183E+00
 0.135904722996929E+00
 0.139727328023649E+00
 0.143154036576887E+00
 0.146650325801388E+00
 0.149821387277131E+00
 0.152574031605265E+00
 0.155375607513980E+00
 0.157855319152922E+00
 0.159900463654605E+00
 0.162083317051414E+00
 0.163852899135281E+00
 0.165333529496578E+00
 0.166841010471281E+00
 0.167899464476330E+00
 0.168953556175600E+00
 0.169765358783984E+00
 0.170281545013699E+00
 0.170869321845410E+00
 0.171007519174646E+00
 0.171302878728319E+00
 0.171243007167405E+00
 0.171153014764992E+00
 0.170920759050717E+00
 0.170498463679412E+00
 0.170120129704679E+00
 0.169412135287913E+00
 0.168912934314185E+00
 0.167983739628539E+00
 0.167400511068479E+00
 0.166933691770219E+00
 0.166260819522976E+00
 0.165425726847036E+00
 0.164681715327038E+00
 0.163524178698830E+00
 0.162201820556995E+00
 0.161036587278730E+00
 0.159763201569418E+00
 0.158591840422520E+00
 0.157418583581877E+00
 0.156245210726989E+00
 0.155102251334213E+00
 0.153927996916899E+00
 0.152886794014217E+00
 0.151714937775151E+00
 0.150687082668213E+00
 0.149518833852581E+00
 0.148591505413964E+00
 0.147428957427648E+00
 0.146503564386158E+00
 0.145348630308449E+00
 0.143839250639449E+00
 0.141982334797366E+00
 0.139785987537701E+00
 0.137259470559827E+00
 0.134413161399738E+00
 0.131412198850675E+00
 0.128498106424563E+00
 0.125675207463144E+00
 0.122950262744890E+00
 0.120297010808084E+00
 0.117739766129827E+00
 0.115244569611591E+00
 0.112818006260290E+00
 0.110463149547600E+00
 0.108180298377983E+00
 0.105967029808994E+00
 0.103818997051383E+00
 0.101730051050038E+00
 0.996928634049712E-01
 0.976990197303571E-01
 0.957394025027688E-01
 0.938597274161937E-01
 0.920538457529443E-01
 0.902689268200280E-01
 0.884948461642557E-01
 0.868104554914507E-01
 0.851833460588991E-01
 0.835514843016111E-01
 0.819671057616561E-01
 0.804754296044344E-01
 0.789632374470422E-01
 0.775049105676116E-01
 0.761236929365968E-01
 0.746483863507502E-01
 0.730021328646831E-01
 0.711910909225493E-01
 0.692219760691708E-01
 0.671020418264096E-01
 0.648390538201501E-01
 0.624412543939864E-01
 0.605730137289310E-01
 0.602545363775434E-01
 0.601102663218292E-01
 0.597894642806089E-01
 0.595934281184252E-01
 0.592895386716380E-01
 0.591288619314316E-01
 0.588249335872376E-01
 0.586287603650064E-01
 0.583412937920626E-01
 0.581661461875527E-01
 0.578808969854814E-01
 0.576468744484528E-01
 0.573734452905048E-01
 0.568738813239833E-01
 0.561584037301376E-01
 0.552381358345754E-01
 0.541863816800004E-01
 0.531622778963642E-01
 0.521653991984190E-01
 0.511918682294183E-01
 0.502504977254187E-01
 0.493210519323485E-01
 0.513165961443340E-01
 0.550236734073939E-01
 0.587844941675995E-01
 0.625850777954698E-01
 0.664110852421296E-01
 0.702478714921781E-01
 0.742126354734054E-01
 0.782640690306315E-01
 0.822945939206308E-01
 0.862883552311651E-01
 0.902295677827926E-01
 0.941025619395827E-01
 0.979999014343114E-01
 0.101965136881460E+00
 0.105827033784239E+00
 0.109569815717955E+00
 0.113178130013443E+00
 0.116637135440187E+00
 0.120139441036326E+00
 0.123570288271136E+00
 0.126818570196702E+00
 0.129998169486622E+00
 0.133356742584189E+00
 0.136504863310122E+00
 0.139428926021808E+00
 0.142116160076573E+00
 0.144756450660328E+00
 0.147302350461540E+00
 0.149583310101493E+00
 0.151588851330535E+00
 0.153408839879142E+00
 0.155232052484663E+00
 0.156757895418142E+00
 0.157978699028831E+00
 0.159082497504129E+00
 0.160099183322300E+00
 0.160795616130360E+00
 0.161211262010264E+00
 0.161704916740875E+00
 0.161867911722166E+00
 0.161736232197557E+00
 0.161706806701410E+00
 0.161341063076788E+00
 0.160806177210032E+00
 0.160265089711408E+00
 0.159386451815888E+00
 0.158588153927768E+00
 0.157555943987984E+00
 0.156418127340912E+00
 0.155255198916210E+00
 0.153851132110987E+00
 0.152580394513952E+00
 0.150979959287240E+00
 0.149616230731100E+00
 0.147933697007358E+00
 0.146435666281379E+00
 0.144703808320366E+00
 0.143271263854408E+00
 0.141783262800566E+00
 0.140280792905683E+00
 0.138744300257326E+00
 0.137211206009506E+00
 0.135370001762964E+00
 0.133468008654034E+00
 0.131653893098752E+00
 0.129919672636305E+00
 0.128129479318453E+00
 0.126555495046861E+00
 0.124793769528408E+00
 0.123341223986433E+00
 0.121735981344178E+00
 0.120308742946179E+00
 0.118789870350395E+00
 0.117383575399086E+00
 0.116022591188148E+00
 0.114640700547726E+00
 0.113327510688771E+00
 0.111967986369981E+00
 0.110342259514364E+00
 0.108454346025829E+00
 0.106309287675449E+00
 0.103913117181335E+00
 0.101272836707003E+00
 0.985452707266631E-01
 0.959316380445932E-01
 0.934175439136063E-01
 0.909928728595142E-01
 0.886736648131506E-01
 0.864181020095971E-01
 0.842673528537444E-01
 0.821943408633579E-01
 0.801895119075608E-01
 0.782514741216127E-01
 0.763767144266572E-01
 0.745605373878887E-01
 0.727968121403681E-01
 0.710785747601712E-01
 0.694509044363673E-01
 0.678715135505057E-01
 0.663268781645261E-01
 0.648085311927824E-01
 0.633324004560255E-01
 0.619469681292739E-01
 0.605740547923833E-01
 0.592056538123120E-01
 0.579304498922182E-01
 0.566826677899648E-01
 0.565256250975500E-01
 0.569013271339688E-01
 0.574253490091846E-01
 0.576923825427197E-01
 0.580773675539770E-01
 0.582991944089136E-01
 0.583240104006443E-01
 0.585329472712586E-01
 0.584978552786822E-01
 0.586787855336480E-01
 0.586336225343931E-01
 0.588004941501036E-01
 0.587492915339040E-01
 0.588326824122855E-01
 0.587745630454369E-01
 0.588659155455605E-01
 0.588041062365167E-01
 0.588069284678757E-01
 0.587431592648115E-01
 0.587686033954389E-01
 0.587008052705557E-01
 0.586377096280307E-01
 0.585688257207160E-01
 0.582852079955588E-01
 0.577939246358181E-01
 0.571028447278544E-01
 0.562246256069925E-01
 0.552996971654017E-01
 0.543966134573123E-01
 0.535094518784759E-01
 0.526434291391492E-01
 0.517884479308820E-01
 0.509653455199256E-01
 0.501535796757287E-01
 0.493557271058858E-01
 0.485727237797059E-01
 0.478038038097438E-01
 0.470472150897275E-01
 0.462997295109459E-01
 0.455576573206870E-01
 0.448424911820686E-01
 0.441504793340885E-01
 0.434596807229563E-01
 0.427648862155548E-01
 0.420799835674794E-01
 0.414397590062028E-01
 0.407883558709105E-01
 0.401202847845609E-01
 0.395162514531379E-01
 0.389016189467479E-01
 0.382630089520681E-01
 0.376963047550137E-01
 0.383128518590765E-01
 0.393655832038674E-01
 0.404485242900885E-01
 0.413814332920686E-01
 0.422052135488262E-01
 0.430133357319990E-01
 0.436105897162516E-01
 0.442830209172223E-01
 0.447455422002892E-01
 0.452194886257498E-01
 0.455533482761491E-01
 0.458570560298117E-01
 0.460709770435880E-01
 0.462311839512463E-01
 0.463365801630850E-01
 0.463766608983266E-01
 0.463863955503923E-01
 0.463277681120186E-01
 0.462551878166660E-01
 0.461161896785130E-01
 0.459752636124606E-01
 0.457933941114450E-01
 0.456526574265437E-01
 0.454182211256728E-01
 0.452240726270664E-01
 0.449264777977123E-01
 0.446920205521152E-01
 0.443391230672289E-01
 0.440771479154175E-01
 0.438269640815925E-01
 0.469269192321579E-01
 0.510366783679379E-01
 0.551315425934480E-01
 0.594998282956893E-01
 0.638126054054409E-01
 0.680532490785084E-01
 0.722053376453893E-01
 0.764735626507520E-01
 0.807559553072896E-01
 0.849096226259089E-01
 0.889177958046428E-01
 0.928037311371841E-01
 0.968397539557793E-01
 0.100689014583291E+00
 0.104335039590816E+00
 0.107762051912234E+00
 0.111239211070400E+00
 0.114579611201764E+00
 0.117663603724051E+00
 0.121063607949599E+00
 0.124257886649207E+00
 0.127163412225719E+00
 0.129766377729814E+00
 0.132497774444467E+00
 0.134910565855175E+00
 0.136989376708547E+00
 0.138948248486216E+00
 0.140809574983488E+00
 0.142310779292393E+00
 0.143592078232827E+00
 0.144863202930603E+00
 0.145753668222471E+00
 0.146478273956573E+00
 0.147138713110583E+00
 0.147403530606504E+00
 0.147705908284735E+00
 0.147751176883197E+00
 0.147564186022384E+00
 0.147411086089943E+00
 0.146850420947028E+00
 0.146489278078363E+00
 0.145752874945176E+00
 0.145083620162704E+00
 0.144197411336749E+00
 0.143282899945007E+00
 0.142272429018674E+00
 0.141166338940223E+00
 0.140056559085833E+00
 0.138801828155009E+00
 0.137616592426556E+00
 0.136346135200294E+00
 0.135158286364790E+00
 0.134142060248167E+00
 0.132866296185579E+00
 0.131769593005636E+00
 0.130460542645149E+00
 0.128770011598463E+00
 0.127402238286539E+00
 0.125761590256702E+00
 0.124496496648126E+00
 0.122968162435267E+00
 0.121727540511503E+00
 0.120298122426762E+00
 0.119079814322828E+00
 0.117758521268832E+00
 0.116565545103999E+00
 0.115311244162582E+00
 0.114141656926314E+00
 0.112994585182963E+00
 0.111850662535003E+00
 0.110742435005735E+00
 0.109622833057742E+00
 0.108174252419348E+00
 0.106398578822181E+00
 0.104298974712295E+00
 0.101879859673064E+00
 0.993329180249168E-01
 0.968792928564178E-01
 0.972499592681188E-01
 0.999004276296363E-01
 0.102199993866214E+00
 0.104614924667151E+00
 0.106628354526897E+00
 0.108512673640743E+00
 0.110278205357729E+00
 0.111642119608677E+00
 0.113168330097623E+00
 0.114270065756464E+00
 0.115362908783419E+00
 0.116234233434947E+00
 0.116930111806104E+00
 0.117590497384366E+00
 0.117939136087486E+00
 0.118410096982373E+00
 0.118456425888745E+00
 0.118761031465577E+00
 0.118634273582703E+00
 0.118706428016092E+00
 0.118439283225517E+00
 0.118303881451424E+00
 0.117920422979004E+00
 0.117604071771837E+00
 0.117127886425430E+00
 0.116651636048282E+00
 0.116185417655529E+00
 0.115997838840120E+00
 0.115399464028284E+00
 0.114984358906626E+00
 0.114337247240016E+00
 0.113351216198290E+00
 0.112710752113214E+00
 0.111718860823368E+00
 0.111083774678662E+00
 0.110174199732182E+00
 0.109548720214201E+00
 0.108613306780840E+00
 0.107996366138040E+00
 0.107153286634754E+00
 0.106547943745513E+00
 0.105660848460711E+00
 0.105066888103714E+00
 0.104278810556478E+00
 0.103697680407577E+00
 0.102853090400850E+00
 0.102285947172338E+00
 0.101368245697220E+00
 0.100104538775581E+00
 0.985006134534831E-01
 0.965634498147562E-01
 0.954546393885263E-01
 0.983272917529815E-01
 0.100962196630481E+00
 0.103321972176488E+00
 0.105683460894801E+00
 0.107878719847419E+00
 0.109788691045656E+00
 0.111556331541045E+00
 0.113288965052116E+00
 0.114731431667318E+00
 0.115962795800211E+00
 0.117225840213767E+00
 0.118198847828663E+00
 0.118969045979588E+00
 0.119768723426622E+00
 0.120282996408815E+00
 0.120675380667486E+00
 0.121028471614837E+00
 0.121104693574986E+00
 0.121205110085335E+00
 0.121136744085891E+00
 0.120889942230075E+00
 0.120693266776672E+00
 0.120234429144015E+00
 0.119846314207429E+00
 0.119279013219684E+00
 0.118661562103708E+00
 0.118002077361996E+00
 0.117197084928756E+00
 0.116461406397440E+00
 0.115504830150821E+00
 0.114708051308909E+00
 0.113675924557995E+00
 0.112786628018785E+00
 0.112107462727080E+00
 0.111226815211039E+00
 0.110262278440012E+00
 0.109347838326642E+00
 0.108208209516222E+00
 0.107043571917726E+00
 0.105910299938232E+00
 0.104773153527604E+00
 0.103645906533956E+00
 0.102685732848134E+00
 0.101566587450244E+00
 0.100605879260860E+00
 0.995971245539719E-01
 0.987064670603644E-01
 0.976780194350923E-01
 0.967962560264005E-01
 0.959322282828035E-01
 0.950577012102611E-01
 0.941640361181120E-01
 0.933009223478831E-01
 0.922351375406923E-01
 0.909776550102671E-01
 0.895401312905519E-01
 0.879348390789993E-01
 0.861745911911818E-01
 0.842726614223214E-01
 0.822484382147919E-01
 0.802453347837853E-01
 0.783221844991571E-01
 0.764660270071237E-01
 0.746692914429205E-01
 0.733957558835487E-01
 0.748543169829216E-01
 0.762795764949392E-01
 0.777365264697543E-01
 0.791751430082769E-01
 0.805538291914392E-01
 0.819151449463988E-01
 0.832740398454417E-01
 0.846309402446994E-01
 0.858944594525088E-01
 0.870507660655278E-01
 0.880863561129181E-01
 0.889881195225928E-01
 0.898386463883866E-01
 0.906503467653387E-01
 0.913021821926344E-01
 0.917821852766698E-01
 0.920981945148389E-01
 0.924596178436032E-01
 0.926266706594106E-01
 0.925891125370219E-01
 0.924982369528512E-01
 0.923263467430720E-01
 0.919318316213528E-01
 0.914889129646220E-01
 0.909629844972985E-01
 0.902000969240419E-01
 0.895270749404040E-01
 0.886419113659256E-01
 0.877157526649768E-01
 0.867250842767098E-01
 0.856130718562493E-01
 0.845345204794612E-01
 0.832934505365655E-01
 0.821446115496931E-01
 0.808218975540165E-01
 0.796198648466471E-01
 0.782533709826963E-01
 0.770146852439526E-01
 0.757047574852650E-01
 0.744901273486809E-01
 0.731863520213024E-01
 0.719499448641645E-01
 0.706905037592943E-01
 0.694225206105700E-01
 0.683569342374785E-01
 0.670903898011588E-01
 0.656663522027174E-01
 0.644401742015475E-01
 0.631758453986563E-01
 0.619859079778443E-01
 0.608002377304047E-01
 0.596490853695038E-01
 0.585873961513319E-01
 0.574702908935580E-01
 0.580580641721876E-01
 0.620107649114366E-01
 0.657914487826640E-01
 0.696822868236035E-01
 0.734462359729285E-01
 0.770039851952500E-01
 0.804623128097949E-01
 0.839422075098847E-01
 0.873292304147558E-01
 0.908323774939407E-01
 0.941805361830112E-01
 0.972639317535289E-01
 0.100212632796051E+00
 0.103139416259227E+00
 0.105775565806800E+00
 0.108164814726508E+00
 0.110615861727734E+00
 0.112755268376238E+00
 0.114618319656159E+00
 0.116556969396718E+00
 0.118167908908227E+00
 0.119565663354172E+00
 0.120971957283088E+00
 0.122039484538624E+00
 0.123052273843524E+00
 0.123920582664610E+00
 0.124478151853936E+00
 0.125161976601103E+00
 0.125499017059694E+00
 0.125836288809307E+00
 0.126005479410086E+00
 0.126013441433914E+00
 0.126034423810720E+00
 0.125760464663906E+00
 0.125653133356189E+00
 0.125203137372662E+00
 0.124922061741458E+00
 0.124366821555253E+00
 0.123895660317709E+00
 0.123255131870473E+00
 0.122695726345787E+00
 0.122111576065308E+00
 0.121679758444056E+00
 0.120920748075574E+00
 0.120412028431521E+00
 0.119604977458549E+00
 0.118478577871561E+00
 0.117637086128004E+00
 0.116534812355957E+00
 0.115723081588868E+00
 0.114685862763934E+00
 0.113876176149300E+00
 0.112876728611538E+00
 0.112068079579385E+00
 0.111139398720151E+00
 0.110335861021352E+00
 0.109425172239945E+00
 0.108625758520513E+00
 0.107791870181914E+00
 0.106999743675304E+00
 0.106166310118246E+00
 0.105381100633865E+00
 0.104318586411504E+00
 0.102982662592111E+00
 0.101378270398312E+00
 0.995113788230656E-01
 0.973889673515873E-01
 0.951614860127964E-01
 0.930077405448430E-01
 0.909210311852761E-01
 0.889017795480239E-01
 0.869506143648676E-01
 0.850635695287968E-01
 0.832248076747159E-01
 0.814393156993925E-01
 0.797094837514056E-01
 0.780351111220066E-01
 0.764141156219017E-01
 0.748425603908689E-01
 0.733153968154817E-01
 0.718262220753976E-01
 0.703681281954472E-01
 0.689336046778482E-01
 0.675597818481270E-01
 0.662414503099466E-01
 0.649352702008434E-01
 0.636330711356579E-01
 0.624079111192947E-01
 0.612153726331389E-01
 0.600138941823132E-01
 0.588634107793628E-01
 0.577658573916428E-01
 0.566470742026553E-01
 0.555918713157304E-01
 0.545698349537989E-01
 0.534988413702212E-01
 0.525478496529270E-01
 0.522942040774444E-01
 0.520913112133434E-01
 0.518453821301688E-01
 0.516009535566285E-01
 0.513609432073971E-01
 0.511635934623537E-01
 0.509322076702708E-01
 0.506792362693126E-01
 0.504640178611094E-01
 0.502600723235728E-01
 0.500448903094887E-01
 0.497965946553875E-01
 0.495972795226185E-01
 0.493794918462897E-01
 0.491818032001293E-01
 0.489103065933330E-01
 0.487223806460302E-01
 0.483311525163272E-01
 0.477446762484734E-01
 0.469719234282164E-01
 0.460643393944212E-01
 0.451715889667665E-01
 0.461562089008305E-01
 0.501143058964409E-01
 0.541892406218578E-01
 0.583684204233913E-01
 0.628203132578729E-01
 0.674020711834914E-01
 0.720646203748940E-01
 0.767924924824898E-01
 0.815698212310424E-01
 0.863803794550260E-01
 0.912329088550687E-01
 0.963349046809042E-01
 0.101435994610560E+00
 0.106517810346324E+00
 0.111561701691783E+00
 0.116548849386139E+00
 0.121460405439726E+00
 0.126467250681338E+00
 0.131505405327991E+00
 0.136426057831070E+00
 0.141210176254466E+00
 0.145839000152392E+00
 0.150294057836216E+00
 0.154767058891534E+00
 0.159201111146229E+00
 0.163419135338346E+00
 0.167403240535534E+00
 0.171720467943090E+00
 0.175842782445276E+00
 0.179697180968855E+00
 0.183266623986601E+00
 0.186625438377701E+00
 0.190030334229025E+00
 0.193113058347629E+00
 0.195858793240265E+00
 0.198253809742524E+00
 0.200665361629098E+00
 0.202823020305946E+00
 0.204601043914214E+00
 0.205988759772010E+00
 0.207458022402053E+00
 0.208580314756163E+00
 0.209291191638031E+00
 0.209865340670875E+00
 0.210312454757995E+00
 0.210332954616039E+00
 0.210199839300725E+00
 0.209969733649239E+00
 0.209303521760264E+00
 0.208654180791272E+00
 0.207759309999471E+00
 0.206537694718908E+00
 0.205442630854300E+00
 0.203907544248251E+00
 0.202494941964976E+00
 0.200790603566630E+00
 0.199043552233671E+00
 0.197200016672407E+00
 0.195200036939283E+00
 0.193246564839010E+00
 0.191060816630390E+00
 0.189025176591016E+00
 0.186828951160607E+00
 0.184787504330253E+00
 0.183019729304779E+00
 0.180886480930116E+00
 0.178997210719302E+00
 0.176829218035461E+00
 0.174255887855543E+00
 0.171954313489026E+00
 0.169434830315718E+00
 0.167327271069470E+00
 0.165021005534189E+00
 0.162946674348701E+00
 0.160806320297977E+00
 0.158762608895181E+00
 0.156823133868673E+00
 0.154813637438122E+00
 0.152990857816214E+00
 0.151013349441900E+00
 0.149383632700985E+00
 0.147445304962533E+00
 0.145885356801840E+00
 0.143975445894864E+00
 0.141717560989714E+00
 0.139114978463079E+00
 0.136172251779225E+00
 0.132895187409665E+00
 0.129351224428427E+00
 0.125892010282382E+00
 0.122564700249679E+00
 0.119365163720239E+00
 0.116268120125479E+00
 0.113315144959649E+00
 0.110460236269259E+00
 0.107696595170897E+00
 0.108087041267491E+00
 0.110694820042925E+00
 0.113350325206619E+00
 0.115725064481347E+00
 0.117819612764460E+00
 0.119965564673833E+00
 0.121730607897995E+00
 0.123459807958894E+00
 0.125002662564588E+00
 0.126259321701557E+00
 0.127594214328707E+00
 0.128549474093119E+00
 0.129563777370468E+00
 0.130328674539333E+00
 0.130969771004635E+00
 0.131563542038335E+00
 0.131870170717919E+00
 0.132312799591288E+00
 0.132389661293313E+00
 0.132631202750742E+00
 0.132580832091051E+00
 0.132569495909561E+00
 0.132411669626027E+00
 0.132174147075702E+00
 0.132038055784715E+00
 0.132069594937497E+00
 0.131752663662809E+00
 0.131511363767473E+00
 0.131127153950768E+00
 0.130408272860197E+00
 0.129796557200337E+00
 0.129061557425209E+00
 0.128423583094044E+00
 0.127673906568500E+00
 0.127111094771347E+00
 0.126350575917549E+00
 0.125749571663616E+00
 0.124980096934327E+00
 0.124463080679152E+00
 0.123686822992147E+00
 0.123123333642763E+00
 0.122348678392418E+00
 0.121865248851169E+00
 0.121081378925115E+00
 0.120556459648099E+00
 0.119773044033313E+00
 0.118702535911674E+00
 0.117354787517828E+00
 0.115740529807621E+00
 0.113871330236192E+00
 0.111759541925560E+00
 0.109467196659861E+00
 0.107217493928816E+00
 0.105032992125630E+00
 0.102907813919431E+00
 0.100845020425589E+00
 0.988285877158166E-01
 0.968882294577340E-01
 0.949918832432935E-01
 0.931420661767080E-01
 0.913392736493232E-01
 0.895818657395442E-01
 0.878668402178086E-01
 0.861902217205067E-01
 0.845466009609947E-01
 0.829375288366239E-01
 0.814060117988142E-01
 0.799015137388556E-01
 0.784167854256084E-01
 0.769445770707332E-01
 0.755470054133783E-01
 0.741874939638925E-01
 0.728305939574847E-01
 0.714982925367141E-01
 0.702522929571065E-01
 0.689980330864956E-01
 0.677544843289332E-01
 0.666067326876441E-01
 0.654398616321488E-01
 0.643031140490035E-01
 0.630342996834654E-01
 0.616405407484847E-01
 0.601293094250362E-01
 0.585083878593007E-01
 0.567858301987160E-01
 0.549699282276205E-01
 0.530691801967013E-01
 0.510922602741549E-01
 0.490479851236784E-01
 0.469452751097156E-01
 0.447931100054183E-01
 0.426004816137892E-01
 0.403763472526861E-01
 0.381295878911493E-01
 0.392560204770087E-01
 0.423643478022391E-01
 0.455285993598923E-01
 0.487379014332016E-01
 0.519809094600628E-01
 0.552458606585164E-01
 0.585301160238647E-01
 0.619907216733048E-01
 0.654481201605642E-01
 0.688889129546631E-01
 0.722995102322821E-01
 0.756661669761006E-01
 0.789750229584501E-01
 0.824206775881477E-01
 0.858069141612798E-01
 0.891039185140050E-01
 0.922971663200860E-01
 0.953723184996287E-01
 0.983935241890365E-01
 0.101455558507311E+00
 0.104367836836872E+00
 0.107285341733242E+00
 0.110308177674044E+00
 0.113155301264117E+00
 0.115812574433596E+00
 0.118266429105760E+00
 0.120646768957890E+00
 0.122980179189808E+00
 0.125081128721705E+00
 0.126937638309733E+00
 0.128652044319961E+00
 0.130346554247189E+00
 0.131772356742430E+00
 0.132919630076509E+00
 0.134055782563767E+00
 0.135016416287375E+00
 0.135679989583298E+00
 0.136254882065541E+00
 0.136730699598510E+00
 0.136895420131932E+00
 0.137032216341357E+00
 0.137016741731168E+00
 0.136684515831812E+00
 0.136505894649671E+00
 0.136004119277247E+00
 0.135460961643706E+00
 0.134813948645234E+00
 0.133973909289988E+00
 0.133202430695098E+00
 0.132126927326979E+00
 0.131251860502005E+00
 0.130053350996796E+00
 0.129034643555411E+00
 0.127755786578477E+00
 0.126613934729544E+00
 0.125319655340272E+00
 0.124240537617609E+00
 0.123006418071771E+00
 0.121904725160101E+00
 0.120694312042226E+00
 0.119562901598365E+00
 0.118126956503875E+00
 0.116561912433573E+00
 0.115147686907578E+00
 0.113740880727016E+00
 0.112346601808524E+00
 0.111026174928514E+00
 0.109655153711072E+00
 0.108462805424848E+00
 0.107112497984914E+00
 0.106001009835173E+00
 0.104694371755414E+00
 0.103660050588842E+00
 0.102436004898860E+00
 0.101421508768960E+00
 0.100271400365552E+00
 0.992738249662249E-01
 0.980155304135408E-01
 0.964967533563349E-01
 0.947187904870675E-01
 0.926840117760161E-01
 0.903970434394807E-01
 0.880581061782026E-01
 0.858072423907605E-01
 0.836407751674797E-01
 0.815455334187683E-01
 0.795405079620521E-01
 0.775884433447107E-01
 0.757120178962462E-01
 0.739150998016398E-01
 0.736903081208648E-01
 0.747279396001878E-01
 0.757968315094348E-01
 0.765749855058390E-01
 0.774670872485299E-01
 0.780121544390247E-01
 0.787449343925946E-01
 0.790973478628769E-01
 0.796739269612380E-01
 0.798863766065476E-01
 0.802943816180109E-01
 0.803876038283909E-01
 0.806434614404989E-01
 0.806378620720690E-01
 0.807546384912823E-01
 0.806698935125133E-01
 0.806574523721453E-01
 0.805579203158459E-01
 0.807336760088521E-01
 0.805455643278003E-01
 0.805367953663400E-01
 0.803071847515240E-01
 0.798518943104637E-01
 0.796268872580412E-01
 0.791390598546878E-01
 0.789177677471137E-01
 0.784459338200631E-01
 0.782317155122857E-01
 0.777182663148066E-01
 0.775099785247624E-01
 0.770261565181223E-01
 0.768267107901395E-01
 0.762992989967285E-01
 0.777856428368796E-01
 0.809511231707449E-01
 0.838847878685343E-01
 0.865764758739393E-01
 0.891832125202931E-01
 0.917539488511125E-01
 0.940554681196835E-01
 0.964688982622365E-01
 0.988595889389946E-01
 0.100955799474272E+00
 0.102885425856093E+00
 0.104799526542032E+00
 0.106399321089019E+00
 0.107757064494134E+00
 0.109158984766047E+00
 0.110232540006636E+00
 0.111100935658704E+00
 0.111973112057429E+00
 0.112508587628662E+00
 0.112987650435912E+00
 0.113328333396672E+00
 0.113364338914054E+00
 0.113526455755312E+00
 0.113347092344230E+00
 0.113192191997311E+00
 0.112852313875788E+00
 0.112409253990253E+00
 0.111929564248554E+00
 0.111254391375192E+00
 0.110655860965459E+00
 0.109796735635537E+00
 0.109100126285815E+00
 0.108096501534110E+00
 0.107321951567089E+00
 0.106221044375877E+00
 0.105372158465022E+00
 0.104216465035938E+00
 0.103294071733938E+00
 0.102474472517844E+00
 0.101571548002816E+00
 0.100528155315459E+00
 0.995991557377721E-01
 0.983603287185371E-01
 0.972237609981877E-01
 0.960113995708902E-01
 0.949178741075631E-01
 0.937295125493170E-01
 0.927836557078880E-01
 0.916219041210166E-01
 0.906862244558593E-01
 0.895863668437100E-01
 0.887611616127195E-01
 0.876504304952881E-01
 0.868451473447734E-01
 0.858826951533497E-01
 0.851000091039179E-01
 0.841048776322034E-01
 0.833442737058948E-01
 0.823108876164576E-01
 0.810112831174603E-01
 0.794531183237172E-01
 0.776451106741228E-01
 0.756996575989273E-01
 0.738135464141791E-01
 0.720000446536726E-01
 0.702623643789663E-01
 0.685629964072916E-01
 0.669482345225132E-01
 0.653765336108151E-01
 0.638522887367330E-01
 0.623776248918209E-01
 0.609521079971530E-01
 0.595733358214760E-01
 0.582374809817044E-01
 0.569393577865942E-01
 0.556726528732787E-01
 0.544306409782762E-01
 0.532354669045272E-01
 0.521025414359075E-01
 0.509843179912859E-01
 0.498729284692524E-01
 0.488011686952418E-01
 0.477956734046224E-01
 0.468975431892876E-01
 0.497901380892224E-01
 0.525999142931289E-01
 0.553124179251002E-01
 0.580691442180802E-01
 0.608298267504852E-01
 0.634572907790876E-01
 0.659376326305790E-01
 0.683255274698059E-01
 0.707737952697972E-01
 0.730408457024341E-01
 0.751141571029173E-01
 0.770495627988013E-01
 0.790240665636738E-01
 0.807747152035656E-01
 0.824941752107585E-01
 0.843031562599988E-01
 0.858626355891305E-01
 0.871627559778614E-01
 0.885480743978478E-01
 0.896760916838742E-01
 0.905218163605270E-01
 0.914214379198600E-01
 0.920821344366543E-01
 0.924715422067915E-01
 0.929538152911770E-01
 0.931275021867730E-01
 0.932205910844750E-01
 0.932203916749522E-01
 0.929670977611149E-01
 0.928090113494680E-01
 0.923290471133640E-01
 0.919775721465297E-01
 0.913558999948145E-01
 0.908047660753433E-01
 0.900619868034751E-01
 0.893600733397242E-01
 0.885166966628464E-01
 0.877051618870945E-01
 0.867816072024173E-01
 0.858924679555112E-01
 0.849081405123917E-01
 0.839659448210678E-01
 0.829870492347440E-01
 0.820766815028428E-01
 0.810606982656955E-01
 0.802617137519601E-01
 0.792084004477681E-01
 0.784341930563674E-01
 0.773555786766763E-01
 0.762131477182676E-01
 0.751693718021766E-01
 0.741147250605770E-01
 0.731017052319816E-01
 0.721357844322659E-01
 0.711567312242696E-01
 0.702422947919981E-01
 0.692931411502628E-01
 0.684737621128403E-01
 0.675573962149175E-01
 0.667547893765481E-01
 0.658676990414342E-01
 0.655611591979488E-01
 0.683936215118612E-01
 0.712996461514235E-01
 0.740006075758048E-01
 0.768525674646033E-01
 0.795943724707256E-01
 0.820682172837792E-01
 0.844690759020287E-01
 0.867787061953734E-01
 0.888002391830923E-01
 0.907591243857340E-01
 0.925963244969391E-01
 0.941304057166282E-01
 0.956870955196081E-01
 0.970288026738550E-01
 0.981175151657928E-01
 0.992734566182304E-01
 0.100111534482386E+00
 0.100921753256211E+00
 0.101581467404830E+00
 0.102033780951591E+00
 0.102529893789783E+00
 0.102704615854790E+00
 0.103018531746926E+00
 0.103046402027151E+00
 0.103106680222189E+00
 0.103006040938331E+00
 0.102849093880947E+00
 0.102638461703530E+00
 0.102295877946097E+00
 0.101993394403581E+00
 0.101491355680028E+00
 0.101114435924772E+00
 0.100476259321789E+00
 0.100075108244686E+00
 0.997180646216947E-01
 0.992393441548136E-01
 0.986713840315489E-01
 0.981501938949286E-01
 0.973339847610486E-01
 0.965478029073311E-01
 0.957374153771597E-01
 0.949650964283807E-01
 0.941590844131630E-01
 0.934672523292584E-01
 0.926696603943486E-01
 0.919670186876698E-01
 0.911765296968282E-01
 0.905673964832564E-01
 0.897871010436492E-01
 0.891436171352970E-01
 0.883728782230236E-01
 0.878338397460921E-01
 0.870743723678564E-01
 0.864821162130784E-01
 0.857344324102679E-01
 0.847331827005244E-01
 0.834839782479729E-01
 0.819933853130588E-01
 0.802688831207663E-01
 0.784455501005726E-01
 0.766822807592077E-01
 0.749742915024407E-01
 0.733267312983294E-01
 0.717258943504472E-01
 0.701859890216939E-01
 0.686840871818942E-01
 0.672243909390505E-01
 0.658087578494989E-01
 0.644365756636752E-01
 0.631057548028541E-01
 0.618126348335990E-01
 0.605522341642256E-01
 0.593188333677434E-01
 0.581061736513357E-01
 0.569292551907084E-01
 0.558146512925759E-01
 0.547115972841920E-01
 0.536128909125835E-01
 0.525475511654838E-01
 0.525256212455641E-01
 0.526278458100370E-01
 0.526465294462774E-01
 0.526329384173126E-01
 0.526045086056438E-01
 0.524900612882834E-01
 0.524210380129663E-01
 0.522494211422289E-01
 0.521151971775027E-01
 0.519111944278290E-01
 0.517038274522366E-01
 0.515851005228325E-01
 0.514286760518656E-01
 0.511747432847084E-01
 0.509694639876793E-01
 0.524020115571095E-01
 0.544035817717315E-01
 0.566357110455964E-01
 0.590224670345195E-01
 0.615610611470134E-01
 0.642477538851290E-01
 0.670778794622592E-01
 0.700458762054462E-01
 0.731453133793542E-01
 0.763689043384321E-01
 0.797085027771495E-01
 0.831550902689293E-01
 0.866987717480445E-01
 0.903287948003436E-01
 0.940335985770715E-01
 0.978008852920723E-01
 0.101617699697340E+00
 0.105586881867225E+00
 0.109602674937359E+00
 0.113642435238512E+00
 0.117690989416849E+00
 0.121732717286724E+00
 0.125751598039763E+00
 0.129731258708027E+00
 0.133655031582826E+00
 0.137506024326412E+00
 0.141331189312134E+00
 0.145228730902328E+00
 0.149017527165403E+00
 0.152679913187406E+00
 0.156215247173990E+00
 0.160021792335545E+00
 0.163673701844893E+00
 0.167152631953266E+00
 0.170440516446744E+00
 0.173519649212908E+00
 0.176436455080109E+00
 0.179397498208427E+00
 0.182112913175849E+00
 0.184565963303507E+00
 0.186740590351839E+00
 0.188678985140475E+00
 0.190663974240444E+00
 0.192338605029928E+00
 0.193688734076825E+00
 0.194701188949109E+00
 0.195809067676855E+00
 0.196586276301394E+00
 0.197001276240669E+00
 0.197247320878136E+00
 0.197426838191999E+00
 0.197224610628313E+00
 0.196796249219948E+00
 0.196368924784458E+00
 0.195545429299736E+00
 0.194633249320812E+00
 0.193603712286585E+00
 0.192168479765181E+00
 0.190956681550081E+00
 0.189341013591433E+00
 0.187741333959191E+00
 0.185974189369068E+00
 0.184080202013667E+00
 0.182190201626856E+00
 0.180081514034120E+00
 0.178096385423713E+00
 0.175838232920712E+00
 0.173784223912143E+00
 0.171580354594492E+00
 0.169533643041158E+00
 0.167657424771382E+00
 0.165527585618712E+00
 0.163632470939304E+00
 0.161478535658277E+00
 0.158943405817710E+00
 0.156668070896102E+00
 0.154220835464379E+00
 0.152137868454447E+00
 0.149872304090574E+00
 0.147827028794124E+00
 0.145762917145663E+00
 0.143752338924761E+00
 0.141848903889837E+00
 0.139876469912002E+00
 0.138132199722649E+00
 0.136194609952991E+00
 0.134597031652813E+00
 0.132764098231541E+00
 0.131221343636972E+00
 0.129356709400031E+00
 0.127168428454663E+00
 0.124655918406758E+00
 0.121819790741196E+00
 0.118661858892354E+00
 0.115355408140075E+00
 0.119353268426139E+00
 0.124322416487832E+00
 0.128913380867195E+00
 0.133152564964408E+00
 0.137529338533386E+00
 0.141498054436887E+00
 0.145050687337830E+00
 0.148737491352166E+00
 0.152022695437115E+00
 0.154870966246960E+00
 0.157866798685738E+00
 0.160431192486306E+00
 0.162635758885609E+00
 0.164921822552891E+00
 0.166749701588991E+00
 0.168418615589959E+00
 0.169975038094304E+00
 0.171068987621789E+00
 0.172308647983460E+00
 0.173147918511144E+00
 0.173840651962338E+00
 0.174448348530689E+00
 0.174660860185102E+00
 0.175061737087437E+00
 0.175004828943793E+00
 0.175074003766799E+00
 0.174839344174228E+00
 0.174564750332407E+00
 0.174178675472047E+00
 0.173606861102325E+00
 0.173095166781579E+00
 0.172266061772573E+00
 0.171668440052792E+00
 0.171356564916214E+00
 0.170663544481449E+00
 0.169928638507070E+00
 0.169160816966731E+00
 0.167972549816689E+00
 0.166755029574787E+00
 0.165557162558686E+00
 0.164368899347521E+00
 0.163162688045211E+00
 0.162084919658273E+00
 0.160874931499732E+00
 0.159806628230104E+00
 0.158594211223974E+00
 0.157640727498036E+00
 0.156428980093529E+00
 0.155467036710181E+00
 0.154257956341763E+00
 0.153411749336502E+00
 0.152206670113276E+00
 0.151339937820819E+00
 0.150141965975081E+00
 0.148583697074451E+00
 0.146673571527705E+00
 0.144421196620884E+00
 0.141837297232784E+00
 0.138933664094856E+00
 0.135874541644780E+00
 0.132902538986205E+00
 0.130022475624690E+00
 0.127241018380606E+00
 0.124531171895837E+00
 0.121917711003528E+00
 0.119366511806274E+00
 0.116884143290892E+00
 0.114473677818980E+00
 0.112135425205098E+00
 0.109866998484655E+00
 0.107664067151021E+00
 0.105520581309859E+00
 0.103429115615951E+00
 0.101381462320996E+00
 0.993686196125648E-01
 0.974362774056134E-01
 0.955786889611834E-01
 0.937430124038356E-01
 0.919193050654164E-01
 0.901848099441353E-01
 0.885105419718558E-01
 0.868327446160494E-01
 0.852002339312487E-01
 0.836656485761472E-01
 0.821119164543188E-01
 0.806077109829421E-01
 0.791879852090282E-01
 0.776675229202178E-01
 0.759755619138268E-01
 0.741190176770395E-01
 0.721053252793951E-01
 0.699424182366096E-01
 0.676387031733908E-01
 0.652030275437153E-01
 0.626446397710093E-01
 0.599731434387287E-01
 0.571984488907903E-01
 0.543307262033809E-01
 0.519175741656275E-01
 0.517603110170013E-01
 0.515869069332582E-01
 0.514280974653535E-01
 0.512287002535231E-01
 0.510819631816379E-01
 0.508925649238632E-01
 0.507464257248145E-01
 0.505044933170041E-01
 0.503673590072498E-01
 0.500296666197492E-01
 0.495020255618888E-01
 0.487957822397174E-01
 0.479337842601112E-01
 0.470564462239379E-01
 0.463142005083095E-01
 0.493967662881356E-01
 0.525354380622948E-01
 0.557180339707850E-01
 0.589320602925482E-01
 0.622649362074659E-01
 0.656811574043037E-01
 0.691031173204042E-01
 0.725168171127562E-01
 0.759081040823926E-01
 0.792627478557483E-01
 0.825665238210600E-01
 0.859992542129593E-01
 0.893874466092263E-01
 0.926933745131001E-01
 0.959025762630931E-01
 0.990009239622898E-01
 0.101974693219404E+00
 0.105050078026655E+00
 0.108001477291389E+00
 0.110797873954321E+00
 0.113719849770533E+00
 0.116610432175912E+00
 0.119321197198947E+00
 0.121839350889139E+00
 0.124152833430011E+00
 0.126470233362064E+00
 0.128660026635351E+00
 0.130619219433669E+00
 0.132337790972712E+00
 0.133937419493620E+00
 0.135495458293477E+00
 0.136792384210335E+00
 0.137820707306492E+00
 0.138797190757662E+00
 0.139645047793191E+00
 0.140209841906788E+00
 0.140589285382463E+00
 0.140974738324003E+00
 0.141067214356057E+00
 0.140976107507236E+00
 0.140898265590763E+00
 0.140521759457597E+00
 0.140087726135491E+00
 0.139556150686422E+00
 0.138737693366380E+00
 0.138070148204739E+00
 0.137102749190280E+00
 0.136158604842372E+00
 0.135076480105963E+00
 0.133906489095139E+00
 0.132729809746422E+00
 0.131387099610220E+00
 0.130134778288762E+00
 0.128661460926094E+00
 0.127351379348254E+00
 0.125910459448507E+00
 0.124584574718103E+00
 0.123338078760450E+00
 0.121955403923251E+00
 0.120674592802166E+00
 0.119262598740398E+00
 0.117575781302699E+00
 0.116020411233412E+00
 0.114360733823446E+00
 0.112945790839105E+00
 0.111377100811242E+00
 0.110027316811497E+00
 0.108574276180988E+00
 0.107243047467834E+00
 0.105917714262980E+00
 0.104610063978684E+00
 0.103365025222190E+00
 0.102076910232453E+00
 0.100958279093937E+00
 0.996938857666995E-01
 0.986239836110328E-01
 0.973800891846249E-01
 0.958989341134363E-01
 0.941839710425369E-01
 0.922396718239729E-01
 0.900715077553274E-01
 0.876962223275054E-01
 0.853321167171512E-01
 0.830623817707756E-01
 0.808740248493163E-01
 0.787854110218811E-01
 0.767511751420928E-01
 0.748193046558034E-01
 0.729473218727733E-01
 0.711380713249195E-01
 0.693924727425903E-01
 0.677094983485690E-01
 0.660864018521446E-01
 0.645191985408303E-01
 0.630025649551996E-01
 0.615302556658348E-01
 0.600952204762522E-01
 0.587164196295194E-01
 0.574057448528380E-01
 0.561201279026405E-01
 0.548513919743225E-01
 0.536240831839466E-01
 0.524689765934336E-01
 0.513170229834560E-01
 0.501678817057302E-01
 0.491217897952144E-01
 0.480667130874542E-01
 0.470122444509595E-01
 0.460551837648268E-01
 0.449934148967933E-01
 0.438146601957104E-01
 0.425223811922784E-01
 0.426838794035053E-01
 0.428429223067728E-01
 0.430270531356561E-01
 0.431526391403095E-01
 0.432994763022335E-01
 0.433880505935098E-01
 0.435081240038760E-01
 0.435518137346179E-01
 0.436546454113418E-01
 0.436444852146568E-01
 0.437390275856021E-01
 0.436667311580064E-01
 0.437613820053502E-01
 0.436354853756419E-01
 0.432940457059322E-01
 0.427430295277168E-01
 0.420415156755275E-01
 0.416927155084193E-01
 0.413781272950958E-01
 0.409316325560361E-01
 0.408868271125810E-01
 0.406251779467038E-01
 0.404464060347071E-01
 0.400819681786339E-01
 0.397719410869859E-01
 0.393135122725019E-01
 0.388807904914108E-01
 0.383395730509521E-01
 0.378008243776493E-01
 0.371912852244486E-01
 0.365669864391794E-01
 0.359056469722513E-01
 0.352257106866760E-01
 0.345304640953782E-01
 0.338297289231665E-01
 0.331193349912631E-01
 0.324975598847776E-01
 0.318553731542441E-01
 0.312809595933024E-01
 0.306309867213952E-01
 0.301009260540384E-01
 0.301616923558864E-01
 0.314735657800811E-01
 0.327654058756471E-01
 0.339829553850657E-01
 0.350614759724073E-01
 0.362208332324944E-01
 0.372425667296898E-01
 0.381017444772403E-01
 0.387905873644731E-01
 0.393851662135385E-01
 0.399774390632958E-01
 0.405749873578739E-01
 0.410467658617798E-01
 0.413230386008050E-01
 0.416080912483244E-01
 0.418360472603790E-01
 0.421218745340172E-01
 0.422024190142712E-01
 0.423067339668354E-01
 0.423176065004828E-01
 0.424322003744648E-01
 0.423342594110981E-01
 0.423823814332205E-01
 0.422343163099767E-01
 0.421925846592686E-01
 0.420665094099685E-01
 0.419746746282288E-01
 0.417102390132404E-01
 0.415828514738410E-01
 0.415243940388518E-01
 0.413285503372825E-01
 0.411907261195560E-01
 0.409733949343669E-01
 0.408241884872866E-01
 0.406281007186951E-01
 0.405281175299134E-01
 0.402157920595600E-01
 0.400889510767668E-01
 0.398739003146750E-01
 0.396747151543293E-01
 0.394035581748107E-01
 0.391743229557250E-01
 0.389121478402856E-01
 0.386243575493329E-01
 0.383143669204080E-01
 0.379853052109336E-01
 0.391338338786324E-01
 0.406234616085846E-01
 0.421440929048517E-01
 0.434852506552421E-01
 0.447382808222665E-01
 0.459823042734588E-01
 0.470315361054515E-01
 0.478829889203221E-01
 0.485349590433017E-01
 0.491172440352776E-01
 0.497005386821855E-01
 0.502797840323507E-01
 0.506531178671084E-01
 0.508228441731205E-01
 0.510637991227963E-01
 0.512177446525982E-01
 0.513557061773649E-01
 0.513154225756860E-01
 0.513703523865193E-01
 0.512412378567653E-01
 0.511797843954903E-01
 0.511153146402391E-01
 0.509891381459486E-01
 0.506814244531415E-01
 0.505395346410252E-01
 0.504620078131849E-01
 0.501854646607731E-01
 0.499987464693716E-01
 0.497395251298178E-01
 0.495312487858578E-01
 0.493203530493297E-01
 0.490737874369348E-01
 0.487233866295729E-01
 0.484365612150923E-01
 0.482606336735075E-01
 0.478931090533221E-01
 0.475728728460810E-01
 0.472351653586296E-01
 0.469466624726088E-01
 0.464807642720773E-01
 0.461503565620171E-01
 0.457705360998867E-01
 0.453819197361985E-01
 0.448680199909922E-01
 0.444430837324731E-01
 0.440598567938411E-01
 0.435948880798208E-01
 0.431359289196713E-01
 0.426495731340839E-01
 0.421995463383014E-01
 0.416864530783855E-01
 0.413061014983512E-01
 0.407809950676443E-01
 0.403783007099340E-01
 0.398612275143839E-01
 0.394737802276803E-01
 0.390189515272938E-01
 0.386347241713411E-01
 0.381652668534583E-01
 0.377916690957775E-01
 0.373927466526834E-01
 0.370101528613139E-01
 0.366310915088310E-01
 0.362582871166345E-01
 0.359172767109204E-01
 0.355430307576071E-01
 0.352297853151300E-01
 0.348635245360611E-01
 0.345887090359888E-01
 0.342236864806710E-01
 0.339546525991625E-01
 0.335985046310517E-01
 0.333739350528264E-01
 0.330155593775509E-01
 0.327766564529392E-01
 0.324600698757918E-01
 0.322371264416343E-01
 0.318931855880322E-01
 0.316743365236251E-01
 0.313826929300672E-01
 0.311621656941074E-01
 0.308456812519056E-01
 0.306293795447929E-01
 0.303587727276407E-01
 0.301416766726261E-01
 0.298464290372855E-01
 0.296339966695202E-01
 0.293828179199656E-01
 0.291700896107072E-01
 0.288988293874332E-01
 0.286910752188474E-01
 0.284511958824801E-01
 0.282440520820077E-01
 0.279952253221201E-01
 0.277933101449643E-01
 0.275618346599261E-01
 0.273615572651450E-01
 0.271025603826242E-01
 0.269088460759851E-01
 0.266030051058566E-01
 0.261889655881822E-01
 0.256712546266691E-01
 0.250548702916488E-01
 0.243451661814100E-01
 0.235477768553128E-01
 0.227702970817870E-01
 0.220888401110825E-01
 0.214742771473356E-01
 0.209077665529347E-01
 0.203868204694362E-01
 0.198966032866162E-01
 0.194303478682450E-01
 0.189867489246004E-01
 0.185647710325649E-01
 0.181618906661248E-01
 0.177746626968925E-01
 0.173998352073212E-01
 0.170341935582523E-01
 0.166737144691720E-01
 0.163392691609428E-01
 0.160139799189397E-01
 0.156885218218471E-01
 0.153598944302278E-01
 0.150677544152070E-01
 0.147697176040710E-01
 0.144626457413332E-01
 0.141905051775371E-01
 0.139124318067916E-01
 0.136250921442136E-01
 0.133756276754587E-01
 0.131103333975272E-01
 0.128557055050307E-01
 0.125493152388797E-01
 0.121938850815231E-01
 0.120674433020456E-01
 0.120315250424143E-01
 0.119543900253731E-01
 0.119160043367640E-01
 0.118345486162312E-01
 0.117925953500041E-01
 0.117083674012494E-01
 0.116630598723069E-01
 0.115755236057709E-01
 0.115286359635404E-01
 0.114381239153599E-01
 0.113902064275751E-01
 0.113012470761085E-01
 0.111731183268608E-01
 0.110090322633005E-01
 0.108121271481338E-01
 0.105854578957712E-01
 0.103435406424574E-01
 0.101065889281292E-01
 0.987681670024334E-02
 0.965681555022931E-02
 0.944322141700739E-02
 0.924218900821383E-02
 0.904858383730316E-02
 0.886263159430455E-02
 0.868513743056325E-02
 0.851767504175116E-02
 0.835661850106080E-02
 0.820157887269725E-02
 0.805203329793558E-02
 0.791001366565535E-02
 0.777313758079972E-02
 0.763965811134842E-02
 0.750891578776099E-02
 0.738005408284137E-02
 0.725510022175406E-02
 0.713693405020536E-02
 0.701894886827216E-02
 0.690127626521170E-02
 0.679051382018540E-02
 0.668404612311264E-02
 0.657600850932998E-02
 0.647287028052207E-02
 0.637618112383428E-02
 0.627800458068705E-02
 0.618505605564360E-02
 0.607613271955902E-02
 0.595277294667834E-02
 0.581651970911826E-02
 0.566893317511922E-02
 0.551159384253789E-02
 0.534608985352962E-02
 0.517398699584221E-02
 0.499678627597321E-02
 0.481587985352850E-02
 0.463251918166809E-02
 0.444780731421271E-02
 0.426271972243544E-02
 0.407814643706227E-02
 0.389493778665779E-02
 0.371393253360716E-02
 0.353595420053061E-02
 0.336177634626628E-02
 0.319207277084489E-02
 0.302737581112591E-02
 0.286806148602499E-02
 0.271436735922629E-02
 0.256643471758048E-02
 0.242435755172430E-02
 0.228821980352833E-02
 0.215810858367207E-02
 0.203410144389671E-02
 0.194717222747387E-02
 0.194794117626392E-02
 0.194876017703078E-02
 0.194958531479414E-02
 0.195034498647945E-02
 0.195097314769677E-02
 0.195143576752242E-02
 0.195174027846422E-02
 0.195192827832275E-02
 0.195205836997197E-02
 0.195218659621809E-02
 0.195234957215909E-02
 0.195255386369555E-02
 0.195277482619878E-02
 0.195296673354231E-02
 0.195308212450085E-02
 0.195309336932462E-02
 0.195300687714481E-02
 0.195286255494079E-02
 0.195271770588270E-02
 0.195262240694932E-02
 0.195259825902966E-02
 0.195263109444159E-02
 0.195268087099854E-02
 0.195270262910436E-02
 0.195266688539590E-02
 0.195256965692074E-02
 0.195242964808013E-02
 0.195227728376380E-02
 0.195214250440167E-02
 0.195204564752409E-02
 0.195199231952706E-02
 0.195197221658392E-02
 0.195196274067551E-02
 0.195193784547534E-02
 0.195187950014687E-02
 0.195178600359821E-02
 0.195167193532285E-02
 0.195155952605133E-02
 0.195146700918901E-02
 0.195140127747873E-02
 0.195135848177660E-02
 0.195133025016662E-02
 0.195130979264102E-02
 0.195129360150065E-02
 0.195127897951833E-02
 0.195126125349167E-02
 0.195123442522250E-02
 0.195119551979717E-02
 0.195114904660768E-02
 0.195110710777311E-02
 0.195108375927346E-02
 0.195108695061606E-02
 0.195111378085641E-02
 0.195115258372061E-02
 0.195119008424328E-02
 0.195121802170771E-02
 0.195123464228854E-02
 0.195124140924678E-02
 0.195123952186390E-02
 0.195123034042224E-02
 0.195121908871749E-02
 0.195121692455035E-02
 0.195123703392310E-02
 0.195128569465613E-02
 0.195135463899113E-02
 0.195142156340918E-02
 0.195146038536811E-02
 0.195145572089102E-02
 0.195141248500475E-02
 0.195135422309748E-02
 0.195131088723272E-02
 0.195130335247328E-02
 0.195133362344156E-02
 0.195138555783915E-02
 0.195143420476834E-02
 0.195145731745786E-02
 0.195144304425323E-02
 0.195139194606248E-02
 0.195131529800912E-02
 0.195123205425470E-02
 0.195116458848284E-02
 0.195113188937689E-02
 0.195114077762979E-02
 0.195117946625105E-02
 0.195121918655377E-02
 0.195122592898607E-02
 0.195117750413951E-02
 0.195107638335143E-02
 0.195095023492172E-02
 0.195083911821546E-02
 0.195077614793398E-02
 0.195077196674943E-02
 0.195081072710255E-02
 0.195085867496077E-02
 0.195088004792355E-02
 0.195085224260788E-02
 0.195077390039945E-02
 0.195066392173301E-02
 0.195055348619729E-02
 0.195047486274291E-02
 0.195045031308243E-02
 0.195048355919041E-02
 0.195055641684372E-02
 0.195063338915063E-02
 0.195067502091032E-02
 0.195065600218548E-02
 0.195057924953857E-02
 0.195047705496276E-02
 0.195039674827719E-02
 0.195037768116751E-02
 0.195043206720292E-02
 0.195053996852289E-02
 0.195066016547941E-02
 0.195074991339268E-02
 0.195078316219575E-02
 0.195075959519809E-02
 0.195070256055344E-02
 0.195064866184135E-02
 0.195063371549590E-02
 0.195067965228544E-02
 0.195078609561441E-02
 0.195092934951392E-02
 0.195106999953767E-02
 0.195116775844661E-02
 0.195119882206412E-02
 0.195116830642635E-02
 0.195111058678325E-02
 0.195107504542882E-02
 0.195110257297685E-02
 0.195120466283775E-02
 0.195135700306497E-02
 0.195151173423425E-02
 0.195162150528980E-02
 0.195166169632063E-02
 0.195163935219791E-02
 0.195158634717355E-02
 0.195154310975277E-02
 0.195154213263499E-02
 0.195159737013418E-02
 0.195170090482296E-02
 0.195182595077343E-02
 0.195193541355061E-02
 0.195199504156819E-02
 0.195198788883415E-02
 0.195192390939268E-02
 0.195183842481204E-02
 0.195177772591724E-02
 0.195177728112496E-02
 0.195184340825885E-02
 0.195194882782464E-02
 0.195204562864221E-02
 0.195208938371202E-02
 0.195206136380487E-02
 0.195197663925694E-02
 0.195187426188551E-02
 0.195179633572023E-02
 0.195176848518676E-02
 0.195179147479404E-02
 0.195184541388514E-02
 0.195190086346033E-02
 0.195192999429007E-02
 0.195191463126400E-02
 0.195185149907662E-02
 0.195175476138023E-02
 0.195165354172142E-02
 0.195158198966997E-02
 0.195156374490939E-02
 0.195159834495142E-02
 0.195165865167445E-02
 0.195170301335648E-02
 0.195169666403460E-02
 0.195163034348603E-02
 0.195152517185387E-02
 0.195142094623388E-02
 0.195135490386373E-02
 0.195134327250879E-02
 0.195137546984828E-02
 0.195142259588550E-02
 0.195145351176493E-02
 0.195144870520167E-02
 0.195140566796096E-02
 0.195133611199668E-02
 0.195125960859214E-02
 0.195119749877876E-02
 0.195116744962708E-02
 0.195117742597644E-02
 0.195122014493089E-02
 0.195127242790400E-02
 0.195130342568977E-02
 0.195129001305157E-02
 0.195123091985165E-02
 0.195114972661658E-02
 0.195108314945607E-02
 0.195106091007801E-02
 0.195108946111692E-02
 0.195114937493972E-02
 0.195120725671204E-02
 0.195123414359831E-02
 0.195121938589343E-02
 0.195117314774349E-02
 0.195111826048163E-02
 0.195107789586543E-02
 0.195106616748658E-02
 0.195108499653191E-02
 0.195112598464666E-02
 0.195117415037808E-02
 0.195121187806004E-02
 0.195122374521477E-02
 0.195120284324975E-02
 0.195115634538181E-02
 0.195110556657597E-02
 0.195107738414804E-02
