 0.195568287540727E-07
 0.310291423815688E-06
 0.154422644078554E-05
 0.476819828942705E-05
 0.113119696260926E-04
 0.226867042414706E-04
 0.404892835414144E-04
 0.663220486581494E-04
 0.101729982695815E-03
 0.148151132977393E-03
 0.206873428338066E-03
 0.278992508065056E-03
 0.365369461290731E-03
 0.466592056563349E-03
 0.582945699778804E-03
 0.714399662751679E-03
 0.860610356235671E-03
 0.102093827246642E-02
 0.120222658787934E-02
 0.139905071282291E-02
 0.161371797196940E-02
 0.184414147824738E-02
 0.209038395477312E-02
 0.235566881496146E-02
 0.263062619700923E-02
 0.291255964236099E-02
 0.319848038388124E-02
 0.349547966677752E-02
 0.380037348039656E-02
 0.410201382132320E-02
 0.439658017124496E-02
 0.468316617492797E-02
 0.497582965338026E-02
 0.525227529128978E-02
 0.550832200414765E-02
 0.574679239508312E-02
 0.599970045597835E-02
 0.623499521595730E-02
 0.643867638196190E-02
 0.663256562513548E-02
 0.684296355024802E-02
 0.701608501974145E-02
 0.720331492670751E-02
 0.738673705887950E-02
 0.755095963441496E-02
 0.774221703924740E-02
 0.790874963100050E-02
 0.809626537383657E-02
 0.826970553434628E-02
 0.845795330831302E-02
 0.865199002886503E-02
 0.884722954890436E-02
 0.905302723673642E-02
 0.925982863067538E-02
 0.947553467110788E-02
 0.968755389071555E-02
 0.991726103040210E-02
 0.101531677301372E-01
 0.103894957061208E-01
 0.106333656810373E-01
 0.108991399854423E-01
 0.111712017436358E-01
 0.114569560283912E-01
 0.117721952798410E-01
 0.121089578455086E-01
 0.124606769716640E-01
 0.128153779450713E-01
 0.131897314667443E-01
 0.135589551733996E-01
 0.138976620895031E-01
 0.142271567957106E-01
 0.145436969848965E-01
 0.148487544664677E-01
 0.151188288829738E-01
 0.153306534250761E-01
 0.155182776339792E-01
 0.156757591538486E-01
 0.157662960120231E-01
 0.158479132854827E-01
 0.162719491499421E-01
 0.167570266339292E-01
 0.172661652431122E-01
 0.177857734367057E-01
 0.182310725155683E-01
 0.187226218815558E-01
 0.192539718374282E-01
 0.197254058087937E-01
 0.202429584512681E-01
 0.207070538302962E-01
 0.212057642361905E-01
 0.217545783317301E-01
 0.222029368186135E-01
 0.227194607621549E-01
 0.232394017072714E-01
 0.237059151474519E-01
 0.241833025746254E-01
 0.246450977506486E-01
 0.251363158685352E-01
 0.255374527593489E-01
 0.259937136098826E-01
 0.264164720934326E-01
 0.268136161502741E-01
 0.272913196678150E-01
 0.277083822480945E-01
 0.281754759834182E-01
 0.286659459810468E-01
 0.291941563675398E-01
 0.297955830136615E-01
 0.303830244506067E-01
 0.311062695418249E-01
 0.318061675562663E-01
 0.325402812386342E-01
 0.333157045962120E-01
 0.340482284740822E-01
 0.346996295345817E-01
 0.353178917900489E-01
 0.358760528587119E-01
 0.364671605378543E-01
 0.369077466883464E-01
 0.373208684616133E-01
 0.376400054255912E-01
 0.377991444471363E-01
 0.379517783845429E-01
 0.379928863254710E-01
 0.378887136712448E-01
 0.380915031892431E-01
 0.384009448945482E-01
 0.385849783890749E-01
 0.386511313523392E-01
 0.387178196440905E-01
 0.386532704374415E-01
 0.384550493368814E-01
 0.382090295516072E-01
 0.379041847671199E-01
 0.377923174818131E-01
 0.380295094483013E-01
 0.383670975461131E-01
 0.385909888956034E-01
 0.388285612084859E-01
 0.390161539553985E-01
 0.392517250947439E-01
 0.394278058962752E-01
 0.395965105484575E-01
 0.396668007611095E-01
 0.397675353781440E-01
 0.398405804542289E-01
 0.398580889430982E-01
 0.398534366171389E-01
 0.398097242694549E-01
 0.396810020103239E-01
 0.395942884210511E-01
 0.394530588241705E-01
 0.393063200336084E-01
 0.391986764438512E-01
 0.390277444145789E-01
 0.389390456531460E-01
 0.388153034596673E-01
 0.387935874841224E-01
 0.387017950879193E-01
 0.387678908765443E-01
 0.387573315788048E-01
 0.404523725265386E-01
 0.423898203073733E-01
 0.442765070618563E-01
 0.461023980314938E-01
 0.478655701273183E-01
 0.495647507945832E-01
 0.512740281893387E-01
 0.529255490971939E-01
 0.545060704416219E-01
 0.560154656441122E-01
 0.574540200732622E-01
 0.588224946761505E-01
 0.601222016787476E-01
 0.613550668610555E-01
 0.626261393301535E-01
 0.639100115640885E-01
 0.651120202636564E-01
 0.662351046497245E-01
 0.672829362906426E-01
 0.682598299215280E-01
 0.691706292298415E-01
 0.700205994340207E-01
 0.708153483435332E-01
 0.715607821868952E-01
 0.722630891517518E-01
 0.729287364580467E-01
 0.735644659887959E-01
 0.741772767335511E-01
 0.747743872445189E-01
 0.754394105239524E-01
 0.762593080275028E-01
 0.771972825467637E-01
 0.781753041696943E-01
 0.791982030699117E-01
 0.802704858690305E-01
 0.813962997713455E-01
 0.825863809472519E-01
 0.839187312832030E-01
 0.853121784090868E-01
 0.867679836195199E-01
 0.882867140824357E-01
 0.898682342580580E-01
 0.915117231548118E-01
 0.932156956550742E-01
 0.949780077172423E-01
 0.967958365884420E-01
 0.986656420019495E-01
 0.100583125131447E+00
 0.102543203811493E+00
 0.104540015157287E+00
 0.106566944917385E+00
 0.108616673248030E+00
 0.110681223656755E+00
 0.112752005649185E+00
 0.114819848252066E+00
 0.116875026545387E+00
 0.118907284738102E+00
 0.120905858738176E+00
 0.122859501452823E+00
 0.124756516249907E+00
 0.126601419901091E+00
 0.128501511590231E+00
 0.130321520923940E+00
 0.132565688573626E+00
 0.134721236408255E+00
 0.136757219831259E+00
 0.138658963192974E+00
 0.140564464433221E+00
 0.142355239909526E+00
 0.143984118441410E+00
 0.145436226574919E+00
 0.146696855084855E+00
 0.147751548419230E+00
 0.148780428302547E+00
 0.149669678429258E+00
 0.150327174128823E+00
 0.150739398514046E+00
 0.150997748855874E+00
 0.151228261065721E+00
 0.151191134098442E+00
 0.150874504742242E+00
 0.150574364099153E+00
 0.150071448935198E+00
 0.149271017845865E+00
 0.148504094180487E+00
 0.147528603404494E+00
 0.146299731284213E+00
 0.145169139716074E+00
 0.143723978446357E+00
 0.142311289326752E+00
 0.140731336390773E+00
 0.139063461964734E+00
 0.137371899512179E+00
 0.135522829911982E+00
 0.133742586569649E+00
 0.131773703057037E+00
 0.129927183025796E+00
 0.127887929715968E+00
 0.125996242280716E+00
 0.123925856160657E+00
 0.122031374772593E+00
 0.120392911500510E+00
 0.118459440111228E+00
 0.116587278324435E+00
 0.114658420531785E+00
 0.112638397808467E+00
 0.110779569098426E+00
 0.109046572329726E+00
 0.107202316753741E+00
 0.105555509653861E+00
 0.103819403218387E+00
 0.102321317158206E+00
 0.100663601902898E+00
 0.992275749701240E-01
 0.977291350134559E-01
 0.963003209559318E-01
 0.948193887361685E-01
 0.934079650032833E-01
 0.919477587199519E-01
 0.936530874138468E-01
 0.982767590977729E-01
 0.102801623019476E+00
 0.107831403305441E+00
 0.112538440380771E+00
 0.117080607411164E+00
 0.121635512189372E+00
 0.125830129215906E+00
 0.129677548119039E+00
 0.133665656241467E+00
 0.137261859890142E+00
 0.140456510939449E+00
 0.143754008287292E+00
 0.146689358450879E+00
 0.149200284168876E+00
 0.151826886742935E+00
 0.154062794685289E+00
 0.155927534200800E+00
 0.157895083589830E+00
 0.159415229715385E+00
 0.160775821349593E+00
 0.162035176534571E+00
 0.162841359386553E+00
 0.163808235012303E+00
 0.164370629349122E+00
 0.164826044568946E+00
 0.165168191145241E+00
 0.165177948840546E+00
 0.165325026290180E+00
 0.165022379124756E+00
 0.164926971475814E+00
 0.164458973672690E+00
 0.164053118150522E+00
 0.163446531583230E+00
 0.162775504875303E+00
 0.162056167192310E+00
 0.161158655983942E+00
 0.160365086470441E+00
 0.159911859449359E+00
 0.159035543463787E+00
 0.158038623367080E+00
 0.157116949751293E+00
 0.155784581122788E+00
 0.154756162073963E+00
 0.153407900414281E+00
 0.152384825594492E+00
 0.151090665648346E+00
 0.150137060614817E+00
 0.148858282728519E+00
 0.147916424096097E+00
 0.146729186797336E+00
 0.145776258100217E+00
 0.144632795750142E+00
 0.143693961336385E+00
 0.142601409748386E+00
 0.141656462010427E+00
 0.140464509086289E+00
 0.139528320682385E+00
 0.138234174727772E+00
 0.136588129324894E+00
 0.134597537589003E+00
 0.132271034752429E+00
 0.129618507767188E+00
 0.126771205024045E+00
 0.123996020793159E+00
 0.121306111131881E+00
 0.118706971641750E+00
 0.116152334767740E+00
 0.113713603591235E+00
 0.111328776236784E+00
 0.109005144949018E+00
 0.106746436907688E+00
 0.104553257642104E+00
 0.102423646455242E+00
 0.100353415742496E+00
 0.983368244453379E-01
 0.963666633960385E-01
 0.944345571477379E-01
 0.925429101522304E-01
 0.907600763351573E-01
 0.890037561255380E-01
 0.872638173802264E-01
 0.855373197796721E-01
 0.839440360217432E-01
 0.823511005824438E-01
 0.807487771076470E-01
 0.792561561947787E-01
 0.777884155765365E-01
 0.762951154812981E-01
 0.749230526375208E-01
 0.735552996225966E-01
 0.721618981479349E-01
 0.705934163852203E-01
 0.688560366668393E-01
 0.669565688018307E-01
 0.649024259981217E-01
 0.627015863405233E-01
 0.611306625994073E-01
 0.609430402313895E-01
 0.606163775203931E-01
 0.604273604737019E-01
 0.600845703034332E-01
 0.599104408043333E-01
 0.595725604469878E-01
 0.593991026364105E-01
 0.590614600637112E-01
 0.589024904329676E-01
 0.585546940751825E-01
 0.583984890581382E-01
 0.579998966798172E-01
 0.578422180511259E-01
 0.574591682678687E-01
 0.568459501661354E-01
 0.560128376810691E-01
 0.549854393778043E-01
 0.539382237332510E-01
 0.529172982495148E-01
 0.519292861546543E-01
 0.509523633548452E-01
 0.500216909726715E-01
 0.491046176530627E-01
 0.530280232849866E-01
 0.571010584807128E-01
 0.614402422961073E-01
 0.658438539980684E-01
 0.702963246886957E-01
 0.747817961387160E-01
 0.792841804957499E-01
 0.837871982465015E-01
 0.885217616760541E-01
 0.932649723737825E-01
 0.979732010509870E-01
 0.102628692966708E+00
 0.107213706028756E+00
 0.111710623726136E+00
 0.116351761834242E+00
 0.120947203065118E+00
 0.125414641565561E+00
 0.129736598475071E+00
 0.133896018803114E+00
 0.137896415039709E+00
 0.142038047274860E+00
 0.145978352927170E+00
 0.149701097806058E+00
 0.153495651442496E+00
 0.157346704128457E+00
 0.160948659679163E+00
 0.164286242652524E+00
 0.167345077161377E+00
 0.170489771620401E+00
 0.173379475165512E+00
 0.175958457959432E+00
 0.178214842133936E+00
 0.180394440723994E+00
 0.182434918282282E+00
 0.184127696347140E+00
 0.185464055320535E+00
 0.186802000288348E+00
 0.187897884395528E+00
 0.188619831179009E+00
 0.189152927089380E+00
 0.189636461031343E+00
 0.189733854053924E+00
 0.189628438648260E+00
 0.189499601643057E+00
 0.188977713251698E+00
 0.188402919420470E+00
 0.187675156898346E+00
 0.186580076902482E+00
 0.185672004789202E+00
 0.184369540591463E+00
 0.183094382745157E+00
 0.181639373783013E+00
 0.180055612972979E+00
 0.178474454483661E+00
 0.176656743627758E+00
 0.174974971948061E+00
 0.172984356198992E+00
 0.171226853142304E+00
 0.169232673221666E+00
 0.167465400603771E+00
 0.165832709998187E+00
 0.163984091694022E+00
 0.162246515372914E+00
 0.160363379291062E+00
 0.158119262525274E+00
 0.155989488696896E+00
 0.153778715718401E+00
 0.151834385927281E+00
 0.149708867567678E+00
 0.147903357735178E+00
 0.145921908029096E+00
 0.144141414589957E+00
 0.142348753466683E+00
 0.140597423955802E+00
 0.138900893193162E+00
 0.137176128469401E+00
 0.135664770897628E+00
 0.133969471087927E+00
 0.132513291392318E+00
 0.130845942768045E+00
 0.128867407921587E+00
 0.126581899642245E+00
 0.123994774002209E+00
 0.121112494112177E+00
 0.117952120621731E+00
 0.114796377801728E+00
 0.111759766685100E+00
 0.108839242744119E+00
 0.106049045193649E+00
 0.103328644306799E+00
 0.100744036425283E+00
 0.982428158380717E-01
 0.958236198763630E-01
 0.934869184751687E-01
 0.912308045758290E-01
 0.890512260724366E-01
 0.869422315541040E-01
 0.848965614863363E-01
 0.829061230069084E-01
 0.829462432070255E-01
 0.842462772746139E-01
 0.852370141626902E-01
 0.863513624147927E-01
 0.871913792099674E-01
 0.880462967352309E-01
 0.887502960812593E-01
 0.893647838546334E-01
 0.899481049817852E-01
 0.903399057461551E-01
 0.908177597062545E-01
 0.910039010158277E-01
 0.913914008880607E-01
 0.914895202918234E-01
 0.916984878261890E-01
 0.919206666406544E-01
 0.921724553851821E-01
 0.921412343595072E-01
 0.922883057204638E-01
 0.922013055544326E-01
 0.918514831318349E-01
 0.917455169302984E-01
 0.913732021874260E-01
 0.912146401556098E-01
 0.908414226217203E-01
 0.907023994903140E-01
 0.903048572329238E-01
 0.901113677551788E-01
 0.897230128733961E-01
 0.895594799671626E-01
 0.891446813740509E-01
 0.889262207203660E-01
 0.885261095377597E-01
 0.883451941923535E-01
 0.879197893135321E-01
 0.876852226011651E-01
 0.872579129042670E-01
 0.865979852753844E-01
 0.857145243395800E-01
 0.846173410350791E-01
 0.833169797296460E-01
 0.818247092818932E-01
 0.802659661482380E-01
 0.787533179824956E-01
 0.772760987901531E-01
 0.758385177393096E-01
 0.744363519051965E-01
 0.730761133340344E-01
 0.717424686031281E-01
 0.704386043077494E-01
 0.691657576988847E-01
 0.679238063418483E-01
 0.667110729675529E-01
 0.655246763152322E-01
 0.643610722449289E-01
 0.632159587710984E-01
 0.620843216901330E-01
 0.610028756101180E-01
 0.599483818501442E-01
 0.589016834799439E-01
 0.578570644473718E-01
 0.568652993262389E-01
 0.558989710927003E-01
 0.549271189029791E-01
 0.539800412576755E-01
 0.530860262047569E-01
 0.521787286763462E-01
 0.512956099747646E-01
 0.504639803915124E-01
 0.496110422283721E-01
 0.488071988883347E-01
 0.478976759746000E-01
 0.468889009250815E-01
 0.457876010187972E-01
 0.446007789917290E-01
 0.433356833413765E-01
 0.419997727622308E-01
 0.406006749803809E-01
 0.391461401672638E-01
 0.376439904472293E-01
 0.361020709952203E-01
 0.345282113978905E-01
 0.329302026335817E-01
 0.313157846027791E-01
 0.296926295001417E-01
 0.325118908367604E-01
 0.360891302962908E-01
 0.397250953885898E-01
 0.433925597181712E-01
 0.470788254017979E-01
 0.508892588157279E-01
 0.548469114777531E-01
 0.587945221851930E-01
 0.627173893126122E-01
 0.666006354952206E-01
 0.705745538608031E-01
 0.746230838825088E-01
 0.785972463101604E-01
 0.824812803309695E-01
 0.862595134296311E-01
 0.900607231905369E-01
 0.938923899783611E-01
 0.975811546381696E-01
 0.101111161166695E+00
 0.104466947091377E+00
 0.107844322931550E+00
 0.111147792716988E+00
 0.114241329915588E+00
 0.117548440065554E+00
 0.120755734841572E+00
 0.123723281380345E+00
 0.126436680714506E+00
 0.129056213452819E+00
 0.131617046946752E+00
 0.133892132836160E+00
 0.135869180558169E+00
 0.137817103409929E+00
 0.139597046824439E+00
 0.141053315702978E+00
 0.142305459013367E+00
 0.143551031227743E+00
 0.144452187865767E+00
 0.145124205141755E+00
 0.145812849308393E+00
 0.146141474171400E+00
 0.146363479584995E+00
 0.146487858848858E+00
 0.146241613672990E+00
 0.146148686509780E+00
 0.145714503073960E+00
 0.145227997181809E+00
 0.144628629115903E+00
 0.143822630595546E+00
 0.143081512322924E+00
 0.142020648647058E+00
 0.141161098144545E+00
 0.139928115075948E+00
 0.138944889031327E+00
 0.137619971993403E+00
 0.136499949781798E+00
 0.135105961762005E+00
 0.134041805518481E+00
 0.132842559190942E+00
 0.131723329283942E+00
 0.130471734026536E+00
 0.129318687400509E+00
 0.127813649589608E+00
 0.126223876858526E+00
 0.124742785493935E+00
 0.123297686624124E+00
 0.121838925472382E+00
 0.120493090318312E+00
 0.119059807925882E+00
 0.117828387604098E+00
 0.116418373735719E+00
 0.115279913303947E+00
 0.113896325937709E+00
 0.112841894956382E+00
 0.111543937498152E+00
 0.110518905447244E+00
 0.109285037157241E+00
 0.108279005230281E+00
 0.106970784350109E+00
 0.105360940210512E+00
 0.103451164765190E+00
 0.101244292710502E+00
 0.987592841040749E-01
 0.962685633743303E-01
 0.938590438084117E-01
 0.915502595725280E-01
 0.893227978412587E-01
 0.912703873745414E-01
 0.932314136590977E-01
 0.950361227980031E-01
 0.967583735100944E-01
 0.981135169133288E-01
 0.996051674293063E-01
 0.100681991215699E+00
 0.101826661124709E+00
 0.102680839989829E+00
 0.103482605300486E+00
 0.104133105934875E+00
 0.104633040868589E+00
 0.105101015716408E+00
 0.105336607141126E+00
 0.105644378059191E+00
 0.105648668331592E+00
 0.105819090615392E+00
 0.105620489391153E+00
 0.105676262683775E+00
 0.105314099315970E+00
 0.105260569372759E+00
 0.104810237617190E+00
 0.104611216946241E+00
 0.104382589639411E+00
 0.104222101550943E+00
 0.103714142092299E+00
 0.103503673361761E+00
 0.102893990576933E+00
 0.102218282739897E+00
 0.101617047824743E+00
 0.100923606788145E+00
 0.100330048463264E+00
 0.996904127039423E-01
 0.991079033624682E-01
 0.984353247134541E-01
 0.978631253690770E-01
 0.972554002614000E-01
 0.966960242738359E-01
 0.960408618925058E-01
 0.954940745176057E-01
 0.949120005223825E-01
 0.943791611806708E-01
 0.937393893410700E-01
 0.932212158429804E-01
 0.946937718291796E-01
 0.977174830047228E-01
 0.100464851698420E+00
 0.103158898922692E+00
 0.106010257717007E+00
 0.108561203929105E+00
 0.110835623578759E+00
 0.113208609980241E+00
 0.115263863430846E+00
 0.116998998795532E+00
 0.118772105035827E+00
 0.120302764224865E+00
 0.121504190328926E+00
 0.122726368304480E+00
 0.123721477266240E+00
 0.124383802479727E+00
 0.125149976820920E+00
 0.125613766977565E+00
 0.125878638371051E+00
 0.126159566720222E+00
 0.126108859568074E+00
 0.126111949274649E+00
 0.125896846674057E+00
 0.125556845861466E+00
 0.125197109909957E+00
 0.124574139884341E+00
 0.124089788431261E+00
 0.123287505661550E+00
 0.122646638535176E+00
 0.121743196331443E+00
 0.120931111799099E+00
 0.119946141959799E+00
 0.118998556304415E+00
 0.117950706500440E+00
 0.116896744486177E+00
 0.116003268127244E+00
 0.115174233441756E+00
 0.114047228922508E+00
 0.113140622615933E+00
 0.111983387189046E+00
 0.110640039439206E+00
 0.109498148348162E+00
 0.108192664057923E+00
 0.107064677934953E+00
 0.105933320332504E+00
 0.104822006499380E+00
 0.103695652968635E+00
 0.102600369394397E+00
 0.101645820216768E+00
 0.100567857217000E+00
 0.995929096216911E-01
 0.985352751340433E-01
 0.977232195800125E-01
 0.966805924390593E-01
 0.958356351352694E-01
 0.948128224183542E-01
 0.935381721036066E-01
 0.920214761293267E-01
 0.902734290228903E-01
 0.883055644268880E-01
 0.861604145779993E-01
 0.840568746125601E-01
 0.820298449321554E-01
 0.800712048507316E-01
 0.781811131904686E-01
 0.763527977825944E-01
 0.745973986498666E-01
 0.728916701384011E-01
 0.712378442439288E-01
 0.696358807563868E-01
 0.680841977273000E-01
 0.665796916357775E-01
 0.651179225247549E-01
 0.636937717176472E-01
 0.623013016463821E-01
 0.609486079248061E-01
 0.596680222252845E-01
 0.584111087771672E-01
 0.581869781534777E-01
 0.599515304626181E-01
 0.617692426722597E-01
 0.635282563952546E-01
 0.651704219298310E-01
 0.666829689542724E-01
 0.680536869453942E-01
 0.694728817902181E-01
 0.707663775457306E-01
 0.719411069008676E-01
 0.732337758726029E-01
 0.743936374896537E-01
 0.753616573600692E-01
 0.761275032703995E-01
 0.769653245234803E-01
 0.775923818889686E-01
 0.779949711993549E-01
 0.783860015860261E-01
 0.786389416335509E-01
 0.786492796597045E-01
 0.786929703261268E-01
 0.785520740547982E-01
 0.782397033166442E-01
 0.779594652428958E-01
 0.774173204430715E-01
 0.769559181818351E-01
 0.762849845945995E-01
 0.756205910146304E-01
 0.748382626503787E-01
 0.740259910888154E-01
 0.731503417808875E-01
 0.722369196112221E-01
 0.712859019764675E-01
 0.703091022993252E-01
 0.693003744239988E-01
 0.682891025248693E-01
 0.672531163424061E-01
 0.662867014751856E-01
 0.652558356751819E-01
 0.642734265569466E-01
 0.632179162892672E-01
 0.622928936108571E-01
 0.612583584000816E-01
 0.604216041743955E-01
 0.593311757772534E-01
 0.582479158701916E-01
 0.571971870917477E-01
 0.562211702305813E-01
 0.552054351833388E-01
 0.543043201992820E-01
 0.533266999199257E-01
 0.524958140878604E-01
 0.533524814163943E-01
 0.566442720809235E-01
 0.599292031425697E-01
 0.631950802211164E-01
 0.662663271130473E-01
 0.691785785726649E-01
 0.721696623935997E-01
 0.750393364572275E-01
 0.779769171759172E-01
 0.808312129318571E-01
 0.834382284987726E-01
 0.859045123298737E-01
 0.883628484355852E-01
 0.905516186443079E-01
 0.925490595401529E-01
 0.945659516849232E-01
 0.962956753796882E-01
 0.978586563221410E-01
 0.994048693422490E-01
 0.100651126856578E+00
 0.101837707604568E+00
 0.102899056268908E+00
 0.103652387624775E+00
 0.104535984479974E+00
 0.105111617761633E+00
 0.105623881501165E+00
 0.106036446715507E+00
 0.106224758676214E+00
 0.106490371039255E+00
 0.106443398225228E+00
 0.106534703165636E+00
 0.106359274238292E+00
 0.106226612003148E+00
 0.105941149018368E+00
 0.105617661953767E+00
 0.105240149840328E+00
 0.104753798155367E+00
 0.104301757160963E+00
 0.103732509615015E+00
 0.103256799479365E+00
 0.102872646106839E+00
 0.102317789615027E+00
 0.101790868117781E+00
 0.101193493973786E+00
 0.100308008886762E+00
 0.995115578521501E-01
 0.986307207721083E-01
 0.978709774147008E-01
 0.969935853818980E-01
 0.962955764159396E-01
 0.954257768681604E-01
 0.947432734224704E-01
 0.938795647319155E-01
 0.932687259532555E-01
 0.924147570363374E-01
 0.917979781206252E-01
 0.909956840765073E-01
 0.904165420748965E-01
 0.895947608177774E-01
 0.890220720071278E-01
 0.881983924281638E-01
 0.871275321627242E-01
 0.858142854905875E-01
 0.842644170570564E-01
 0.824846362434782E-01
 0.805944591434380E-01
 0.787619646003195E-01
 0.769894409047977E-01
 0.752839463322096E-01
 0.736216576810258E-01
 0.720268900668698E-01
 0.704720877270774E-01
 0.689616217490427E-01
 0.674973439393128E-01
 0.660790391640570E-01
 0.647046299606931E-01
 0.633706271264204E-01
 0.620721974292193E-01
 0.608038635417253E-01
 0.595590889249386E-01
 0.583378769633827E-01
 0.571939321273947E-01
 0.560645487292303E-01
 0.549419316015563E-01
 0.538343491268175E-01
 0.528090895768056E-01
 0.517794006770002E-01
 0.507382983187824E-01
 0.497913982731605E-01
 0.488391220145782E-01
 0.478650808418369E-01
 0.470002203369467E-01
 0.461097185045791E-01
 0.452286259525390E-01
 0.447135566372828E-01
 0.445311281879435E-01
 0.443164600329914E-01
 0.441377302232339E-01
 0.438905347820337E-01
 0.437138167951593E-01
 0.435125357814663E-01
 0.433405043616546E-01
 0.430960594736855E-01
 0.429345892838886E-01
 0.427314323596097E-01
 0.425679564704324E-01
 0.423350431272457E-01
 0.421820686390884E-01
 0.419718678819145E-01
 0.447768476386529E-01
 0.481255197485456E-01
 0.516348523209672E-01
 0.552965031753962E-01
 0.591012518577171E-01
 0.630389952332149E-01
 0.670987512480769E-01
 0.712686872227500E-01
 0.755361789004724E-01
 0.798878918289704E-01
 0.843098669276544E-01
 0.889760337992996E-01
 0.937059134919160E-01
 0.984784981910121E-01
 0.103277365988025E+00
 0.108085639797460E+00
 0.112886028935293E+00
 0.117660894317357E+00
 0.122416088438791E+00
 0.127359782417498E+00
 0.132239920421561E+00
 0.137037526529635E+00
 0.141733622690930E+00
 0.146309293869640E+00
 0.150745741613212E+00
 0.155127333174575E+00
 0.159571482058707E+00
 0.163834689975328E+00
 0.167898221124829E+00
 0.172041594939860E+00
 0.176255349111805E+00
 0.180235794085429E+00
 0.183964334638243E+00
 0.187423049241714E+00
 0.190782474520248E+00
 0.194083791184319E+00
 0.197076699124966E+00
 0.199745073614782E+00
 0.202073759626268E+00
 0.204434434909067E+00
 0.206530827308146E+00
 0.208256248119738E+00
 0.209598253262556E+00
 0.210980661332761E+00
 0.212059968154174E+00
 0.212731937960405E+00
 0.213194092671631E+00
 0.213603646531410E+00
 0.213587667058143E+00
 0.213324130778783E+00
 0.213057702230029E+00
 0.212353160844948E+00
 0.211561859906789E+00
 0.210628078056730E+00
 0.209256642822742E+00
 0.208122252359061E+00
 0.206542257816618E+00
 0.204980625667631E+00
 0.203230722369872E+00
 0.201333844427632E+00
 0.199444827744063E+00
 0.197296741027443E+00
 0.195298289872646E+00
 0.192968810977867E+00
 0.190889235535932E+00
 0.188557690147908E+00
 0.186477400242584E+00
 0.184577798957960E+00
 0.182403941503348E+00
 0.180403079524083E+00
 0.178196848586907E+00
 0.175576445445438E+00
 0.173156866822189E+00
 0.170578860849445E+00
 0.168385722161323E+00
 0.165965546725063E+00
 0.163860125630650E+00
 0.161626150886146E+00
 0.159553519483435E+00
 0.157512959094588E+00
 0.155476686653306E+00
 0.153574422598531E+00
 0.151571836590301E+00
 0.149852220908385E+00
 0.147886237097007E+00
 0.146262940587304E+00
 0.144331440333168E+00
 0.142046176640670E+00
 0.139408567968600E+00
 0.136421313005269E+00
 0.133088386769386E+00
 0.129492297545276E+00
 0.125992126638104E+00
 0.122624196758669E+00
 0.119389638154538E+00
 0.119561358507364E+00
 0.123770211884449E+00
 0.127622896883494E+00
 0.131072077945336E+00
 0.134651326857677E+00
 0.137843824495473E+00
 0.140658493522762E+00
 0.143589600930637E+00
 0.146090926510872E+00
 0.148352394638751E+00
 0.150588372188769E+00
 0.152387949414586E+00
 0.154172223204221E+00
 0.155714046832732E+00
 0.156915166152190E+00
 0.158216477527595E+00
 0.159079782321455E+00
 0.159974371044460E+00
 0.160618063541806E+00
 0.161066008903867E+00
 0.161513042103391E+00
 0.161566822807130E+00
 0.161840872416282E+00
 0.161689932006139E+00
 0.161672926849145E+00
 0.161377307409683E+00
 0.161074632835003E+00
 0.160658243215752E+00
 0.160104870501558E+00
 0.159708357869693E+00
 0.159520531566826E+00
 0.158927716164680E+00
 0.158427377766168E+00
 0.157761350141558E+00
 0.156704481933367E+00
 0.155759725206685E+00
 0.154690089709780E+00
 0.153749155879436E+00
 0.152668242770139E+00
 0.151827021954302E+00
 0.150739066522659E+00
 0.149885932764899E+00
 0.148792722552519E+00
 0.148044115668263E+00
 0.146948260502341E+00
 0.146175512324415E+00
 0.145156516475687E+00
 0.144410145793038E+00
 0.143363962265857E+00
 0.142616818818649E+00
 0.141526209095917E+00
 0.140100763696831E+00
 0.138350181375045E+00
 0.136285193751739E+00
 0.133917526115581E+00
 0.131259848129309E+00
 0.128441291150265E+00
 0.125694695730654E+00
 0.123035321515758E+00
 0.120468511705809E+00
 0.117952729275931E+00
 0.115536938718182E+00
 0.113175829122171E+00
 0.110875212262860E+00
 0.108637986085847E+00
 0.106464411668507E+00
 0.104352459641162E+00
 0.102298370348326E+00
 0.100296686959233E+00
 0.983410390438315E-01
 0.964239453680335E-01
 0.945375116130737E-01
 0.927503820473004E-01
 0.910043460023706E-01
 0.892779049574966E-01
 0.875620599396293E-01
 0.859544541151759E-01
 0.843753358520770E-01
 0.827936827695018E-01
 0.812791499568454E-01
 0.798293409458469E-01
 0.783634333694952E-01
 0.769665365176961E-01
 0.756252214879883E-01
 0.742135227968877E-01
 0.726452928327330E-01
 0.709279102408066E-01
 0.690691939051570E-01
 0.670773634571336E-01
 0.649610024510785E-01
 0.627290224500208E-01
 0.603906269371255E-01
 0.579552756862684E-01
 0.554326499674592E-01
 0.528326168179348E-01
 0.501651893425860E-01
 0.474404814746771E-01
 0.446686587085479E-01
 0.418598885123755E-01
 0.390242942555591E-01
 0.361719151050580E-01
 0.370900639739135E-01
 0.396713415571532E-01
 0.423324894870239E-01
 0.450642149085313E-01
 0.478566525202822E-01
 0.506994088443241E-01
 0.536434907277551E-01
 0.566879000823522E-01
 0.597619934482812E-01
 0.628534765048384E-01
 0.659497745628953E-01
 0.690380915226872E-01
 0.721054504725581E-01
 0.751647996083983E-01
 0.783351937726590E-01
 0.814566557067058E-01
 0.845152864798406E-01
 0.874972290589726E-01
 0.903887498783960E-01
 0.931763304291708E-01
 0.960521109456603E-01
 0.988290401066180E-01
 0.101515499093278E+00
 0.104305329595026E+00
 0.107041361784279E+00
 0.109620131985825E+00
 0.112028426072621E+00
 0.114253598963284E+00
 0.116452247306896E+00
 0.118568001301594E+00
 0.120474021058592E+00
 0.122159273422210E+00
 0.123696269814989E+00
 0.125234179928409E+00
 0.126529329213603E+00
 0.127572843677652E+00
 0.128534532978072E+00
 0.129408742485674E+00
 0.130014801255326E+00
 0.130424435506896E+00
 0.130860334057166E+00
 0.131015818047656E+00
 0.130991370676063E+00
 0.130983730876936E+00
 0.130687481823482E+00
 0.130349693190730E+00
 0.129903761763283E+00
 0.129208346997593E+00
 0.128631001943020E+00
 0.127760611805266E+00
 0.126957437078268E+00
 0.125975514254196E+00
 0.124962878225500E+00
 0.123888971849826E+00
 0.122717021982880E+00
 0.121570098330313E+00
 0.120283027873056E+00
 0.119130571534879E+00
 0.117898747657546E+00
 0.116693394391627E+00
 0.115537304153986E+00
 0.114269475335411E+00
 0.113190205128463E+00
 0.111897661251054E+00
 0.110333179759756E+00
 0.108930658118231E+00
 0.107400860793899E+00
 0.106144266576141E+00
 0.104706663464636E+00
 0.103470807121798E+00
 0.102162961160734E+00
 0.100944801558859E+00
 0.997264652310720E-01
 0.985300299110810E-01
 0.974062927780898E-01
 0.962282435119797E-01
 0.951970435575237E-01
 0.940411261123896E-01
 0.930707240781753E-01
 0.919338471094362E-01
 0.905635351758794E-01
 0.889614321516919E-01
 0.871301987585889E-01
 0.850735062781134E-01
 0.828367609558972E-01
 0.806525961172402E-01
 0.785524897932832E-01
 0.765331101253993E-01
 0.745811159221184E-01
 0.727177284635033E-01
 0.709207318764017E-01
 0.691817735961202E-01
 0.675032851253757E-01
 0.658855491065780E-01
 0.643267298144235E-01
 0.628233842112652E-01
 0.613707457320275E-01
 0.599629622987727E-01
 0.585933779278732E-01
 0.572549382578743E-01
 0.559588635044349E-01
 0.547365422981858E-01
 0.543562005425282E-01
 0.546729700146290E-01
 0.550274444885212E-01
 0.552757494012068E-01
 0.555257164332471E-01
 0.557608287510353E-01
 0.560904131019878E-01
 0.562475014195333E-01
 0.564486427120583E-01
 0.565678716098640E-01
 0.564057682860278E-01
 0.565248758571481E-01
 0.563436863724624E-01
 0.564322473169554E-01
 0.562551898432086E-01
 0.563191938161198E-01
 0.561493498496941E-01
 0.574634785815306E-01
 0.598840180561046E-01
 0.621252231724555E-01
 0.644424788626708E-01
 0.666126016190734E-01
 0.685738738893357E-01
 0.703770548040835E-01
 0.722258955001129E-01
 0.738401702104998E-01
 0.755025780036507E-01
 0.771838573422335E-01
 0.786071152911537E-01
 0.798646317377498E-01
 0.811232880729017E-01
 0.821048627487838E-01
 0.829328335722372E-01
 0.837382085323525E-01
 0.842526868787174E-01
 0.847342631129319E-01
 0.850716577270110E-01
 0.851680430483314E-01
 0.853405043125325E-01
 0.852093228895758E-01
 0.851379109615483E-01
 0.848543262987307E-01
 0.845392144271521E-01
 0.841215952849412E-01
 0.836147074536701E-01
 0.830819722909991E-01
 0.824282109601362E-01
 0.817994194071203E-01
 0.810354630011851E-01
 0.803293854660410E-01
 0.794844976234870E-01
 0.787192034186137E-01
 0.778157303281825E-01
 0.770082084583053E-01
 0.760628663677765E-01
 0.752291911440615E-01
 0.745817664331341E-01
 0.737329540539584E-01
 0.729379631327850E-01
 0.720751752393928E-01
 0.709858005859773E-01
 0.701523302304382E-01
 0.691043733010699E-01
 0.682970324880276E-01
 0.673648422518672E-01
 0.665861715932124E-01
 0.656636381197743E-01
 0.649106796489283E-01
 0.641080699604257E-01
 0.633828544900338E-01
 0.625677876616569E-01
 0.618788380540401E-01
 0.611638272938411E-01
 0.604906030468993E-01
 0.597510188986046E-01
 0.591031804220501E-01
 0.582075174478501E-01
 0.570684104948865E-01
 0.556917623186894E-01
 0.542379935033576E-01
 0.528466665181595E-01
 0.515011095859328E-01
 0.502032876568129E-01
 0.489578780373717E-01
 0.477609269019915E-01
 0.471844980668267E-01
 0.476069061216776E-01
 0.481562585195065E-01
 0.484514774429589E-01
 0.488959584579060E-01
 0.490809278334583E-01
 0.494307399664955E-01
 0.495227756494555E-01
 0.497841907845275E-01
 0.498409617332095E-01
 0.500234380890629E-01
 0.500286119884829E-01
 0.501287104317398E-01
 0.500778733867923E-01
 0.501772056671202E-01
 0.500619918260077E-01
 0.501619093185992E-01
 0.500166416612382E-01
 0.516942785686824E-01
 0.554684589267080E-01
 0.591466608112951E-01
 0.627129148889327E-01
 0.661551488309825E-01
 0.698000536166991E-01
 0.732926232136405E-01
 0.766171750127343E-01
 0.797586318364218E-01
 0.830133562623273E-01
 0.861134222855391E-01
 0.889923449017252E-01
 0.916367618217563E-01
 0.943748280546781E-01
 0.968998864057753E-01
 0.991978270956859E-01
 0.101814278296103E+00
 0.104145169454389E+00
 0.106178920169942E+00
 0.108172483549278E+00
 0.110017514238254E+00
 0.111538270934286E+00
 0.112927747185276E+00
 0.114239852451674E+00
 0.115206157590296E+00
 0.116087563993355E+00
 0.116838632755242E+00
 0.117228051904922E+00
 0.117716443513279E+00
 0.117895245253969E+00
 0.117935046181016E+00
 0.117920974421744E+00
 0.117587938898980E+00
 0.117401398649014E+00
 0.116836846225644E+00
 0.116426744120250E+00
 0.115711037959014E+00
 0.115079886806917E+00
 0.114236587675636E+00
 0.113434607427114E+00
 0.112487192405436E+00
 0.111554255001190E+00
 0.110525571656388E+00
 0.109493652627758E+00
 0.108405295533474E+00
 0.107381390818550E+00
 0.106296815383505E+00
 0.105472228245239E+00
 0.104318573315661E+00
 0.103436750042242E+00
 0.102259884182815E+00
 0.100877797016051E+00
 0.997312152170890E-01
 0.984397196565428E-01
 0.973202434353247E-01
 0.961384118117762E-01
 0.950494063841756E-01
 0.939213029185668E-01
 0.928595344759094E-01
 0.918454035511236E-01
 0.908137386633481E-01
 0.898184933229206E-01
 0.888142567044095E-01
 0.879388372712327E-01
 0.869639732941797E-01
 0.860776186409373E-01
 0.851305165385913E-01
 0.838778857949703E-01
 0.823226302206479E-01
 0.851222060076037E-01
 0.879486620108722E-01
 0.905041132139689E-01
 0.931490706254127E-01
 0.954684543180660E-01
 0.975581518735928E-01
 0.996733243792083E-01
 0.101446092842248E+00
 0.103112532701425E+00
 0.104671682839725E+00
 0.105877147514432E+00
 0.107186476380937E+00
 0.108179951914970E+00
 0.109051764978681E+00
 0.109846744981344E+00
 0.110332357577552E+00
 0.110945337126084E+00
 0.111194707961191E+00
 0.111542140347507E+00
 0.111628062937531E+00
 0.111701189342320E+00
 0.111643997567796E+00
 0.111481953839355E+00
 0.111302135953554E+00
 0.110938034534465E+00
 0.110656006650456E+00
 0.110117464081586E+00
 0.109752884074183E+00
 0.109062862660471E+00
 0.108636585274714E+00
 0.108289104699928E+00
 0.107812316880575E+00
 0.107189722113110E+00
 0.106666782076541E+00
 0.105809267050322E+00
 0.104976870100848E+00
 0.104126618417585E+00
 0.103298957427037E+00
 0.102454760399664E+00
 0.101717448110303E+00
 0.100883094133635E+00
 0.100126996980604E+00
 0.993015810058812E-01
 0.986464311354522E-01
 0.978326134291774E-01
 0.971378882036516E-01
 0.963356636261357E-01
 0.957485507691164E-01
 0.949589963547187E-01
 0.943181859764375E-01
 0.935425831090057E-01
 0.924790613388942E-01
 0.911336762148905E-01
 0.895135190627690E-01
 0.876275967476180E-01
 0.856645417592095E-01
 0.837715319739352E-01
 0.819338530458246E-01
 0.801472564824963E-01
 0.784296306490588E-01
 0.767618306460267E-01
 0.751352572609620E-01
 0.735543682320068E-01
 0.720209088592462E-01
 0.708723967872735E-01
 0.718761117565940E-01
 0.728812923197420E-01
 0.737831332420044E-01
 0.745301914198610E-01
 0.752299330703210E-01
 0.758816343489202E-01
 0.763906576478068E-01
 0.768192199505857E-01
 0.772418946542391E-01
 0.775359046628614E-01
 0.777285240621070E-01
 0.779464486126895E-01
 0.780510218928314E-01
 0.780546052890144E-01
 0.780796367372184E-01
 0.780212741361564E-01
 0.778786163232532E-01
 0.777236921129501E-01
 0.775286950582061E-01
 0.772662633972947E-01
 0.769561725258170E-01
 0.766498909679725E-01
 0.762928779103537E-01
 0.758987468808886E-01
 0.754811283992106E-01
 0.751841699518792E-01
 0.757365274674726E-01
 0.765932465368940E-01
 0.776671100225548E-01
 0.789827838224852E-01
 0.804947161343777E-01
 0.821565504283033E-01
 0.841130729137961E-01
 0.861881518026794E-01
 0.884039568122992E-01
 0.907492978658353E-01
 0.931831865382292E-01
 0.956973737618027E-01
 0.982828667671051E-01
 0.100929962115270E+00
 0.103628273717456E+00
 0.106366758824607E+00
 0.109133745341963E+00
 0.111946829756013E+00
 0.114814436243693E+00
 0.117687684536715E+00
 0.120552768012929E+00
 0.123395480168441E+00
 0.126201299588047E+00
 0.128955462509134E+00
 0.131872394492444E+00
 0.134738858029050E+00
 0.137533098100041E+00
 0.140239078809417E+00
 0.142840686776006E+00
 0.145321821322632E+00
 0.147666472881925E+00
 0.149900262589536E+00
 0.152168961182305E+00
 0.154268982596078E+00
 0.156184511587399E+00
 0.157900106230655E+00
 0.159400768401754E+00
 0.160822088636609E+00
 0.162170787548573E+00
 0.163275632706384E+00
 0.164122937143647E+00
 0.164717814798856E+00
 0.165385373836069E+00
 0.165770875474207E+00
 0.165862561240200E+00
 0.165816457309400E+00
 0.165716422114714E+00
 0.165303448785346E+00
 0.164694660392311E+00
 0.164098474447621E+00
 0.163174426564948E+00
 0.162172363238955E+00
 0.161080929124485E+00
 0.159654207765978E+00
 0.158418385884402E+00
 0.156842681846356E+00
 0.155306082268337E+00
 0.153609707941046E+00
 0.151850048189653E+00
 0.150057474540310E+00
 0.148142543029603E+00
 0.146277457455835E+00
 0.144262276515778E+00
 0.142347178044707E+00
 0.140452553080444E+00
 0.138553330178311E+00
 0.136839198729673E+00
 0.134894219651559E+00
 0.133236065011036E+00
 0.131259623514599E+00
 0.128965484889212E+00
 0.127027930091002E+00
 0.124965374697121E+00
 0.123064366378592E+00
 0.121149439816082E+00
 0.119287444185453E+00
 0.117563628306809E+00
 0.115737376951478E+00
 0.114143598014145E+00
 0.112385943921881E+00
 0.110912682347107E+00
 0.109278751993792E+00
 0.107838072872721E+00
 0.106324693963739E+00
 0.104912653191744E+00
 0.103232516611017E+00
 0.101281011028904E+00
 0.102033794619780E+00
 0.106786634495481E+00
 0.111429393027820E+00
 0.115912341574550E+00
 0.120718410588530E+00
 0.125178547556914E+00
 0.129280929779158E+00
 0.133405629507588E+00
 0.137295970424428E+00
 0.140798870658697E+00
 0.144196436449611E+00
 0.147452211074410E+00
 0.150297139210499E+00
 0.153004165391366E+00
 0.155583261999643E+00
 0.157734368632672E+00
 0.159823465435891E+00
 0.161704531197571E+00
 0.163146668320758E+00
 0.164715882187647E+00
 0.165895910420448E+00
 0.166855335817591E+00
 0.167792234057629E+00
 0.168283340198070E+00
 0.168927670848457E+00
 0.169197528183163E+00
 0.169392873956494E+00
 0.169466249663587E+00
 0.169273181257152E+00
 0.169175518726373E+00
 0.168647922641146E+00
 0.168404595245010E+00
 0.167728572000973E+00
 0.167225031541873E+00
 0.166433272318431E+00
 0.165718483194934E+00
 0.165151729529386E+00
 0.164613038703321E+00
 0.163663599440951E+00
 0.163052863903041E+00
 0.162030944750967E+00
 0.160603725527581E+00
 0.159554872463882E+00
 0.158161204054808E+00
 0.157121665365687E+00
 0.155828899305306E+00
 0.154785799788317E+00
 0.153525241271987E+00
 0.152479321574388E+00
 0.151321523260828E+00
 0.150276468157176E+00
 0.149133190074117E+00
 0.148089949061869E+00
 0.147049148477719E+00
 0.146010045614326E+00
 0.144971325468802E+00
 0.143938109882203E+00
 0.142552006404872E+00
 0.140819289260648E+00
 0.138747409309549E+00
 0.136344975532001E+00
 0.133621740205330E+00
 0.130655696654504E+00
 0.127749299079754E+00
 0.124934170288237E+00
 0.122203266750413E+00
 0.119557614327075E+00
 0.116983987685524E+00
 0.114511406909907E+00
 0.112101969234591E+00
 0.109759293348141E+00
 0.107483915275553E+00
 0.105273906879963E+00
 0.103125161797343E+00
 0.101032084524586E+00
 0.989874463014369E-01
 0.969832928728888E-01
 0.950702424400389E-01
 0.932184402790323E-01
 0.913955458163372E-01
 0.895917235723477E-01
 0.878479652829695E-01
 0.861933221666772E-01
 0.845423564114865E-01
 0.828856420980141E-01
 0.813772907861704E-01
 0.798578682512414E-01
 0.783174867605665E-01
 0.769307596821470E-01
 0.755190533766397E-01
 0.741131645767330E-01
 0.725358780832386E-01
 0.707930307336778E-01
 0.688910277206594E-01
 0.668368238478514E-01
 0.646378949910480E-01
 0.623022006770210E-01
 0.611912588577728E-01
 0.609139640954998E-01
 0.607123551181274E-01
 0.604371058248993E-01
 0.601741271280929E-01
 0.599154203540725E-01
 0.596989400060111E-01
 0.594398339797301E-01
 0.591787293961064E-01
 0.589357650828036E-01
 0.587063521654306E-01
 0.584651398500618E-01
 0.581755436752387E-01
 0.579455703421116E-01
 0.574848177876900E-01
 0.568031685470145E-01
 0.559114057456801E-01
 0.548571641404445E-01
 0.538113216759312E-01
 0.527956112481899E-01
 0.518029632017235E-01
 0.508480299724721E-01
 0.499113400935069E-01
 0.496135993967133E-01
 0.533856276978708E-01
 0.572212212086510E-01
 0.611063088274492E-01
 0.650265239243712E-01
 0.689672511415316E-01
 0.729136657709932E-01
 0.770298949950727E-01
 0.811920139076161E-01
 0.853275074934919E-01
 0.894201860119243E-01
 0.934538890828424E-01
 0.974125775147578E-01
 0.101452300777873E+00
 0.105499786680740E+00
 0.109436374621627E+00
 0.113246226340687E+00
 0.116913922577894E+00
 0.120424497637848E+00
 0.124051381825111E+00
 0.127527915880157E+00
 0.130812956322146E+00
 0.134135010804427E+00
 0.137530442519720E+00
 0.140706327606526E+00
 0.143648975816253E+00
 0.146345565629241E+00
 0.149081670879068E+00
 0.151629339692435E+00
 0.153902702839712E+00
 0.155891345498819E+00
 0.157785446159714E+00
 0.159584247255725E+00
 0.161076352309218E+00
 0.162254228173740E+00
 0.163414684262732E+00
 0.164381250407492E+00
 0.165018513993684E+00
 0.165475899740823E+00
 0.165904006949224E+00
 0.165992764232899E+00
 0.165893278823250E+00
 0.165784028720249E+00
 0.165330122782456E+00
 0.164821721094901E+00
 0.164187691127429E+00
 0.163225164933933E+00
 0.162433202324347E+00
 0.161296483413205E+00
 0.160177834912912E+00
 0.158907781466318E+00
 0.157520982584814E+00
 0.156140890652695E+00
 0.154549871229674E+00
 0.153082362792177E+00
 0.151340010068487E+00
 0.149806452419367E+00
 0.148103868151826E+00
 0.146560486374149E+00
 0.145091615030944E+00
 0.143477725863687E+00
 0.141969884836401E+00
 0.140325651238514E+00
 0.138366760398487E+00
 0.136492426580376E+00
 0.134562489276684E+00
 0.132860830031271E+00
 0.130992583935489E+00
 0.129415832154057E+00
 0.127682873840659E+00
 0.126127696743818E+00
 0.124551858249849E+00
 0.123022191102064E+00
 0.121538326279202E+00
 0.120031603429983E+00
 0.118703014154404E+00
 0.117222108958481E+00
 0.115948269274708E+00
 0.114491577328807E+00
 0.112763062804461E+00
 0.110767006161239E+00
 0.108508756501196E+00
 0.105994698968141E+00
 0.103237062905131E+00
 0.100468491943371E+00
 0.978005442108547E-01
 0.952466634966839E-01
 0.927976291432442E-01
 0.904178945603200E-01
 0.881483979421303E-01
 0.859601071142272E-01
 0.838435206814125E-01
 0.817991983591858E-01
 0.798253983879569E-01
 0.779184995712960E-01
 0.760733482688230E-01
 0.742834977276548E-01
 0.725418739007283E-01
 0.708404751447977E-01
 0.692348816554153E-01
 0.676741220955128E-01
 0.661413300961071E-01
 0.646276859619896E-01
 0.631951544759484E-01
 0.618134490957504E-01
 0.604369882927225E-01
 0.597023459744332E-01
 0.601607007634783E-01
 0.605231382284347E-01
 0.609306288689488E-01
 0.614103321668522E-01
 0.617598597999948E-01
 0.620234980664248E-01
 0.623250289086109E-01
 0.623752282720072E-01
 0.624921155650889E-01
 0.625302173979867E-01
 0.625677861416412E-01
 0.625932556156240E-01
 0.626275279374338E-01
 0.626442733060074E-01
 0.625922185166088E-01
 0.625999461415548E-01
 0.625681371575175E-01
 0.625697412367124E-01
 0.624439640261469E-01
 0.624450442661707E-01
 0.623528012110341E-01
 0.623444270880528E-01
 0.621587719161583E-01
 0.621476862499454E-01
 0.619186091110661E-01
 0.614785837607666E-01
 0.608354882619466E-01
 0.599979949039290E-01
 0.590047527845539E-01
 0.580113904030892E-01
 0.570417321994121E-01
 0.560943902395165E-01
 0.551691190869826E-01
 0.542650843227570E-01
 0.533734600385391E-01
 0.524985647672644E-01
 0.516428504685942E-01
 0.508070268328673E-01
 0.499901262852474E-01
 0.491901509914272E-01
 0.484038953311559E-01
 0.476275262188877E-01
 0.468564484969118E-01
 0.460858698915439E-01
 0.453659929544356E-01
 0.446504587025319E-01
 0.439292280496254E-01
 0.432066581444155E-01
 0.425430024273790E-01
 0.418665741217974E-01
 0.411719180580293E-01
 0.405470333287383E-01
 0.399080400514629E-01
 0.392492785756796E-01
 0.386667715975977E-01
 0.395276522045326E-01
 0.402755006343984E-01
 0.410493178771677E-01
 0.416250985413660E-01
 0.422236366583057E-01
 0.426727203987833E-01
 0.430787906225022E-01
 0.434065650516947E-01
 0.436475333154475E-01
 0.438622452579232E-01
 0.439641857024477E-01
 0.440763406905207E-01
 0.440631773494997E-01
 0.440847941328799E-01
 0.439770903433912E-01
 0.439210336092351E-01
 0.437359921014983E-01
 0.436154875481511E-01
 0.433917007135714E-01
 0.432723803729889E-01
 0.429971435143609E-01
 0.428271740025368E-01
 0.424918820605579E-01
 0.422838831349317E-01
 0.418963144171625E-01
 0.416624526644975E-01
 0.422425339470393E-01
 0.463302189740157E-01
 0.504055705184298E-01
 0.544600294641756E-01
 0.587989759789806E-01
 0.630898843459367E-01
 0.673163050282030E-01
 0.714618284787167E-01
 0.756967716830593E-01
 0.799799292700828E-01
 0.841420748763067E-01
 0.881664067721415E-01
 0.920364396969659E-01
 0.960844553602281E-01
 0.999659816362876E-01
 0.103652779525675E+00
 0.107128999137068E+00
 0.110583125860303E+00
 0.113981629596220E+00
 0.117131861175986E+00
 0.120472579550233E+00
 0.123737823518673E+00
 0.126722632711249E+00
 0.129412891469398E+00
 0.132122068982354E+00
 0.134630124664663E+00
 0.136811696591662E+00
 0.138742189535050E+00
 0.140713287108066E+00
 0.142331148637005E+00
 0.143586118706707E+00
 0.144968388321531E+00
 0.145987257222941E+00
 0.146662537335748E+00
 0.147455486065013E+00
 0.147858135037268E+00
 0.148097834813923E+00
 0.148283698775120E+00
 0.148068876592595E+00
 0.148011321913392E+00
 0.147597375889611E+00
 0.147146385393805E+00
 0.146557500343185E+00
 0.145787333135365E+00
 0.145048575365698E+00
 0.144023208269006E+00
 0.143159598953495E+00
 0.141932926859150E+00
 0.140968925483902E+00
 0.139606301241509E+00
 0.138544555281928E+00
 0.137130453669164E+00
 0.136084765459312E+00
 0.134940300055182E+00
 0.133805062462609E+00
 0.132575850020849E+00
 0.131405482276944E+00
 0.129855808021378E+00
 0.128321870515284E+00
 0.126799302585411E+00
 0.125397341846445E+00
 0.123899901887521E+00
 0.122602610393452E+00
 0.121133542614475E+00
 0.119938008971160E+00
 0.118494990308171E+00
 0.117397260897234E+00
 0.116007500934118E+00
 0.114958784712296E+00
 0.113665829862933E+00
 0.112640417203727E+00
 0.111404479900433E+00
 0.110400677009066E+00
 0.109070093855449E+00
 0.107414012140610E+00
 0.105434959323093E+00
 0.103136708095444E+00
 0.100585640690670E+00
 0.980859761295384E-01
 0.956759068513735E-01
 0.978423266955230E-01
 0.100243596406245E+00
 0.102632197396812E+00
 0.104788606494895E+00
 0.106612794518125E+00
 0.108525296100804E+00
 0.110021428181316E+00
 0.111505595885411E+00
 0.112757585613898E+00
 0.113791314224786E+00
 0.114814330789633E+00
 0.115448377724589E+00
 0.116261192829941E+00
 0.116640344762409E+00
 0.117167968613271E+00
 0.117357508046974E+00
 0.117601430255656E+00
 0.117625311420622E+00
 0.117624035159111E+00
 0.117506463743363E+00
 0.117292644015681E+00
 0.117057669754845E+00
 0.116657704855305E+00
 0.116328590227077E+00
 0.115764094756104E+00
 0.115363007126327E+00
 0.115158478861135E+00
 0.114704312766336E+00
 0.114192247432177E+00
 0.113687905583901E+00
 0.112779112588198E+00
 0.112094996133840E+00
 0.111197748838203E+00
 0.110498150886901E+00
 0.109611442018253E+00
 0.108992664281192E+00
 0.108120035417512E+00
 0.107464726693089E+00
 0.106605406285480E+00
 0.106043106624609E+00
 0.105199533749105E+00
 0.104580949168685E+00
 0.103753130346177E+00
 0.103237000846464E+00
 0.102425890474254E+00
 0.101838573439376E+00
 0.101045435972558E+00
 0.999033748824798E-01
 0.984176070492717E-01
 0.965945826424108E-01
 0.967264136733669E-01
 0.995804443072065E-01
 0.102289183913531E+00
 0.104717101621515E+00
 0.107078462278789E+00
 0.109339438156992E+00
 0.111308087866931E+00
 0.113066437618255E+00
 0.114854215559587E+00
 0.116343639148678E+00
 0.117558860145764E+00
 0.118864512774685E+00
 0.119870901284571E+00
 0.120620473625186E+00
 0.121448786759510E+00
 0.121981540804674E+00
 0.122352009838397E+00
 0.122719039186771E+00
 0.122798176742871E+00
 0.122877919662321E+00
 0.122808243982554E+00
 0.122537008470184E+00
 0.122335204635210E+00
 0.121859536474436E+00
 0.121453164665903E+00
 0.120865829457143E+00
 0.120229188057736E+00
 0.119547324312259E+00
 0.118723185645274E+00
 0.117963362668320E+00
 0.116988085975946E+00
 0.116165992097195E+00
 0.115096713085337E+00
 0.114200587969519E+00
 0.113509726366900E+00
 0.112603239672650E+00
 0.111627083184803E+00
 0.110686770724659E+00
 0.109509787039184E+00
 0.108338291307621E+00
 0.107169435230066E+00
 0.106027735728151E+00
 0.104866613174224E+00
 0.103900358959488E+00
 0.102749022141701E+00
 0.101785482317825E+00
 0.100758560120000E+00
 0.998492402901143E-01
 0.988082533635478E-01
 0.979088989745046E-01
 0.970261927457139E-01
 0.961355550682598E-01
 0.952319176785894E-01
 0.943536978034570E-01
 0.932630578456906E-01
 0.919707998722562E-01
 0.904884332049429E-01
 0.888281164233954E-01
 0.870025950707865E-01
 0.850251353007677E-01
 0.829514757282224E-01
 0.809422285800534E-01
 0.790096362084119E-01
 0.771443436476819E-01
 0.753502416033335E-01
 0.736084744225241E-01
 0.719161854188468E-01
 0.703861827681646E-01
 0.718685330672566E-01
 0.733071624009529E-01
 0.746889440973564E-01
 0.761105988841915E-01
 0.774854144046691E-01
 0.787944744775323E-01
 0.800766803100061E-01
 0.814085540827948E-01
 0.826471735603818E-01
 0.837677519930757E-01
 0.847570527913789E-01
 0.856023060276080E-01
 0.864048347314532E-01
 0.871525481482390E-01
 0.877306935065989E-01
 0.881278425869541E-01
 0.884318101601989E-01
 0.887043131337430E-01
 0.887742470490296E-01
 0.886321059361963E-01
 0.885659646379904E-01
 0.882851204346118E-01
 0.877997805006704E-01
 0.873909047152951E-01
 0.867469251411918E-01
 0.860426658318045E-01
 0.852791288493133E-01
 0.843281716448590E-01
 0.834613282311341E-01
 0.823460712062992E-01
 0.813751486335934E-01
 0.801722867081747E-01
 0.790925491035227E-01
 0.778202422251365E-01
 0.766765086959036E-01
 0.753523787445348E-01
 0.741791951961324E-01
 0.728338866967975E-01
 0.717383522936982E-01
 0.704122385256097E-01
 0.693006350220075E-01
 0.680258668920414E-01
 0.668827126400289E-01
 0.657806652440240E-01
 0.646379647348268E-01
 0.632597888244044E-01
 0.620802638381363E-01
 0.607803012626606E-01
 0.597107162054278E-01
 0.584880669231276E-01
 0.574556989806328E-01
 0.563524526398066E-01
 0.553523922218399E-01
 0.568048700861606E-01
 0.606476239935841E-01
 0.643209247444726E-01
 0.681123006809691E-01
 0.717673578208214E-01
 0.752193852495917E-01
 0.785882140740845E-01
 0.819620468355540E-01
 0.852544835233026E-01
 0.886610986227609E-01
 0.919016191178949E-01
 0.948815879876732E-01
 0.977473657445569E-01
 0.100572275700453E+00
 0.103111345001588E+00
 0.105432740016687E+00
 0.107789048277895E+00
 0.109839061156321E+00
 0.111649608157891E+00
 0.113502034035665E+00
 0.115032677036724E+00
 0.116393097922111E+00
 0.117722526132673E+00
 0.118719641524057E+00
 0.119708704313747E+00
 0.120510144887343E+00
 0.121058235185340E+00
 0.121678811097199E+00
 0.121959615798796E+00
 0.122295315669436E+00
 0.122411421977024E+00
 0.122424020869101E+00
 0.122393446165958E+00
 0.122121921732685E+00
 0.121962239046891E+00
 0.121466842950332E+00
 0.121167224108985E+00
 0.120563172921561E+00
 0.120055037649316E+00
 0.119360560085464E+00
 0.118675463167413E+00
 0.118105569966255E+00
 0.117602013280356E+00
 0.116778381174513E+00
 0.116113199584790E+00
 0.115240032043415E+00
 0.114304898009737E+00
 0.113428975612440E+00
 0.112437189485881E+00
 0.111559666651561E+00
 0.110709966568912E+00
 0.109839539218021E+00
 0.108943469795103E+00
 0.108074853132850E+00
 0.107308576855262E+00
 0.106449044216708E+00
 0.105634941219128E+00
 0.104780188128866E+00
 0.104092356823185E+00
 0.103248182464516E+00
 0.102504465132520E+00
 0.101667714666286E+00
 0.100560242354684E+00
 0.991865215130447E-01
 0.975521029642830E-01
 0.956635923159043E-01
 0.935294928736199E-01
 0.913314595562022E-01
 0.892074903670442E-01
 0.871478972374511E-01
 0.851375661412443E-01
 0.832199121522855E-01
 0.813445731384631E-01
 0.795200357892656E-01
 0.777564102520616E-01
 0.760635258496117E-01
 0.744215729950368E-01
 0.728289165115390E-01
 0.712885924101896E-01
 0.698162123405221E-01
 0.683916959545297E-01
 0.670077616263963E-01
 0.656561434727186E-01
 0.643277817470408E-01
 0.630544002176707E-01
 0.618426474753808E-01
 0.606387030846879E-01
 0.594334424055795E-01
 0.583233608428445E-01
 0.572201703062691E-01
 0.561014236939131E-01
 0.558749757606595E-01
 0.579812569207975E-01
 0.600120084891993E-01
 0.619538957224547E-01
 0.638619856226312E-01
 0.657974761883342E-01
 0.676147003643442E-01
 0.692997224455975E-01
 0.708385903657584E-01
 0.722176150454885E-01
 0.734236759016765E-01
 0.744444612372036E-01
 0.755200705255389E-01
 0.766352032490896E-01
 0.775972570210101E-01
 0.783486656759982E-01
 0.788781209798827E-01
 0.792755129150162E-01
 0.797068275374618E-01
 0.801876746176920E-01
 0.804292240552125E-01
 0.804223294240709E-01
 0.805332682612446E-01
 0.806840032349746E-01
 0.806538864413643E-01
 0.804387281076193E-01
 0.802984912898435E-01
 0.802500041152802E-01
 0.799781958812063E-01
 0.796951996765328E-01
 0.793943303603237E-01
 0.791647167190253E-01
 0.787319118333563E-01
 0.784285969412213E-01
 0.780992854852388E-01
 0.777003857664349E-01
 0.773821315159986E-01
 0.769187333771147E-01
 0.766222158347511E-01
 0.762365209699665E-01
 0.758863770716363E-01
 0.754752231037398E-01
 0.774137534501388E-01
 0.796994317397668E-01
 0.819321536347110E-01
 0.841803488906004E-01
 0.862655707827472E-01
 0.884395474961115E-01
 0.905914728778218E-01
 0.925538369174650E-01
 0.944334662918750E-01
 0.962876031082056E-01
 0.979239060925215E-01
 0.993313825468323E-01
 0.100637814596342E+00
 0.101893002755039E+00
 0.102896180939114E+00
 0.103638798611787E+00
 0.104422918780346E+00
 0.104982108129254E+00
 0.105263512227129E+00
 0.105505923475789E+00
 0.105594213034472E+00
 0.105392478593234E+00
 0.105169942317313E+00
 0.104777633201637E+00
 0.104088618135402E+00
 0.103494273814011E+00
 0.102626477466669E+00
 0.101630046728499E+00
 0.100604468909215E+00
 0.992863351232393E-01
 0.981286996884595E-01
 0.966792768066047E-01
 0.965128969054816E-01
 0.967425255128603E-01
 0.970196642247951E-01
 0.973932961046826E-01
 0.974660401148719E-01
 0.973456189777052E-01
 0.975504100235935E-01
 0.976328838800811E-01
 0.974186918930421E-01
 0.973104677361019E-01
 0.972938766934633E-01
 0.971122971950083E-01
 0.968534846163115E-01
 0.965622561117950E-01
 0.963780947596103E-01
 0.959603899965144E-01
 0.956867191647815E-01
 0.952433495568567E-01
 0.948987640904815E-01
 0.943642763194765E-01
 0.939051558008291E-01
 0.934508882141664E-01
 0.929081447294938E-01
 0.922290334867154E-01
 0.916233351779631E-01
 0.911896875449903E-01
 0.904793839381309E-01
 0.899407947391305E-01
 0.891948369373525E-01
 0.885730630578246E-01
 0.879740797175759E-01
 0.873711729154013E-01
 0.867260366147561E-01
 0.861176169713722E-01
 0.854413532596696E-01
 0.848387690392732E-01
 0.842490554011762E-01
 0.835567307851499E-01
 0.831124388894379E-01
 0.824262524435417E-01
 0.819388302482579E-01
 0.812754848031056E-01
 0.807766173298386E-01
 0.802161708843696E-01
 0.797242010028895E-01
 0.790914975666396E-01
 0.786027448564153E-01
 0.781360011473269E-01
 0.776001690687055E-01
 0.771469919093040E-01
 0.766116238306245E-01
 0.762197132205436E-01
 0.756465113056942E-01
 0.752671012420137E-01
 0.747696132875044E-01
 0.743898772479187E-01
 0.738634195461852E-01
 0.734624453661287E-01
 0.729820949282779E-01
 0.725781891742228E-01
 0.721394274481169E-01
 0.717148683077903E-01
 0.712424941266775E-01
 0.708199664995464E-01
 0.704372557567403E-01
 0.699945756372190E-01
 0.695604676685468E-01
 0.691096913094963E-01
 0.687639948534963E-01
 0.683076590979323E-01
 0.679086078625486E-01
 0.674414672389021E-01
 0.671239326493756E-01
 0.666585670068751E-01
 0.662891582568245E-01
 0.658154854474552E-01
 0.653959045333410E-01
 0.649214866505247E-01
 0.644537178728055E-01
 0.639859699411657E-01
 0.633313610394070E-01
 0.624961475628588E-01
 0.614872358457516E-01
 0.603121579963018E-01
 0.589790486663879E-01
 0.574966163752321E-01
 0.559797015384671E-01
 0.546044487627212E-01
 0.533401688023970E-01
 0.521527875422094E-01
 0.510513480833612E-01
 0.499927249088338E-01
 0.489759635066622E-01
 0.479984670520974E-01
 0.470567364045478E-01
 0.461466552590639E-01
 0.452639365712505E-01
 0.444041029191583E-01
 0.435624380643022E-01
 0.427337785233510E-01
 0.419130454692343E-01
 0.411413562113928E-01
 0.403826751024941E-01
 0.396254370294618E-01
 0.388690271497543E-01
 0.381733565444832E-01
 0.374716437765693E-01
 0.367588517432888E-01
 0.361070607728677E-01
 0.354515780033206E-01
 0.347786421367530E-01
 0.341802885726580E-01
 0.335625140553188E-01
 0.329508754357101E-01
 0.322537690870728E-01
 0.314757312924569E-01
 0.306215286967295E-01
 0.296961350952435E-01
 0.287047180879894E-01
 0.276526300886519E-01
 0.265453959165424E-01
 0.253886897807000E-01
 0.241882978649991E-01
 0.229500683097238E-01
 0.216798560896625E-01
 0.203834728383651E-01
 0.190666489466824E-01
 0.181231801033522E-01
 0.180236265355407E-01
 0.179690047298812E-01
 0.178567909428816E-01
 0.177966365983667E-01
 0.176793386084820E-01
 0.176116852570092E-01
 0.174920952290280E-01
 0.173200159693809E-01
 0.170995750083107E-01
 0.168354301388980E-01
 0.165591738879274E-01
 0.162854021307835E-01
 0.160159683425092E-01
 0.157455102369292E-01
 0.154821719607120E-01
 0.152217659553987E-01
 0.149644601879131E-01
 0.147107933193684E-01
 0.144608851816734E-01
 0.142144129965723E-01
 0.139709625472193E-01
 0.137299105143411E-01
 0.134913901411751E-01
 0.132617543097417E-01
 0.130341716302478E-01
 0.128079335945007E-01
 0.125825039810422E-01
 0.123608388554640E-01
 0.121486737188566E-01
 0.119366341114426E-01
 0.117239547346423E-01
 0.115185141382487E-01
 0.113203040240193E-01
 0.111223429005532E-01
 0.109244967765182E-01
 0.107426422399810E-01
 0.105619125610562E-01
 0.103818152508367E-01
 0.102121107455679E-01
 0.100506373243160E-01
 0.988958976607298E-02
 0.973490551525679E-02
 0.955963982414256E-02
 0.936576866058077E-02
 0.915524273830071E-02
 0.892995812105032E-02
 0.869172591747745E-02
 0.844225239014229E-02
 0.818313479934088E-02
 0.791586986532582E-02
 0.764186697775280E-02
 0.736245941953339E-02
 0.707891097724708E-02
 0.679241821219681E-02
 0.650410921157112E-02
 0.621503973548290E-02
 0.592618887344616E-02
 0.563845753287094E-02
 0.535267207708881E-02
 0.506959196763190E-02
 0.478991689448603E-02
 0.451428856050367E-02
 0.424328560158574E-02
 0.397741488928909E-02
 0.371710563465313E-02
 0.346271240475492E-02
 0.321452939097270E-02
 0.297281273348797E-02
 0.290700336278813E-02
 0.290354443818322E-02
 0.290025066559816E-02
 0.289712053288405E-02
 0.289415845254818E-02
 0.289138693930615E-02
 0.288884114507796E-02
 0.288654890104545E-02
 0.288451113300678E-02
 0.288269770683140E-02
 0.288106255177216E-02
 0.287956794730497E-02
 0.287820157539483E-02
 0.287697573134429E-02
 0.287591107615169E-02
 0.287501729305541E-02
 0.287428276829094E-02
 0.287367662987988E-02
 0.287315777180377E-02
 0.287268411469439E-02
 0.287222037748901E-02
 0.287174657118185E-02
 0.287126680043073E-02
 0.287081178613600E-02
 0.287042740022328E-02
 0.287014993714756E-02
 0.286998109120336E-02
 0.286988014996654E-02
 0.286978162291999E-02
 0.286962931786811E-02
 0.286940606426220E-02
 0.286914103650901E-02
 0.286889146591307E-02
 0.286871115524341E-02
 0.286862415353408E-02
 0.286861605939905E-02
 0.286864376327656E-02
 0.286865535597029E-02
 0.286860995802947E-02
 0.286849103888890E-02
 0.286831157838710E-02
 0.286811128568038E-02
 0.286794529543025E-02
 0.286786418501848E-02
 0.286788992079879E-02
 0.286799922324949E-02
 0.286812758027946E-02
 0.286819803534371E-02
 0.286816222540832E-02
 0.286802923108945E-02
 0.286786222512474E-02
 0.286774313358950E-02
 0.286772722784291E-02
 0.286781590723539E-02
 0.286796214689762E-02
 0.286810063555578E-02
 0.286818092041311E-02
 0.286818534534187E-02
 0.286812794257132E-02
 0.286804237816061E-02
 0.286796859432815E-02
 0.286794178449113E-02
 0.286798232598069E-02
 0.286808645950407E-02
 0.286822242033040E-02
 0.286833869856699E-02
 0.286838587713497E-02
 0.286834340801140E-02
 0.286823540120616E-02
 0.286812236538640E-02
 0.286806961266893E-02
 0.286810956652059E-02
 0.286822202042815E-02
 0.286834634406308E-02
 0.286841824936156E-02
 0.286840666847722E-02
 0.286832708965883E-02
 0.286822577060802E-02
 0.286814974701417E-02
 0.286812422542938E-02
 0.286814843614486E-02
 0.286820491293088E-02
 0.286827006825939E-02
 0.286831968844361E-02
 0.286833256579676E-02
 0.286829771091730E-02
 0.286822371749963E-02
 0.286814149948583E-02
 0.286809300764813E-02
 0.286810888452103E-02
 0.286818847217216E-02
 0.286829666772276E-02
 0.286838203261720E-02
 0.286840630865869E-02
 0.286836716647748E-02
 0.286829958864682E-02
 0.286825477879067E-02
 0.286827012245402E-02
 0.286834942843329E-02
 0.286846508202372E-02
 0.286857816017947E-02
 0.286866082555855E-02
 0.286870643393907E-02
 0.286872488003503E-02
 0.286873235742988E-02
 0.286874560749277E-02
 0.286878167259236E-02
 0.286885601775517E-02
 0.286897403662004E-02
 0.286912114705430E-02
 0.286926315240985E-02
 0.286936261075803E-02
 0.286940273414447E-02
 0.286940124051179E-02
 0.286940207779517E-02
 0.286944919137242E-02
 0.286955998736683E-02
 0.286971606799273E-02
 0.286987607252542E-02
 0.287000056969907E-02
 0.287007256304889E-02
 0.287010230082348E-02
 0.287011653614618E-02
 0.287014179083213E-02
 0.287019277345661E-02
 0.287027093180068E-02
 0.287036961407653E-02
 0.287047844269867E-02
 0.287058327588630E-02
 0.287066549062721E-02
 0.287070720413782E-02
 0.287070323254910E-02
 0.287067101809888E-02
 0.287064687256180E-02
 0.287066605104234E-02
 0.287073876505805E-02
 0.287084062197803E-02
 0.287092661928362E-02
 0.287095959931188E-02
 0.287093262429122E-02
 0.287086996642669E-02
 0.287080836970538E-02
 0.287077418480990E-02
 0.287077212224915E-02
 0.287078976396595E-02
 0.287080990873813E-02
 0.287081977993703E-02
 0.287081231611181E-02
 0.287078299249890E-02
 0.287072868005448E-02
 0.287065133830503E-02
 0.287056294386836E-02
 0.287048486515053E-02
 0.287043817684864E-02
 0.287042929838093E-02
 0.287044157571902E-02
 0.287044169997603E-02
 0.287039956946326E-02
 0.287030866346379E-02
 0.287019144607585E-02
 0.287008463452103E-02
 0.287001486463315E-02
 0.286998301207402E-02
 0.286996806386997E-02
 0.286994528581582E-02
 0.286990276777244E-02
 0.286984416771053E-02
 0.286977903195744E-02
 0.286971234841262E-02
 0.286964319230486E-02
 0.286957171123664E-02
 0.286950526396769E-02
 0.286945593486503E-02
 0.286943061505157E-02
 0.286942249686569E-02
 0.286941237073606E-02
 0.286938028669134E-02
 0.286931959798929E-02
 0.286924286322134E-02
 0.286917450772981E-02
 0.286913474059336E-02
 0.286912606382680E-02
 0.286913236719172E-02
 0.286913136820125E-02
 0.286911075880015E-02
 0.286907542571829E-02
 0.286904060579964E-02
 0.286901779693462E-02
 0.286900611853529E-02
 0.286899616592258E-02
 0.286898147959099E-02
 0.286896585675355E-02
 0.286895934332095E-02
 0.286896714058411E-02
 0.286898264225714E-02
 0.286899177327570E-02
 0.286898495624522E-02
 0.286896586865492E-02
 0.286894911873942E-02
 0.286894880882817E-02
 0.286896758817103E-02
 0.286899494798773E-02
 0.286901567204856E-02
 0.286902142079331E-02
 0.286901646453489E-02
 0.286901349494592E-02
 0.286902313934811E-02
 0.286904554179554E-02
 0.286907067211246E-02
 0.286908703364959E-02
 0.286909148481334E-02
 0.286909177605960E-02
 0.286909953863848E-02
 0.286911989503372E-02
 0.286914702237063E-02
 0.286916964683801E-02
 0.286918127182977E-02
 0.286918558105464E-02
 0.286919216767893E-02
 0.286920700866994E-02
 0.286922695025206E-02
 0.286924331762264E-02
 0.286925086987181E-02
 0.286925335711200E-02
 0.286926040001131E-02
 0.286927860790900E-02
