 0.000000000000000E+00
 0.000000000000000E+00
 0.000000000000000E+00
 0.000000000000000E+00
 0.000000000000000E+00
 0.000000000000000E+00
 0.000000000000000E+00
 0.000000000000000E+00
 0.000000000000000E+00
 0.000000000000000E+00
 0.000000000000000E+00
 0.000000000000000E+00
 0.000000000000000E+00
 0.000000000000000E+00
 0.000000000000000E+00
 0.000000000000000E+00
 0.000000000000000E+00
 0.000000000000000E+00
 0.000000000000000E+00
 0.000000000000000E+00
 0.000000000000000E+00
 0.000000000000000E+00
 0.000000000000000E+00
 0.000000000000000E+00
 0.000000000000000E+00
 0.000000000000000E+00
 0.000000000000000E+00
 0.000000000000000E+00
 0.198091017600286E-33
 0.100783392953880E-31
 0.332520261529186E-30
 0.677029589359260E-29
 0.964768336923608E-28
 0.338114496163646E-26
 0.653239958102914E-25
 0.848066960155347E-24
 0.853312842685971E-23
 0.711195431109120E-22
 0.510403126286529E-21
 0.323534772119760E-20
 0.184409255093995E-19
 0.957653005616537E-19
 0.457596189892594E-18
 0.202691151277755E-17
 0.836910391982588E-17
 0.338098584910540E-16
 0.130083522830796E-15
 0.466854696122302E-15
 0.156723271513203E-14
 0.492998737040211E-14
 0.145414511100588E-13
 0.401903595232367E-13
 0.121713696616846E-12
 0.381259794188180E-12
 0.114437882302814E-11
 0.329722643762542E-11
 0.913415997196548E-11
 0.243665709580191E-10
 0.626830665263091E-10
 0.155712136228457E-09
 0.373992133649946E-09
 0.869538414893353E-09
 0.195924610760213E-08
 0.428273890154155E-08
 0.909112409651394E-08
 0.187578065821734E-07
 0.380866224315625E-07
 0.756625865615151E-07
 0.146349462051655E-06
 0.275829035333231E-06
 0.506925979325114E-06
 0.909080356062147E-06
 0.159181516793435E-05
 0.272319379888843E-05
 0.455415359053822E-05
 0.744927092262531E-05
 0.119238917376126E-04
 0.187582980347884E-04
 0.291820832045984E-04
 0.444624904634282E-04
 0.686534163079088E-04
 0.104054062283244E-03
 0.154324859156834E-03
 0.225283046247414E-03
 0.324713730513350E-03
 0.458516975984088E-03
 0.634660150019146E-03
 0.861595649481499E-03
 0.114785926252065E-02
 0.150157892050473E-02
 0.195714637131752E-02
 0.253891510776151E-02
 0.324005314803551E-02
 0.406961273029080E-02
 0.506986845422089E-02
 0.624251308510163E-02
 0.757387092712902E-02
 0.906093686844286E-02
 0.106967802884091E-01
 0.125208013093182E-01
 0.145543090476626E-01
 0.167249577489290E-01
 0.190183435282416E-01
 0.214213148912925E-01
 0.241825487292592E-01
 0.271751210135048E-01
 0.302885638235101E-01
 0.335158246572851E-01
 0.370189735744217E-01
 0.406697450619889E-01
 0.444378368950015E-01
 0.483202195597895E-01
 0.523111286315146E-01
 0.564006681411313E-01
 0.607287313112595E-01
 0.652098033567550E-01
 0.697577278819307E-01
 0.743486788493243E-01
 0.789583914713375E-01
 0.835642974483456E-01
 0.882879284556233E-01
 0.931280635134698E-01
 0.979268568628740E-01
 0.102672125219222E+00
 0.107353313761919E+00
 0.111959383787242E+00
 0.116589626138210E+00
 0.121317999624099E+00
 0.125936625800896E+00
 0.130423495438096E+00
 0.134754451943943E+00
 0.138905342774911E+00
 0.143065330790835E+00
 0.147172768279982E+00
 0.151052793078829E+00
 0.154714321325116E+00
 0.158758053255294E+00
 0.162541398901940E+00
 0.166050284019334E+00
 0.169275227547242E+00
 0.172438616367546E+00
 0.175500092614070E+00
 0.178259377853540E+00
 0.180707866624937E+00
 0.182892155912265E+00
 0.185141059564459E+00
 0.187048181090210E+00
 0.188596908765799E+00
 0.189922223032985E+00
 0.191224814803125E+00
 0.192137261358757E+00
 0.192652860466128E+00
 0.193291284516446E+00
 0.193548902444727E+00
 0.193407707832303E+00
 0.193402569125976E+00
 0.193029798695071E+00
 0.192363140095365E+00
 0.191788544205752E+00
 0.190821702332081E+00
 0.189823244527153E+00
 0.188681978964611E+00
 0.187259047551910E+00
 0.185969347614200E+00
 0.184275669029247E+00
 0.182793160059568E+00
 0.180972145659159E+00
 0.179251680818721E+00
 0.177327694709698E+00
 0.175435209555178E+00
 0.173429253325086E+00
 0.171460747853038E+00
 0.169781554110462E+00
 0.168039086394186E+00
 0.166155115262818E+00
 0.164344167948034E+00
 0.162151579297252E+00
 0.159897782057294E+00
 0.157742515609859E+00
 0.155674556878775E+00
 0.153547445260840E+00
 0.151655676396408E+00
 0.149575181001008E+00
 0.147836814425109E+00
 0.145804080631950E+00
 0.144188936248056E+00
 0.142293739234863E+00
 0.140715941789390E+00
 0.138934799760694E+00
 0.137394692488058E+00
 0.135725497643777E+00
 0.134219807711886E+00
 0.132362562850134E+00
 0.130148032015799E+00
 0.127591888859358E+00
 0.124726107481541E+00
 0.121586265418572E+00
 0.118330608869473E+00
 0.115191060858016E+00
 0.112170868851504E+00
 0.109267649658835E+00
 0.106470300626041E+00
 0.103779234355123E+00
 0.101170666132301E+00
 0.986494276199046E-01
 0.962174777318143E-01
 0.938787929950753E-01
 0.916166120830461E-01
 0.894417207681291E-01
 0.873426199263057E-01
 0.866004577561160E-01
 0.880477075285662E-01
 0.892886255051975E-01
 0.905583626566346E-01
 0.915252178466173E-01
 0.926228743022123E-01
 0.934162131842643E-01
 0.942789749050978E-01
 0.949153865711726E-01
 0.955411725250811E-01
 0.960483999146590E-01
 0.964268995960171E-01
 0.968312078560623E-01
 0.969758027921912E-01
 0.972928747764166E-01
 0.973111888073796E-01
 0.974789497443230E-01
 0.976858434931737E-01
 0.978657525552655E-01
 0.977759962154502E-01
 0.979185013301377E-01
 0.977595575389561E-01
 0.973448503051047E-01
 0.971704083110067E-01
 0.967121299060580E-01
 0.965275295876905E-01
 0.960892785434100E-01
 0.958871033958168E-01
 0.954123372218648E-01
 0.951876634150824E-01
 0.947476091960033E-01
 0.945183815652349E-01
 0.940339467014456E-01
 0.937840717098717E-01
 0.933539404997223E-01
 0.931010633665433E-01
 0.926064606896245E-01
 0.923497005941802E-01
 0.918578587455303E-01
 0.911302854764831E-01
 0.901657739771189E-01
 0.889676287219246E-01
 0.875484716896165E-01
 0.859369688736240E-01
 0.842767936247408E-01
 0.826681771489316E-01
 0.810903879977783E-01
 0.795496044958276E-01
 0.780610414613127E-01
 0.766059461513655E-01
 0.751805660541139E-01
 0.738124088336056E-01
 0.724678989904269E-01
 0.711461142816761E-01
 0.698642120840712E-01
 0.686109141643619E-01
 0.673737911881779E-01
 0.661547995956359E-01
 0.649595855005502E-01
 0.637833723994659E-01
 0.626683841454440E-01
 0.615753766385640E-01
 0.604670808740378E-01
 0.593974999137452E-01
 0.583660088808076E-01
 0.573360273763710E-01
 0.563267117659668E-01
 0.553921094074457E-01
 0.544664889238921E-01
 0.535198604539116E-01
 0.526701999366762E-01
 0.517836663293629E-01
 0.509348594261434E-01
 0.499651106764847E-01
 0.488836447677513E-01
 0.477056252966132E-01
 0.464449040509782E-01
 0.451102290338649E-01
 0.437065006356069E-01
 0.422384468528306E-01
 0.407131210441744E-01
 0.391396415519694E-01
 0.375271270255587E-01
 0.358828596036418E-01
 0.342121469723012E-01
 0.325200537121345E-01
 0.317903230558064E-01
 0.352668147714815E-01
 0.387921098809981E-01
 0.423569373095103E-01
 0.459503143034596E-01
 0.496698536988329E-01
 0.535306502876251E-01
 0.573943445376680E-01
 0.612458108087732E-01
 0.650672638882929E-01
 0.689413091847711E-01
 0.729321298257264E-01
 0.768588362723116E-01
 0.807033093318609E-01
 0.844495818656991E-01
 0.881601332740560E-01
 0.919708615736319E-01
 0.956499131708891E-01
 0.991825138193809E-01
 0.102554098979924E+00
 0.105853601159164E+00
 0.109183285929891E+00
 0.112316176743226E+00
 0.115525944938672E+00
 0.118773553092738E+00
 0.121794127272815E+00
 0.124573254697108E+00
 0.127125878449227E+00
 0.129763425221160E+00
 0.132127448694234E+00
 0.134205352130620E+00
 0.136084665356044E+00
 0.137978040839331E+00
 0.139558993985003E+00
 0.140816635933522E+00
 0.142117788412831E+00
 0.143164847004637E+00
 0.143867711473431E+00
 0.144593737455523E+00
 0.145085190224690E+00
 0.145218706859020E+00
 0.145503672845023E+00
 0.145435411898344E+00
 0.145236537894767E+00
 0.144983910409761E+00
 0.144386659845934E+00
 0.143971197167701E+00
 0.143186667176867E+00
 0.142488141777479E+00
 0.141564984581838E+00
 0.140617516736151E+00
 0.139579254646827E+00
 0.138444086864810E+00
 0.137310708846213E+00
 0.136039437482391E+00
 0.134833371990427E+00
 0.133588343005319E+00
 0.132382737019929E+00
 0.131316963391252E+00
 0.130031981161235E+00
 0.128930024784717E+00
 0.127608782121799E+00
 0.125941839125122E+00
 0.124534103216999E+00
 0.122908996084656E+00
 0.121627270284829E+00
 0.120100246447343E+00
 0.118840801217094E+00
 0.117440209684228E+00
 0.116197762265980E+00
 0.114887063443053E+00
 0.113668012723832E+00
 0.112455433185745E+00
 0.111255360528648E+00
 0.110126205928158E+00
 0.108951631721122E+00
 0.107890530752280E+00
 0.106738839303029E+00
 0.105286658865376E+00
 0.103538135939980E+00
 0.101498711842375E+00
 0.991732504853796E-01
 0.966638461032500E-01
 0.942338134373399E-01
 0.918892556220807E-01
 0.896381329141935E-01
 0.874409231633261E-01
 0.895338473177379E-01
 0.912514280850623E-01
 0.931133914635551E-01
 0.945754550945802E-01
 0.960302620349513E-01
 0.972583549857589E-01
 0.983334248767525E-01
 0.993443279823289E-01
 0.100076652427990E+00
 0.100888639595062E+00
 0.101321064429771E+00
 0.101952799227518E+00
 0.102162721971459E+00
 0.102594469279922E+00
 0.102646892031764E+00
 0.102864281981298E+00
 0.102784474979736E+00
 0.102812049987641E+00
 0.102623281001967E+00
 0.102485528245040E+00
 0.102207160599501E+00
 0.101927366389384E+00
 0.101611256833705E+00
 0.101615396757682E+00
 0.101216844469134E+00
 0.100969899505201E+00
 0.100524691212692E+00
 0.997560396900759E-01
 0.993185215935561E-01
 0.985289485730860E-01
 0.980966619408810E-01
 0.973576220888649E-01
 0.969356920516969E-01
 0.961616216125392E-01
 0.957463492041963E-01
 0.950369347747972E-01
 0.946323192724786E-01
 0.938782476098014E-01
 0.934810545625649E-01
 0.927981545952795E-01
 0.924126532221994E-01
 0.916810311415512E-01
 0.913044594128078E-01
 0.941939910096576E-01
 0.972361790886706E-01
 0.100001448577421E+00
 0.102603215809904E+00
 0.105474774990313E+00
 0.108047045051085E+00
 0.110314631102576E+00
 0.112667155627685E+00
 0.114742016602462E+00
 0.116495889995704E+00
 0.118224423403783E+00
 0.119771681267926E+00
 0.120987542997722E+00
 0.122168384546842E+00
 0.123177403432634E+00
 0.123850277343593E+00
 0.124578309851716E+00
 0.125051904302725E+00
 0.125279941575718E+00
 0.125569302854245E+00
 0.125521953791618E+00
 0.125494910767256E+00
 0.125281387468427E+00
 0.124914600040399E+00
 0.124556329453580E+00
 0.123909232519314E+00
 0.123427215924889E+00
 0.122620469529741E+00
 0.121962902880684E+00
 0.121056164884410E+00
 0.120228951672351E+00
 0.119239788935736E+00
 0.118282060647091E+00
 0.117228869776682E+00
 0.116167381337120E+00
 0.115260914662520E+00
 0.114432401227655E+00
 0.113300748136606E+00
 0.112396373337260E+00
 0.111233883511634E+00
 0.109889477744797E+00
 0.108745577023006E+00
 0.107439400570872E+00
 0.106311223551123E+00
 0.105174393561803E+00
 0.104065200546203E+00
 0.102934774136809E+00
 0.101843264055941E+00
 0.100881905764133E+00
 0.998076332236253E-01
 0.988274704995056E-01
 0.977731381660999E-01
 0.969583791711973E-01
 0.959197679936066E-01
 0.950696294137646E-01
 0.940534451022613E-01
 0.927803232325389E-01
 0.912598448898288E-01
 0.895018849383178E-01
 0.875169261949839E-01
 0.853707924644732E-01
 0.832846227895336E-01
 0.812696078098734E-01
 0.793316306127303E-01
 0.774475946523343E-01
 0.756491494018793E-01
 0.739074191550475E-01
 0.722175283833188E-01
 0.705760374715990E-01
 0.689867630772325E-01
 0.674502975961736E-01
 0.659581196966728E-01
 0.645065714877053E-01
 0.630951561769253E-01
 0.617165528296771E-01
 0.603625305193049E-01
 0.590954544553412E-01
 0.578538677204139E-01
 0.566302046030165E-01
 0.569208514928366E-01
 0.588226207408074E-01
 0.606218748565533E-01
 0.625194102663207E-01
 0.642991137711965E-01
 0.659457529628575E-01
 0.674476087292581E-01
 0.688723669231670E-01
 0.702980959213843E-01
 0.715509008453676E-01
 0.728156049977599E-01
 0.741120132384448E-01
 0.752118745783989E-01
 0.761040358611710E-01
 0.769599484220522E-01
 0.777136039269972E-01
 0.782375545408595E-01
 0.786476008380562E-01
 0.790208290297999E-01
 0.791468069042465E-01
 0.792100150819532E-01
 0.791821975728803E-01
 0.788930240766774E-01
 0.787148066399564E-01
 0.782772856302263E-01
 0.778285609063488E-01
 0.772590325584998E-01
 0.765979887465079E-01
 0.759154641276740E-01
 0.750974906882580E-01
 0.743194842921208E-01
 0.733950583214855E-01
 0.725387125588206E-01
 0.715411491297969E-01
 0.706248166873914E-01
 0.695838120056057E-01
 0.686232922264020E-01
 0.676159152100253E-01
 0.666707755188412E-01
 0.656526603300887E-01
 0.646808056052961E-01
 0.637291269308332E-01
 0.627225575466576E-01
 0.618907380301237E-01
 0.608798247527649E-01
 0.597333155401406E-01
 0.587612353125099E-01
 0.577193882057498E-01
 0.567799899258512E-01
 0.558136420671240E-01
 0.549111250321192E-01
 0.540148662577064E-01
 0.531429731743752E-01
 0.551891785625059E-01
 0.583889415287957E-01
 0.616632884262848E-01
 0.647447372965073E-01
 0.676225734449343E-01
 0.705858074933544E-01
 0.734196817416600E-01
 0.762807655233790E-01
 0.791515006295479E-01
 0.817759116530661E-01
 0.841753807716302E-01
 0.866535388811759E-01
 0.888634699987099E-01
 0.908036581575520E-01
 0.928435600353521E-01
 0.945981651421642E-01
 0.961131332911593E-01
 0.976855967918701E-01
 0.989604825554716E-01
 0.100109030438511E+00
 0.101200552146910E+00
 0.101985723023924E+00
 0.102837212902550E+00
 0.103446159549648E+00
 0.103927425379497E+00
 0.104375718785793E+00
 0.104537489146578E+00
 0.104839733175183E+00
 0.104831744221160E+00
 0.104900757481285E+00
 0.104764576503025E+00
 0.104612420572645E+00
 0.104367334898062E+00
 0.104024681100183E+00
 0.103688286007664E+00
 0.103182079961193E+00
 0.102772089419351E+00
 0.102177191393400E+00
 0.101743344435330E+00
 0.101343144335258E+00
 0.100830519988450E+00
 0.100281883380982E+00
 0.997258984039464E-01
 0.988838511971898E-01
 0.980721398466919E-01
 0.972346408805816E-01
 0.964561861228617E-01
 0.956207131486646E-01
 0.949068812230567E-01
 0.940797800839088E-01
 0.933774542413505E-01
 0.925555851363566E-01
 0.919262175738237E-01
 0.911154005517373E-01
 0.904756267219415E-01
 0.896726361240154E-01
 0.891158412515239E-01
 0.883238479852599E-01
 0.877411761905497E-01
 0.869580737170258E-01
 0.859296223763929E-01
 0.846604188440809E-01
 0.831554581202833E-01
 0.814208712392060E-01
 0.795571366952593E-01
 0.777453986416544E-01
 0.759979265973199E-01
 0.743165196480194E-01
 0.726683350286604E-01
 0.711003596364394E-01
 0.695698492187326E-01
 0.680798881416629E-01
 0.666344160261422E-01
 0.652342274598586E-01
 0.638750392033390E-01
 0.625553539843925E-01
 0.612723896111806E-01
 0.600179184129739E-01
 0.587848094026813E-01
 0.575983799499684E-01
 0.564626651028744E-01
 0.553426661795890E-01
 0.542266457098160E-01
 0.531484247661183E-01
 0.521278361650904E-01
 0.511033820188110E-01
 0.500816945216215E-01
 0.491487900828242E-01
 0.482002418083083E-01
 0.472528079103772E-01
 0.463905346465825E-01
 0.455006641693228E-01
 0.446450412430576E-01
 0.444293166903159E-01
 0.443060252383772E-01
 0.440238893463759E-01
 0.439030058312055E-01
 0.436197387828262E-01
 0.434668714307425E-01
 0.432029472439734E-01
 0.430851943993790E-01
 0.428091635704955E-01
 0.426681654784580E-01
 0.424082044091983E-01
 0.422954449788662E-01
 0.420273843446138E-01
 0.429069347557350E-01
 0.459736839867308E-01
 0.492070762943121E-01
 0.526004051338339E-01
 0.561457946375616E-01
 0.598342487576979E-01
 0.636558589289624E-01
 0.676000314503006E-01
 0.716555908453693E-01
 0.758107256624591E-01
 0.800528714273598E-01
 0.844652494874366E-01
 0.890238730013811E-01
 0.936451150133266E-01
 0.983133118369229E-01
 0.103012287403615E+00
 0.107725548354507E+00
 0.112436359973082E+00
 0.117127675647771E+00
 0.121846958742705E+00
 0.126708930486036E+00
 0.131514246640437E+00
 0.136244181737036E+00
 0.140879778069187E+00
 0.145402028958840E+00
 0.149792126960335E+00
 0.154124310787540E+00
 0.158527354590568E+00
 0.162757229995179E+00
 0.166795222625064E+00
 0.170875444860329E+00
 0.175063725127736E+00
 0.179027304380994E+00
 0.182747659303443E+00
 0.186206594736844E+00
 0.189513580872169E+00
 0.192821142004968E+00
 0.195828753631765E+00
 0.198519703443340E+00
 0.200878179373752E+00
 0.203185132604511E+00
 0.205317062852546E+00
 0.207085129211537E+00
 0.208476307706252E+00
 0.209804619542773E+00
 0.210937775154678E+00
 0.211669595056921E+00
 0.212076179402860E+00
 0.212549789775108E+00
 0.212603223681385E+00
 0.212281699426340E+00
 0.212087981960053E+00
 0.211460354043066E+00
 0.210606569799281E+00
 0.209752222115831E+00
 0.208456039498915E+00
 0.207262305394218E+00
 0.205767604531618E+00
 0.204135512994789E+00
 0.202472117137782E+00
 0.200502423577099E+00
 0.198699568453955E+00
 0.196477848937155E+00
 0.194565499213613E+00
 0.192218076908942E+00
 0.190166628435467E+00
 0.187747362712671E+00
 0.185753590049591E+00
 0.183779063821403E+00
 0.181691510285420E+00
 0.179611387161066E+00
 0.177490768799271E+00
 0.174958115803564E+00
 0.172449685352845E+00
 0.169957836133604E+00
 0.167678089687391E+00
 0.165224837642894E+00
 0.163151678121837E+00
 0.160839897761359E+00
 0.158846475859480E+00
 0.156726343814025E+00
 0.154769215353851E+00
 0.152790104459449E+00
 0.150865823830719E+00
 0.149066561122482E+00
 0.147178127298288E+00
 0.145480676543301E+00
 0.143624493651805E+00
 0.141417058400309E+00
 0.138858751737449E+00
 0.135951155079551E+00
 0.132697600019239E+00
 0.129139129550182E+00
 0.125627941169943E+00
 0.122260559930905E+00
 0.119010546123871E+00
 0.121424710097978E+00
 0.125646812515916E+00
 0.129636231330615E+00
 0.133219533414065E+00
 0.136796606822782E+00
 0.140122905286413E+00
 0.143024986096268E+00
 0.145980520476746E+00
 0.148609927223467E+00
 0.150833398846585E+00
 0.153195819925651E+00
 0.155116291450032E+00
 0.156848036906139E+00
 0.158508420274311E+00
 0.159724492651637E+00
 0.161056262477693E+00
 0.162027353641103E+00
 0.162840902254000E+00
 0.163588762811322E+00
 0.163944055164290E+00
 0.164492310852360E+00
 0.164603606839585E+00
 0.164814466526339E+00
 0.164753586114745E+00
 0.164626811260034E+00
 0.164418819144677E+00
 0.163998070343864E+00
 0.163666102313110E+00
 0.162988973438095E+00
 0.162556071883427E+00
 0.162368839496489E+00
 0.161856174696744E+00
 0.161236001784338E+00
 0.160647313124188E+00
 0.159659253800094E+00
 0.158575320758062E+00
 0.157573485236880E+00
 0.156497620739367E+00
 0.155482919754474E+00
 0.154509841512445E+00
 0.153487965213268E+00
 0.152506565707183E+00
 0.151478026518655E+00
 0.150603555500161E+00
 0.149571721094869E+00
 0.148678527734354E+00
 0.147644808003870E+00
 0.146857091872275E+00
 0.145823494332387E+00
 0.145010925421864E+00
 0.143981437665027E+00
 0.142608794323125E+00
 0.140902720328601E+00
 0.138874131055838E+00
 0.136534646232379E+00
 0.133896362864126E+00
 0.131030824984675E+00
 0.128219837743509E+00
 0.125493189196351E+00
 0.122845014691675E+00
 0.120277379207875E+00
 0.117774368367666E+00
 0.115367679279026E+00
 0.113018771178045E+00
 0.110730228730472E+00
 0.108504153465988E+00
 0.106339275758810E+00
 0.104230069908064E+00
 0.102172346838548E+00
 0.100161280896567E+00
 0.981871066623951E-01
 0.963052328607036E-01
 0.944731092804266E-01
 0.926692163757553E-01
 0.908843960583983E-01
 0.891618850730512E-01
 0.875194393964151E-01
 0.858821449710677E-01
 0.842437172602089E-01
 0.827457657076995E-01
 0.812392859695124E-01
 0.797137403854491E-01
 0.783341631242553E-01
 0.769348019776595E-01
 0.755389931182430E-01
 0.739824407326634E-01
 0.722713251175845E-01
 0.704127204854313E-01
 0.684152305396130E-01
 0.662885095850680E-01
 0.640420821954623E-01
 0.616846421316317E-01
 0.592245176698183E-01
 0.566707639736453E-01
 0.540337203718161E-01
 0.513244872345266E-01
 0.485538972501185E-01
 0.457319713671731E-01
 0.428682322450594E-01
 0.399723889942250E-01
 0.370546992465815E-01
 0.355990148779294E-01
 0.371038722128976E-01
 0.396719902376027E-01
 0.423218034385743E-01
 0.450440487450022E-01
 0.478288458435914E-01
 0.506656894598915E-01
 0.535935185320112E-01
 0.566335328443083E-01
 0.597049927431284E-01
 0.627953909987082E-01
 0.658919720839048E-01
 0.689818715682868E-01
 0.720521315760968E-01
 0.750941168069150E-01
 0.782686432649984E-01
 0.813956812894975E-01
 0.844614449395803E-01
 0.874520450868225E-01
 0.903535819733736E-01
 0.931523626382478E-01
 0.960101467042224E-01
 0.988001840503748E-01
 0.101470522278581E+00
 0.104239901077973E+00
 0.106991268607819E+00
 0.109586623740389E+00
 0.112012941146231E+00
 0.114257789954340E+00
 0.116434970264963E+00
 0.118572322948785E+00
 0.120501460260366E+00
 0.122211469862922E+00
 0.123723898133556E+00
 0.125288640463834E+00
 0.126612513520879E+00
 0.127686549892244E+00
 0.128620392186002E+00
 0.129527062196202E+00
 0.130167340994716E+00
 0.130544493210177E+00
 0.131016293224523E+00
 0.131209667318922E+00
 0.131148090339440E+00
 0.131179665119098E+00
 0.130924857886888E+00
 0.130545322445463E+00
 0.130141257719387E+00
 0.129446755533458E+00
 0.128867227664497E+00
 0.128041161622419E+00
 0.127190500677555E+00
 0.126253271772300E+00
 0.125188062527126E+00
 0.124159831706375E+00
 0.122931424325199E+00
 0.121830385087078E+00
 0.120483374488589E+00
 0.119372066970615E+00
 0.118083066749016E+00
 0.116921833083906E+00
 0.115711989311847E+00
 0.114488640925979E+00
 0.113350621472558E+00
 0.112101813630799E+00
 0.110582742485479E+00
 0.109112733316650E+00
 0.107617431715642E+00
 0.106306126032624E+00
 0.104832109099048E+00
 0.103613007304671E+00
 0.102245897492101E+00
 0.101068301174191E+00
 0.997939567716011E-01
 0.986367021286621E-01
 0.974572888769725E-01
 0.963181902566265E-01
 0.952343705284730E-01
 0.941165684998699E-01
 0.930923568137448E-01
 0.919932611600386E-01
 0.906621629055960E-01
 0.891005095950970E-01
 0.873109734889685E-01
 0.852974419820625E-01
 0.830787618558121E-01
 0.808722408457836E-01
 0.787556795355529E-01
 0.767127354171319E-01
 0.747651202648396E-01
 0.728639888641731E-01
 0.710642227213764E-01
 0.693199564906229E-01
 0.676340141364709E-01
 0.660080383716957E-01
 0.644386668798565E-01
 0.629228350109467E-01
 0.614571617397319E-01
 0.600345053705035E-01
 0.586497235238886E-01
 0.572961278529535E-01
 0.560284684341070E-01
 0.547891429483032E-01
 0.535686070421670E-01
 0.523590202546354E-01
 0.519378555228158E-01
 0.521975106032736E-01
 0.525160516455570E-01
 0.527621442796557E-01
 0.531398170685111E-01
 0.533096799430146E-01
 0.535676107773197E-01
 0.537001252183737E-01
 0.536110821021391E-01
 0.537430748614638E-01
 0.535996155719162E-01
 0.537310058166234E-01
 0.535741590542528E-01
 0.536949167666345E-01
 0.535446387964162E-01
 0.557179103409338E-01
 0.579158894773495E-01
 0.599977991160251E-01
 0.621324280196663E-01
 0.640677767240962E-01
 0.657944337561549E-01
 0.674918831542459E-01
 0.690967047377231E-01
 0.705295975288974E-01
 0.721748440617792E-01
 0.736109446452378E-01
 0.747930379572000E-01
 0.759706988203654E-01
 0.769843903336384E-01
 0.777268023616864E-01
 0.785026797360831E-01
 0.790682148585155E-01
 0.794100753642645E-01
 0.798075210671766E-01
 0.799144211721191E-01
 0.800189768022723E-01
 0.799659322561737E-01
 0.797820039639036E-01
 0.795842949713431E-01
 0.791701698610058E-01
 0.788443698583174E-01
 0.782448326431606E-01
 0.778091512433061E-01
 0.770789259498927E-01
 0.765298861267314E-01
 0.757079488237742E-01
 0.750503522378502E-01
 0.741523022388043E-01
 0.734092998705890E-01
 0.724520270947926E-01
 0.716435996479535E-01
 0.706458873430162E-01
 0.697951778754733E-01
 0.689612876814353E-01
 0.682014280407514E-01
 0.672201878396946E-01
 0.664604858906771E-01
 0.654315975339514E-01
 0.646469097611970E-01
 0.636463227889427E-01
 0.629413449566114E-01
 0.620084274713283E-01
 0.613187256395895E-01
 0.604403647101674E-01
 0.597877419995346E-01
 0.589607436591939E-01
 0.583224971106997E-01
 0.575511692703958E-01
 0.569481722859209E-01
 0.562044751277385E-01
 0.556168073296719E-01
 0.548570708673380E-01
 0.542932104703197E-01
 0.534918433931227E-01
 0.524577064918897E-01
 0.511968445907010E-01
 0.498087942122088E-01
 0.484637081254249E-01
 0.471692850650473E-01
 0.459219542876997E-01
 0.447063696062594E-01
 0.438222351153300E-01
 0.442404476110403E-01
 0.445966916131893E-01
 0.448359567315898E-01
 0.450574382399967E-01
 0.451151859798550E-01
 0.452160504679686E-01
 0.450993814310586E-01
 0.450956663299449E-01
 0.448278564719258E-01
 0.448095245546363E-01
 0.446030202490129E-01
 0.445752922912349E-01
 0.442785475838083E-01
 0.441808941199706E-01
 0.438747155545254E-01
 0.438417123974090E-01
 0.435748965471264E-01
 0.434842062514355E-01
 0.439694177675415E-01
 0.468133734412266E-01
 0.495330514134300E-01
 0.521153459060419E-01
 0.548187211037104E-01
 0.573718111723582E-01
 0.597523494186825E-01
 0.619488045108640E-01
 0.641844237922911E-01
 0.662661791838440E-01
 0.681337883481882E-01
 0.697781526329761E-01
 0.714218833453778E-01
 0.729412569188164E-01
 0.747450129761358E-01
 0.765630982610031E-01
 0.782244002161590E-01
 0.796272291419697E-01
 0.809718424530481E-01
 0.822045621103803E-01
 0.831597796777209E-01
 0.840557437055893E-01
 0.848223156166868E-01
 0.852972175194786E-01
 0.857750062104403E-01
 0.860522483977860E-01
 0.860451991497250E-01
 0.861295547065531E-01
 0.859100710514960E-01
 0.855717760501186E-01
 0.851675142433144E-01
 0.844600686859155E-01
 0.838644983136010E-01
 0.829919584300760E-01
 0.820808209686321E-01
 0.810687482056189E-01
 0.799118416500441E-01
 0.787902011172441E-01
 0.774667982298100E-01
 0.762673792637459E-01
 0.750316262739364E-01
 0.739227950496941E-01
 0.727997999368098E-01
 0.716343666131909E-01
 0.706064776342555E-01
 0.695340684877618E-01
 0.686589361039443E-01
 0.676163661001873E-01
 0.668113229280009E-01
 0.659562132590177E-01
 0.651415077796353E-01
 0.643471120186521E-01
 0.635087261573603E-01
 0.627867803920899E-01
 0.619367555889584E-01
 0.615942267400460E-01
 0.614955222469637E-01
 0.612433898567563E-01
 0.610914279231794E-01
 0.609676825724392E-01
 0.607292337047632E-01
 0.605549325759658E-01
 0.602875378356765E-01
 0.600920167694721E-01
 0.598164824951935E-01
 0.596423997386589E-01
 0.593741819936388E-01
 0.592427233894719E-01
 0.589916489796453E-01
 0.589027980284819E-01
 0.586732416198051E-01
 0.590450826956018E-01
 0.596688207207267E-01
 0.603563819100985E-01
 0.608006590162089E-01
 0.610962364877812E-01
 0.613736870900221E-01
 0.614117603348608E-01
 0.614520462753446E-01
 0.613456636691636E-01
 0.612957861053484E-01
 0.611785205493494E-01
 0.609935167278564E-01
 0.607567497630844E-01
 0.603984850094591E-01
 0.600686747044671E-01
 0.596067075845633E-01
 0.592093770821406E-01
 0.587030689679722E-01
 0.582609111471745E-01
 0.578631674830216E-01
 0.574536510906660E-01
 0.570794486244889E-01
 0.566346445736086E-01
 0.562965533522376E-01
 0.558835071074392E-01
 0.556248149068287E-01
 0.552091736637840E-01
 0.549366051419559E-01
 0.545395387898075E-01
 0.542872042217580E-01
 0.539410715515599E-01
 0.536625935846693E-01
 0.533057742216598E-01
 0.530075571325190E-01
 0.526318950591016E-01
 0.523198336541173E-01
 0.519191320743702E-01
 0.515987344369184E-01
 0.511690733294344E-01
 0.508462737210964E-01
 0.503848487504407E-01
 0.500659975504759E-01
 0.495708949775500E-01
 0.489049576815925E-01
 0.480743365165257E-01
 0.470857726994619E-01
 0.459465177801364E-01
 0.446643566783297E-01
 0.432479147159963E-01
 0.419034204282197E-01
 0.407513189439896E-01
 0.397329486292054E-01
 0.388189795776968E-01
 0.379734534121591E-01
 0.371811691451510E-01
 0.364452896402805E-01
 0.357454370356852E-01
 0.350718431985405E-01
 0.344344222795770E-01
 0.338167035486281E-01
 0.332117633250974E-01
 0.326127914432986E-01
 0.320135582188897E-01
 0.314543828666436E-01
 0.309020745752149E-01
 0.303411524871497E-01
 0.297911086919411E-01
 0.292763822318275E-01
 0.287467047672733E-01
 0.282213411951338E-01
 0.277361108129516E-01
 0.272311114050065E-01
 0.267446134174041E-01
 0.262845252447980E-01
 0.257996661109865E-01
 0.253644766670565E-01
 0.248467169036476E-01
 0.242502022396736E-01
 0.235793278743092E-01
 0.228387574684770E-01
 0.220331223395057E-01
 0.211670195509309E-01
 0.202452819649732E-01
 0.192732035329798E-01
 0.183826907715448E-01
 0.183215484063866E-01
 0.181911175948356E-01
 0.181297443746910E-01
 0.180020022748457E-01
 0.179453642174814E-01
 0.178196751895761E-01
 0.176153031704726E-01
 0.173373139188722E-01
 0.169908585060859E-01
 0.165810881339052E-01
 0.161132116394848E-01
 0.156053227149774E-01
 0.151483642428472E-01
 0.147454066683747E-01
 0.143823926699983E-01
 0.140509403926130E-01
 0.137427860441546E-01
 0.134515356331122E-01
 0.131754956427346E-01
 0.129146111409251E-01
 0.126661821381658E-01
 0.124283749011850E-01
 0.122001228493664E-01
 0.119789044601102E-01
 0.117627120948371E-01
 0.115493266051851E-01
 0.113427849504090E-01
 0.111496381340626E-01
 0.109571255784312E-01
 0.107623432355838E-01
 0.105779205921368E-01
 0.104020499716496E-01
 0.102228263905043E-01
 0.100465865543685E-01
 0.988636604507056E-02
 0.971987931194934E-02
 0.955867918383430E-02
 0.941198250784673E-02
 0.925883508523894E-02
 0.911702223814061E-02
 0.894284639317024E-02
 0.873909421722474E-02
 0.850862620733607E-02
 0.825415961381999E-02
 0.797819961207215E-02
 0.768319103053742E-02
 0.737172712345152E-02
 0.704657319539002E-02
 0.671045038508207E-02
 0.636578596984236E-02
 0.601468097334506E-02
 0.565911908842223E-02
 0.530119130666048E-02
 0.494310657655129E-02
 0.466787119942513E-02
 0.467774289249139E-02
 0.468706441885675E-02
 0.469590333697782E-02
 0.470427672194534E-02
 0.471212162984500E-02
 0.471932883449795E-02
 0.472581458253934E-02
 0.473157177308995E-02
 0.473665859107524E-02
 0.474113653733645E-02
 0.474501417748870E-02
 0.474824782296526E-02
 0.475079925427653E-02
 0.475269854344600E-02
 0.475405369303574E-02
 0.475499436243585E-02
 0.475559438639865E-02
 0.475583679579807E-02
 0.475564959591120E-02
 0.475498206163518E-02
 0.475385984190724E-02
 0.475237779896912E-02
 0.475064234694054E-02
 0.474871449314378E-02
 0.474659910227840E-02
 0.474428280241555E-02
 0.474178096083106E-02
 0.473914903057768E-02
 0.473644838684141E-02
 0.473370006830212E-02
 0.473087280223427E-02
 0.472792182674419E-02
 0.472484785158618E-02
 0.472172334264806E-02
 0.471865808017467E-02
 0.471572816036341E-02
 0.471292676157295E-02
 0.471017944068501E-02
 0.470741306800177E-02
 0.470462181481468E-02
 0.470187596275323E-02
 0.469926789314908E-02
 0.469684218095877E-02
 0.469456816838909E-02
 0.469237528955234E-02
 0.469021809018274E-02
 0.468811506338010E-02
 0.468613062741354E-02
 0.468431892479271E-02
 0.468267894870462E-02
 0.468115811213168E-02
 0.467969845337523E-02
 0.467828371073104E-02
 0.467694660254981E-02
 0.467573178594936E-02
 0.467464936518855E-02
 0.467366205002949E-02
 0.467271856315057E-02
 0.467180317852636E-02
 0.467095468544106E-02
 0.467023394449854E-02
 0.466966592049570E-02
 0.466920780074398E-02
 0.466877479953393E-02
 0.466830544318445E-02
 0.466781222089917E-02
 0.466737395485718E-02
 0.466707469941022E-02
 0.466693841763276E-02
 0.466691107956223E-02
 0.466690147896994E-02
 0.466684478279690E-02
 0.466673821357448E-02
 0.466662576567010E-02
 0.466655210589425E-02
 0.466652771917493E-02
 0.466653192253780E-02
 0.466654408584832E-02
 0.466656894718085E-02
 0.466662984035679E-02
 0.466673576426442E-02
 0.466685532123753E-02
 0.466692753841751E-02
 0.466690740229048E-02
 0.466680996431400E-02
 0.466671225738822E-02
 0.466670419403811E-02
 0.466682287847009E-02
 0.466702193340453E-02
 0.466720178102025E-02
 0.466727850615104E-02
 0.466723856921466E-02
 0.466713968908906E-02
 0.466706256182668E-02
 0.466705534221358E-02
 0.466711276535862E-02
 0.466719803909721E-02
 0.466728002912367E-02
 0.466735099708739E-02
 0.466741400233422E-02
 0.466745966559142E-02
 0.466746130294651E-02
 0.466739816545296E-02
 0.466728694330236E-02
 0.466718898752217E-02
 0.466717772917570E-02
 0.466728497045292E-02
 0.466746753203989E-02
 0.466762567579942E-02
 0.466766637254447E-02
 0.466756737320817E-02
 0.466739376139056E-02
 0.466725348547508E-02
 0.466722535772672E-02
 0.466731329223974E-02
 0.466745711676438E-02
 0.466758384535950E-02
 0.466765418323778E-02
 0.466767077811113E-02
 0.466765323810658E-02
 0.466761302374792E-02
 0.466755429893129E-02
 0.466749477372173E-02
 0.466747677870708E-02
 0.466754698526215E-02
 0.466771543077446E-02
 0.466792982547939E-02
 0.466809461914520E-02
 0.466812954187044E-02
 0.466802785942126E-02
 0.466786960899583E-02
 0.466777549815264E-02
 0.466783070590223E-02
 0.466803120214089E-02
 0.466828970919501E-02
 0.466849509024811E-02
 0.466858093242033E-02
 0.466855588614992E-02
 0.466848137212945E-02
 0.466842309153445E-02
 0.466841719742931E-02
 0.466847035548049E-02
 0.466857847336272E-02
 0.466873522451738E-02
 0.466892008013818E-02
 0.466908492232301E-02
 0.466916613664971E-02
 0.466912524790667E-02
 0.466898843636048E-02
 0.466884700767866E-02
 0.466880818037595E-02
 0.466892618664046E-02
 0.466916267797119E-02
 0.466940635315306E-02
 0.466953979883931E-02
 0.466950908386434E-02
 0.466935158650618E-02
 0.466916753164979E-02
 0.466905788569856E-02
 0.466907012973803E-02
 0.466918313163935E-02
 0.466933264207503E-02
 0.466945250999136E-02
 0.466950239571831E-02
 0.466947106363070E-02
 0.466936697748708E-02
 0.466921388856282E-02
 0.466905445455720E-02
 0.466894717288541E-02
 0.466894267333182E-02
 0.466904719424082E-02
 0.466920243880638E-02
 0.466930722679629E-02
 0.466927556428373E-02
 0.466909345438636E-02
 0.466883265512067E-02
 0.466860928843757E-02
 0.466851484329501E-02
 0.466856521612300E-02
 0.466869801760271E-02
 0.466881438032509E-02
 0.466883498834936E-02
 0.466873688484255E-02
 0.466855491510505E-02
 0.466835462245064E-02
 0.466819742992310E-02
 0.466811765592138E-02
 0.466811807682102E-02
 0.466817715585116E-02
 0.466825727054322E-02
 0.466831101856265E-02
 0.466829218897393E-02
 0.466817661679474E-02
 0.466798442790938E-02
 0.466778329902599E-02
 0.466765902859298E-02
 0.466766486615409E-02
 0.466778360289108E-02
 0.466793304216357E-02
 0.466801484464321E-02
 0.466797361710832E-02
 0.466782594043551E-02
 0.466764319513866E-02
 0.466750563386250E-02
 0.466746071733775E-02
 0.466750797436265E-02
 0.466761013221686E-02
 0.466771588544789E-02
 0.466778045720494E-02
 0.466777854422309E-02
 0.466771013456578E-02
 0.466760012031379E-02
 0.466749116756075E-02
 0.466742963808944E-02
 0.466744707104962E-02
 0.466754353518922E-02
 0.466768191728544E-02
 0.466780055529938E-02
 0.466784287973678E-02
 0.466778987629673E-02
 0.466767430755428E-02
 0.466756408201867E-02
 0.466752314838965E-02
 0.466757558079221E-02
 0.466769631777410E-02
 0.466783134644346E-02
 0.466792925858195E-02
 0.466796278645911E-02
 0.466793281549402E-02
 0.466786196354030E-02
 0.466778636412476E-02
 0.466774605049316E-02
 0.466777034772022E-02
 0.466786150512146E-02
 0.466798845067318E-02
 0.466809992382941E-02
 0.466815181228537E-02
 0.466813100208239E-02
 0.466806021835269E-02
 0.466798299269157E-02
 0.466794098115147E-02
 0.466795696133869E-02
 0.466802878032502E-02
 0.466813239942935E-02
 0.466823105316339E-02
 0.466828878597947E-02
 0.466828529066170E-02
 0.466822595800502E-02
 0.466814119446168E-02
 0.466807403573010E-02
 0.466806117756358E-02
 0.466811555202212E-02
 0.466821809359703E-02
 0.466832384811036E-02
 0.466838261943303E-02
 0.466836607149000E-02
 0.466828565769804E-02
 0.466818746584142E-02
 0.466812457156629E-02
 0.466812526448689E-02
 0.466818000910879E-02
 0.466825476608369E-02
 0.466831634172570E-02
 0.466834779451967E-02
 0.466834561706926E-02
 0.466831015688790E-02
 0.466824513476091E-02
 0.466816717035637E-02
 0.466810986494942E-02
 0.466810904711908E-02
 0.466817562265393E-02
