 0.000000000000000E+00
 0.000000000000000E+00
 0.000000000000000E+00
 0.000000000000000E+00
 0.000000000000000E+00
 0.000000000000000E+00
 0.000000000000000E+00
 0.000000000000000E+00
 0.000000000000000E+00
 0.000000000000000E+00
 0.000000000000000E+00
 0.000000000000000E+00
 0.000000000000000E+00
 0.000000000000000E+00
 0.000000000000000E+00
 0.000000000000000E+00
 0.000000000000000E+00
 0.000000000000000E+00
 0.000000000000000E+00
 0.000000000000000E+00
 0.000000000000000E+00
 0.000000000000000E+00
 0.000000000000000E+00
 0.000000000000000E+00
 0.000000000000000E+00
 0.000000000000000E+00
 0.000000000000000E+00
 0.000000000000000E+00
 0.198091017600286E-33
 0.100783392953880E-31
 0.332520261529186E-30
 0.677029589359260E-29
 0.964768336923608E-28
 0.338114496163646E-26
 0.653239958102914E-25
 0.848066960155347E-24
 0.853312842685971E-23
 0.711195431109120E-22
 0.510403126286529E-21
 0.323534772119760E-20
 0.184409255093995E-19
 0.957653005616537E-19
 0.457596189892594E-18
 0.202691151277755E-17
 0.836910391982588E-17
 0.338098584910540E-16
 0.130083522830796E-15
 0.466854696122302E-15
 0.156723271513203E-14
 0.492998737040211E-14
 0.145414511100588E-13
 0.401903595232367E-13
 0.121713696616846E-12
 0.381259794188180E-12
 0.114437882302814E-11
 0.329722643762542E-11
 0.913415997196548E-11
 0.243665709580191E-10
 0.626830665263091E-10
 0.155712136228457E-09
 0.373992133649946E-09
 0.869538414893353E-09
 0.195924610760213E-08
 0.428273890154155E-08
 0.909112409651394E-08
 0.187578065821734E-07
 0.380866224315625E-07
 0.756625865615151E-07
 0.146349462051655E-06
 0.275829035333231E-06
 0.506925979325114E-06
 0.909080356062147E-06
 0.159181516793435E-05
 0.272319379888843E-05
 0.455415359053822E-05
 0.744927092262531E-05
 0.119238917376126E-04
 0.187582980347884E-04
 0.291820832045984E-04
 0.444624904634282E-04
 0.686534163079088E-04
 0.104054062283244E-03
 0.154324859156834E-03
 0.225283046247414E-03
 0.324713730513350E-03
 0.458516975984088E-03
 0.634660150019146E-03
 0.861595649481499E-03
 0.114785926252065E-02
 0.150157892050473E-02
 0.195714637131752E-02
 0.253891510776151E-02
 0.324005314803551E-02
 0.406961273029080E-02
 0.506986845422089E-02
 0.624251308510163E-02
 0.757387092712902E-02
 0.906093686844286E-02
 0.106967802884091E-01
 0.125208013093182E-01
 0.145543090476626E-01
 0.167249577489290E-01
 0.190183435282416E-01
 0.214213148912925E-01
 0.241825487292592E-01
 0.271751210135048E-01
 0.302885638235101E-01
 0.335158246572851E-01
 0.370189735744217E-01
 0.406697450619889E-01
 0.444378368950015E-01
 0.483202195597895E-01
 0.523111286315146E-01
 0.564006681411313E-01
 0.607287313112595E-01
 0.652098033567550E-01
 0.697577278819307E-01
 0.743486788493243E-01
 0.789583914713375E-01
 0.835642974483456E-01
 0.882879284556233E-01
 0.931280635134698E-01
 0.979268568628740E-01
 0.102672125219222E+00
 0.107353313761919E+00
 0.111959383787242E+00
 0.116589626138210E+00
 0.121317999624099E+00
 0.125936625800896E+00
 0.130423495438096E+00
 0.134754451943943E+00
 0.138905342774911E+00
 0.143065330790835E+00
 0.147172768279982E+00
 0.151052793078829E+00
 0.154714321325116E+00
 0.158758053255294E+00
 0.162541398901940E+00
 0.166050284019334E+00
 0.169275227547242E+00
 0.172438616367546E+00
 0.175500092614070E+00
 0.178259377853540E+00
 0.180707866624937E+00
 0.182892155912265E+00
 0.185141059564459E+00
 0.187048181090210E+00
 0.188596908765799E+00
 0.189922223032985E+00
 0.191224814803125E+00
 0.192137261358757E+00
 0.192652860466128E+00
 0.193291284516446E+00
 0.193548902444727E+00
 0.193407707832303E+00
 0.193402569125976E+00
 0.193029798695071E+00
 0.192363140095365E+00
 0.191788544205752E+00
 0.190821702332081E+00
 0.189823244527153E+00
 0.188681978964611E+00
 0.187259047551910E+00
 0.191823918766073E+00
 0.196757553467255E+00
 0.201666027572471E+00
 0.206573280827187E+00
 0.211261750385494E+00
 0.215719791429471E+00
 0.219933954822945E+00
 0.224277153727185E+00
 0.228392414429400E+00
 0.232227850065025E+00
 0.235856492988805E+00
 0.240890089446735E+00
 0.245658227223186E+00
 0.250396343389615E+00
 0.255081040305050E+00
 0.259462506755504E+00
 0.263526552794297E+00
 0.267619074879385E+00
 0.271549614779022E+00
 0.275139376840653E+00
 0.278430416261702E+00
 0.281872480318587E+00
 0.284957968738585E+00
 0.287680037148094E+00
 0.290440786908567E+00
 0.292999215105339E+00
 0.295175817949415E+00
 0.297285013890890E+00
 0.299291021300070E+00
 0.300895859161740E+00
 0.302441055585953E+00
 0.303873038768445E+00
 0.304891099502337E+00
 0.305963591182363E+00
 0.306816938873353E+00
 0.307254286052874E+00
 0.307944984402285E+00
 0.308235032879577E+00
 0.308347304711607E+00
 0.308509401555222E+00
 0.308672503323872E+00
 0.309719248567982E+00
 0.310773387986677E+00
 0.311388294646947E+00
 0.312255139127658E+00
 0.312789917439130E+00
 0.313158802584350E+00
 0.313628559830038E+00
 0.313657866039726E+00
 0.313943289283084E+00
 0.313922922271448E+00
 0.313776359422567E+00
 0.313720797398198E+00
 0.313222658910633E+00
 0.313093014291001E+00
 0.312574498050691E+00
 0.311612818204212E+00
 0.311013714981990E+00
 0.310049951307468E+00
 0.308649320740571E+00
 0.306815258183299E+00
 0.304553057168137E+00
 0.301870359254285E+00
 0.298777157120337E+00
 0.295664179743938E+00
 0.292642617049772E+00
 0.289225759205209E+00
 0.285425369260420E+00
 0.281254854940864E+00
 0.276772327529722E+00
 0.272315382935340E+00
 0.267947944461669E+00
 0.263646705893203E+00
 0.259461341442553E+00
 0.255318282209531E+00
 0.251277212712214E+00
 0.247319876651916E+00
 0.243430138125349E+00
 0.239611804930795E+00
 0.235863839600838E+00
 0.232184210591542E+00
 0.228569737384156E+00
 0.225012706911094E+00
 0.221504127697034E+00
 0.218115162914942E+00
 0.214787516982061E+00
 0.211502575443001E+00
 0.208247637297458E+00
 0.205049822975209E+00
 0.201982978875104E+00
 0.198928256377474E+00
 0.196100386170179E+00
 0.193792667351526E+00
 0.191418517104699E+00
 0.189244609651079E+00
 0.187009367382423E+00
 0.184778780281201E+00
 0.182317472947185E+00
 0.180047097859339E+00
 0.177649500246680E+00
 0.175406252393343E+00
 0.172919034678314E+00
 0.170190375930860E+00
 0.167222111985551E+00
 0.164019190244342E+00
 0.160591749080150E+00
 0.156953988364557E+00
 0.155369324816360E+00
 0.156714690752240E+00
 0.158182421806077E+00
 0.159513731401521E+00
 0.160642616314064E+00
 0.161894643150599E+00
 0.163017584915232E+00
 0.163944701248130E+00
 0.164987679657776E+00
 0.165917184586724E+00
 0.166658316383953E+00
 0.167500988233206E+00
 0.168253301147568E+00
 0.168825905371899E+00
 0.169478264664376E+00
 0.170071279091301E+00
 0.170494609238401E+00
 0.170968620897775E+00
 0.171420646641529E+00
 0.171713893375258E+00
 0.172023351967172E+00
 0.172352354091743E+00
 0.172533989635889E+00
 0.172691848708047E+00
 0.172915690772123E+00
 0.173003975824328E+00
 0.172967685646270E+00
 0.172818738412147E+00
 0.172710690954635E+00
 0.172609882307551E+00
 0.172407097870135E+00
 0.172113802999165E+00
 0.171741472429145E+00
 0.171301088564659E+00
 0.170802705754672E+00
 0.170255214772007E+00
 0.169666438559356E+00
 0.169043578183714E+00
 0.168393828871279E+00
 0.167724833787954E+00
 0.167044676900315E+00
 0.166361351437843E+00
 0.165681939967105E+00
 0.165011915093905E+00
 0.164354912225864E+00
 0.163713083329137E+00
 0.163087856096860E+00
 0.162480733603344E+00
 0.161893744200267E+00
 0.161595248036872E+00
 0.161944782228221E+00
 0.162310804471234E+00
 0.162687317820513E+00
 0.162987045188097E+00
 0.163201109662144E+00
 0.163393942132998E+00
 0.163629109433873E+00
 0.163763515828500E+00
 0.163787423726786E+00
 0.163865319473293E+00
 0.163906735103769E+00
 0.163823506887952E+00
 0.163692888726519E+00
 0.163629283619583E+00
 0.163427101035424E+00
 0.163113559063853E+00
 0.162933104774253E+00
 0.162600382832020E+00
 0.162129059324605E+00
 0.161822062482155E+00
 0.161350005756025E+00
 0.160705236634292E+00
 0.159881017106882E+00
 0.162900911905777E+00
 0.166090028026049E+00
 0.169076936579668E+00
 0.171848752422807E+00
 0.174551321250707E+00
 0.177210626835951E+00
 0.179629391521148E+00
 0.181795829180906E+00
 0.183877968580907E+00
 0.185898237253107E+00
 0.187646378084004E+00
 0.189112004435841E+00
 0.190651762318291E+00
 0.191950867027692E+00
 0.192951264181041E+00
 0.193918908895925E+00
 0.194746510074759E+00
 0.195316722650757E+00
 0.197579160224743E+00
 0.199541085580554E+00
 0.201382685102440E+00
 0.203198641587922E+00
 0.204697424563092E+00
 0.206094754925547E+00
 0.207446174633560E+00
 0.208467141969299E+00
 0.209489472598031E+00
 0.210368771691789E+00
 0.210906823108262E+00
 0.211625036109739E+00
 0.212030576644553E+00
 0.212282294926049E+00
 0.212570350809579E+00
 0.212506779406374E+00
 0.212571947835139E+00
 0.212405010357645E+00
 0.212091114903863E+00
 0.211831263541693E+00
 0.211222385831003E+00
 0.210843337867448E+00
 0.210156907083969E+00
 0.209484059778672E+00
 0.208735900657451E+00
 0.207790170143740E+00
 0.206998123154832E+00
 0.205860475218066E+00
 0.204977399615306E+00
 0.203814700429413E+00
 0.202706447880308E+00
 0.201533990239410E+00
 0.200025820785991E+00
 0.198367240368417E+00
 0.196865009064528E+00
 0.195036659074958E+00
 0.192885827791675E+00
 0.190416549835679E+00
 0.187634298731603E+00
 0.184547097228269E+00
 0.182213417505666E+00
 0.180184386997053E+00
 0.178309005770575E+00
 0.176075689253541E+00
 0.173584534038808E+00
 0.171121540671303E+00
 0.168690000530052E+00
 0.166293046203599E+00
 0.163941792583731E+00
 0.161608092389257E+00
 0.159327091643901E+00
 0.157090785420319E+00
 0.154877218858039E+00
 0.152693427929184E+00
 0.150539221080342E+00
 0.148407478777464E+00
 0.146291315511697E+00
 0.144241137790629E+00
 0.142225169221917E+00
 0.140225958208562E+00
 0.138233036247971E+00
 0.136233422752058E+00
 0.134347117685699E+00
 0.132465177990842E+00
 0.130569868531041E+00
 0.128708416067468E+00
 0.130024557792102E+00
 0.131886593111731E+00
 0.133651761852962E+00
 0.135053679530131E+00
 0.136655696580814E+00
 0.137881627055725E+00
 0.139057435871300E+00
 0.140119844248070E+00
 0.140879960063551E+00
 0.141790812840982E+00
 0.142310648045799E+00
 0.142918165482828E+00
 0.143294971781501E+00
 0.143533826130199E+00
 0.143779162494029E+00
 0.143673927179532E+00
 0.143801561939742E+00
 0.143531730766586E+00
 0.143392924527483E+00
 0.143021309223145E+00
 0.144469991793600E+00
 0.147950153774174E+00
 0.151230866167695E+00
 0.154456540295914E+00
 0.157666072471239E+00
 0.160654784533456E+00
 0.163415296968496E+00
 0.166055061708551E+00
 0.168707324086526E+00
 0.171115906006771E+00
 0.173276233260871E+00
 0.175349274413427E+00
 0.177377721042915E+00
 0.179147585328748E+00
 0.180657226772736E+00
 0.182210148157871E+00
 0.183575460257142E+00
 0.184676223393446E+00
 0.185654680540062E+00
 0.186612985560502E+00
 0.187306285296379E+00
 0.187781506925640E+00
 0.188337859216990E+00
 0.188631920913486E+00
 0.188678791192724E+00
 0.188845239671165E+00
 0.188754449452757E+00
 0.188443043948415E+00
 0.188238252736257E+00
 0.187784621846656E+00
 0.187183212186443E+00
 0.186631198759136E+00
 0.185841206289935E+00
 0.185015593285342E+00
 0.184141347562195E+00
 0.183674196987095E+00
 0.184054060520827E+00
 0.184552086398397E+00
 0.184794008220144E+00
 0.184962536124542E+00
 0.185136103152746E+00
 0.185060887579989E+00
 0.185053971885126E+00
 0.184923350520166E+00
 0.184584104440024E+00
 0.184409975601028E+00
 0.183998960497419E+00
 0.183553404550394E+00
 0.183113770124124E+00
 0.182447939310289E+00
 0.181927598879030E+00
 0.181246538219101E+00
 0.180480549073923E+00
 0.179790355206489E+00
 0.178890535093994E+00
 0.177790943000360E+00
 0.176501324334135E+00
 0.175379209794816E+00
 0.174100096759975E+00
 0.172646015507743E+00
 0.171027862649671E+00
 0.169257816154718E+00
 0.167349625326325E+00
 0.165318147050151E+00
 0.163178556349363E+00
 0.160945818148563E+00
 0.158634692309118E+00
 0.156260069087647E+00
 0.153837194907156E+00
 0.151381511595318E+00
 0.148908224387128E+00
 0.146431990628961E+00
 0.143967042510377E+00
 0.141527676296566E+00
 0.139128669588067E+00
 0.138804817156931E+00
 0.141154378085332E+00
 0.143532044166091E+00
 0.145923758141914E+00
 0.148315664352676E+00
 0.150694301171767E+00
 0.153046455074810E+00
 0.155358799608288E+00
 0.157617616826089E+00
 0.159808847499913E+00
 0.161989185465665E+00
 0.164176174129224E+00
 0.166270699631479E+00
 0.168259033968669E+00
 0.170127866202556E+00
 0.171864615153857E+00
 0.173513273816160E+00
 0.175191366740724E+00
 0.176715513129512E+00
 0.178074585228096E+00
 0.179258063010282E+00
 0.180379689298599E+00
 0.181471779599071E+00
 0.182370220817759E+00
 0.183065965713321E+00
 0.183669743116083E+00
 0.184259328536841E+00
 0.184632765767089E+00
 0.184783113299848E+00
 0.184980122004223E+00
 0.185019019454083E+00
 0.184825122359509E+00
 0.184600733440222E+00
 0.184300389564690E+00
 0.183759910337042E+00
 0.183200387430707E+00
 0.182562786712973E+00
 0.181680513068792E+00
 0.180867625955421E+00
 0.180258175771427E+00
 0.180776181734878E+00
 0.181069821958068E+00
 0.181286808521109E+00
 0.181530811602544E+00
 0.181541237728321E+00
 0.181578557372513E+00
 0.181548160621519E+00
 0.181276878622100E+00
 0.181174211821841E+00
 0.180872022181037E+00
 0.180448242131142E+00
 0.180122672289301E+00
 0.179553446162014E+00
 0.179058923085298E+00
 0.178477173538889E+00
 0.177703710719178E+00
 0.177121794784120E+00
 0.176295546290097E+00
 0.175222816330114E+00
 0.173902063516919E+00
 0.172805819983674E+00
 0.171502858343571E+00
 0.169954003783319E+00
 0.168159414423616E+00
 0.166120211843591E+00
 0.163838779562407E+00
 0.161318797111137E+00
 0.158564944400803E+00
 0.155593519701532E+00
 0.152615511950240E+00
 0.149696048133091E+00
 0.146843560582130E+00
 0.144033531755590E+00
 0.141308735018710E+00
 0.138628016326834E+00
 0.135997057531467E+00
 0.133419245045086E+00
 0.130898139417417E+00
 0.128432701083085E+00
 0.130210441710998E+00
 0.134687581714318E+00
 0.138989717038709E+00
 0.143106275136432E+00
 0.147332807533694E+00
 0.151441891047780E+00
 0.155341719727866E+00
 0.159163531045992E+00
 0.163027216663685E+00
 0.166660883067178E+00
 0.170072278631239E+00
 0.173647233655286E+00
 0.176974002173165E+00
 0.180046185842221E+00
 0.183233277512962E+00
 0.186221674487489E+00
 0.188941595754299E+00
 0.191742962969501E+00
 0.194370241824883E+00
 0.196718120089692E+00
 0.199157474021596E+00
 0.201408408375526E+00
 0.203372217059208E+00
 0.205478164591027E+00
 0.207344747937685E+00
 0.208946263131051E+00
 0.210722216778008E+00
 0.212203003593229E+00
 0.213524597378339E+00
 0.214919563647224E+00
 0.216018853581503E+00
 0.217091758740768E+00
 0.218112180451506E+00
 0.218838987579172E+00
 0.219694165765757E+00
 0.220351352068757E+00
 0.220786569818531E+00
 0.221385398354374E+00
 0.221694969082763E+00
 0.221962330603107E+00
 0.222225422181432E+00
 0.222206023577146E+00
 0.222333450955172E+00
 0.222279918354972E+00
 0.222043894683083E+00
 0.221967304206860E+00
 0.221618547371877E+00
 0.221291348651562E+00
 0.220932651165391E+00
 0.220311501691298E+00
 0.219436767765906E+00
 0.218478871738024E+00
 0.217609909731107E+00
 0.216499318674655E+00
 0.215157595394195E+00
 0.213596071708405E+00
 0.211826755120995E+00
 0.209862125983022E+00
 0.207715008796687E+00
 0.205398579088321E+00
 0.202926453623364E+00
 0.200312737661887E+00
 0.197571934389286E+00
 0.194718733838527E+00
 0.191767796516369E+00
 0.188733647759563E+00
 0.185630703345967E+00
 0.182479435079794E+00
 0.179358547987274E+00
 0.176285708634167E+00
 0.173254649727983E+00
 0.170277299999245E+00
 0.167337910869094E+00
 0.164439174218787E+00
 0.161581876414930E+00
 0.158763736358793E+00
 0.156294785092302E+00
 0.154603906160797E+00
 0.152923050213431E+00
 0.151281186242827E+00
 0.149690738273552E+00
 0.148101993746937E+00
 0.146508121124795E+00
 0.144990893409378E+00
 0.143488215250983E+00
 0.141970308277081E+00
 0.140879778069187E+00
 0.145402028958840E+00
 0.149792126960335E+00
 0.154124310787540E+00
 0.158527354590568E+00
 0.162757229995179E+00
 0.166795222625064E+00
 0.170875444860329E+00
 0.175063725127736E+00
 0.179027304380994E+00
 0.182747659303443E+00
 0.186206594736844E+00
 0.189513580872169E+00
 0.192821142004968E+00
 0.195828753631765E+00
 0.198519703443340E+00
 0.200878179373752E+00
 0.203185132604511E+00
 0.205317062852546E+00
 0.207085129211537E+00
 0.208476307706252E+00
 0.210486272791449E+00
 0.215827238713176E+00
 0.221121256287239E+00
 0.226433990969307E+00
 0.231817218740891E+00
 0.237119516589167E+00
 0.242322237722320E+00
 0.247406777836518E+00
 0.252354866950854E+00
 0.257148715885252E+00
 0.261873543350618E+00
 0.266641407289269E+00
 0.271220427497895E+00
 0.275593181632601E+00
 0.279742710265618E+00
 0.283652638699096E+00
 0.287594588356020E+00
 0.291391080041514E+00
 0.294916592011467E+00
 0.298156359601086E+00
 0.301096701074208E+00
 0.304170893989156E+00
 0.306945098884147E+00
 0.309393766854014E+00
 0.311505545149491E+00
 0.313679364271779E+00
 0.315600978306997E+00
 0.317164989715858E+00
 0.318406598281561E+00
 0.319778318294476E+00
 0.320775722069563E+00
 0.321391852559940E+00
 0.322017947760395E+00
 0.322440271986117E+00
 0.322470317154250E+00
 0.322436593787250E+00
 0.322284917422336E+00
 0.321734298902947E+00
 0.321170882665107E+00
 0.320454420906197E+00
 0.319336189337627E+00
 0.318369331496625E+00
 0.317104797569470E+00
 0.315576289338532E+00
 0.314186892715007E+00
 0.312397127312079E+00
 0.310670725520491E+00
 0.308779416188618E+00
 0.307970339307605E+00
 0.308595896502492E+00
 0.308813841009265E+00
 0.308940540440499E+00
 0.309066858933721E+00
 0.308762271252170E+00
 0.308774058935066E+00
 0.308398459171823E+00
 0.307976648888029E+00
 0.307548157309903E+00
 0.306714582306481E+00
 0.306250764648418E+00
 0.305363801466371E+00
 0.304052543201109E+00
 0.302694735762451E+00
 0.301375975663066E+00
 0.299638762638453E+00
 0.298820007923343E+00
 0.298800670194685E+00
 0.299195741604905E+00
 0.299157120066009E+00
 0.299072854757145E+00
 0.299032000810079E+00
 0.298480874961444E+00
 0.297826750441739E+00
 0.297291310402853E+00
 0.296241571081657E+00
 0.294674336315200E+00
 0.292587910869223E+00
 0.289982137254956E+00
 0.286858409808943E+00
 0.283618364596381E+00
 0.280570673175485E+00
 0.277016395267150E+00
 0.272959891695609E+00
 0.268654327183836E+00
 0.264410310602497E+00
 0.260230172075158E+00
 0.256152153065507E+00
 0.252085373109222E+00
 0.248143617670299E+00
 0.244242937473755E+00
 0.240394406477249E+00
 0.236603807932683E+00
 0.232872463092998E+00
 0.229198272887906E+00
 0.225575873102156E+00
 0.221996836997802E+00
 0.218450984771434E+00
 0.214928806520393E+00
 0.211560968494813E+00
 0.208215491210495E+00
 0.205977076032337E+00
 0.203928413029674E+00
 0.201938248001783E+00
 0.199864639662886E+00
 0.197874948132189E+00
 0.195922617826829E+00
 0.193862381042520E+00
 0.191985500144196E+00
 0.191784601546914E+00
 0.193462278814879E+00
 0.194811225923905E+00
 0.196252460194133E+00
 0.198236826338835E+00
 0.200756236931760E+00
 0.203157818618356E+00
 0.205254614628338E+00
 0.207500006612224E+00
 0.209375693897337E+00
 0.211301952041640E+00
 0.213029822344608E+00
 0.214602391479738E+00
 0.216193481815061E+00
 0.217438251781626E+00
 0.218905024950217E+00
 0.220012719883554E+00
 0.221201380282209E+00
 0.222199264914909E+00
 0.223119543363144E+00
 0.224020932800254E+00
 0.224694935618196E+00
 0.225513710462993E+00
 0.225991281752726E+00
 0.226710435275285E+00
 0.227122101623389E+00
 0.227640841093636E+00
 0.228000820245788E+00
 0.228332603101163E+00
 0.228654270622267E+00
 0.228655066901041E+00
 0.228485534146580E+00
 0.228464048742309E+00
 0.228138211957398E+00
 0.227522310955952E+00
 0.226631331287365E+00
 0.225480863272261E+00
 0.224086971012051E+00
 0.222466075772611E+00
 0.220634887440254E+00
 0.218610369705250E+00
 0.216409691832807E+00
 0.214050133135172E+00
 0.212094864823474E+00
 0.210223695084165E+00
 0.208102896208458E+00
 0.205747648106134E+00
 0.203173420726765E+00
 0.200396406427896E+00
 0.197553644410521E+00
 0.194745038314345E+00
 0.191970395122713E+00
 0.189236643029421E+00
 0.186523944322867E+00
 0.183833729797098E+00
 0.181194739380682E+00
 0.178581471099956E+00
 0.175995591937862E+00
 0.173437354860338E+00
 0.172365404683341E+00
 0.171983873278982E+00
 0.171509567877207E+00
 0.170897860017491E+00
 0.170364562824566E+00
 0.169561668329497E+00
 0.168494807677623E+00
 0.167170113273025E+00
 0.165594167661904E+00
 0.163913813500391E+00
 0.162419897873964E+00
 0.160687835844860E+00
 0.159076700474795E+00
 0.157332562850286E+00
 0.155365267508542E+00
 0.153183093703611E+00
 0.150794888393142E+00
 0.148210042547088E+00
 0.145438364343022E+00
 0.146718033010295E+00
 0.149745562233372E+00
 0.152789117285499E+00
 0.155786793924708E+00
 0.158725947717592E+00
 0.161593815173728E+00
 0.164817994928427E+00
 0.168355418149048E+00
 0.171879330433875E+00
 0.175376047617991E+00
 0.178831837969964E+00
 0.182233114024308E+00
 0.185566519974347E+00
 0.188908094068114E+00
 0.192248949696506E+00
 0.195497665790758E+00
 0.198641082932427E+00
 0.201666374814171E+00
 0.204560992300699E+00
 0.207350085547904E+00
 0.210196857796655E+00
 0.212890696110150E+00
 0.215420046828813E+00
 0.217773867935120E+00
 0.219970213979876E+00
 0.222242514898839E+00
 0.224320656065521E+00
 0.226195203532688E+00
 0.227857462924577E+00
 0.229547183356926E+00
 0.231105990733922E+00
 0.232438679549387E+00
 0.233538640947685E+00
 0.234704498614698E+00
 0.235695372383803E+00
 0.236443585597473E+00
 0.237040358656067E+00
 0.237683675365047E+00
 0.238077288000880E+00
 0.238218339330920E+00
 0.238475303654912E+00
 0.238517697260901E+00
 0.238304518803875E+00
 0.238153368788260E+00
 0.237852178979081E+00
 0.237294947146896E+00
 0.236807159037161E+00
 0.236174308345321E+00
 0.235287604259874E+00
 0.234532094058168E+00
 0.233583435394338E+00
 0.232424142012085E+00
 0.231425784911558E+00
 0.230179702961227E+00
 0.228866529592190E+00
 0.227585489809145E+00
 0.226062868495518E+00
 0.224650926002855E+00
 0.223108310927020E+00
 0.221422650772108E+00
 0.219871294419470E+00
 0.218089253936002E+00
 0.216396147186919E+00
 0.214619194982203E+00
 0.212620618012394E+00
 0.210407035157540E+00
 0.207986116894306E+00
 0.205366517539569E+00
 0.202557717273434E+00
 0.199804734185383E+00
 0.197027933842980E+00
 0.194075123839351E+00
 0.190957061530952E+00
 0.187685137010185E+00
 0.184271450317693E+00
 0.180728859898899E+00
 0.177070914775498E+00
 0.173311680412270E+00
 0.169465556849187E+00
 0.165547191167837E+00
 0.161602168641402E+00
 0.157761419733185E+00
 0.154033767717949E+00
 0.150854332724676E+00
 0.149028847162284E+00
 0.146964363856676E+00
 0.145169751814095E+00
 0.143090847837670E+00
 0.141020875910227E+00
 0.139048329704612E+00
 0.137120557519114E+00
 0.135224710790893E+00
 0.133381668051545E+00
 0.131557488852635E+00
 0.129769196947419E+00
 0.128034653842730E+00
 0.126327416864758E+00
 0.124649913613578E+00
 0.123002039790197E+00
 0.123062333045407E+00
 0.126144932451328E+00
 0.129263304147925E+00
 0.132402309989605E+00
 0.135546450316858E+00
 0.138765751505834E+00
 0.141989413872115E+00
 0.145190939009334E+00
 0.148354542946730E+00
 0.151464631083572E+00
 0.154505996684478E+00
 0.157463875734772E+00
 0.160388814361838E+00
 0.163349064895838E+00
 0.166199640004741E+00
 0.168926615055618E+00
 0.171516524368583E+00
 0.173972596052672E+00
 0.176520016571951E+00
 0.178907405400352E+00
 0.181122795501324E+00
 0.183155052172296E+00
 0.185190150808872E+00
 0.187146898578176E+00
 0.188902464401469E+00
 0.190447895713352E+00
 0.192009383699320E+00
 0.193464487737555E+00
 0.194695755304879E+00
 0.195714392420198E+00
 0.196852947693525E+00
 0.197757345921151E+00
 0.198422833912093E+00
 0.199102742432466E+00
 0.199675152561606E+00
 0.200003105502547E+00
 0.200267956782158E+00
 0.200510161059595E+00
 0.200505419657573E+00
 0.200418478318985E+00
 0.200338943414938E+00
 0.200012774021274E+00
 0.199636277848853E+00
 0.199248566612337E+00
 0.198617053265830E+00
 0.198009536094683E+00
 0.197331015487193E+00
 0.196413991152773E+00
 0.195629580587332E+00
 0.194680369178748E+00
 0.193558064603076E+00
 0.192587839625176E+00
 0.191389689111601E+00
 0.190178997557478E+00
 0.188973557451284E+00
 0.187549371937153E+00
 0.186291341905563E+00
 0.184873208140930E+00
 0.183380325261836E+00
 0.181977678278796E+00
 0.180369650861373E+00
 0.178564264736260E+00
 0.176570565418640E+00
 0.174398563169269E+00
 0.172059102913641E+00
 0.169563733395625E+00
 0.166982318092877E+00
 0.164528662299445E+00
 0.161933763195256E+00
 0.159210396201979E+00
 0.156371900364889E+00
 0.153432167274933E+00
 0.150405604924635E+00
 0.147307051083704E+00
 0.144151655142209E+00
 0.140954772440237E+00
 0.137733259175767E+00
 0.134557431454705E+00
 0.131461372828494E+00
 0.128449139394742E+00
 0.125520706489758E+00
 0.122670380851944E+00
 0.119902558046056E+00
 0.117211407062821E+00
 0.114589622859718E+00
 0.112034248934731E+00
 0.114231923449501E+00
 0.117488759732431E+00
 0.120730418336296E+00
 0.123941868956529E+00
 0.127108399561782E+00
 0.130388997306191E+00
 0.133625953964862E+00
 0.136787105755541E+00
 0.139858014015513E+00
 0.142824634061956E+00
 0.145673242964597E+00
 0.148459384332725E+00
 0.151282676547757E+00
 0.153958693043217E+00
 0.156474970304130E+00
 0.158819723846725E+00
 0.160982014758677E+00
 0.163147532214392E+00
 0.165201953512478E+00
 0.167050805357214E+00
 0.168685510913939E+00
 0.170098568493351E+00
 0.171512333405191E+00
 0.173394289818598E+00
 0.175886160906507E+00
 0.178199460151085E+00
 0.180361479958943E+00
 0.182574395715968E+00
 0.184589663910008E+00
 0.186397505907952E+00
 0.187989099120757E+00
 0.189674714990481E+00
 0.191148652065570E+00
 0.192394381889793E+00
 0.193492425863414E+00
 0.194625953860879E+00
 0.195523151594783E+00
 0.196179551138866E+00
 0.196914655562530E+00
 0.197469937484702E+00
 0.197781298268111E+00
 0.198120092529754E+00
 0.198346316257857E+00
 0.198328304903930E+00
 0.198352881398717E+00
 0.198266698735595E+00
 0.197938373952942E+00
 0.197718773556865E+00
 0.197338694371772E+00
 0.196732816615309E+00
 0.196312936146000E+00
 0.195658085307283E+00
 0.194900113981824E+00
 0.194219050788118E+00
 0.193308806493815E+00
 0.192435978391506E+00
 0.191512199163265E+00
 0.190366239291928E+00
 0.189410014451632E+00
 0.188262397055728E+00
 0.187031383036375E+00
 0.185889870074683E+00
 0.184537784477009E+00
 0.183278332230872E+00
 0.181942928213911E+00
 0.180405912764179E+00
 0.178673646924554E+00
 0.176753318265573E+00
 0.174652936513577E+00
 0.172381313603087E+00
 0.169948007821681E+00
 0.167416770662412E+00
 0.165027393053179E+00
 0.162489320050013E+00
 0.159813154661144E+00
 0.157010035750065E+00
 0.154091588854495E+00
 0.151069888212311E+00
 0.147957409682252E+00
 0.144766960124988E+00
 0.141511636918727E+00
 0.138323108343565E+00
 0.135295018415144E+00
 0.132393424666931E+00
 0.129592608970164E+00
 0.126895338801937E+00
 0.124274100954482E+00
 0.121719729513177E+00
 0.119226844017480E+00
 0.120547389259233E+00
 0.122788476338359E+00
 0.125109844880807E+00
 0.127267034057484E+00
 0.129249838129836E+00
 0.131280621967208E+00
 0.133179599664423E+00
 0.134900549670404E+00
 0.136677512806013E+00
 0.138317751855097E+00
 0.139778619479848E+00
 0.141334968794911E+00
 0.142720148753813E+00
 0.143972622604880E+00
 0.145288522222700E+00
 0.146425371831228E+00
 0.147498531829872E+00
 0.148572302392849E+00
 0.149469860401570E+00
 0.150377906620739E+00
 0.151218923090056E+00
 0.151888031997224E+00
 0.152640895052190E+00
 0.153260426845923E+00
 0.153742157941368E+00
 0.154318481575352E+00
 0.154729695325291E+00
 0.155067420249075E+00
 0.155443528634220E+00
 0.155661249408640E+00
 0.155860212792820E+00
 0.156051268619400E+00
 0.156091560863598E+00
 0.156157287914343E+00
 0.156179307484048E+00
 0.156058859720827E+00
 0.155996991920467E+00
 0.155866411502969E+00
 0.155602079913513E+00
 0.155211373332324E+00
 0.154702044133685E+00
 0.154082164050162E+00
 0.153360067887401E+00
 0.152544308950726E+00
 0.151643621647557E+00
 0.150830296278256E+00
 0.149936903980344E+00
 0.148968610465292E+00
 0.147934257421616E+00
 0.146842714698890E+00
 0.145702794188524E+00
 0.144523171801345E+00
 0.143312337832650E+00
 0.142078576888397E+00
 0.140829960261419E+00
 0.139574329448114E+00
 0.138319260169698E+00
 0.137072011842613E+00
 0.135839476650211E+00
 0.134628140566098E+00
 0.133444059377276E+00
 0.132292843857312E+00
 0.131179646417978E+00
 0.130109147541881E+00
 0.129085547800394E+00
 0.128112571776074E+00
 0.127193481266703E+00
 0.126331084615709E+00
 0.125527729088791E+00
 0.124799822266064E+00
 0.124228495183081E+00
 0.123720923666530E+00
 0.123276829977559E+00
 0.122895541126360E+00
 0.122575984028427E+00
 0.122316718448011E+00
 0.122115998790851E+00
 0.121971833302937E+00
 0.121882015151880E+00
 0.121844126980773E+00
 0.121855543281827E+00
 0.121913453981013E+00
 0.122014911264483E+00
 0.122156880446129E+00
 0.122361381709952E+00
 0.122617697494434E+00
 0.122899064938434E+00
 0.123202409673521E+00
 0.123524735066459E+00
 0.123863105512777E+00
 0.124214639032156E+00
 0.124576533551506E+00
 0.124946122718370E+00
 0.125320928327099E+00
 0.125698673813920E+00
 0.126077252314035E+00
 0.126454680112092E+00
 0.126829078513029E+00
 0.127198701635152E+00
 0.127561986300248E+00
 0.127917580490375E+00
 0.128264326621862E+00
 0.128601216261706E+00
 0.128927356253700E+00
 0.129269747272814E+00
 0.129605047448575E+00
 0.129928432435041E+00
 0.130239257970493E+00
 0.130537021948377E+00
 0.130821383924741E+00
 0.131092153346758E+00
 0.131349249437702E+00
 0.131592658312148E+00
 0.131822414086220E+00
 0.132038610613225E+00
 0.132241425782889E+00
 0.132431130845225E+00
 0.132608070510971E+00
 0.132772624854510E+00
 0.132925180080522E+00
 0.133066127598560E+00
 0.133195885330087E+00
 0.133314914397360E+00
 0.133423708252885E+00
 0.133522757734256E+00
 0.133612520311401E+00
 0.133693420674976E+00
 0.133765882265927E+00
 0.133830360452914E+00
 0.133887345228761E+00
 0.133937327905839E+00
 0.133980758246765E+00
 0.134018026973986E+00
 0.134049486783042E+00
 0.134075493057553E+00
 0.134096431074778E+00
 0.134112710087599E+00
 0.134124732496795E+00
 0.134132864560090E+00
 0.134137430367217E+00
 0.134138729470833E+00
 0.134137059251206E+00
 0.134132721109997E+00
 0.134126005409728E+00
 0.134117169679098E+00
 0.134106430823305E+00
 0.134093978847207E+00
 0.134079998052520E+00
 0.134064671736890E+00
 0.134048159154590E+00
 0.134030559358540E+00
 0.134011892099373E+00
 0.133992115095438E+00
 0.133971167309012E+00
 0.133949005336211E+00
 0.133925605361553E+00
 0.133900932148166E+00
 0.133874903724444E+00
 0.133847382551199E+00
 0.133818200819574E+00
 0.133787200617463E+00
 0.133754261446896E+00
 0.133719301983772E+00
 0.133682264735592E+00
 0.133643102534540E+00
 0.133601778426106E+00
 0.133558274882976E+00
 0.133512599155594E+00
 0.133464776332556E+00
 0.133414835154558E+00
 0.133362801133240E+00
 0.133308707468637E+00
 0.133252618459809E+00
 0.133194645503695E+00
 0.133134936471713E+00
 0.133073637713898E+00
 0.133010850639525E+00
 0.132946612213732E+00
 0.132880912562257E+00
 0.132813735170557E+00
 0.132763717527464E+00
 0.132713065861639E+00
 0.132660813053345E+00
 0.132606929093627E+00
 0.132551392828794E+00
 0.132494179534084E+00
 0.132435245838167E+00
 0.132374524941091E+00
 0.132311933162534E+00
 0.132247379043887E+00
 0.132180767077889E+00
 0.132111997022276E+00
 0.132040966907470E+00
 0.131967586102807E+00
 0.131891795607872E+00
 0.131813584194383E+00
 0.131732988901550E+00
 0.131650077925140E+00
 0.131564926659126E+00
 0.131477603749956E+00
 0.131388177714961E+00
 0.131296739426422E+00
 0.131203422793244E+00
 0.131108405830046E+00
 0.131011887769158E+00
 0.130914054539718E+00
 0.130815051765536E+00
 0.130714977000086E+00
 0.130613888856491E+00
 0.130511822014606E+00
 0.130408799086028E+00
 0.130304837890788E+00
 0.130199956998510E+00
 0.130094180122101E+00
 0.129987535775998E+00
 0.129880049030732E+00
 0.129771728237019E+00
 0.129662555789832E+00
 0.129552491986522E+00
 0.129441493575246E+00
 0.129329538607836E+00
 0.129216643734561E+00
 0.129102863183815E+00
 0.128988268917483E+00
 0.128872922762872E+00
 0.128756856494355E+00
 0.128640071109920E+00
 0.128522554627068E+00
 0.128404306560969E+00
 0.128285354406001E+00
 0.128165754131198E+00
 0.128045576950742E+00
 0.127924890766507E+00
 0.127803743989329E+00
 0.127682155504683E+00
 0.127560112243209E+00
 0.127437575846664E+00
 0.127314498856011E+00
 0.127190846295428E+00
 0.127066613092146E+00
 0.126941827033149E+00
 0.126816533559150E+00
 0.126860158003718E+00
 0.127008443088791E+00
 0.127155450711116E+00
 0.127301179573256E+00
 0.127445673541037E+00
 0.127589005731348E+00
 0.127731245969196E+00
 0.127872425607087E+00
 0.128012519113837E+00
 0.128151455496877E+00
 0.128289156176914E+00
 0.128425579023808E+00
 0.128560742701839E+00
 0.128694716556901E+00
 0.128827582603218E+00
 0.128959393168049E+00
 0.129090148567494E+00
 0.129219804239442E+00
 0.129348298250804E+00
 0.129475581326619E+00
 0.129601635899021E+00
 0.129726480579368E+00
 0.129850162572972E+00
 0.129972740968788E+00
 0.130094263832444E+00
 0.130214745804223E+00
 0.130334157399369E+00
 0.130452435308713E+00
 0.130569512274546E+00
 0.130691333148938E+00
 0.130821477178443E+00
 0.130950516158099E+00
 0.131078368837978E+00
 0.131204984037689E+00
 0.131330365889355E+00
 0.131454569598379E+00
 0.131577671753613E+00
 0.131699732365169E+00
 0.131820768781440E+00
 0.131940753261490E+00
 0.132059631923740E+00
 0.132177352257866E+00
 0.132293885403544E+00
 0.132409236128913E+00
 0.132523440575558E+00
 0.132636554277046E+00
 0.132748632615681E+00
 0.132859708004826E+00
 0.132969773308638E+00
 0.133078783010051E+00
 0.133186676162739E+00
 0.133293410835761E+00
 0.133398989835459E+00
 0.133503461509832E+00
 0.133606895410977E+00
 0.133709348289831E+00
 0.133810840000299E+00
 0.133911350369446E+00
 0.134010835137486E+00
 0.134109250455374E+00
 0.134206574044411E+00
 0.134302814794392E+00
 0.134398008330516E+00
 0.134492201981174E+00
 0.134585436676669E+00
 0.134677733539640E+00
 0.134769089299745E+00
 0.134859480250265E+00
 0.134948872491573E+00
 0.135037236297407E+00
 0.135124561351664E+00
 0.135210866372216E+00
 0.135296195423026E+00
 0.135380598914206E+00
 0.135464108211211E+00
 0.135558791440108E+00
 0.135655540902100E+00
 0.135751356195142E+00
 0.135846264027295E+00
 0.135940266915842E+00
 0.136033348733650E+00
 0.136125487911394E+00
 0.136216668593731E+00
 0.136306885620628E+00
 0.136396144694258E+00
 0.136484459980157E+00
 0.136571849766878E+00
 0.136658330599734E+00
 0.136743911802377E+00
 0.136828592816589E+00
 0.136912364227010E+00
 0.136995211653528E+00
 0.137077121550496E+00
 0.137158088030692E+00
 0.137238118206408E+00
 0.137317231689756E+00
 0.137395451809089E+00
 0.137472792493232E+00
 0.137549250108897E+00
 0.137624807197923E+00
 0.137699445593460E+00
 0.137773158447986E+00
 0.137845952266799E+00
 0.137917839502864E+00
 0.137988829959325E+00
 0.138058927990475E+00
 0.138128135077674E+00
 0.138196452491377E+00
 0.138263880839666E+00
 0.138330418287785E+00
 0.138396060672897E+00
 0.138460803779594E+00
 0.138524645424515E+00
 0.138587586063713E+00
 0.138649629060175E+00
 0.138710781430060E+00
 0.138771053215112E+00
 0.138830453216875E+00
 0.138888982799369E+00
 0.138950982325896E+00
 0.139023040583345E+00
 0.139094208800663E+00
 0.139164487894421E+00
 0.139233880944173E+00
 0.139302395340024E+00
 0.139370041171911E+00
 0.139436825015763E+00
 0.139502744061293E+00
 0.139567786545485E+00
 0.139631939246091E+00
 0.139695196756432E+00
 0.139757566112597E+00
 0.139819064113035E+00
 0.139879709143394E+00
 0.139939511633002E+00
 0.139998467878232E+00
 0.140056561448498E+00
 0.140113773272625E+00
