 0.183542567304130E-08
 0.293280845098007E-07
 0.147791942544000E-06
 0.465348718843795E-06
 0.112699877323000E-05
 0.231417900191939E-05
 0.424304306660210E-05
 0.713444828504597E-05
 0.112846487963080E-04
 0.169235890802020E-04
 0.248202060780294E-04
 0.362602334126243E-04
 0.514325729637007E-04
 0.711117676888677E-04
 0.961348412820012E-04
 0.127389236985554E-03
 0.165799533636219E-03
 0.212313661023564E-03
 0.269605705620204E-03
 0.338126929620118E-03
 0.418650690470363E-03
 0.512285166906613E-03
 0.620111145849094E-03
 0.743166656615721E-03
 0.882431856044814E-03
 0.103881466579865E-02
 0.121313758645710E-02
 0.140612605754923E-02
 0.161839868563656E-02
 0.185045956388968E-02
 0.210269272645964E-02
 0.238306739009930E-02
 0.269258712354078E-02
 0.302568255607498E-02
 0.338237370777572E-02
 0.376252264941295E-02
 0.416583627528958E-02
 0.459187140821553E-02
 0.504004067494775E-02
 0.550961793101781E-02
 0.601305729063145E-02
 0.654976321281248E-02
 0.710759072810970E-02
 0.768521990454600E-02
 0.828276171861260E-02
 0.890679285952769E-02
 0.954657339462431E-02
 0.102003461278470E-01
 0.108662735256516E-01
 0.115684641099098E-01
 0.122855861458494E-01
 0.130106540454370E-01
 0.137415674039796E-01
 0.144762235880237E-01
 0.152125261253143E-01
 0.159483995299229E-01
 0.166818129786262E-01
 0.174108121647093E-01
 0.181335548752360E-01
 0.188483432715531E-01
 0.195599645243277E-01
 0.202817239277363E-01
 0.209910191264833E-01
 0.216865972901254E-01
 0.223674172010787E-01
 0.230326550111404E-01
 0.236817014622174E-01
 0.243141522479529E-01
 0.249297940399706E-01
 0.255285888800915E-01
 0.261106597461575E-01
 0.266762801941569E-01
 0.272258703025390E-01
 0.277599988367734E-01
 0.282793878493432E-01
 0.287849126052573E-01
 0.292775890341853E-01
 0.297585437427134E-01
 0.302289665554561E-01
 0.306900499622936E-01
 0.311429221298081E-01
 0.315885808680359E-01
 0.320278366374042E-01
 0.324612733362584E-01
 0.328892338833558E-01
 0.333118310006496E-01
 0.337289729179818E-01
 0.341403842613006E-01
 0.345456009562746E-01
 0.349439277007682E-01
 0.353343637403261E-01
 0.357155185717856E-01
 0.360855454651526E-01
 0.364421144973074E-01
 0.367824319636535E-01
 0.371032970068815E-01
 0.374011755285614E-01
 0.376722685629426E-01
 0.379125563529873E-01
 0.381178080321850E-01
 0.382835580865737E-01
 0.384440834996327E-01
 0.385754295171030E-01
 0.386973235268295E-01
 0.387945381095235E-01
 0.388394482592255E-01
 0.388261930744194E-01
 0.387487801770505E-01
 0.386011576084847E-01
 0.383772670266941E-01
 0.382185734760737E-01
 0.380481534325665E-01
 0.378002356191948E-01
 0.374685731146894E-01
 0.370472222854510E-01
 0.367535107629494E-01
 0.364092213514984E-01
 0.359767372648117E-01
 0.355715962069621E-01
 0.351038780875745E-01
 0.346008965186658E-01
 0.341783602926026E-01
 0.337079461295306E-01
 0.331608322776990E-01
 0.326613506134203E-01
 0.320936943515377E-01
 0.315394682907414E-01
 0.310373579967346E-01
 0.304511774935359E-01
 0.298530612877165E-01
 0.292427022534723E-01
 0.286525952722357E-01
 0.286697151349872E-01
 0.296181853525076E-01
 0.306271103408730E-01
 0.316971111453182E-01
 0.328422766575404E-01
 0.340683147638846E-01
 0.353490973292099E-01
 0.366826926424448E-01
 0.380667558814642E-01
 0.394985855230696E-01
 0.409751642692619E-01
 0.424931741831412E-01
 0.441291487075495E-01
 0.466765367076750E-01
 0.491124573718075E-01
 0.515151368487626E-01
 0.538948988989687E-01
 0.561368364161407E-01
 0.582308764518388E-01
 0.602800109351370E-01
 0.623017507954996E-01
 0.641526117180823E-01
 0.658236074682765E-01
 0.673060538107153E-01
 0.685919144498978E-01
 0.696742249755191E-01
 0.708038349983153E-01
 0.719990670779496E-01
 0.729809431457949E-01
 0.737451817192971E-01
 0.749370127663789E-01
 0.766834395252147E-01
 0.783347070851434E-01
 0.798803625248616E-01
 0.813100235188433E-01
 0.826723306851571E-01
 0.839985992894841E-01
 0.851880653219093E-01
 0.862306589397321E-01
 0.871166423993402E-01
 0.879140184967453E-01
 0.886667231002925E-01
 0.892450677380853E-01
 0.896400651111653E-01
 0.899871129620107E-01
 0.902399103156465E-01
 0.902934872084848E-01
 0.902775217906017E-01
 0.901930430039182E-01
 0.898957327111781E-01
 0.896329121521738E-01
 0.922828851850043E-01
 0.949102910826003E-01
 0.975059065684558E-01
 0.100060257284457E+00
 0.102627969529855E+00
 0.105197472121301E+00
 0.107706893000479E+00
 0.110145904450078E+00
 0.112504084277978E+00
 0.114770972943745E+00
 0.117035629922044E+00
 0.119265481088866E+00
 0.121391624394487E+00
 0.124016888954567E+00
 0.126551393945488E+00
 0.128983844240328E+00
 0.131466679441119E+00
 0.133863137899056E+00
 0.136135562830392E+00
 0.138272417764070E+00
 0.140363515792179E+00
 0.142434019299820E+00
 0.144347209214620E+00
 0.146091694953039E+00
 0.147824046809959E+00
 0.149476503596277E+00
 0.150939679631523E+00
 0.152271016573274E+00
 0.153631247554918E+00
 0.154783303189653E+00
 0.155762576564113E+00
 0.156805635857634E+00
 0.157623669985104E+00
 0.158308484736407E+00
 0.159016176065504E+00
 0.159484138616783E+00
 0.159938199676372E+00
 0.160298687537168E+00
 0.160434255208750E+00
 0.160696685779813E+00
 0.160703876766036E+00
 0.160722472394383E+00
 0.160639712393663E+00
 0.160417779802934E+00
 0.160256510431909E+00
 0.159830217345537E+00
 0.159592730609652E+00
 0.159099431828143E+00
 0.158682729194757E+00
 0.158134579663100E+00
 0.157556500567702E+00
 0.157388733096522E+00
 0.157332788055248E+00
 0.157232219846398E+00
 0.157146223981557E+00
 0.156881894740252E+00
 0.156775403943373E+00
 0.156404636480372E+00
 0.155980978503967E+00
 0.155600780977225E+00
 0.154951064859492E+00
 0.154025612729302E+00
 0.152819076289351E+00
 0.151327026667750E+00
 0.149728852965295E+00
 0.148261928892905E+00
 0.146512479193037E+00
 0.144482568038236E+00
 0.142357708688054E+00
 0.140248551164620E+00
 0.138151250986457E+00
 0.136079075268461E+00
 0.134031922988758E+00
 0.132026239219839E+00
 0.130041573890153E+00
 0.128086109128126E+00
 0.126165276300545E+00
 0.124281671681457E+00
 0.122435425362007E+00
 0.120624678660102E+00
 0.118845787830979E+00
 0.117093474522375E+00
 0.115361436091839E+00
 0.113642612261831E+00
 0.111991900602665E+00
 0.111772371287818E+00
 0.114894534711644E+00
 0.117756568190476E+00
 0.120539607436571E+00
 0.123310144766720E+00
 0.125802768548803E+00
 0.128303797434759E+00
 0.130688730069519E+00
 0.132781530201696E+00
 0.135021095687728E+00
 0.136996171996479E+00
 0.138816118833194E+00
 0.140675996903941E+00
 0.142225969044067E+00
 0.143842957810956E+00
 0.145275978954020E+00
 0.146520766208878E+00
 0.147843751740690E+00
 0.148846689515287E+00
 0.149955065209866E+00
 0.150852071769892E+00
 0.151635894138555E+00
 0.152436676556860E+00
 0.152914058993892E+00
 0.153627061792994E+00
 0.154016548849235E+00
 0.154449646483048E+00
 0.154762485682048E+00
 0.154930586985892E+00
 0.155178238071428E+00
 0.155104564015792E+00
 0.155289997609400E+00
 0.155162735972991E+00
 0.155123878677526E+00
 0.154955142866717E+00
 0.154705443282001E+00
 0.155328397960643E+00
 0.155649402424648E+00
 0.155735005251646E+00
 0.156066402471138E+00
 0.156091396502650E+00
 0.155814435764833E+00
 0.155241119335387E+00
 0.154378171820302E+00
 0.153233408577440E+00
 0.152080399122074E+00
 0.150974210329081E+00
 0.149598425791273E+00
 0.147962764327918E+00
 0.146116019777485E+00
 0.144276003220584E+00
 0.142472394571472E+00
 0.140697802327548E+00
 0.138957153532489E+00
 0.137232827268120E+00
 0.135556027846799E+00
 0.133895304901527E+00
 0.132253857174541E+00
 0.130632765753252E+00
 0.129031130928259E+00
 0.127446597718670E+00
 0.125875668411463E+00
 0.124313558138969E+00
 0.122775522188670E+00
 0.121284404601510E+00
 0.119798438734240E+00
 0.118310771251732E+00
 0.116814066891265E+00
 0.115400680095812E+00
 0.113986795221178E+00
 0.112556073982509E+00
 0.111160995300824E+00
 0.114804595508791E+00
 0.119599906306674E+00
 0.124550908028351E+00
 0.129461163955286E+00
 0.134247599862180E+00
 0.138891384875914E+00
 0.143373770133997E+00
 0.147676226690418E+00
 0.152101039931361E+00
 0.156369799448496E+00
 0.160416694217056E+00
 0.164685051876389E+00
 0.168836185415115E+00
 0.172732931382042E+00
 0.176358390278073E+00
 0.179696520825220E+00
 0.183046496960962E+00
 0.186212027818811E+00
 0.189054908321829E+00
 0.191561462749532E+00
 0.193858456164706E+00
 0.196140142972102E+00
 0.198057033260204E+00
 0.199598503658373E+00
 0.200972451327337E+00
 0.202260287437583E+00
 0.203151960891636E+00
 0.203643382186153E+00
 0.204281807310306E+00
 0.204509027709826E+00
 0.204319921025251E+00
 0.204283647826478E+00
 0.203848188265744E+00
 0.203119553134738E+00
 0.202462644434523E+00
 0.201380710592952E+00
 0.201619678260937E+00
 0.205806250528054E+00
 0.209754167814991E+00
 0.213449741324432E+00
 0.218059703542297E+00
 0.223328735617061E+00
 0.228377781910049E+00
 0.233191082166903E+00
 0.238056509185021E+00
 0.242792169026903E+00
 0.247259082611169E+00
 0.251443236931113E+00
 0.255515435501428E+00
 0.259569376359496E+00
 0.263311945148842E+00
 0.266731320721426E+00
 0.270047625925740E+00
 0.273298206699852E+00
 0.276202094329788E+00
 0.278750050378547E+00
 0.281388880586571E+00
 0.283743327394228E+00
 0.285724075041764E+00
 0.287611801830618E+00
 0.289394866770965E+00
 0.290790616644594E+00
 0.292028029223815E+00
 0.293949368413023E+00
 0.296459524194069E+00
 0.299092649021409E+00
 0.301424731520117E+00
 0.303336196606567E+00
 0.305448232367106E+00
 0.307182731335037E+00
 0.308590075072559E+00
 0.310159156529941E+00
 0.311289689443064E+00
 0.312327183688430E+00
 0.313301582822171E+00
 0.313830249808261E+00
 0.314581068856279E+00
 0.314966937230080E+00
 0.315188331453351E+00
 0.315448150570268E+00
 0.315258339475804E+00
 0.315332346659594E+00
 0.315034196716012E+00
 0.314675159796343E+00
 0.314286815618087E+00
 0.313529961471196E+00
 0.313069473919762E+00
 0.312164474394482E+00
 0.311433063914964E+00
 0.310476869502841E+00
 0.309425707188799E+00
 0.308436293279447E+00
 0.307011450132174E+00
 0.305526180913215E+00
 0.304090503751800E+00
 0.302227996622553E+00
 0.300186342028150E+00
 0.298959056694376E+00
 0.297260159043417E+00
 0.295092946308209E+00
 0.292515364212906E+00
 0.290390286711276E+00
 0.287811688252637E+00
 0.284785604083448E+00
 0.281319398647015E+00
 0.277421741368068E+00
 0.273166152152706E+00
 0.268944362222383E+00
 0.264817297414078E+00
 0.260773025951000E+00
 0.256820786553116E+00
 0.252939092683223E+00
 0.249167893601885E+00
 0.245458332322054E+00
 0.241816961615110E+00
 0.238246500615117E+00
 0.234746255471586E+00
 0.231312787655078E+00
 0.227940328671065E+00
 0.224621186812019E+00
 0.221346226108940E+00
 0.218116025474252E+00
 0.215022692156212E+00
 0.211963321168446E+00
 0.208925683187983E+00
 0.205897548534353E+00
 0.203014857828043E+00
 0.200173410262826E+00
 0.197324844093945E+00
 0.194537788753922E+00
 0.191876294100905E+00
 0.189190075675557E+00
 0.186543898657811E+00
 0.184040658117023E+00
 0.181346436458881E+00
 0.178892749531317E+00
 0.176230302543443E+00
 0.173747394765746E+00
 0.171052465701591E+00
 0.168117541450967E+00
 0.164950583373080E+00
 0.162771202665001E+00
 0.164629561752806E+00
 0.166254000358660E+00
 0.167738414213530E+00
 0.169294572383600E+00
 0.170626318504382E+00
 0.171781549638855E+00
 0.173051567812627E+00
 0.174108440537810E+00
 0.174962729110912E+00
 0.175958215264670E+00
 0.177016460362631E+00
 0.178201046108828E+00
 0.179280197006941E+00
 0.180116057726700E+00
 0.181153708727163E+00
 0.181981887094152E+00
 0.182656206171179E+00
 0.183485161046187E+00
 0.184079501454621E+00
 0.184647464044834E+00
 0.185251128617584E+00
 0.185630125477230E+00
 0.186113181192166E+00
 0.186510163579470E+00
 0.186693097972556E+00
 0.187112095105481E+00
 0.187321346893346E+00
 0.187327626122333E+00
 0.187292005913045E+00
 0.187332808262733E+00
 0.187182300543762E+00
 0.186851980407739E+00
 0.186353507833337E+00
 0.185698625367915E+00
 0.184899093648499E+00
 0.183966643600345E+00
 0.182912940102812E+00
 0.181749547709578E+00
 0.180487888644008E+00
 0.179139186794154E+00
 0.177714397573221E+00
 0.176224130110436E+00
 0.174834965330668E+00
 0.173412580299895E+00
 0.171936101877176E+00
 0.170415159705006E+00
 0.169356930241679E+00
 0.168756715610868E+00
 0.168182879404011E+00
 0.167637779481955E+00
 0.167122927280477E+00
 0.166639014142369E+00
 0.166185937173014E+00
 0.165762816770425E+00
 0.165368002965614E+00
 0.164999073152649E+00
 0.164652828307230E+00
 0.164325297290496E+00
 0.164011758249539E+00
 0.163706781850231E+00
 0.163404293913246E+00
 0.163097647673779E+00
 0.162779692066846E+00
 0.162442824778831E+00
 0.162079026872983E+00
 0.161679885839637E+00
 0.161315863472659E+00
 0.160948900483803E+00
 0.160537263024074E+00
 0.160071897353290E+00
 0.159543505656791E+00
 0.158942589872293E+00
 0.158259515752703E+00
 0.157484595413307E+00
 0.158999904045384E+00
 0.162463929172651E+00
 0.165869337528686E+00
 0.169123940725433E+00
 0.172214502019914E+00
 0.175128211218072E+00
 0.178021472695065E+00
 0.180856658811326E+00
 0.183489103201460E+00
 0.185907319903066E+00
 0.188135909569658E+00
 0.190439499443420E+00
 0.192506534440862E+00
 0.194327319854013E+00
 0.195954171740025E+00
 0.197635420278860E+00
 0.199052265881004E+00
 0.200197178471874E+00
 0.201314441614706E+00
 0.202305839780500E+00
 0.203012029209140E+00
 0.203594001880994E+00
 0.204148133928236E+00
 0.204407252285707E+00
 0.204548274274470E+00
 0.204661848774912E+00
 0.204473880249238E+00
 0.204268441878884E+00
 0.203945361080426E+00
 0.203317475386056E+00
 0.202862460106457E+00
 0.203855518199050E+00
 0.204792119801283E+00
 0.205410301276888E+00
 0.206147033390893E+00
 0.206655090118613E+00
 0.206968987952029E+00
 0.207379203534777E+00
 0.207464075837417E+00
 0.207623949654872E+00
 0.207623427946521E+00
 0.207429177447392E+00
 0.207356590889206E+00
 0.206957517920734E+00
 0.206701457269011E+00
 0.206245315664919E+00
 0.205694405687360E+00
 0.205194881135275E+00
 0.204372564961254E+00
 0.203840701330700E+00
 0.202991124751098E+00
 0.202215818278391E+00
 0.201351889739511E+00
 0.200172554437798E+00
 0.198750762891532E+00
 0.197574007548775E+00
 0.196088353183421E+00
 0.194297302411286E+00
 0.192205486095403E+00
 0.189818664995020E+00
 0.187143735488825E+00
 0.184188728848970E+00
 0.180962795057398E+00
 0.177480694582128E+00
 0.173966867793573E+00
 0.170536777484334E+00
 0.167196327370740E+00
 0.163931813482122E+00
 0.160754117961729E+00
 0.157633975576877E+00
 0.154606021655283E+00
 0.151655605846255E+00
 0.148769730777066E+00
 0.145947841369547E+00
 0.143187803613259E+00
 0.140485608488993E+00
 0.137836207094430E+00
 0.135263466716127E+00
 0.133058776439818E+00
 0.131414615821229E+00
 0.129852106335595E+00
 0.128287950940182E+00
 0.126712323732085E+00
 0.125120752308817E+00
 0.123640573269613E+00
 0.122135524612394E+00
 0.120595600993737E+00
 0.119147211584412E+00
 0.117699549658056E+00
 0.116202961114533E+00
 0.117083295116702E+00
 0.118504913114087E+00
 0.120025620056781E+00
 0.121297877360781E+00
 0.122494300696321E+00
 0.123625945276017E+00
 0.124505697761246E+00
 0.125507011981187E+00
 0.126137778501854E+00
 0.127286985693344E+00
 0.131358425472945E+00
 0.135311507763402E+00
 0.139132596852162E+00
 0.143069281132554E+00
 0.146900487463749E+00
 0.150570096211065E+00
 0.154066013761886E+00
 0.157421063217320E+00
 0.160872026366650E+00
 0.164123301549722E+00
 0.167164867291697E+00
 0.169987650029592E+00
 0.172865851048832E+00
 0.175588261282581E+00
 0.178072174440170E+00
 0.180311119720192E+00
 0.182591976358512E+00
 0.184702748118731E+00
 0.186554396404214E+00
 0.188163133974072E+00
 0.189877605434234E+00
 0.191322841295560E+00
 0.192497035110589E+00
 0.193630012524819E+00
 0.194659989562940E+00
 0.195414563076879E+00
 0.196021090838359E+00
 0.196636127603295E+00
 0.196974964897270E+00
 0.197132711121446E+00
 0.197340876506653E+00
 0.197275389284817E+00
 0.197061842156211E+00
 0.196877704749973E+00
 0.196425553360261E+00
 0.195915920871447E+00
 0.195359394030220E+00
 0.194543096113240E+00
 0.193808060312238E+00
 0.192903190614123E+00
 0.191833125628053E+00
 0.190853534757829E+00
 0.189627474568135E+00
 0.188451843726460E+00
 0.187167653103397E+00
 0.185751907746104E+00
 0.184422945256099E+00
 0.182863533585326E+00
 0.181442626949517E+00
 0.179854498527342E+00
 0.179320194441558E+00
 0.179234333105098E+00
 0.178884545673332E+00
 0.178664511861180E+00
 0.178294254303114E+00
 0.177809707691463E+00
 0.177430187216011E+00
 0.176797988829528E+00
 0.175920158020797E+00
 0.174947910596340E+00
 0.174077806120418E+00
 0.172973227115665E+00
 0.171643126163354E+00
 0.170097394735722E+00
 0.168346815946167E+00
 0.166403007417453E+00
 0.164278355783386E+00
 0.161985947021649E+00
 0.159539498151293E+00
 0.156953294377986E+00
 0.154242497018571E+00
 0.151509095130810E+00
 0.148829593399963E+00
 0.146194808610533E+00
 0.143615589408078E+00
 0.141069278658620E+00
 0.138585259622443E+00
 0.136140006729748E+00
 0.133735305935893E+00
 0.131371849578341E+00
 0.129049107263113E+00
 0.127144422076977E+00
 0.129847156261341E+00
 0.132603951415114E+00
 0.135400755319652E+00
 0.138223273184978E+00
 0.141057045652522E+00
 0.143887517241509E+00
 0.146806536285052E+00
 0.149711550434571E+00
 0.152586261170298E+00
 0.155415655707376E+00
 0.158184866172158E+00
 0.160879236745538E+00
 0.163484383957985E+00
 0.165986250901996E+00
 0.168581285059101E+00
 0.171062655673471E+00
 0.173414178688505E+00
 0.175622686911127E+00
 0.177675566242142E+00
 0.179691897866741E+00
 0.181676909546413E+00
 0.183483011472077E+00
 0.185099136000053E+00
 0.186514988134124E+00
 0.188025138937810E+00
 0.189338341625975E+00
 0.190432930352665E+00
 0.191309935027511E+00
 0.192295095490849E+00
 0.193046358916073E+00
 0.193556934698827E+00
 0.194011490450086E+00
 0.194405587489660E+00
 0.194548290851522E+00
 0.194549396656953E+00
 0.194580219903216E+00
 0.194352090961961E+00
 0.193985922644127E+00
 0.193654199971628E+00
 0.193058984079237E+00
 0.192409003069378E+00
 0.191721196064324E+00
 0.190768207526491E+00
 0.189913258287830E+00
 0.188880846747541E+00
 0.187695323454403E+00
 0.186597092265325E+00
 0.185235882830841E+00
 0.183972508179977E+00
 0.182560480847954E+00
 0.181058557061164E+00
 0.179609050759727E+00
 0.177903073411378E+00
 0.176428111992475E+00
 0.174700396374399E+00
 0.173059594640138E+00
 0.171323035669343E+00
 0.170035359820961E+00
 0.169850174330689E+00
 0.169404891395368E+00
 0.168696422570992E+00
 0.167851763390747E+00
 0.167154098462895E+00
 0.166194730641261E+00
 0.164972766764662E+00
 0.163488391971510E+00
 0.161742855220132E+00
 0.159738456298469E+00
 0.157478537904232E+00
 0.154967482023134E+00
 0.152351109977089E+00
 0.149775047720996E+00
 0.147253163363951E+00
 0.144781602390126E+00
 0.142341396889248E+00
 0.139937626866749E+00
 0.137597556599778E+00
 0.135291712915725E+00
 0.133021508197132E+00
 0.130786279173893E+00
 0.128583396637330E+00
 0.129358578875624E+00
 0.132834961404174E+00
 0.136105243606491E+00
 0.139513703751457E+00
 0.142718380456463E+00
 0.145698588882912E+00
 0.148487742473412E+00
 0.151377800323456E+00
 0.154028392692890E+00
 0.156436214079091E+00
 0.158742102051123E+00
 0.161034114031282E+00
 0.164122392298961E+00
 0.167238170809870E+00
 0.170330500486440E+00
 0.173367948645382E+00
 0.176144317904478E+00
 0.178910542264462E+00
 0.181598376814458E+00
 0.184013614599576E+00
 0.186477491319411E+00
 0.188798594747623E+00
 0.190838650880098E+00
 0.193027936663000E+00
 0.194972391845954E+00
 0.196720497905323E+00
 0.198574675705902E+00
 0.200139082381651E+00
 0.201665973680653E+00
 0.203144025624181E+00
 0.204330793235968E+00
 0.205666554802147E+00
 0.206773600769469E+00
 0.207727726504028E+00
 0.208764447060755E+00
 0.209510369335068E+00
 0.210324677831165E+00
 0.211010145831676E+00
 0.211475933910897E+00
 0.212111366392328E+00
 0.212460859550448E+00
 0.212836148773146E+00
 0.213147340746562E+00
 0.213206297538264E+00
 0.213490320087252E+00
 0.213496284689410E+00
 0.213510975172275E+00
 0.213502473424265E+00
 0.213223970291052E+00
 0.212682826164767E+00
 0.212206827149950E+00
 0.211666671473561E+00
 0.210874265274460E+00
 0.209838606420254E+00
 0.208569445215396E+00
 0.207077218328934E+00
 0.205372981981176E+00
 0.203468348699250E+00
 0.201375429093217E+00
 0.199106776826417E+00
 0.196675332699210E+00
 0.194094363453243E+00
 0.191377392611467E+00
 0.188538123652501E+00
 0.185658683823680E+00
 0.182823257583480E+00
 0.180038132427575E+00
 0.177295342222114E+00
 0.174592191688851E+00
 0.171922132248124E+00
 0.169289066036665E+00
 0.166699027405032E+00
 0.164140130425514E+00
 0.161614879932914E+00
 0.159129249467952E+00
 0.156675593431790E+00
 0.154250719088918E+00
 0.151850717636034E+00
 0.149472048740988E+00
 0.147135802185405E+00
 0.144839234990616E+00
 0.142559474092168E+00
 0.140292994664573E+00
 0.138093503871778E+00
 0.141757867761970E+00
 0.145802632752301E+00
 0.149951150403808E+00
 0.154017328783825E+00
 0.157936585352037E+00
 0.161690713836065E+00
 0.165662664375276E+00
 0.169557725746399E+00
 0.173256500163513E+00
 0.176740558878533E+00
 0.179991938138455E+00
 0.183096668321516E+00
 0.186214828408346E+00
 0.189062378676793E+00
 0.191622607452351E+00
 0.193879591351764E+00
 0.195990642558569E+00
 0.198655899874394E+00
 0.203681012971230E+00
 0.208744120746432E+00
 0.213827036866771E+00
 0.218913714812628E+00
 0.223987694695864E+00
 0.229032168166325E+00
 0.234030054389654E+00
 0.238964081688798E+00
 0.243816868923452E+00
 0.248571002230463E+00
 0.253355204820914E+00
 0.258123485683300E+00
 0.262759744030556E+00
 0.267246360766953E+00
 0.271565961149801E+00
 0.275701483016575E+00
 0.279673684870515E+00
 0.283737660744950E+00
 0.287585432216708E+00
 0.291200765348121E+00
 0.294568012594557E+00
 0.297672154173877E+00
 0.300880147442979E+00
 0.303842865463317E+00
 0.306515000888709E+00
 0.308883296634323E+00
 0.311167374292038E+00
 0.313367658953269E+00
 0.315241105036101E+00
 0.316776684378205E+00
 0.318270551900855E+00
 0.319623941412650E+00
 0.320621603313683E+00
 0.321297443589380E+00
 0.322115885501262E+00
 0.322564550964791E+00
 0.322636634221636E+00
 0.322826066414688E+00
 0.322723964851848E+00
 0.322236667842439E+00
 0.321881787329420E+00
 0.321235506182166E+00
 0.320209036183117E+00
 0.319422613655153E+00
 0.318245913231270E+00
 0.316892407431589E+00
 0.315595436293136E+00
 0.313907975182869E+00
 0.312336466025429E+00
 0.310550601485133E+00
 0.308551614925644E+00
 0.306687481254992E+00
 0.304438718931744E+00
 0.302393758860550E+00
 0.300090058091530E+00
 0.297738538946317E+00
 0.295398890036904E+00
 0.292952356226591E+00
 0.292947059473809E+00
 0.292529133953967E+00
 0.292273100532207E+00
 0.291820161338096E+00
 0.292058249169373E+00
 0.293097319178435E+00
 0.293888032941859E+00
 0.294422483859621E+00
 0.295184456728612E+00
 0.295471130535313E+00
 0.295973752018734E+00
 0.296243755276899E+00
 0.296281520140990E+00
 0.296550775672210E+00
 0.296332072112912E+00
 0.295781338400164E+00
 0.295578095666812E+00
 0.294880148117549E+00
 0.293681739786778E+00
 0.291978557862697E+00
 0.289767756232448E+00
 0.287047965076081E+00
 0.283819292165668E+00
 0.281058245593171E+00
 0.277908962128673E+00
 0.274260574335108E+00
 0.270197092271817E+00
 0.266139096197015E+00
 0.262150276438889E+00
 0.258201987243928E+00
 0.254367721103609E+00
 0.250553316841690E+00
 0.246788515343180E+00
 0.243126585296759E+00
 0.239510720020201E+00
 0.235943176224731E+00
 0.232422351082978E+00
 0.228943316355158E+00
 0.225498743079847E+00
 0.222171427810797E+00
 0.218886801306429E+00
 0.215630604186659E+00
 0.212388691033700E+00
 0.209145787145852E+00
 0.206065281352429E+00
 0.203002659255841E+00
 0.199918898853304E+00
 0.197832765974260E+00
 0.200766617650164E+00
 0.203325029192545E+00
 0.205640898254731E+00
 0.208013451649135E+00
 0.210012148757016E+00
 0.211867066173906E+00
 0.213685751830178E+00
 0.215135985142025E+00
 0.216568460830526E+00
 0.217849143092653E+00
 0.218770129267898E+00
 0.219821583722014E+00
 0.220587043533621E+00
 0.221093580691833E+00
 0.221717788236370E+00
 0.221996308769122E+00
 0.222591816848721E+00
 0.224105117304811E+00
 0.225224203570936E+00
 0.226587278625153E+00
 0.227571454703663E+00
 0.228648734354506E+00
 0.229512418549462E+00
 0.230331761638268E+00
 0.231090053763333E+00
 0.231676978970361E+00
 0.232344992770457E+00
 0.232723463342086E+00
 0.233316261048103E+00
 0.233535163013066E+00
 0.234039933127999E+00
 0.234201396627947E+00
 0.234548425109318E+00
 0.234667344651787E+00
 0.234852501386876E+00
 0.235055226888786E+00
 0.235402092102937E+00
 0.235365434565495E+00
 0.235178435874080E+00
 0.235171375384088E+00
 0.234790369861010E+00
 0.234046500558853E+00
 0.232951760473008E+00
 0.231518987543463E+00
 0.229761796298354E+00
 0.227750436111279E+00
 0.226057185199178E+00
 0.224057832609449E+00
 0.221767179390609E+00
 0.219200602957662E+00
 0.216373988725100E+00
 0.213396740391935E+00
 0.210455034947296E+00
 0.207551206863968E+00
 0.204677086858849E+00
 0.201847663178372E+00
 0.199036751340389E+00
 0.196257724955448E+00
 0.193528713466302E+00
 0.190826790594343E+00
 0.188152611411250E+00
 0.185505538249290E+00
 0.182886740805898E+00
 0.180325268581780E+00
 0.177795850680006E+00
 0.175294890544926E+00
 0.173982411236773E+00
 0.173345380703471E+00
 0.172427276563372E+00
 0.171233128177478E+00
 0.169768702697468E+00
 0.168066293894577E+00
 0.166677372698306E+00
 0.165030468110331E+00
 0.163315318628122E+00
 0.161646687364548E+00
 0.159734380441586E+00
 0.157586109098679E+00
 0.155210162186865E+00
 0.152615374167844E+00
 0.149932302259432E+00
 0.147720566920812E+00
 0.145379832192503E+00
 0.146670552717020E+00
 0.149816299403170E+00
 0.152949213759376E+00
 0.156122060538769E+00
 0.159326651014762E+00
 0.162493516160126E+00
 0.165609284702311E+00
 0.168660684542222E+00
 0.171634616155554E+00
 0.174518215778817E+00
 0.177298908691533E+00
 0.179964830125587E+00
 0.182719927726799E+00
 0.185347135687793E+00
 0.187834619818426E+00
 0.190171070453402E+00
 0.192520326883432E+00
 0.195963402034823E+00
 0.199309253486329E+00
 0.202544510408228E+00
 0.205656154185523E+00
 0.208715691785711E+00
 0.211787405529249E+00
 0.214712988025415E+00
 0.217480433179372E+00
 0.220078312495098E+00
 0.222542772563528E+00
 0.225065361209086E+00
 0.227399384196610E+00
 0.229535012317845E+00
 0.231463187037193E+00
 0.233408861876338E+00
 0.235238215550699E+00
 0.236845788928259E+00
 0.238224553701995E+00
 0.239625585934509E+00
 0.240898261171948E+00
 0.241931842962372E+00
 0.242738177837303E+00
 0.243668409103047E+00
 0.244352088735483E+00
 0.244785802864736E+00
 0.245220083443300E+00
 0.245554987695577E+00
 0.245636533716510E+00
 0.245629089591522E+00
 0.245621477167947E+00
 0.245359627143446E+00
 0.244979757102623E+00
 0.244640381438942E+00
 0.244048154544332E+00
 0.243362183542214E+00
 0.242705527217213E+00
 0.241799470301605E+00
 0.240870116895820E+00
 0.239913649753717E+00
 0.238713108788490E+00
 0.237599253124812E+00
 0.236362747826552E+00
 0.234906426818310E+00
 0.233645546747275E+00
 0.232150489501406E+00
 0.230608867529290E+00
 0.229103701789831E+00
 0.227372803105051E+00
 0.225792863539754E+00
 0.224065817576001E+00
 0.222122444797427E+00
 0.219969997369713E+00
 0.217616598850779E+00
 0.215071200893248E+00
 0.212343540515984E+00
 0.209462969850261E+00
 0.206765409802015E+00
 0.203898876646587E+00
 0.200874428208952E+00
 0.197703759496758E+00
 0.194399154702644E+00
 0.190973443033640E+00
 0.187439955471135E+00
 0.183812477279605E+00
 0.180105191214752E+00
 0.176332609484196E+00
 0.172509497274153E+00
 0.168650794452608E+00
 0.165242042169876E+00
 0.163759306285536E+00
 0.161986614682984E+00
 0.159931107065779E+00
 0.158121774053035E+00
 0.156104055384014E+00
 0.153816523253036E+00
 0.151322887162679E+00
 0.148868126239748E+00
 0.146475431559909E+00
 0.144151917105527E+00
 0.141871720615188E+00
 0.139670154151891E+00
 0.137504755780253E+00
 0.135382465770843E+00
 0.133353051701446E+00
 0.131624842960159E+00
 0.129916985009992E+00
 0.129743975928594E+00
 0.132229879536227E+00
 0.134746854335615E+00
 0.137280250641718E+00
 0.139815357930233E+00
 0.142337477955364E+00
 0.144831996347074E+00
 0.147284450623334E+00
 0.149680593811703E+00
 0.152060751201972E+00
 0.154464768770959E+00
 0.156788756066391E+00
 0.159019095591874E+00
 0.161142624259884E+00
 0.163146693638898E+00
 0.165184177115876E+00
 0.167151947161633E+00
 0.168979871567408E+00
 0.170656750153909E+00
 0.172237152485905E+00
 0.173860048451415E+00
 0.175314747336026E+00
 0.176591870236468E+00
 0.177776722827371E+00
 0.178989231780690E+00
 0.180010722520708E+00
 0.180833944871709E+00
 0.181694919593389E+00
 0.182449596893127E+00
 0.182996558007466E+00
 0.183462034201566E+00
 0.183944389196406E+00
 0.184212203881756E+00
 0.184333096873178E+00
 0.184542731946726E+00
 0.184533489328166E+00
 0.184360248541437E+00
 0.184301316570082E+00
 0.184021515189864E+00
 0.183603179622648E+00
 0.183283681071962E+00
 0.182743521879149E+00
 0.182127288764670E+00
 0.181558380413713E+00
 0.180771066747480E+00
 0.180002112976441E+00
 0.179197627171420E+00
 0.178178792035048E+00
 0.177299871085209E+00
 0.176275812561418E+00
 0.175113652631822E+00
 0.174093877882759E+00
 0.172867830394865E+00
 0.171667466500103E+00
 0.170457365943278E+00
 0.169047977924433E+00
 0.167444628167190E+00
 0.165653621703553E+00
 0.163682219440316E+00
 0.161538612084074E+00
 0.159231889266522E+00
 0.156806432851434E+00
 0.154540888334440E+00
 0.152124490312076E+00
 0.149567853099146E+00
 0.146882348008240E+00
 0.144080049397398E+00
 0.141173680561050E+00
 0.138176560066005E+00
 0.135131869860919E+00
 0.132148080507926E+00
 0.129232232713379E+00
 0.126379723468994E+00
 0.123597434766475E+00
 0.120868141908523E+00
 0.118212400967649E+00
 0.115615394253722E+00
 0.114010995696032E+00
 0.115949029736742E+00
 0.117778371440469E+00
 0.119617558725410E+00
 0.122216212244877E+00
 0.126452263370248E+00
 0.130723413644184E+00
 0.135013319877300E+00
 0.139305439135925E+00
 0.143583092531076E+00
 0.147829531887042E+00
 0.152028010503154E+00
 0.156240795910601E+00
 0.160544838027091E+00
 0.164765850941932E+00
 0.168886857575518E+00
 0.172891159472974E+00
 0.176762403577907E+00
 0.180484650726037E+00
 0.184312891580688E+00
 0.188014298514287E+00
 0.191532571561619E+00
 0.194852859339389E+00
 0.197960995858217E+00
 0.201006456038594E+00
 0.204017396966305E+00
 0.206786219486502E+00
 0.209300654211737E+00
 0.211549344999669E+00
 0.213830116696033E+00
 0.215923685129704E+00
 0.217727806323467E+00
 0.219233694231275E+00
 0.220713304731127E+00
 0.222037609312297E+00
 0.223045883928455E+00
 0.223732280314812E+00
 0.224538255511429E+00
 0.225989724839828E+00
 0.228367370956500E+00
 0.230845389286162E+00
 0.233030986566764E+00
 0.234913688591633E+00
 0.236855015816079E+00
 0.238607318901989E+00
 0.240041229940926E+00
 0.241444178091562E+00
 0.242750526376710E+00
 0.243726519092399E+00
 0.244658396858708E+00
 0.245514186707513E+00
 0.246031136663098E+00
 0.246561503445265E+00
 0.246969275965673E+00
 0.247033064026585E+00
 0.247231719699008E+00
 0.247200303862014E+00
 0.246869492950894E+00
 0.246757901521752E+00
 0.246301461102356E+00
 0.245756143506317E+00
 0.245236446066199E+00
 0.244373616447004E+00
 0.243677131139608E+00
 0.242769158816072E+00
 0.241672331943933E+00
 0.240734346013895E+00
 0.239460911222423E+00
 0.238316140382651E+00
 0.237031132790292E+00
 0.235559769784270E+00
 0.234277437652828E+00
 0.232670471870023E+00
 0.230742854839208E+00
 0.228499770989809E+00
 0.225947580782165E+00
 0.223093796496867E+00
 0.220479489645695E+00
 0.217666075799631E+00
 0.214564327168010E+00
 0.211183882344523E+00
 0.207535423167240E+00
 0.203630638073359E+00
 0.199482223832703E+00
 0.195271613688745E+00
 0.191163499469710E+00
 0.187143366904627E+00
 0.183216851167334E+00
 0.179381381803008E+00
 0.175640315716027E+00
 0.171973667156246E+00
 0.168386767058407E+00
 0.164881940069832E+00
 0.161459575188918E+00
 0.158117968135097E+00
 0.154853948001501E+00
 0.151663016933145E+00
 0.148539897221895E+00
 0.145478409837646E+00
 0.143474324478368E+00
 0.147126593561342E+00
 0.150958582368130E+00
 0.154592006714694E+00
 0.157930680097134E+00
 0.161435572542282E+00
 0.164643774268768E+00
 0.167662294986838E+00
 0.170735644754162E+00
 0.173486433917880E+00
 0.176221440321264E+00
 0.178828136288346E+00
 0.181119932240844E+00
 0.183585598250877E+00
 0.185710275942746E+00
 0.187781946259905E+00
 0.189766025361716E+00
 0.191441535300276E+00
 0.193293116551142E+00
 0.194793864775251E+00
 0.196317401739974E+00
 0.197693047953665E+00
 0.198863682928927E+00
 0.200125853983719E+00
 0.201034525982234E+00
 0.202116984010665E+00
 0.202924570084623E+00
 0.203690253165387E+00
 0.204410336178481E+00
 0.204868311444534E+00
 0.205514850992089E+00
 0.205812658885898E+00
 0.206259692368125E+00
 0.206500118839307E+00
 0.206665259411656E+00
 0.206862834479008E+00
 0.206751262293996E+00
 0.206920045493552E+00
 0.206751519690313E+00
 0.206251106850621E+00
 0.205425306205320E+00
 0.204743339262202E+00
 0.203912987699439E+00
 0.202768295139841E+00
 0.201317769040508E+00
 0.199570851673449E+00
 0.197537874765943E+00
 0.195230007199297E+00
 0.192659194678174E+00
 0.192846435909684E+00
 0.193567996581290E+00
 0.194138653954551E+00
 0.194566701424848E+00
 0.194861030129056E+00
 0.195031073147235E+00
 0.195226344744577E+00
 0.195317674164166E+00
 0.195298353239561E+00
 0.195179108202317E+00
 0.194970998550651E+00
 0.194685357719252E+00
 0.194333737329238E+00
 0.193971204449927E+00
 0.193568012204475E+00
 0.193115430488191E+00
 0.192625394913469E+00
 0.192109835581560E+00
 0.191763948662546E+00
 0.192496086337977E+00
 0.193108663152368E+00
 0.193611051812040E+00
 0.194185987427567E+00
 0.194652383492358E+00
 0.195019825508154E+00
 0.195298320658922E+00
 0.195507419276227E+00
 0.195758719974785E+00
 0.195933392860935E+00
 0.196042104916056E+00
 0.196095738611544E+00
 0.196105324582657E+00
 0.196081976957662E+00
 0.196036831601199E+00
 0.195980986307128E+00
 0.196664289209515E+00
 0.198153561791681E+00
 0.199741097668441E+00
 0.201426250942595E+00
 0.203271220412271E+00
 0.205183097940492E+00
 0.207153241278962E+00
 0.209172376939327E+00
 0.211230638434902E+00
 0.213317607760672E+00
 0.215422362394913E+00
 0.217533527447710E+00
 0.219639330699164E+00
 0.221727658711527E+00
 0.223786114196118E+00
 0.225802076149820E+00
 0.227839099470262E+00
 0.229846185421226E+00
 0.231787820475200E+00
 0.233650800796470E+00
 0.235421934522909E+00
 0.237088112898520E+00
 0.238636377236551E+00
 0.240053980620758E+00
 0.241328446424729E+00
 0.242526759782864E+00
 0.243710276306548E+00
 0.244728336436703E+00
 0.245779349961914E+00
 0.248155995315047E+00
 0.250432368654299E+00
 0.252594373569738E+00
 0.254751970780316E+00
 0.256859281684996E+00
 0.258831425287450E+00
 0.260654601118456E+00
 0.262315296691234E+00
 0.263899901431152E+00
 0.265486938398690E+00
 0.266892800371466E+00
 0.268104867682222E+00
 0.269141317326206E+00
 0.270273696490615E+00
 0.271196064395755E+00
 0.271897069646098E+00
 0.272494723348765E+00
 0.273115903172405E+00
 0.273502443701518E+00
 0.273644598467855E+00
 0.273918334393703E+00
 0.273986011940356E+00
 0.273799238792906E+00
 0.273666578610479E+00
 0.273415430781434E+00
 0.272901976353889E+00
 0.272430744968388E+00
 0.271864854095548E+00
 0.271030952444625E+00
 0.270286209366089E+00
 0.269413225254931E+00
 0.268268592047671E+00
 0.267312261577968E+00
 0.266142839518668E+00
 0.264773276612932E+00
 0.263590771086990E+00
 0.262138167990371E+00
 0.260655808502433E+00
 0.259205023819127E+00
 0.257484732728905E+00
 0.255492902688074E+00
 0.253228508472687E+00
 0.250691544932676E+00
 0.247883042243871E+00
 0.244805081977505E+00
 0.241931329843146E+00
 0.238894125850367E+00
 0.235595271577538E+00
 0.232038921418293E+00
 0.228230263927752E+00
 0.224175518475604E+00
 0.219881925137092E+00
 0.215363065439818E+00
 0.212455803292343E+00
 0.210409672928486E+00
 0.207985983689362E+00
 0.205181490922030E+00
 0.201994132773596E+00
 0.199613278695455E+00
 0.197084436542248E+00
 0.194392400143116E+00
 0.191744498621273E+00
 0.189134635521923E+00
 0.186582887113546E+00
 0.184057084767985E+00
 0.181602251974689E+00
 0.179177217772914E+00
 0.176790780483502E+00
 0.174448000964667E+00
 0.172151155149961E+00
 0.169899510957897E+00
 0.167710399595015E+00
 0.170317672329765E+00
 0.172864694390524E+00
 0.175285510806579E+00
 0.177374890775861E+00
 0.179234332970995E+00
 0.181129666598320E+00
 0.182687401273990E+00
 0.183909372790616E+00
 0.185263323105900E+00
 0.186287335527795E+00
 0.186975651759843E+00
 0.189494613439901E+00
 0.192336964694700E+00
 0.195094249935225E+00
 0.197493800455181E+00
 0.200075157616602E+00
 0.202278315911609E+00
 0.204476347664715E+00
 0.206507484945528E+00
 0.208337141830401E+00
 0.210322771488316E+00
 0.212833796221460E+00
 0.215067272437670E+00
 0.217455315889208E+00
 0.219449545084278E+00
 0.221388341398054E+00
 0.223259855705905E+00
 0.224732949702367E+00
 0.226424201135559E+00
 0.227778842848928E+00
 0.228979152058675E+00
 0.230226230074779E+00
 0.231070414319445E+00
 0.232113186808450E+00
 0.232859073305937E+00
 0.233477730152598E+00
 0.234138549596504E+00
 0.234398230484505E+00
 0.234947571433420E+00
 0.235134856828665E+00
 0.235324924750990E+00
 0.235454082757665E+00
 0.235308931934457E+00
 0.235394296481193E+00
 0.235085645256159E+00
 0.234993358132677E+00
 0.234655718483426E+00
 0.234288365571382E+00
 0.233935904382618E+00
 0.233200610552619E+00
 0.232575563901936E+00
 0.231841297016147E+00
 0.230736714100797E+00
 0.229273809926047E+00
 0.227465614126012E+00
 0.225326127020035E+00
 0.223175593848272E+00
 0.221174187259569E+00
 0.218852095313585E+00
 0.216223177248089E+00
 0.213488575487504E+00
 0.210799101870563E+00
 0.208133427196472E+00
 0.205514740166895E+00
 0.202904694790192E+00
 0.200359858281455E+00
 0.197835522801576E+00
 0.195337472046754E+00
 0.192868284340128E+00
 0.190428316379129E+00
 0.188016069638702E+00
 0.185628166487091E+00
 0.183259886742229E+00
 0.180905835777861E+00
 0.178627161326790E+00
 0.176376649314338E+00
 0.174136578410283E+00
 0.171899620947896E+00
 0.169700949339622E+00
 0.167583108152325E+00
 0.165460959930749E+00
 0.163326821552222E+00
 0.161297820291775E+00
 0.159290590131289E+00
 0.157262824085183E+00
 0.155316596375062E+00
 0.153419653186666E+00
 0.151493120654763E+00
 0.149660318663375E+00
 0.147655043582283E+00
 0.149549830095379E+00
 0.153025983627384E+00
 0.156662831983010E+00
 0.160449317956820E+00
 0.164373604118010E+00
 0.168423127308852E+00
 0.172584662011098E+00
 0.176844386831848E+00
 0.181187947743305E+00
 0.185600514610185E+00
 0.190066832394760E+00
 0.194571272380514E+00
 0.199097889497609E+00
 0.203630489100305E+00
 0.208152702176748E+00
 0.212754614976523E+00
 0.217392841644728E+00
 0.221988929884094E+00
 0.226525869474513E+00
 0.230986748840955E+00
 0.235354834867767E+00
 0.239613650394068E+00
 0.243747046591661E+00
 0.247739268365261E+00
 0.251822891321341E+00
 0.255787415544888E+00
 0.259579077250704E+00
 0.263183116947517E+00
 0.266585421938688E+00
 0.269772576389151E+00
 0.272871179461722E+00
 0.275949227393886E+00
 0.278785387768034E+00
 0.281368163167395E+00
 0.283686960891867E+00
 0.285741685418900E+00
 0.287904288385472E+00
 0.289782326242404E+00
 0.291367684498743E+00
 0.292653315164863E+00
 0.293795793663691E+00
 0.294897664211139E+00
 0.295686454319225E+00
 0.296157977667457E+00
 0.296430693266383E+00
 0.296714409140455E+00
 0.296673348427623E+00
 0.296306317919643E+00
 0.295884545793804E+00
 0.295336513426089E+00
 0.294460685036037E+00
 0.293362752228355E+00
 0.292321694750665E+00
 0.290954557421731E+00
 0.289325749293836E+00
 0.287812559471631E+00
 0.288556850283971E+00
 0.289598676491108E+00
 0.290737577773490E+00
 0.291670690092505E+00
 0.292274121807970E+00
 0.292983321706398E+00
 0.293491488615852E+00
 0.293668455062310E+00
 0.294004536122979E+00
 0.294101653671927E+00
 0.293868556861694E+00
 0.293887630074181E+00
 0.293591522952954E+00
 0.293070123998668E+00
 0.292725412379632E+00
 0.292057076597929E+00
 0.291314360710836E+00
 0.290615124229461E+00
 0.289597953162543E+00
 0.288686674649573E+00
 0.287656418406953E+00
 0.286315434069531E+00
 0.284667914547209E+00
 0.282719139616894E+00
 0.280475455989485E+00
 0.277944253302595E+00
 0.275194634171244E+00
 0.272687366218638E+00
 0.269905444666684E+00
 0.266858114935507E+00
 0.263555541211826E+00
 0.260008763804467E+00
 0.256229650540051E+00
 0.252230842911874E+00
 0.249336323051626E+00
 0.249261578965529E+00
 0.249257124381416E+00
 0.249172483473268E+00
 0.248669279693984E+00
 0.248335326864147E+00
 0.247837885817431E+00
 0.246923978068017E+00
 0.245596062131100E+00
 0.243857881147185E+00
 0.241714439388112E+00
 0.239312740456814E+00
 0.237219723506209E+00
 0.234734517981011E+00
 0.231864455402781E+00
 0.228618021146205E+00
 0.225103546771768E+00
 0.221647817222815E+00
 0.218264089322970E+00
 0.214960673572157E+00
 0.211699391973598E+00
 0.208544315716552E+00
 0.205439816719829E+00
 0.202387287482315E+00
 0.199392030898418E+00
 0.196456064492567E+00
 0.193578848760994E+00
 0.190757140788297E+00
 0.187985714913507E+00
 0.185257883405841E+00
 0.182565591691056E+00
 0.179899721949898E+00
 0.177313028853513E+00
 0.174800721269778E+00
 0.172305027458169E+00
 0.169814992646340E+00
 0.167388060282319E+00
 0.165058507291041E+00
 0.162721478471819E+00
 0.160366610259702E+00
 0.158192520644774E+00
 0.155996279716360E+00
 0.154004734593527E+00
 0.152177048210918E+00
 0.150234590451706E+00
 0.148356191058402E+00
 0.146231830164552E+00
 0.143867133260372E+00
 0.141675455692862E+00
 0.139342872313348E+00
 0.138650001529674E+00
 0.138756275442445E+00
 0.138737972749060E+00
 0.138748502962830E+00
 0.138672398385675E+00
 0.138475474163452E+00
 0.138162625708428E+00
 0.137744335608260E+00
 0.137381962860253E+00
 0.136911061434665E+00
 0.136338589411709E+00
 0.135672235473705E+00
 0.134945504521169E+00
 0.134243622949134E+00
 0.133459327019226E+00
 0.132602001352610E+00
 0.131681611367258E+00
 0.130708655262124E+00
 0.129739311418183E+00
 0.128751663628281E+00
 0.127726497692778E+00
 0.126675390614086E+00
 0.125610254992774E+00
 0.125497640558497E+00
 0.125625458256415E+00
 0.125592709861100E+00
 0.125407877558074E+00
 0.125079718999255E+00
 0.124617223969252E+00
 0.124029566532401E+00
 0.123326052581260E+00
 0.123813078049700E+00
 0.125224117371164E+00
 0.126547502370067E+00
 0.127771390441457E+00
 0.128968917924450E+00
 0.130144081781965E+00
 0.131200010944561E+00
 0.132125247253753E+00
 0.132910032032949E+00
 0.133770363199837E+00
 0.135709502559614E+00
 0.138499777684123E+00
 0.141501430111640E+00
 0.144649556035364E+00
 0.147936294210885E+00
 0.151352993236654E+00
 0.154890232838735E+00
 0.158537847541449E+00
 0.162284956915630E+00
 0.166120005901531E+00
 0.170030815978598E+00
 0.174004644215203E+00
 0.178028244491780E+00
 0.182087925240552E+00
 0.186169601119836E+00
 0.190362006865715E+00
 0.194580120233749E+00
 0.198793010163666E+00
 0.202985250347472E+00
 0.207141241184928E+00
 0.211245268396690E+00
 0.215281563130650E+00
 0.219234365873574E+00
 0.223087995064578E+00
 0.226826919868746E+00
 0.230676045429401E+00
 0.234406421636745E+00
 0.237991110103822E+00
 0.241414976191273E+00
 0.244663308220906E+00
 0.247721891175182E+00
 0.250669791833811E+00
 0.253639854720107E+00
 0.256392293112131E+00
 0.258914272110413E+00
 0.261193700373160E+00
 0.263219287705167E+00
 0.265325506538761E+00
 0.267201938366309E+00
 0.268802836963922E+00
 0.270119131273936E+00
 0.271278588860864E+00
 0.272426325908616E+00
 0.273272913883810E+00
 0.273811873845773E+00
 0.274177897401456E+00
 0.274541241884756E+00
 0.274585923053488E+00
 0.274308320637079E+00
 0.274051919987564E+00
 0.273602682161972E+00
 0.272825752672241E+00
 0.271953013368478E+00
 0.271018833436092E+00
 0.269755226094888E+00
 0.268405334593294E+00
 0.267002380979084E+00
 0.265271651995816E+00
 0.263575851673748E+00
 0.261726205470431E+00
 0.259581276582008E+00
 0.257632426717639E+00
 0.255362895786337E+00
 0.253086400977968E+00
 0.250739788268978E+00
 0.248174972790157E+00
 0.245770164418611E+00
 0.244176128694162E+00
 0.244714807214556E+00
 0.244935979927944E+00
 0.245128382703937E+00
 0.245318801490378E+00
 0.245191049617992E+00
 0.245194702810846E+00
 0.245051938194746E+00
 0.244592218340184E+00
 0.243814093676441E+00
 0.242717287833868E+00
 0.241302711642932E+00
 0.239572473263727E+00
 0.237858866042318E+00
 0.236150195141362E+00
 0.234134060137957E+00
 0.231814902431523E+00
 0.229198328051101E+00
 0.226291095702054E+00
 0.223101096364929E+00
 0.219659965838811E+00
 0.216198473655385E+00
 0.212774831872190E+00
 0.209379487763905E+00
 0.206042573746944E+00
 0.202726365082164E+00
 0.199442878163392E+00
 0.196210666812732E+00
 0.193019830219952E+00
 0.189861744808900E+00
 0.186747192934415E+00
 0.183686141221250E+00
 0.180664033472412E+00
 0.177675111780720E+00
 0.174713124639761E+00
 0.171770821209732E+00
 0.168894085120890E+00
 0.166078126607132E+00
 0.163273704792243E+00
 0.160472973546391E+00
 0.157779970674133E+00
 0.158536598960819E+00
 0.160561702068493E+00
 0.162241093504724E+00
 0.163896725164907E+00
 0.165406200902401E+00
 0.166559675270325E+00
 0.167860022082100E+00
 0.168847712804958E+00
 0.169629331256050E+00
 0.170463221716821E+00
 0.170932100304641E+00
 0.171435670210385E+00
 0.171762347212274E+00
 0.171794678757213E+00
 0.171994442922882E+00
 0.171828315786153E+00
 0.175254157533944E+00
 0.180030449605556E+00
 0.184708244072964E+00
 0.189272336968702E+00
 0.193708125866955E+00
 0.198154489457496E+00
 0.202618505966982E+00
 0.206923317095281E+00
 0.211055901221905E+00
 0.215004062285594E+00
 0.218756468740510E+00
 0.222522020894551E+00
 0.226214272465005E+00
 0.229686336248553E+00
 0.232929263586840E+00
 0.235935134814505E+00
 0.238820112123266E+00
 0.241713369957032E+00
 0.244352199283399E+00
 0.246731506734806E+00
 0.248847333694876E+00
 0.250884690801691E+00
 0.252855815022518E+00
 0.254553911684245E+00
 0.255978049841956E+00
 0.257128461424025E+00
 0.258397289860556E+00
 0.259390245083282E+00
 0.260107783369522E+00
 0.260553154196085E+00
 0.261044724562826E+00
 0.261337069642675E+00
 0.261361085293910E+00
 0.261122885058470E+00
 0.260958333398870E+00
 0.260579647955771E+00
 0.259947450201950E+00
 0.259127098136931E+00
 0.258370131245181E+00
 0.257371007482088E+00
 0.256139899388128E+00
 0.254899427820448E+00
 0.253564314387947E+00
 0.252012013080490E+00
 0.250334892847841E+00
 0.248697292980817E+00
 0.246858858848103E+00
 0.244840460978749E+00
 0.242935340533276E+00
 0.240846891092674E+00
 0.238589207977497E+00
 0.236436666854710E+00
 0.234134449463012E+00
 0.231684244241561E+00
 0.229350234672158E+00
 0.226869833978107E+00
 0.224310980994064E+00
 0.221814288348765E+00
 0.219189996203017E+00
 0.217457446682197E+00
 0.217127089692014E+00
 0.216569695515129E+00
 0.215793607378122E+00
 0.214808022584379E+00
 0.213622939556751E+00
 0.212480330021261E+00
 0.211310264997557E+00
 0.209954003953766E+00
 0.208422854372294E+00
 0.206728750335445E+00
 0.204884196521452E+00
 0.202902213049681E+00
 0.200796278234293E+00
 0.198580266297140E+00
 0.196268378720856E+00
 0.193875070326889E+00
 0.191414973083032E+00
 0.188908149139563E+00
 0.186408602804990E+00
 0.187691650213170E+00
 0.189335875703900E+00
 0.191078110666102E+00
 0.192906886265084E+00
 0.194810231995023E+00
 0.196775730771446E+00
 0.198790576913116E+00
 0.200841638013250E+00
 0.202915519438977E+00
 0.204998629364058E+00
 0.207077243465359E+00
 0.209137570311634E+00
 0.211165818994495E+00
 0.213148268952661E+00
 0.215097354877414E+00
 0.217084278125450E+00
 0.219000986366293E+00
 0.220833966711653E+00
 0.222570029756632E+00
 0.224196371648599E+00
 0.225700631112421E+00
 0.227070944489593E+00
 0.228296001834423E+00
 0.229564646924545E+00
 0.230713136107550E+00
 0.231696329249196E+00
 0.232504482102346E+00
 0.233128606437429E+00
 0.233585085918155E+00
 0.234107728488910E+00
 0.234431110392005E+00
 0.234548315039336E+00
 0.234453338184936E+00
 0.234264225474572E+00
 0.234056028575354E+00
 0.233626135008429E+00
 0.232970953617561E+00
 0.232199296297605E+00
 0.231434188463045E+00
 0.230438816583729E+00
 0.229212130102396E+00
 0.228012149528777E+00
 0.226685521657947E+00
 0.225127034792644E+00
 0.223500852636064E+00
 0.221857041721568E+00
 0.219983490020414E+00
 0.218042754581998E+00
 0.216099957006646E+00
 0.213931927054383E+00
 0.211778257943257E+00
 0.209557869859143E+00
 0.207118871708089E+00
 0.204843017275007E+00
 0.202368833072699E+00
 0.199861537719471E+00
 0.197366185042964E+00
 0.197457380078983E+00
 0.197460230688851E+00
 0.197254402632873E+00
 0.196834731596295E+00
 0.196196966882740E+00
 0.195337801898432E+00
 0.194254901680247E+00
 0.193143462746147E+00
 0.192082696759517E+00
 0.190800565183112E+00
 0.189296712356182E+00
 0.187571771940479E+00
 0.185627370431110E+00
 0.183466121086004E+00
 0.181102843635060E+00
 0.178699196381193E+00
 0.176305435867119E+00
 0.173933527947799E+00
 0.171553142304679E+00
 0.169208469103961E+00
 0.166871363574345E+00
 0.164545052857384E+00
 0.162230953899732E+00
 0.159928532588328E+00
 0.157635263737845E+00
 0.155347085119900E+00
 0.153110610044883E+00
 0.150883261411567E+00
 0.148657486474232E+00
 0.146426294150521E+00
 0.148490056551490E+00
 0.151694584876275E+00
 0.154671893372679E+00
 0.157704662796472E+00
 0.160575066246491E+00
 0.163203967033276E+00
 0.165784082755991E+00
 0.168295154514732E+00
 0.170553714728710E+00
 0.172699381186942E+00
 0.174834857781794E+00
 0.176710041396872E+00
 0.178446161876062E+00
 0.180197843544444E+00
 0.181684564276141E+00
 0.183039968549352E+00
 0.184406808672495E+00
 0.185506968231189E+00
 0.186512234786835E+00
 0.187499459011340E+00
 0.188221001791504E+00
 0.188906834243576E+00
 0.189524995347063E+00
 0.189880937497102E+00
 0.190277166308054E+00
 0.190541228876796E+00
 0.190548749987482E+00
 0.190683884007530E+00
 0.190612434523641E+00
 0.190331741417188E+00
 0.190192976917679E+00
 0.189807463497241E+00
 0.189312727254149E+00
 0.188873964598957E+00
 0.188197950263904E+00
 0.187513522018670E+00
 0.186798486135396E+00
 0.185856922422966E+00
 0.186511443869653E+00
 0.187186931660567E+00
 0.188148003018592E+00
 0.189660915607657E+00
 0.190993836294846E+00
 0.192146267707525E+00
 0.193118715472293E+00
 0.194117795813178E+00
 0.194999991117962E+00
 0.195701942790576E+00
 0.196226779438078E+00
 0.196600293278263E+00
 0.197037939242873E+00
 0.197302746013861E+00
 0.197400365096864E+00
 0.197337379122502E+00
 0.197243788583587E+00
 0.197103928941942E+00
 0.196813126350708E+00
 0.196380206705282E+00
 0.195814808438046E+00
 0.195307958474259E+00
 0.194682162028736E+00
 0.193937816135559E+00
 0.193086393253404E+00
 0.192148207598123E+00
 0.191251666153723E+00
 0.190264121992402E+00
 0.189198513091674E+00
 0.188068278746395E+00
 0.186887292223995E+00
 0.185669790002114E+00
 0.184430299084271E+00
 0.183185519878118E+00
 0.181944468822128E+00
 0.180727968820357E+00
 0.179549007662282E+00
 0.178422445068529E+00
 0.177476440996913E+00
 0.176774917649541E+00
 0.176434025146470E+00
 0.176499287666242E+00
 0.176941478866859E+00
 0.177847801784120E+00
 0.179051563828847E+00
 0.180658394799190E+00
 0.182480527900223E+00
 0.184691979472298E+00
 0.187183964294206E+00
 0.189882680891411E+00
 0.192784230022018E+00
 0.195883620281208E+00
 0.199302001243015E+00
 0.202913874338488E+00
 0.206686988438808E+00
 0.210611276050559E+00
 0.214675762050051E+00
 0.218868603932027E+00
 0.223177141499308E+00
 0.227587954980649E+00
 0.232086927674623E+00
 0.236659308715929E+00
 0.241289773826897E+00
 0.245962485255215E+00
 0.250661154112667E+00
 0.255369107800216E+00
 0.260069362909090E+00
 0.264744701856368E+00
 0.269377750952230E+00
 0.274008690172337E+00
 0.278694958109969E+00
 0.283305615338809E+00
 0.287822785057967E+00
 0.292228722177020E+00
 0.296505896312148E+00
 0.300637072063222E+00
 0.304605382443174E+00
 0.308394393068183E+00
 0.312062102591107E+00
 0.315761993988000E+00
 0.319250744834103E+00
 0.322513116645149E+00
 0.325534536992724E+00
 0.328301147725852E+00
 0.330799858748367E+00
 0.333288812113772E+00
 0.335610420078355E+00
 0.337639535598343E+00
 0.339365368390165E+00
 0.340778122669169E+00
 0.342006772748862E+00
 0.343208670800472E+00
 0.344080609648114E+00
 0.344615670132891E+00
 0.344808096424338E+00
 0.344983289191140E+00
 0.344956254979206E+00
 0.344578488229417E+00
 0.343847528305258E+00
 0.343088339140509E+00
 0.342154014894464E+00
 0.340865640233538E+00
 0.339252086092823E+00
 0.337787682863176E+00
 0.335972987236181E+00
 0.333810969715595E+00
 0.331755332812787E+00
 0.329453961718893E+00
 0.326814717864281E+00
 0.324334812854250E+00
 0.321591111107169E+00
 0.318608870291862E+00
 0.315787669229574E+00
 0.312647629436117E+00
 0.309533443099049E+00
 0.306346149242688E+00
 0.302933650921161E+00
 0.299718966739797E+00
 0.296206953334296E+00
 0.292847915757859E+00
 0.289331435044150E+00
 0.285800636369686E+00
 0.282293597572685E+00
 0.278650163801411E+00
 0.278250820680833E+00
 0.277529806547182E+00
 0.276487429822117E+00
 0.275164624087030E+00
 0.274127492474116E+00
 0.273581274536269E+00
 0.273794700157658E+00
 0.273706340278200E+00
 0.273544245894486E+00
 0.273378883656201E+00
 0.272867202386362E+00
 0.272824114793649E+00
 0.272927840894365E+00
 0.273415297194520E+00
 0.273501112643811E+00
 0.273576371498214E+00
 0.273658334588109E+00
 0.273335067805510E+00
 0.273426665062766E+00
 0.273071924377831E+00
 0.272342680342250E+00
 0.272012896724839E+00
 0.271237224808440E+00
 0.270015062572631E+00
 0.268347162450883E+00
 0.266235634049109E+00
 0.263683938266441E+00
 0.261120174560143E+00
 0.258649815964502E+00
 0.255752983422831E+00
 0.252435645804893E+00
 0.248709499700682E+00
 0.244917551301794E+00
 0.241250512594206E+00
 0.237711278126816E+00
 0.234265874185026E+00
 0.230932699850242E+00
 0.227660577402815E+00
 0.224458158239443E+00
 0.221327773733770E+00
 0.218267639878341E+00
 0.215271870834697E+00
 0.212331678060132E+00
 0.209436254987683E+00
 0.206573281775785E+00
 0.203729901901058E+00
 0.200892716067062E+00
 0.198141102278796E+00
 0.195446033698894E+00
 0.192740839579068E+00
 0.190013045507749E+00
 0.187429213669266E+00
 0.184844656495006E+00
 0.182222186845007E+00
 0.179707242464905E+00
 0.177230651242547E+00
 0.174702417301510E+00
 0.172299490806138E+00
 0.169918097902986E+00
 0.167473019539921E+00
 0.167332997838064E+00
 0.169622329355245E+00
 0.171877730394968E+00
 0.174100157065971E+00
 0.176205146542856E+00
 0.178189850406490E+00
 0.180052104162096E+00
 0.181790419456609E+00
 0.183403991694066E+00
 0.184892713052112E+00
 0.186307114228913E+00
 0.187706557965654E+00
 0.188981434877958E+00
 0.190133491716475E+00
 0.191165017199142E+00
 0.192078808375954E+00
 0.192878126185715E+00
 0.193566643278883E+00
 0.194215212269521E+00
 0.194828794811143E+00
 0.195337783603636E+00
 0.195746933572780E+00
 0.196061274624681E+00
 0.196286002519814E+00
 0.196426386590100E+00
 0.196487711817494E+00
 0.196479967798445E+00
 0.196494357215902E+00
 0.196438455478849E+00
 0.196317643406024E+00
 0.196137270639789E+00
 0.195902676021375E+00
 0.195619193870817E+00
 0.195292132930416E+00
 0.194926726961118E+00
 0.194528067668636E+00
 0.194101036335781E+00
 0.193650248206551E+00
 0.193180015711673E+00
 0.192694328189153E+00
 0.192196841400460E+00
 0.191693318371482E+00
 0.191194661917635E+00
 0.190689951997064E+00
 0.190181973442909E+00
 0.189673124013590E+00
 0.189165458370643E+00
 0.188660740724620E+00
 0.188160490674366E+00
 0.187666009443237E+00
 0.187178382399380E+00
 0.186698464486028E+00
 0.186226862243953E+00
 0.185763925764715E+00
 0.185309757139976E+00
 0.184864233675687E+00
 0.184427039417667E+00
 0.183997698947354E+00
 0.183575610374345E+00
 0.183160076168134E+00
 0.182750329569388E+00
 0.182345552917946E+00
 0.181944885480945E+00
 0.181547422973770E+00
 0.181152216118570E+00
 0.180758277269894E+00
 0.180364600718655E+00
 0.179970195960720E+00
 0.179574128112821E+00
 0.179175558422261E+00
 0.178773779790291E+00
 0.178368244641112E+00
 0.177958583276815E+00
 0.177544610539533E+00
 0.177126319361112E+00
 0.176703863056362E+00
 0.176277532839253E+00
 0.175847739768841E+00
 0.175415008430912E+00
 0.174979983426906E+00
 0.174543442765991E+00
 0.174106308993843E+00
 0.173669651284935E+00
 0.173234677606350E+00
 0.172802720804840E+00
 0.172375222719933E+00
 0.171953716847596E+00
 0.171539806701285E+00
 0.171135137623342E+00
 0.170741364445791E+00
 0.170360122190192E+00
 0.169993007408149E+00
 0.169641572639588E+00
 0.169307329164173E+00
 0.168991748937175E+00
 0.168696258215594E+00
 0.168422221358621E+00
 0.168170919186219E+00
 0.167943528305070E+00
 0.167741105391733E+00
 0.167564576018839E+00
 0.167414724439499E+00
 0.167314813379039E+00
 0.167265484856705E+00
 0.167244222943631E+00
 0.167250695534429E+00
 0.167284387686501E+00
 0.167344621732905E+00
 0.167430574343518E+00
 0.167541287133459E+00
 0.167675670912152E+00
 0.167832506880994E+00
 0.168010449090573E+00
 0.168208030837454E+00
 0.168423674876042E+00
 0.168655705599600E+00
 0.168902362023764E+00
 0.169161812753914E+00
 0.169432175752940E+00
 0.169711544410636E+00
 0.169998017090065E+00
 0.170289722771094E+00
 0.170584834614257E+00
 0.170881568277746E+00
 0.171178170458008E+00
 0.171472909795304E+00
 0.171764081864344E+00
 0.172050031966621E+00
 0.172329188905194E+00
 0.172600096943929E+00
 0.172861435529785E+00
 0.173112024738086E+00
 0.173350822273550E+00
 0.173576919714733E+00
 0.173789541143205E+00
 0.173988040976365E+00
 0.174171895388398E+00
 0.174340685374038E+00
 0.174494076467039E+00
 0.174631804769810E+00
 0.174753677109934E+00
 0.174859585200110E+00
 0.174949524532134E+00
 0.175023604589166E+00
 0.175082041078261E+00
 0.175125131131097E+00
 0.175153222430179E+00
 0.175166690610239E+00
 0.175165934042447E+00
 0.175151384903294E+00
 0.175123526879279E+00
 0.175082907854158E+00
 0.175038930642721E+00
 0.174995517474999E+00
 0.174940199616555E+00
 0.174873621383987E+00
 0.174796467545679E+00
 0.174709463382128E+00
 0.174613376824100E+00
 0.174509019791576E+00
 0.174397244527797E+00
 0.174278932480137E+00
 0.174154976577971E+00
 0.174026260421747E+00
 0.173893638842405E+00
 0.173757923757231E+00
 0.173619877823256E+00
 0.173480216205038E+00
 0.173339613826467E+00
 0.173198712551833E+00
 0.173058121626847E+00
 0.172918407030393E+00
 0.172780070899817E+00
 0.172643528195980E+00
 0.172509090552715E+00
 0.172376964703188E+00
 0.172247266252131E+00
 0.172120042808093E+00
 0.171995297470771E+00
 0.171873005488194E+00
 0.171753121427204E+00
 0.171635578140066E+00
 0.171520280429885E+00
 0.171407096450914E+00
 0.171295850401499E+00
 0.171186321451377E+00
 0.171078254291324E+00
 0.170971383828690E+00
 0.170865470186113E+00
 0.170760333414869E+00
 0.170655874810737E+00
 0.170552076019265E+00
 0.170448976562976E+00
 0.170346639902199E+00
 0.170245122433490E+00
 0.170144456914869E+00
 0.170044653849072E+00
 0.169945715964467E+00
 0.169847656205525E+00
 0.169750510034852E+00
 0.169654336987581E+00
 0.169559211569234E+00
 0.169465207465674E+00
 0.169372380771020E+00
 0.169280757814036E+00
 0.169190331700617E+00
 0.169101069131889E+00
 0.169012925672475E+00
 0.168925864355317E+00
 0.168839870878091E+00
 0.168754959857088E+00
 0.168671170296982E+00
 0.168588552643164E+00
 0.168507152316545E+00
 0.168426994730269E+00
 0.168348075456645E+00
 0.168270357883792E+00
 0.168193779649702E+00
 0.168118267388829E+00
 0.168043756216469E+00
 0.167970207094147E+00
 0.167897614390754E+00
 0.167825999363967E+00
 0.167755391814284E+00
 0.167685808071700E+00
 0.167617235056509E+00
 0.167549626541235E+00
 0.167482911472211E+00
 0.167417009189559E+00
 0.167351845020637E+00
 0.167287361571097E+00
 0.167223523787306E+00
 0.167160317537836E+00
 0.167097741935054E+00
 0.167035796297446E+00
 0.166974464733906E+00
 0.166913704164975E+00
 0.166853442682048E+00
 0.166793592052036E+00
 0.166734071065506E+00
 0.166674829014628E+00
 0.166615856183658E+00
 0.166557173823350E+00
 0.166498807373175E+00
 0.166440756889189E+00
 0.166382980893890E+00
 0.166325402338873E+00
 0.166267932786526E+00
 0.166210501286026E+00
 0.166153073365205E+00
 0.166095652647414E+00
 0.166038267323798E+00
 0.165980949966727E+00
 0.165923719471051E+00
 0.165866570208879E+00
 0.165809469587950E+00
 0.165752363395714E+00
 0.165695187990686E+00
 0.165637887494514E+00
 0.165580431657542E+00
 0.165522827470120E+00
 0.165465117725263E+00
 0.165407364296350E+00
 0.165349621437437E+00
 0.165291910722469E+00
 0.165234209964604E+00
 0.165176462270535E+00
 0.165118601291106E+00
 0.165060580423196E+00
 0.165002391998235E+00
 0.164944068197785E+00
 0.164885665005460E+00
 0.164827238395825E+00
 0.164768824160986E+00
 0.164710429013285E+00
 0.164652033981423E+00
 0.164593605723473E+00
 0.164535109673180E+00
 0.164476520607968E+00
 0.164417829035657E+00
 0.164359043516678E+00
 0.164300189054595E+00
 0.164241301143614E+00
 0.164182415586158E+00
 0.164123556277025E+00
 0.164064725503913E+00
 0.164005901780328E+00
 0.163947047582110E+00
 0.163888124562644E+00
 0.163829109640493E+00
 0.163770004517812E+00
 0.163710834426603E+00
 0.163651637331746E+00
 0.163592449203607E+00
 0.163533291912719E+00
 0.163474167795413E+00
 0.163415061165599E+00
 0.163355944561862E+00
 0.163296787321996E+00
 0.163237565060171E+00
 0.163178268844166E+00
 0.163118911587172E+00
 0.163059527793212E+00
 0.163000163765602E+00
 0.162940859732316E+00
 0.162881631058350E+00
 0.162822458661512E+00
 0.162763295715716E+00
 0.162704089355597E+00
 0.162644807127971E+00
 0.162585454241536E+00
 0.162526072104713E+00
 0.162466718836462E+00
 0.162407442217300E+00
 0.162348259068375E+00
 0.162289150602002E+00
 0.162230074180543E+00
 0.162170983904486E+00
 0.162111849762041E+00
 0.162052667958199E+00
 0.161993460381746E+00
 0.161934265377451E+00
 0.161875123665137E+00
 0.161816063459277E+00
 0.161757089135785E+00
 0.161698178052769E+00
 0.161639288588832E+00
 0.161580377942358E+00
 0.161521422383712E+00
 0.161462429551427E+00
 0.161403435352811E+00
 0.161344486302565E+00
 0.161285616652780E+00
 0.161226832642137E+00
 0.161168111596383E+00
 0.161109414782307E+00
 0.161050705856641E+00
 0.160991965508719E+00
 0.160933196923861E+00
 0.160874422120017E+00
 0.160815672453955E+00
 0.160756976972224E+00
 0.160698351578201E+00
 0.160639791917003E+00
 0.160581273154614E+00
 0.160522758619667E+00
 0.160464215523964E+00
 0.160405631199663E+00
 0.160347021021513E+00
 0.160288422214157E+00
 0.160229875374486E+00
 0.160171403278937E+00
 0.160112998976753E+00
 0.160054630037741E+00
 0.159996256146664E+00
 0.159937849455175E+00
 0.159879406382779E+00
 0.159820945906807E+00
 0.159762497791217E+00
 0.159704088775330E+00
 0.159655344116524E+00
 0.159728393300252E+00
 0.159800651901928E+00
 0.159872113825093E+00
 0.159942805616213E+00
 0.160012773542492E+00
 0.160082062397915E+00
 0.160150696175125E+00
 0.160218668995228E+00
 0.160285949317948E+00
 0.160352494510327E+00
 0.160418269016891E+00
 0.160483258753695E+00
 0.160547476468926E+00
 0.160610956413182E+00
 0.160679026453170E+00
 0.160749194151407E+00
 0.160818592394903E+00
 0.160887295329694E+00
 0.160955377538021E+00
 0.161022882391259E+00
 0.161089802835565E+00
 0.161156083788649E+00
 0.161221645926600E+00
 0.161286420622493E+00
 0.161350380282190E+00
 0.161413550370229E+00
 0.161475998064884E+00
 0.161537803234041E+00
 0.161599024945566E+00
 0.161659677818122E+00
