 0.144010383317564E-07
 0.232492671021013E-06
 0.117795681881269E-05
 0.370387836567109E-05
 0.894961007036828E-05
 0.182846614747832E-04
 0.332509086696823E-04
 0.555108659204090E-04
 0.868044736365335E-04
 0.128912089587896E-03
 0.183618970700910E-03
 0.252677188073811E-03
 0.337763931293209E-03
 0.440438832227995E-03
 0.562105386458943E-03
 0.703981553168031E-03
 0.867082120120528E-03
 0.105221152350420E-02
 0.125996224973752E-02
 0.149071235980515E-02
 0.174465587341648E-02
 0.203384708814108E-02
 0.234919390727479E-02
 0.269031175329561E-02
 0.305650718323402E-02
 0.344678487125668E-02
 0.385986053329437E-02
 0.429915944426182E-02
 0.478479602475534E-02
 0.529266289399811E-02
 0.582042758312948E-02
 0.636549959494538E-02
 0.692506597523325E-02
 0.749612275706745E-02
 0.808263503973649E-02
 0.869896381176408E-02
 0.932013109222053E-02
 0.994239111006764E-02
 0.105618958367496E-01
 0.111747200517672E-01
 0.117768882684668E-01
 0.123644068560098E-01
 0.129707905741194E-01
 0.135573484708155E-01
 0.141196644564124E-01
 0.146537400887313E-01
 0.151557217043736E-01
 0.156219453360875E-01
 0.160489814832593E-01
 0.164461341716604E-01
 0.168602340420578E-01
 0.172392145053481E-01
 0.175692765837871E-01
 0.178478281404415E-01
 0.180943331428320E-01
 0.183504485530327E-01
 0.185697537002520E-01
 0.187452980396427E-01
 0.189357911716583E-01
 0.190985761307595E-01
 0.192440946734974E-01
 0.194097491343466E-01
 0.195344534651783E-01
 0.196898104717699E-01
 0.198155998003493E-01
 0.199518700930216E-01
 0.201011849775568E-01
 0.202046259363262E-01
 0.203738817633978E-01
 0.204846739517403E-01
 0.206308706304933E-01
 0.207761342858643E-01
 0.209318144209500E-01
 0.210572721737422E-01
 0.212398433994399E-01
 0.214128350706678E-01
 0.215984599965957E-01
 0.218064019192035E-01
 0.220159035648528E-01
 0.222528755519740E-01
 0.225221823476262E-01
 0.227843571399523E-01
 0.230759653076192E-01
 0.233481977078909E-01
 0.236253870741271E-01
 0.238903740330337E-01
 0.240825182803760E-01
 0.242526084537334E-01
 0.244596017980334E-01
 0.246169405821247E-01
 0.246980082323079E-01
 0.247960579448229E-01
 0.248135178904385E-01
 0.248166079564235E-01
 0.247803740761865E-01
 0.247174514508444E-01
 0.246421109816792E-01
 0.245578248351019E-01
 0.244613615251252E-01
 0.243856741833121E-01
 0.242852780871363E-01
 0.241030902566317E-01
 0.238377367306200E-01
 0.234896689888049E-01
 0.230899180490004E-01
 0.226973796576124E-01
 0.223317782218368E-01
 0.219909490067117E-01
 0.216815124539520E-01
 0.214198550339116E-01
 0.211960508924057E-01
 0.210258562672076E-01
 0.209051569136927E-01
 0.208208922691507E-01
 0.207867650326727E-01
 0.207813033379408E-01
 0.207874169605119E-01
 0.207984408944005E-01
 0.207961085313485E-01
 0.207324119501006E-01
 0.206060006626833E-01
 0.204157558843525E-01
 0.201607555262735E-01
 0.198402641212571E-01
 0.194537783886131E-01
 0.190011258910328E-01
 0.184825729780369E-01
 0.178988829819148E-01
 0.176959554559791E-01
 0.180257198933091E-01
 0.183446572666698E-01
 0.186472884057637E-01
 0.189940857679909E-01
 0.193252810333708E-01
 0.195961068897859E-01
 0.197622625264704E-01
 0.198605264009295E-01
 0.199486978979965E-01
 0.199587563823381E-01
 0.199930844981125E-01
 0.210716961587956E-01
 0.225149451874647E-01
 0.238841182087988E-01
 0.251885627829989E-01
 0.265618324870637E-01
 0.279001535036450E-01
 0.292105161497851E-01
 0.304147558317604E-01
 0.315060293324710E-01
 0.324783181640172E-01
 0.334563480118413E-01
 0.343606762087076E-01
 0.351323937293359E-01
 0.360731548313458E-01
 0.376199692269497E-01
 0.391184318556499E-01
 0.405609451494179E-01
 0.419399014891160E-01
 0.432477447703119E-01
 0.445069841421364E-01
 0.457831930113268E-01
 0.469720842390581E-01
 0.480665620304127E-01
 0.490597095162083E-01
 0.500157068118674E-01
 0.509501644346554E-01
 0.517686637043127E-01
 0.524647804822030E-01
 0.531610222700783E-01
 0.537877351191153E-01
 0.542796637967892E-01
 0.547658334757945E-01
 0.551893168196857E-01
 0.555433850067736E-01
 0.562203592963808E-01
 0.567273926709553E-01
 0.573638362394909E-01
 0.579819076911805E-01
 0.585671996749109E-01
 0.589671886768993E-01
 0.593023092859815E-01
 0.595638121965892E-01
 0.596326354110239E-01
 0.597182412047218E-01
 0.596534238091986E-01
 0.594701339361394E-01
 0.592847620360618E-01
 0.589041056506869E-01
 0.585861588674956E-01
 0.581061394272699E-01
 0.576264246280527E-01
 0.570690969518023E-01
 0.566711742152299E-01
 0.579224268730763E-01
 0.591520136220586E-01
 0.602741526439505E-01
 0.613714012167019E-01
 0.624568599050113E-01
 0.634205845152304E-01
 0.643674480972852E-01
 0.652796372344730E-01
 0.660569693195962E-01
 0.671453937565082E-01
 0.683700326676046E-01
 0.694654102373967E-01
 0.704992853331115E-01
 0.715496307759961E-01
 0.724568788915173E-01
 0.733570175907486E-01
 0.742073009642020E-01
 0.749024063698109E-01
 0.756779184548906E-01
 0.763079689995849E-01
 0.768750588559269E-01
 0.774404944442579E-01
 0.778366847936469E-01
 0.783127368838221E-01
 0.786431227604626E-01
 0.789410105467293E-01
 0.792101649045129E-01
 0.793440644259344E-01
 0.795575671411598E-01
 0.795915896781497E-01
 0.797058640868061E-01
 0.796893610568147E-01
 0.796753798317224E-01
 0.796155196255383E-01
 0.797699390811965E-01
 0.800429361641321E-01
 0.802144564352194E-01
 0.804577898139343E-01
 0.805151675715107E-01
 0.807126819999936E-01
 0.807458181015109E-01
 0.808200555551428E-01
 0.808356361360942E-01
 0.807919778901736E-01
 0.807966181768341E-01
 0.806401821271105E-01
 0.806403583758957E-01
 0.804526488079779E-01
 0.802345870761714E-01
 0.800497554857222E-01
 0.796777705343920E-01
 0.791192793178024E-01
 0.783758764530402E-01
 0.774719811862511E-01
 0.806704311397562E-01
 0.843582922280553E-01
 0.878681923673929E-01
 0.911820389763954E-01
 0.943102222273382E-01
 0.975779771208504E-01
 0.100607661293078E+00
 0.103382724290518E+00
 0.105981051897087E+00
 0.108630852323381E+00
 0.110987564710977E+00
 0.113036773720524E+00
 0.115092200775082E+00
 0.116953109237575E+00
 0.118474382874810E+00
 0.119901971830369E+00
 0.121209682376824E+00
 0.122151719112003E+00
 0.123042295000459E+00
 0.123760095807321E+00
 0.124092384764969E+00
 0.124560254604958E+00
 0.124671006300479E+00
 0.124650461621187E+00
 0.124558490019597E+00
 0.124131781301337E+00
 0.123858890117187E+00
 0.123180992239174E+00
 0.122670200955853E+00
 0.121834294034987E+00
 0.121554010695990E+00
 0.124152773020144E+00
 0.127797272782281E+00
 0.131257384946095E+00
 0.134517221360695E+00
 0.137820202487091E+00
 0.141011385563418E+00
 0.143967935739384E+00
 0.146700910700053E+00
 0.149552067001434E+00
 0.152137287627946E+00
 0.154443780418932E+00
 0.156774641948598E+00
 0.158932931715010E+00
 0.160786392832317E+00
 0.162620791258690E+00
 0.164309297807620E+00
 0.165671290789411E+00
 0.167074400672863E+00
 0.168263142885729E+00
 0.169133435066850E+00
 0.170155430174208E+00
 0.170826027643010E+00
 0.172647033867765E+00
 0.174389824653427E+00
 0.175782163247950E+00
 0.177329130162332E+00
 0.178572016540430E+00
 0.179662675843870E+00
 0.180764773166783E+00
 0.181491846533757E+00
 0.182401370972351E+00
 0.182992509877657E+00
 0.183522742900300E+00
 0.183990763407130E+00
 0.184169178765241E+00
 0.184527672121451E+00
 0.184493766910897E+00
 0.184642695614784E+00
 0.184512335263351E+00
 0.184373094933497E+00
 0.184162090181554E+00
 0.183754481661314E+00
 0.183478661442334E+00
 0.182820694418328E+00
 0.182495721170470E+00
 0.181776428587797E+00
 0.181245485495985E+00
 0.180494646841036E+00
 0.179759356354081E+00
 0.178992407193666E+00
 0.177836174178081E+00
 0.176931270861877E+00
 0.175778645966627E+00
 0.174242130835731E+00
 0.172353534125067E+00
 0.171415748751885E+00
 0.170069749649546E+00
 0.168315962328501E+00
 0.166998391679956E+00
 0.165290778098717E+00
 0.163186133504577E+00
 0.160791702823078E+00
 0.158424720734873E+00
 0.156096259671757E+00
 0.153811353375373E+00
 0.151552470455425E+00
 0.149342925452630E+00
 0.147183013768499E+00
 0.145049543338484E+00
 0.142948314125930E+00
 0.140881889329909E+00
 0.138849800914566E+00
 0.136849040106242E+00
 0.134874579098280E+00
 0.132919511285104E+00
 0.130975533328687E+00
 0.129112378688156E+00
 0.127284946242143E+00
 0.125459489456453E+00
 0.123624622700595E+00
 0.125938746057163E+00
 0.128573768880215E+00
 0.131167506154990E+00
 0.133700531808100E+00
 0.135929089797352E+00
 0.138275618422673E+00
 0.140390834414607E+00
 0.142307774003066E+00
 0.144311843965327E+00
 0.145991131014621E+00
 0.147706334530962E+00
 0.149271298074556E+00
 0.150591051577415E+00
 0.152048097442300E+00
 0.153167697247356E+00
 0.154341310092423E+00
 0.155355791421221E+00
 0.156171605238992E+00
 0.157090383905006E+00
 0.157665745967188E+00
 0.158393925151590E+00
 0.158880977793643E+00
 0.159289960824754E+00
 0.159700167705202E+00
 0.159802872853417E+00
 0.160148262227670E+00
 0.160148641002724E+00
 0.160251230197309E+00
 0.160198424260338E+00
 0.160036233876337E+00
 0.159943371936921E+00
 0.159531529751606E+00
 0.159411793806394E+00
 0.158952453883329E+00
 0.158632589104899E+00
 0.158416828287233E+00
 0.158509913243437E+00
 0.158279558254587E+00
 0.157730768250975E+00
 0.156869485257747E+00
 0.155702550420178E+00
 0.154705035284947E+00
 0.153582502281124E+00
 0.152165198164436E+00
 0.150488579123852E+00
 0.148780921072161E+00
 0.147090721968311E+00
 0.145434207549996E+00
 0.143783558395355E+00
 0.142163249006178E+00
 0.140547276473102E+00
 0.138942745348978E+00
 0.137353853210936E+00
 0.135782144758674E+00
 0.134226818810364E+00
 0.132685175732433E+00
 0.131152713030304E+00
 0.129623620671224E+00
 0.128091148728322E+00
 0.126547726707192E+00
 0.125078913403214E+00
 0.123604107609912E+00
 0.122110899113252E+00
 0.120601379251500E+00
 0.120725730787208E+00
 0.123217789356029E+00
 0.125669674904314E+00
 0.128066461368608E+00
 0.130393068077821E+00
 0.132634291457140E+00
 0.134774843538699E+00
 0.136799417075932E+00
 0.138759715723990E+00
 0.140718534158968E+00
 0.142530954897607E+00
 0.144181656472438E+00
 0.146242942561114E+00
 0.149190276901687E+00
 0.152246015695349E+00
 0.155406709820616E+00
 0.158668018275604E+00
 0.162024739651606E+00
 0.165470860235611E+00
 0.168999604663760E+00
 0.172603472697359E+00
 0.176274251843239E+00
 0.180003008543193E+00
 0.183780073878163E+00
 0.187595045338082E+00
 0.191436820350704E+00
 0.195293662937777E+00
 0.199153290215514E+00
 0.203002958569909E+00
 0.206829533205378E+00
 0.210619535875871E+00
 0.214359176930954E+00
 0.218034383671787E+00
 0.221630836221321E+00
 0.225263678960220E+00
 0.228865243802626E+00
 0.232361288998850E+00
 0.235736865777108E+00
 0.238977027965038E+00
 0.242066899829869E+00
 0.245069559338567E+00
 0.248101149665499E+00
 0.250955667025114E+00
 0.253618508798740E+00
 0.256075375893840E+00
 0.258423186195470E+00
 0.260779492579650E+00
 0.262905085430967E+00
 0.264786633325867E+00
 0.266467412288692E+00
 0.268226847228607E+00
 0.269720481209070E+00
 0.270936443712161E+00
 0.272069073113155E+00
 0.273150396095187E+00
 0.273935795068343E+00
 0.274482354661807E+00
 0.275134442229945E+00
 0.275475142485472E+00
 0.275534643509933E+00
 0.275747739371799E+00
 0.275636924419455E+00
 0.275307792618742E+00
 0.275749547320621E+00
 0.276605144613817E+00
 0.277613764981351E+00
 0.278373378648122E+00
 0.278872026436843E+00
 0.279546951468718E+00
 0.279878864729061E+00
 0.280167286705731E+00
 0.280424305771904E+00
 0.280326509198192E+00
 0.280468370161915E+00
 0.280307822384636E+00
 0.280048802617488E+00
 0.279838785508872E+00
 0.279265522761131E+00
 0.278955578125494E+00
 0.278347532533127E+00
 0.277692494623010E+00
 0.277063186904239E+00
 0.276067416767392E+00
 0.274893129174288E+00
 0.273893325572692E+00
 0.272524744546274E+00
 0.270782425648633E+00
 0.268662534649372E+00
 0.266162410736419E+00
 0.263280610685391E+00
 0.260016942488073E+00
 0.256372484336518E+00
 0.252938862398078E+00
 0.249372123126903E+00
 0.245436836222931E+00
 0.241189481841956E+00
 0.236977329386598E+00
 0.232859843919503E+00
 0.228820544845228E+00
 0.224887814897231E+00
 0.221004946259468E+00
 0.217253191153236E+00
 0.213567546256465E+00
 0.209953926854005E+00
 0.206414564310875E+00
 0.202948886944530E+00
 0.199553762899323E+00
 0.196223790724487E+00
 0.192951974388166E+00
 0.189730012307786E+00
 0.186597159217797E+00
 0.183627601517330E+00
 0.181323960670969E+00
 0.179021637768890E+00
 0.180941214185950E+00
 0.186268948509401E+00
 0.191277612813049E+00
 0.195958341786764E+00
 0.200871198880891E+00
 0.205487223466091E+00
 0.209751376606204E+00
 0.214215564153874E+00
 0.218390897229265E+00
 0.222194103245805E+00
 0.226222843975432E+00
 0.229920255125421E+00
 0.233256373044673E+00
 0.236847836048526E+00
 0.240040322751975E+00
 0.242995101784942E+00
 0.246074813222279E+00
 0.248744927871603E+00
 0.251356956057079E+00
 0.253912694645049E+00
 0.256051859894027E+00
 0.258363457442114E+00
 0.260391082460034E+00
 0.262127761630364E+00
 0.264054497290075E+00
 0.265557183254684E+00
 0.267074832088835E+00
 0.268485098382761E+00
 0.269485352528482E+00
 0.270816407067226E+00
 0.271722641186576E+00
 0.272585624953260E+00
 0.273425011057462E+00
 0.273844747877642E+00
 0.274614725912845E+00
 0.274981865601062E+00
 0.275326802799513E+00
 0.275656624010229E+00
 0.275596283880997E+00
 0.275903849748017E+00
 0.275800182660018E+00
 0.275757928293134E+00
 0.275647530774590E+00
 0.275136569453057E+00
 0.274494439682080E+00
 0.273993236373817E+00
 0.273104231023961E+00
 0.271839491794278E+00
 0.270212133261186E+00
 0.268236285417980E+00
 0.265927053344669E+00
 0.263300458583009E+00
 0.260373359497340E+00
 0.257163354981931E+00
 0.254056784074834E+00
 0.250921449103365E+00
 0.247526387517298E+00
 0.243890113185274E+00
 0.240089055888972E+00
 0.236338591913386E+00
 0.232652875937615E+00
 0.229025477085339E+00
 0.225465431747259E+00
 0.221944726196857E+00
 0.218506293172082E+00
 0.215118142050189E+00
 0.211779329946053E+00
 0.208490630782872E+00
 0.205251169848242E+00
 0.202058643835397E+00
 0.198909823347044E+00
 0.195800820162603E+00
 0.193457748330570E+00
 0.191359553102698E+00
 0.189283915039633E+00
 0.187188868007511E+00
 0.185138060646375E+00
 0.183168238284794E+00
 0.181167868144070E+00
 0.179203757369077E+00
 0.177330785740558E+00
 0.175414748916381E+00
 0.173570422721449E+00
 0.171514386739169E+00
 0.169628541606551E+00
 0.167545675207482E+00
 0.165270261549935E+00
 0.162813634326994E+00
 0.160187541510609E+00
 0.157404102761200E+00
 0.154475762873655E+00
 0.151748338998073E+00
 0.148907878983800E+00
 0.146048964993102E+00
 0.147964968526405E+00
 0.151183432126931E+00
 0.154146333462424E+00
 0.157008482888352E+00
 0.159820550622178E+00
 0.162346836734433E+00
 0.164576004004792E+00
 0.166547351263868E+00
 0.168580935887847E+00
 0.170293411657976E+00
 0.171676362630857E+00
 0.172866752374915E+00
 0.174029994258513E+00
 0.174846898461208E+00
 0.175381182281344E+00
 0.179997306433571E+00
 0.184516713227255E+00
 0.188924023498694E+00
 0.193204208863897E+00
 0.197494046849699E+00
 0.201775171990452E+00
 0.205898588188888E+00
 0.209850148090047E+00
 0.213616295848019E+00
 0.217194671584366E+00
 0.220893024900546E+00
 0.224378777013430E+00
 0.227639974028219E+00
 0.230665481734533E+00
 0.233527986551788E+00
 0.236432147778749E+00
 0.239078720057717E+00
 0.241458763962971E+00
 0.243564314337697E+00
 0.245765819674744E+00
 0.247714062080095E+00
 0.249372345379447E+00
 0.250751078540736E+00
 0.252246159316543E+00
 0.253439546818451E+00
 0.254327589317663E+00
 0.255122014564466E+00
 0.255842997154588E+00
 0.256252250026728E+00
 0.256433263748966E+00
 0.256683034022717E+00
 0.256618173557090E+00
 0.256289656705939E+00
 0.256076853740207E+00
 0.256387815843740E+00
 0.257793984468832E+00
 0.259216303082433E+00
 0.260488229284622E+00
 0.261426407191251E+00
 0.262444003303421E+00
 0.263257222056810E+00
 0.263733624327476E+00
 0.264408848807874E+00
 0.264772599147439E+00
 0.264928953016244E+00
 0.265193608984681E+00
 0.265122223671220E+00
 0.265044176441875E+00
 0.264889062222281E+00
 0.264401258149403E+00
 0.264146384704000E+00
 0.263591651695947E+00
 0.262939927316327E+00
 0.262332804952510E+00
 0.261401556615821E+00
 0.260669161491202E+00
 0.259703050620897E+00
 0.258643284640125E+00
 0.257656467674939E+00
 0.256356794453160E+00
 0.254749892003379E+00
 0.253106746800163E+00
 0.251501144671076E+00
 0.249599127019213E+00
 0.247408320490166E+00
 0.244937334012663E+00
 0.242195709608309E+00
 0.239193869114299E+00
 0.235943060485912E+00
 0.232455306579892E+00
 0.228743357727894E+00
 0.224820646824095E+00
 0.220701242765101E+00
 0.216417351142231E+00
 0.212173502085051E+00
 0.209515222890565E+00
 0.208139889392778E+00
 0.206422122456287E+00
 0.204365628115758E+00
 0.201996431424814E+00
 0.199577515765038E+00
 0.197183309771360E+00
 0.194817572018613E+00
 0.192464394830769E+00
 0.190145669566389E+00
 0.187858923676375E+00
 0.185586089938336E+00
 0.183331569031764E+00
 0.181096505092476E+00
 0.178879309779912E+00
 0.176675684688803E+00
 0.174479676515727E+00
 0.172283418852661E+00
 0.170150943054538E+00
 0.168038198426429E+00
 0.165917306273002E+00
 0.163776941348398E+00
 0.161684916096644E+00
 0.159639911431788E+00
 0.157561410454404E+00
 0.155470064548902E+00
 0.153492223634798E+00
 0.151465647478620E+00
 0.149421772418594E+00
 0.147497835130425E+00
 0.145510464336303E+00
 0.143554963048185E+00
 0.141670980459409E+00
 0.139709905043987E+00
 0.137878134959191E+00
 0.135816529777390E+00
 0.133937491482970E+00
 0.131842492905618E+00
 0.129530872636201E+00
 0.127009639240311E+00
 0.124286424557179E+00
 0.121623390712439E+00
 0.118944195353223E+00
 0.116393587525906E+00
 0.113722774789733E+00
 0.110874654582492E+00
 0.107857816532000E+00
 0.104681322597564E+00
 0.105486269419154E+00
 0.106880584314966E+00
 0.108166439285255E+00
 0.109254045317636E+00
 0.110145076360875E+00
 0.110841858509246E+00
 0.111347347944771E+00
 0.111665100993222E+00
 0.111951308821850E+00
 0.112330184998639E+00
 0.112523992421540E+00
 0.112537385851285E+00
 0.112439447716976E+00
 0.112341578201843E+00
 0.112241376421724E+00
 0.112131419989268E+00
 0.112027509183513E+00
 0.111917749961909E+00
 0.111996405450841E+00
 0.113832758809745E+00
 0.115716051422742E+00
 0.117639132393188E+00
 0.119594166199839E+00
 0.121572659753937E+00
 0.123565490641175E+00
 0.125562942625619E+00
 0.127554752823732E+00
 0.129530170598715E+00
 0.131478023720239E+00
 0.133452819369184E+00
 0.135425389433623E+00
 0.137352100570910E+00
 0.139220707016283E+00
 0.141018752761994E+00
 0.142798018486632E+00
 0.144595068925379E+00
 0.146301678176564E+00
 0.147904878880905E+00
 0.149473115116597E+00
 0.151058621769535E+00
 0.152520748982553E+00
 0.153846471360035E+00
 0.155263487523338E+00
 0.156557918384378E+00
 0.157696639936174E+00
 0.158897717233743E+00
 0.160000929568362E+00
 0.160930085135627E+00
 0.161949227054542E+00
 0.162840925237461E+00
 0.163553189992520E+00
 0.164411679750009E+00
 0.165074866372838E+00
 0.165652682897137E+00
 0.166283979570168E+00
 0.166705080731970E+00
 0.167177480811918E+00
 0.167569949529717E+00
 0.167762655683428E+00
 0.168132980762740E+00
 0.168278283334479E+00
 0.170210242563303E+00
 0.174390863036996E+00
 0.178707325699537E+00
 0.182897464642456E+00
 0.186945057180759E+00
 0.190834213047705E+00
 0.194549447108016E+00
 0.198282277830806E+00
 0.201944213967957E+00
 0.205401500705752E+00
 0.208639815817257E+00
 0.211645509096053E+00
 0.214775742157227E+00
 0.217669340348973E+00
 0.220303936401428E+00
 0.222667752753138E+00
 0.225110788783584E+00
 0.227331595528538E+00
 0.229259845195785E+00
 0.230952625924363E+00
 0.232728123298931E+00
 0.234192876444832E+00
 0.235339078736821E+00
 0.236528458589349E+00
 0.237512481835133E+00
 0.238165095074063E+00
 0.238795880521797E+00
 0.239291691184289E+00
 0.239446950120719E+00
 0.239616032927790E+00
 0.239624715087613E+00
 0.239287361029510E+00
 0.239091270481405E+00
 0.238621218883722E+00
 0.237921587032569E+00
 0.237335155411047E+00
 0.236401064006065E+00
 0.235500830736258E+00
 0.234468075695234E+00
 0.233185563997785E+00
 0.232071296814881E+00
 0.230613894801303E+00
 0.229273344247509E+00
 0.227753983763832E+00
 0.226131978854986E+00
 0.224567569026500E+00
 0.222700787699494E+00
 0.221107281362335E+00
 0.219183562547215E+00
 0.217422369470917E+00
 0.215488680114571E+00
 0.213558089176859E+00
 0.211628964961220E+00
 0.209382656067863E+00
 0.206824995585341E+00
 0.203962968161756E+00
 0.201643782125758E+00
 0.200626782041451E+00
 0.199257531138975E+00
 0.197538391278128E+00
 0.195472975369579E+00
 0.193066145131439E+00
 0.190324011666176E+00
 0.187426984191278E+00
 0.184560218658593E+00
 0.181744545257453E+00
 0.178966494150620E+00
 0.176222176183210E+00
 0.173499166989060E+00
 0.170831619670317E+00
 0.168206854679373E+00
 0.165612643041801E+00
 0.163048781316471E+00
 0.160512807754638E+00
 0.158019443754229E+00
 0.155585353972185E+00
 0.153180407409065E+00
 0.150796500725893E+00
 0.148425258779468E+00
 0.146069420245859E+00
 0.143822862969449E+00
 0.142168141012933E+00
 0.144856847278437E+00
 0.147615714419758E+00
 0.150136042182980E+00
 0.152308134426401E+00
 0.154600405612716E+00
 0.156589673918204E+00
 0.158266405067171E+00
 0.160075455899058E+00
 0.161512043208561E+00
 0.162791796862504E+00
 0.164046826411440E+00
 0.164920779855151E+00
 0.165852951577707E+00
 0.166550064374371E+00
 0.166967187077062E+00
 0.167500244612001E+00
 0.167644795143966E+00
 0.167811639210675E+00
 0.167804250939104E+00
 0.167525343005283E+00
 0.167382107355756E+00
 0.166989559680178E+00
 0.168441868677409E+00
 0.169745647962977E+00
 0.171091851254982E+00
 0.172141059649558E+00
 0.173394955284261E+00
 0.174233328762727E+00
 0.175369731647470E+00
 0.176129574384892E+00
 0.177033952478364E+00
 0.177731159230052E+00
 0.178404548980836E+00
 0.179055221636665E+00
 0.179498711778193E+00
 0.180118603441476E+00
 0.180609831028792E+00
 0.183646699291168E+00
 0.186761686655698E+00
 0.189650195124333E+00
 0.192307451765782E+00
 0.194769515109679E+00
 0.197321564626903E+00
 0.199632137502377E+00
 0.201699255729245E+00
 0.203617073403440E+00
 0.205567693908636E+00
 0.207269944052281E+00
 0.208724661911159E+00
 0.210145600262221E+00
 0.211481667734416E+00
 0.212570361895376E+00
 0.213420519309778E+00
 0.214396154133832E+00
 0.215127645965720E+00
 0.215620061049171E+00
 0.216091694387441E+00
 0.216480328145155E+00
 0.216637245747343E+00
 0.216658521164743E+00
 0.216723184768927E+00
 0.216565711144572E+00
 0.216195062058213E+00
 0.215958137937289E+00
 0.215510459759282E+00
 0.214861825916288E+00
 0.214291034512869E+00
 0.213579470614296E+00
 0.212680785700527E+00
 0.211829436893738E+00
 0.210881638435781E+00
 0.209761529317851E+00
 0.208680473736060E+00
 0.207524661587181E+00
 0.206211930237177E+00
 0.204948578870218E+00
 0.203612948938634E+00
 0.202136081101175E+00
 0.200733909105966E+00
 0.199246000809299E+00
 0.197632621054540E+00
 0.196131021746230E+00
 0.194517012270164E+00
 0.192835082847867E+00
 0.191227407253693E+00
 0.189511657703730E+00
 0.187701468894644E+00
 0.185810698881900E+00
 0.183853378787947E+00
 0.181843656413582E+00
 0.179795728426800E+00
 0.177723760975949E+00
 0.175641804000394E+00
 0.173563707590397E+00
 0.171503047985526E+00
 0.169473066667064E+00
 0.167990894434412E+00
 0.168949916409441E+00
 0.170046670955082E+00
 0.171428616060684E+00
 0.172928054220187E+00
 0.174527525602477E+00
 0.176217047999820E+00
 0.177985994589090E+00
 0.179823160532952E+00
 0.181716832570577E+00
 0.183660896729096E+00
 0.185624695808120E+00
 0.187613493585054E+00
 0.189608118519774E+00
 0.191595218403554E+00
 0.193561273475396E+00
 0.195492659052845E+00
 0.197375719827918E+00
 0.199196853295545E+00
 0.200942594033486E+00
 0.202599688764355E+00
 0.204155156413785E+00
 0.205696923608651E+00
 0.207211171366079E+00
 0.208602890836637E+00
 0.209859849409562E+00
 0.210970304300278E+00
 0.211960728298347E+00
 0.213005872932865E+00
 0.213886533716169E+00
 0.214592313094814E+00
 0.215113499030539E+00
 0.215688669630355E+00
 0.216130046778105E+00
 0.216372912964575E+00
 0.216421887402638E+00
 0.216587148575571E+00
 0.216542425186160E+00
 0.216280979102049E+00
 0.216026715770019E+00
 0.215690522588055E+00
 0.215129784999748E+00
 0.214520723080484E+00
 0.213894019106195E+00
 0.213037351254838E+00
 0.212147200193363E+00
 0.211235170997200E+00
 0.210090092103410E+00
 0.208988258272886E+00
 0.207799708082951E+00
 0.206377210437618E+00
 0.205128285085519E+00
 0.203675171140988E+00
 0.202124505246178E+00
 0.200652366443642E+00
 0.198949422052361E+00
 0.197353483320536E+00
 0.195645221175450E+00
 0.193820699981788E+00
 0.192117878717525E+00
 0.190190436567074E+00
 0.188406958177997E+00
 0.186498137604893E+00
 0.184369715296764E+00
 0.182024466687280E+00
 0.179466142269071E+00
 0.176699467315735E+00
 0.173809313337563E+00
 0.171085893383410E+00
 0.168163277804057E+00
 0.165047962122728E+00
 0.161747342129169E+00
 0.158269685601185E+00
 0.154624093338851E+00
 0.150820487321936E+00
 0.147007264052598E+00
 0.143308991923474E+00
 0.139723350882512E+00
 0.136247905153268E+00
 0.132901188777353E+00
 0.131193705178337E+00
 0.129488930594470E+00
 0.132008536468953E+00
 0.136426558024313E+00
 0.140771224963268E+00
 0.144905165849434E+00
 0.148858624667329E+00
 0.152938661607552E+00
 0.156785610298766E+00
 0.160391671643290E+00
 0.164014509550763E+00
 0.167527972945897E+00
 0.170782798725946E+00
 0.173906847764117E+00
 0.177050821246670E+00
 0.179921873461771E+00
 0.182559468993031E+00
 0.185308050480071E+00
 0.187772923756353E+00
 0.189951914068417E+00
 0.192283651706236E+00
 0.194329305051965E+00
 0.196083404826525E+00
 0.197986669774072E+00
 0.199608391318327E+00
 0.200950063163321E+00
 0.202446408590440E+00
 0.203646829513986E+00
 0.204625953850500E+00
 0.205708092532612E+00
 0.206496285071051E+00
 0.207149487569557E+00
 0.207829279346240E+00
 0.208219749870500E+00
 0.208583105879092E+00
 0.208877064413517E+00
 0.208888702274563E+00
 0.208997242293011E+00
 0.208925734911908E+00
 0.208610349685614E+00
 0.208468077517446E+00
 0.208054596735175E+00
 0.207545264209866E+00
 0.207075699811318E+00
 0.206346018725230E+00
 0.205673529833567E+00
 0.204902547312419E+00
 0.204733514801898E+00
 0.205101733794850E+00
 0.205163702601596E+00
 0.205485398466598E+00
 0.205516437411838E+00
 0.205315923589956E+00
 0.205328140945334E+00
 0.205044874952090E+00
 0.204473828193723E+00
 0.203623680481793E+00
 0.202504029097915E+00
 0.201125331121748E+00
 0.199498852290144E+00
 0.197636622343113E+00
 0.195770353494313E+00
 0.193941395231263E+00
 0.191894502190662E+00
 0.189642828684391E+00
 0.187200107320755E+00
 0.184581521755211E+00
 0.181943700882828E+00
 0.179383228380511E+00
 0.176895814180050E+00
 0.174475417447337E+00
 0.172126378153233E+00
 0.169832182347839E+00
 0.167584868601116E+00
 0.165392840137429E+00
 0.163261343611476E+00
 0.161172574485063E+00
 0.159124357185142E+00
 0.157113289433115E+00
 0.155158632287033E+00
 0.153246046192879E+00
 0.151367650479303E+00
 0.149517590984933E+00
 0.147689653942750E+00
 0.145892517352070E+00
 0.144167828800910E+00
 0.142457042840352E+00
 0.140752644092236E+00
 0.139100775388629E+00
 0.137496310298043E+00
 0.135887802793447E+00
 0.134315160608399E+00
 0.132801901900086E+00
 0.132603674781098E+00
 0.137547904908644E+00
 0.142372154420090E+00
 0.147057175793943E+00
 0.151583920621619E+00
 0.156044693694740E+00
 0.160565984785377E+00
 0.164886353997818E+00
 0.168987255665492E+00
 0.173229848958811E+00
 0.177479256784112E+00
 0.181475084975354E+00
 0.185199239602882E+00
 0.188634410460677E+00
 0.192094600442867E+00
 0.195357198417704E+00
 0.198293029892371E+00
 0.202040045039018E+00
 0.206834968553523E+00
 0.211553897756910E+00
 0.216179302599057E+00
 0.220889146936828E+00
 0.225555427627197E+00
 0.230091922520389E+00
 0.234481031043829E+00
 0.238705483713553E+00
 0.242748407937546E+00
 0.246593392072160E+00
 0.250547097149823E+00
 0.254309063406565E+00
 0.257838975069151E+00
 0.261121690205021E+00
 0.264142791934951E+00
 0.267046479175342E+00
 0.270356689902067E+00
 0.275228629570999E+00
 0.279890539106026E+00
 0.284325065032882E+00
 0.288515483032772E+00
 0.292608476340110E+00
 0.296687509070217E+00
 0.300492364750223E+00
 0.304008031087173E+00
 0.307220371292438E+00
 0.310566432620856E+00
 0.313621841773218E+00
 0.316349562784809E+00
 0.318737803518840E+00
 0.321285755425275E+00
 0.323498394010790E+00
 0.325352474068064E+00
 0.327035656247027E+00
 0.328713722060700E+00
 0.330018035554083E+00
 0.330941264137551E+00
 0.332072097838362E+00
 0.332821005072236E+00
 0.333179221634692E+00
 0.333673201197077E+00
 0.333869842940452E+00
 0.333669901420681E+00
 0.333634131340638E+00
 0.333289214210992E+00
 0.332555933897974E+00
 0.332084398328246E+00
 0.331215042848999E+00
 0.330136994950806E+00
 0.329161507021860E+00
 0.327790237591723E+00
 0.326462494779950E+00
 0.325007341089559E+00
 0.323191894215498E+00
 0.321672184106994E+00
 0.319765258934416E+00
 0.317854494039893E+00
 0.315905839626864E+00
 0.313620257957574E+00
 0.311647965143836E+00
 0.309301041027987E+00
 0.307052479718482E+00
 0.304704207411695E+00
 0.301991121855844E+00
 0.298919185043009E+00
 0.297442351418705E+00
 0.298464270023434E+00
 0.299358642946965E+00
 0.299911019972624E+00
 0.300767731481843E+00
 0.301128633834635E+00
 0.301702590652734E+00
 0.302038925969221E+00
 0.302196029062809E+00
 0.302524250486281E+00
 0.302347732025097E+00
 0.302006330294855E+00
 0.301839055943322E+00
 0.301163552988033E+00
 0.299977132157520E+00
 0.298278614569622E+00
 0.296068335540189E+00
 0.293348139025079E+00
 0.290433415331269E+00
 0.287781746899283E+00
 0.284631853698714E+00
 0.280988489303346E+00
 0.276951463490819E+00
 0.272942809682121E+00
 0.269012329339550E+00
 0.265147418349058E+00
 0.261369507802662E+00
 0.257626984423009E+00
 0.254008159048713E+00
 0.250438894862397E+00
 0.246926217523807E+00
 0.243473042012809E+00
 0.240078420483218E+00
 0.236738124450575E+00
 0.233445277992295E+00
 0.230190652209536E+00
 0.226977706714435E+00
 0.223897030928177E+00
 0.220845631077905E+00
 0.217809316430832E+00
 0.214773201218737E+00
 0.211855323899489E+00
 0.209006315628219E+00
 0.206137807835113E+00
 0.203276149290796E+00
 0.200597750216143E+00
 0.197877588280136E+00
 0.195131113974345E+00
 0.192598520099490E+00
 0.190001341808604E+00
 0.187419873744298E+00
 0.184671977665958E+00
 0.182030162411610E+00
 0.180340282491527E+00
 0.181909101180746E+00
 0.183371909176046E+00
 0.184580997905475E+00
 0.185934059397925E+00
 0.187000954323807E+00
 0.188047370487026E+00
 0.189018242544288E+00
 0.189733196787531E+00
 0.190619654325701E+00
 0.191236129312823E+00
 0.191826613969772E+00
 0.193032220362660E+00
 0.194360741995370E+00
 0.195371307029369E+00
 0.196476179768941E+00
 0.197454048815447E+00
 0.198145833083111E+00
 0.199101102950450E+00
 0.199743169520569E+00
 0.200337757277298E+00
 0.200966737488770E+00
 0.201290762185722E+00
 0.201817660269403E+00
 0.202138972313098E+00
 0.202324547181540E+00
 0.202654114365067E+00
 0.202687945724530E+00
 0.202865866181913E+00
 0.202918047997396E+00
 0.202685391321076E+00
 0.202492045981594E+00
 0.202288146052165E+00
 0.201811472402747E+00
 0.201074407464946E+00
 0.200089806259841E+00
 0.198870933767899E+00
 0.197431398363439E+00
 0.195785081733489E+00
 0.193946066966154E+00
 0.192357077643592E+00
 0.190580417952196E+00
 0.188627963689249E+00
 0.186513819414016E+00
 0.184252085352770E+00
 0.181856791016938E+00
 0.179352050183731E+00
 0.176850284855422E+00
 0.174377832872669E+00
 0.171930477233566E+00
 0.169517406370504E+00
 0.167123354767806E+00
 0.164755887927671E+00
 0.163585890547282E+00
 0.163210965183167E+00
 0.162787568892881E+00
 0.162349651456846E+00
 0.161702768003712E+00
 0.161215128517437E+00
 0.160483086680835E+00
 0.159512637428612E+00
 0.158310365810570E+00
 0.156883411508367E+00
 0.156304863939909E+00
 0.159432547067156E+00
 0.162594639874153E+00
 0.165779285419820E+00
 0.168974275084644E+00
 0.172167110431778E+00
 0.175345061964341E+00
 0.178495223339133E+00
 0.181604565376584E+00
 0.184659995856818E+00
 0.187648426956721E+00
 0.190556845894019E+00
 0.193481262559835E+00
 0.196385162276766E+00
 0.199183530264152E+00
 0.201863525155847E+00
 0.204412628020586E+00
 0.206818700041743E+00
 0.209070035344443E+00
 0.211273876687127E+00
 0.213444005471346E+00
 0.215436656081586E+00
 0.217241349169733E+00
 0.218848262203671E+00
 0.220248282680887E+00
 0.221715557382341E+00
 0.222986755112403E+00
 0.224033761437566E+00
 0.224849448056462E+00
 0.225527763274076E+00
 0.226200588695021E+00
 0.226629258413525E+00
 0.226808940757518E+00
 0.226836251700760E+00
 0.227192689101075E+00
 0.229202130732488E+00
 0.230992206067429E+00
 0.232722755002067E+00
 0.234421380644721E+00
 0.235886923745915E+00
 0.237111267611190E+00
 0.238435301856541E+00
 0.239566642506454E+00
 0.240446806742816E+00
 0.241282558069986E+00
 0.242075728472725E+00
 0.242610279722929E+00
 0.243014943271122E+00
 0.243471079778525E+00
 0.243663628424579E+00
 0.243694787045570E+00
 0.243819511660084E+00
 0.243678007318423E+00
 0.243392512150208E+00
 0.243195258283923E+00
 0.242731291502928E+00
 0.242184458698498E+00
 0.241677945041729E+00
 0.240906221965732E+00
 0.240151344446466E+00
 0.239351070691599E+00
 0.238288843995296E+00
 0.237376686487544E+00
 0.236300317138261E+00
 0.235024597145956E+00
 0.233945222093226E+00
 0.232612030913153E+00
 0.231027849669743E+00
 0.229196552192191E+00
 0.227123040115748E+00
 0.224813214734701E+00
 0.222273948064914E+00
 0.219573980642822E+00
 0.217065053578973E+00
 0.214338065974934E+00
 0.211401680402216E+00
 0.208265440654239E+00
 0.204939739881179E+00
 0.201435788364179E+00
 0.197765578209289E+00
 0.193941842798466E+00
 0.190002235005796E+00
 0.186115262201123E+00
 0.182311756207783E+00
 0.178587227539437E+00
 0.174945091212926E+00
 0.171375703145064E+00
 0.167872825858440E+00
 0.164448855880714E+00
 0.161104846281496E+00
 0.157827930656270E+00
 0.154617204762395E+00
 0.151470833461583E+00
 0.148385934105355E+00
 0.145383736478222E+00
 0.142446123408975E+00
 0.139567409962191E+00
 0.136743087482211E+00
 0.133968742108912E+00
 0.131247790423556E+00
 0.128622566404099E+00
 0.129150960407606E+00
 0.132951925299415E+00
 0.136743633044961E+00
 0.140510509459255E+00
 0.144237111484386E+00
 0.148034564101952E+00
 0.151862259638569E+00
 0.155617787303224E+00
 0.159285872028515E+00
 0.162851646031534E+00
 0.166300709654077E+00
 0.169619187162510E+00
 0.173017283969123E+00
 0.176325079446620E+00
 0.179472833412216E+00
 0.182448081734337E+00
 0.185239117288999E+00
 0.187877750512726E+00
 0.190592788801416E+00
 0.193098910084153E+00
 0.195386529246085E+00
 0.197447019519575E+00
 0.199342628298810E+00
 0.201279323838852E+00
 0.202970687244252E+00
 0.204410752150272E+00
 0.205594658868163E+00
 0.206819828583266E+00
 0.207851524466562E+00
 0.208616400215662E+00
 0.209112584944077E+00
 0.209668304411550E+00
 0.210006764143262E+00
 0.210071826226281E+00
 0.209963624619583E+00
 0.209878074988800E+00
 0.209518282921738E+00
 0.208887316909231E+00
 0.208362191596677E+00
 0.208201645278877E+00
 0.209730578584389E+00
 0.211034718020141E+00
 0.212073028547518E+00
 0.213183301235351E+00
 0.214139091887434E+00
 0.214824518216377E+00
 0.215558372239604E+00
 0.216170641444441E+00
 0.216510721742265E+00
 0.216911748552269E+00
 0.217190013386590E+00
 0.217196773882139E+00
 0.217309204542704E+00
 0.217266932806099E+00
 0.216956070589983E+00
 0.216824040348766E+00
 0.216477933657497E+00
 0.215904683695336E+00
 0.215535008069971E+00
 0.214904312973102E+00
 0.214164764225873E+00
 0.213524614814484E+00
 0.212630370806905E+00
 0.211767102868249E+00
 0.210877305018683E+00
 0.209741623184965E+00
 0.208366125964380E+00
 0.206757928824488E+00
 0.204925174886180E+00
 0.202877006905930E+00
 0.200623526130496E+00
 0.198175738088453E+00
 0.195957149553334E+00
 0.193547178516999E+00
 0.190957390529066E+00
 0.188200242264565E+00
 0.185288917477827E+00
 0.182237260305685E+00
 0.179059710128052E+00
 0.175771239335984E+00
 0.172418326876270E+00
 0.169109897913719E+00
 0.165857061540062E+00
 0.162666106130338E+00
 0.159516718866840E+00
 0.156430960189388E+00
 0.153397024251135E+00
 0.150412672966787E+00
 0.147478712296463E+00
 0.144594909203827E+00
 0.141760365943592E+00
 0.138973659546381E+00
 0.140875368203445E+00
 0.144464752135973E+00
 0.148097123958372E+00
 0.151756474525789E+00
 0.155426613878857E+00
 0.159091248916051E+00
 0.162734064064373E+00
 0.166338797588236E+00
 0.169889308272984E+00
 0.173369633315615E+00
 0.176764043939947E+00
 0.180287773049540E+00
 0.183710130953500E+00
 0.187014523200320E+00
 0.190185774621969E+00
 0.193209208087204E+00
 0.196070711852347E+00
 0.198880681077657E+00
 0.201683701797257E+00
 0.204296086131738E+00
 0.206705294054492E+00
 0.208899591316707E+00
 0.210892514089951E+00
 0.212973312949900E+00
 0.214815712547257E+00
 0.216410205159345E+00
 0.217748274600692E+00
 0.219010840568385E+00
 0.220198440912843E+00
 0.221112847393511E+00
 0.221748259574346E+00
 0.222292944408743E+00
 0.222766237431644E+00
 0.222949486036967E+00
 0.222839822553038E+00
 0.222811124204522E+00
 0.222539171495754E+00
 0.221969028875718E+00
 0.221372867457551E+00
 0.220651712358869E+00
 0.219630838477174E+00
 0.218591992797007E+00
 0.218736680304647E+00
 0.220080861560296E+00
 0.221185687519939E+00
 0.222006529880993E+00
 0.222972873147083E+00
 0.223717079042983E+00
 0.224170455393639E+00
 0.224804083200097E+00
 0.225191560043408E+00
 0.225297718187848E+00
 0.225630839726711E+00
 0.225670154958240E+00
 0.225520176517442E+00
 0.225518516486287E+00
 0.225222235307826E+00
 0.224862455150308E+00
 0.224539690127471E+00
 0.223923620838880E+00
 0.223399895295525E+00
 0.222772486630716E+00
 0.221854977613426E+00
 0.221212112101109E+00
 0.220298717901064E+00
 0.219100026359115E+00
 0.217618321063389E+00
 0.215857003842657E+00
 0.213820586992486E+00
 0.211514681316553E+00
 0.209150309637626E+00
 0.206882025184601E+00
 0.204355081866163E+00
 0.201577097661394E+00
 0.198556686725478E+00
 0.195303425503851E+00
 0.191827812258979E+00
 0.188265807432298E+00
 0.184758286062776E+00
 0.181314261164749E+00
 0.177918279094043E+00
 0.174591656920544E+00
 0.171307971934996E+00
 0.168075106176805E+00
 0.164897540786790E+00
 0.161777460638279E+00
 0.158715032700377E+00
 0.155708529454038E+00
 0.152754915954195E+00
 0.149850204625131E+00
 0.149566633321593E+00
 0.151960937980585E+00
 0.154163395000751E+00
 0.156428293606545E+00
 0.158434978992025E+00
 0.160181719434004E+00
 0.161873523823237E+00
 0.163475961950753E+00
 0.164812495036658E+00
 0.165903114157410E+00
 0.167094213740153E+00
 0.168016921719204E+00
 0.168673762480541E+00
 0.169326151612027E+00
 0.169839573756103E+00
 0.170089411152095E+00
 0.170228879461558E+00
 0.170344396460401E+00
 0.170452432004856E+00
 0.172246683539180E+00
 0.173747362602106E+00
 0.175302365314077E+00
 0.176684031799178E+00
 0.177960662355552E+00
 0.179231757311481E+00
 0.180252929306848E+00
 0.181422659904293E+00
 0.182296954287108E+00
 0.183287702730422E+00
 0.184070857835199E+00
 0.184856118820287E+00
 0.185559085748673E+00
 0.186155268326582E+00
 0.186789316853834E+00
 0.187211005712670E+00
 0.187787525290505E+00
 0.188077120154082E+00
 0.188577676031336E+00
 0.188823422985505E+00
 0.189181314450121E+00
 0.189394870900034E+00
 0.189331145183777E+00
 0.188996211384075E+00
 0.188880696346222E+00
 0.188531196246240E+00
 0.187920370925164E+00
 0.187055996946252E+00
 0.185946651176583E+00
 0.184601658751146E+00
 0.183031034870779E+00
 0.181456944563302E+00
 0.182056502294343E+00
 0.182550031776103E+00
 0.182946185031390E+00
 0.183254153760675E+00
 0.183483618710119E+00
 0.183644697330705E+00
 0.183769819427394E+00
 0.183887783434863E+00
 0.183952375617436E+00
 0.183974683766455E+00
 0.183966024012508E+00
 0.183937881582492E+00
 0.183901848525236E+00
 0.183869556654274E+00
 0.183852605364237E+00
 0.183913284347935E+00
 0.184054184495969E+00
 0.184259743165353E+00
 0.184540075857345E+00
 0.184904855556562E+00
 0.185482922234759E+00
 0.186211150599319E+00
 0.187058341272182E+00
 0.188030718713671E+00
 0.189312060131431E+00
 0.190734496576541E+00
 0.192297573613340E+00
 0.194003019298371E+00
 0.195894500127941E+00
 0.198041880764825E+00
 0.200325798122233E+00
 0.202743163608529E+00
 0.205289990862345E+00
 0.207961406132921E+00
 0.210751656642626E+00
 0.213654118676699E+00
 0.216661310067866E+00
 0.219764911746440E+00
 0.222955800033222E+00
 0.226224087404098E+00
 0.229559167180614E+00
 0.232949758256502E+00
 0.236383948640603E+00
 0.239849239152548E+00
 0.243332589501518E+00
 0.246820468293551E+00
 0.250298907466266E+00
 0.253753561210101E+00
 0.257169769453767E+00
 0.260532625614288E+00
 0.263827047128276E+00
 0.267037845987240E+00
 0.270149796383928E+00
 0.273147698296982E+00
 0.276042850941979E+00
 0.278996020396498E+00
 0.281806403241585E+00
 0.284458881139501E+00
 0.286938615324502E+00
 0.289231110814137E+00
 0.291322284337368E+00
 0.293198535588314E+00
 0.295159996389272E+00
 0.296901763042078E+00
 0.298403514056243E+00
 0.299653051176824E+00
 0.300638908832058E+00
 0.301574075189167E+00
 0.302392443619008E+00
 0.302927057400943E+00
 0.303168492869384E+00
 0.303167366154269E+00
 0.303232080538184E+00
 0.302988333924050E+00
 0.302429109727739E+00
 0.301694632269007E+00
 0.300960344666471E+00
 0.299900424810602E+00
 0.298510544156189E+00
 0.297253348229484E+00
 0.296342807324196E+00
 0.297881350236531E+00
 0.299232062596378E+00
 0.300282096672939E+00
 0.301306907278113E+00
 0.302255642155845E+00
 0.302891623228202E+00
 0.303466178008714E+00
 0.304012043590467E+00
 0.304235735254525E+00
 0.304423146903111E+00
 0.304570259172741E+00
 0.304388327606136E+00
 0.304250322336157E+00
 0.304007227611328E+00
 0.303430614577094E+00
 0.303026808033652E+00
 0.302405887602604E+00
 0.301487992702791E+00
 0.300836812678823E+00
 0.299853678073395E+00
 0.298763933360760E+00
 0.297768256388181E+00
 0.296441135489239E+00
 0.294779877063591E+00
 0.292782925253843E+00
 0.290449880527654E+00
 0.287781516455203E+00
 0.284932844082176E+00
 0.282292836111037E+00
 0.279325060284955E+00
 0.278529575050768E+00
 0.277956572268745E+00
 0.277752389184000E+00
 0.277135998288864E+00
 0.276628877394794E+00
 0.275985732151402E+00
 0.274876649105350E+00
 0.273875059624323E+00
 0.272759033493163E+00
 0.271174762877329E+00
 0.269118351243434E+00
 0.266587292816323E+00
 0.263580499676146E+00
 0.260719544078561E+00
 0.258633628594877E+00
 0.256091970072974E+00
 0.253092218000866E+00
 0.249639599848514E+00
 0.246062587242345E+00
 0.242549572117816E+00
 0.239099087744091E+00
 0.235681658501455E+00
 0.232379913151455E+00
 0.229107546290543E+00
 0.225880349470033E+00
 0.222709242944105E+00
 0.219600380542395E+00
 0.216556358690662E+00
 0.213575895874991E+00
 0.210654583428290E+00
 0.207785538465922E+00
 0.204959602657495E+00
 0.202165772219839E+00
 0.199392019104300E+00
 0.198262206443688E+00
 0.200155819248447E+00
 0.202142877325982E+00
 0.203839880570949E+00
 0.205168255747403E+00
 0.206649756332022E+00
 0.207789873367465E+00
 0.208622495530867E+00
 0.209587136230016E+00
 0.210187067593819E+00
 0.210600351857760E+00
 0.211039847748899E+00
 0.211123249999552E+00
 0.212684963588580E+00
 0.215628943830468E+00
 0.218350808826022E+00
 0.221152538088936E+00
 0.223537073796489E+00
 0.225912829413373E+00
 0.228153373322818E+00
 0.229973060258608E+00
 0.232048963773966E+00
 0.233727739456790E+00
 0.235262938166640E+00
 0.236811356119696E+00
 0.237935601476534E+00
 0.239265960421678E+00
 0.240268967128937E+00
 0.241134112835155E+00
 0.242029417719031E+00
 0.242504119411682E+00
 0.243260605878841E+00
 0.243640935550277E+00
 0.244006596223672E+00
 0.244307551976250E+00
 0.244311549539634E+00
 0.244548247716996E+00
 0.244374021934491E+00
 0.244406806915139E+00
 0.244184308341375E+00
 0.243925912270426E+00
 0.244321667370046E+00
 0.244532861439821E+00
 0.244429396327281E+00
 0.244669958671600E+00
 0.244506323519289E+00
 0.243947340018829E+00
 0.243002945020566E+00
 0.241684121007616E+00
 0.240002849638494E+00
 0.237976500462338E+00
 0.236359896024394E+00
 0.234398052273020E+00
 0.232104592300402E+00
 0.229493955748069E+00
 0.226586279474363E+00
 0.223603800353920E+00
 0.220664656927945E+00
 0.217759064449854E+00
 0.214891454747071E+00
 0.212057242371559E+00
 0.209274268188713E+00
 0.206516584176302E+00
 0.203790008051660E+00
 0.201097245937016E+00
 0.198438991317169E+00
 0.195814282270905E+00
 0.193220315001944E+00
 0.190653322296395E+00
 0.188108762703409E+00
 0.185594160773062E+00
 0.183163384359548E+00
 0.180753475088213E+00
 0.178358124990012E+00
 0.175970834230005E+00
 0.173671908623755E+00
 0.171418348994824E+00
 0.169167657763704E+00
 0.166923954697597E+00
 0.164977638158590E+00
 0.163498643866463E+00
 0.163496686138970E+00
 0.165914618791782E+00
 0.168607773376906E+00
 0.171451078531211E+00
 0.174435340714220E+00
 0.177550609452118E+00
 0.180786225416696E+00
 0.184130872964912E+00
 0.187572634595075E+00
 0.191099045578583E+00
 0.194697148513687E+00
 0.198353548691421E+00
 0.202054471434016E+00
 0.205785822165246E+00
 0.209533249413363E+00
 0.213282210522455E+00
 0.217018039499444E+00
 0.220726016015644E+00
 0.224391434185264E+00
 0.228100370236947E+00
 0.231811828946595E+00
 0.235452925500113E+00
 0.239008927174666E+00
 0.242465368142703E+00
 0.245808113396161E+00
 0.249023419998130E+00
 0.252097996573685E+00
 0.255019062194932E+00
 0.258033921971979E+00
 0.260889392858746E+00
 0.263566822904066E+00
 0.266054855772681E+00
 0.268342865602496E+00
 0.270421005445498E+00
 0.272482872098990E+00
 0.274441451917568E+00
 0.276171578237049E+00
 0.277665535182059E+00
 0.278916549393699E+00
 0.280043214822367E+00
 0.281149244697319E+00
 0.281999935806089E+00
 0.282591024693169E+00
 0.282919292775958E+00
 0.283265768678861E+00
 0.283439706257777E+00
 0.283345092786210E+00
 0.282981410338752E+00
 0.282601039965790E+00
 0.282089361286476E+00
 0.281307880102900E+00
 0.280258791238426E+00
 0.279311006886341E+00
 0.278127552660233E+00
 0.276680395383391E+00
 0.275176751962617E+00
 0.273612465125131E+00
 0.271791069889246E+00
 0.269855615794828E+00
 0.267935787799335E+00
 0.265767773900369E+00
 0.263514628451042E+00
 0.261267655305554E+00
 0.258783366913207E+00
 0.256315623439025E+00
 0.253772034219344E+00
 0.251003591812463E+00
 0.251019246306612E+00
 0.251292245421509E+00
 0.251658901644289E+00
 0.251762454294435E+00
 0.251767960062693E+00
 0.251850170397538E+00
 0.251671822801510E+00
 0.251233322182762E+00
 0.250536089599027E+00
 0.249582554341635E+00
 0.248376145466904E+00
 0.246921281450103E+00
 0.245223355750574E+00
 0.243686064250994E+00
 0.242004381577065E+00
 0.240089700548659E+00
 0.237949182742417E+00
 0.235590867516107E+00
 0.233023637259395E+00
 0.230257175298621E+00
 0.227301917422247E+00
 0.224168999519262E+00
 0.220870204321957E+00
 0.217501889727220E+00
 0.214170333941595E+00
 0.210868388799742E+00
 0.207608853493213E+00
 0.204372198261542E+00
 0.201172447315477E+00
 0.198014541827327E+00
 0.194886640732446E+00
 0.191797969163776E+00
 0.190473747082879E+00
 0.188829821517478E+00
 0.186872809724879E+00
 0.185126598974918E+00
 0.183209316478135E+00
 0.180992009325033E+00
 0.178483207592260E+00
 0.175693022001919E+00
 0.172820763197110E+00
 0.170020917222026E+00
 0.167290322922521E+00
 0.164619904734769E+00
 0.162017955590904E+00
 0.159453339400002E+00
 0.157598180315401E+00
 0.159543032041556E+00
 0.161463142907826E+00
 0.163345918776975E+00
 0.165179056602961E+00
 0.166950606099932E+00
 0.168649031113018E+00
 0.170263268568864E+00
 0.171782783289953E+00
 0.173197618513265E+00
 0.174671397201346E+00
 0.176049894257364E+00
 0.177305349839432E+00
 0.178429414042739E+00
 0.179414498759010E+00
 0.180253816523279E+00
 0.181104544526423E+00
 0.181872900061539E+00
 0.182483156136627E+00
 0.182930720459084E+00
 0.183211929757616E+00
 0.183467877611455E+00
 0.183665236396423E+00
 0.183689733930971E+00
 0.183540165307655E+00
 0.183228966164170E+00
 0.182996487084828E+00
 0.182587914148412E+00
 0.182004570659510E+00
 0.181248782530900E+00
 0.180577599087704E+00
 0.179745908381865E+00
 0.178745513772032E+00
 0.177626852193840E+00
 0.176562315195626E+00
 0.175335199306430E+00
 0.173951686402486E+00
 0.172577541822083E+00
 0.171144589764795E+00
 0.169564720433521E+00
 0.167913682228663E+00
 0.166297855963653E+00
 0.164546228197871E+00
 0.162688648912895E+00
 0.160914172889437E+00
 0.159016307969344E+00
 0.157014383252308E+00
 0.155106062475263E+00
 0.153087741513662E+00
 0.150995727091293E+00
 0.148978418739546E+00
 0.146865165321542E+00
 0.144729776050094E+00
 0.142627921049538E+00
 0.140444551213790E+00
 0.138693390571678E+00
 0.137782848870603E+00
 0.136714634333209E+00
 0.135493020482471E+00
 0.134200218802739E+00
 0.132889873633616E+00
 0.131568696042884E+00
 0.130223383192157E+00
 0.128873475687562E+00
 0.127512415926450E+00
 0.126137695433871E+00
 0.125606210313220E+00
 0.127621157326534E+00
 0.129584116669356E+00
 0.132061108946200E+00
 0.134886716514854E+00
 0.137920024866403E+00
 0.141139559165042E+00
 0.144536239692158E+00
 0.148100106536121E+00
 0.151820354735297E+00
 0.155685375406339E+00
 0.159682801276682E+00
 0.163799554316436E+00
 0.168021894212764E+00
 0.172335468401041E+00
 0.176725365609081E+00
 0.181176174344860E+00
 0.185672045924163E+00
 0.190196760035741E+00
 0.194733790766386E+00
 0.199266372404076E+00
 0.203903832021274E+00
 0.208567237345111E+00
 0.213193489434760E+00
 0.217764940147190E+00
 0.222263966157665E+00
 0.226673044214479E+00
 0.230974826750311E+00
 0.235152215474631E+00
 0.239245791920677E+00
 0.243422438119625E+00
 0.247440657660973E+00
 0.251283967686262E+00
 0.254936411084947E+00
 0.258382624168312E+00
 0.261607903463751E+00
 0.264936378030315E+00
 0.268057733742857E+00
 0.270928973071556E+00
 0.273537226399258E+00
 0.275870530424720E+00
 0.278217767097194E+00
 0.280396596341008E+00
 0.282277383303690E+00
 0.283850655568455E+00
 0.285206244032512E+00
 0.286603697955438E+00
 0.287676221374445E+00
 0.288417203052548E+00
 0.288934101266256E+00
 0.289491222596671E+00
 0.289705407343446E+00
 0.289573147915669E+00
 0.289424040601843E+00
 0.289111706660837E+00
 0.288447584896044E+00
 0.287625913816895E+00
 0.286796574906839E+00
 0.285614016883623E+00
 0.284263025882912E+00
 0.282933966199043E+00
 0.281253846762669E+00
 0.279509685195058E+00
 0.277704512555622E+00
 0.275553662699874E+00
 0.273542627025519E+00
 0.271289930071248E+00
 0.268870391033533E+00
 0.266536570244982E+00
 0.263868706794371E+00
 0.261386354310285E+00
 0.258661029128027E+00
 0.255923728826877E+00
 0.253160052363909E+00
 0.250224685955713E+00
 0.247440834089988E+00
 0.244356749063714E+00
 0.241569929467566E+00
 0.238473763062498E+00
 0.235606221463193E+00
 0.233076902661444E+00
 0.232040298749675E+00
 0.231308810517113E+00
 0.230243630923154E+00
 0.228846053447495E+00
 0.227118621466325E+00
 0.225065115936001E+00
 0.222690539160427E+00
 0.220001097733991E+00
 0.217161796192017E+00
 0.214333233574810E+00
 0.211515600765470E+00
 0.208706121844253E+00
 0.205905285680771E+00
 0.203138043533574E+00
 0.200378067849126E+00
 0.197629878718925E+00
 0.194894483269476E+00
 0.192170487087359E+00
 0.189454265923750E+00
 0.186758264398845E+00
 0.184116296802470E+00
 0.181481638945972E+00
 0.178845695855644E+00
 0.176199606499650E+00
 0.173637020884761E+00
 0.171085854496375E+00
 0.168513395013558E+00
 0.165983194252019E+00
 0.164687762994064E+00
 0.167637646360753E+00
 0.170263345998214E+00
 0.172900666735186E+00
 0.175356840692586E+00
 0.177474962512997E+00
 0.179704591686946E+00
 0.181648360812712E+00
 0.183330257110009E+00
 0.185106438789698E+00
 0.186531118004514E+00
 0.187882052701089E+00
 0.189146159640360E+00
 0.190056093609841E+00
 0.191128575198395E+00
 0.191890513103969E+00
 0.192517643045186E+00
 0.193147309523938E+00
 0.193425111433402E+00
 0.193864479983089E+00
 0.194028235302584E+00
 0.194076306373319E+00
 0.194142994226777E+00
 0.193866889542116E+00
 0.193799464771879E+00
 0.193446093856585E+00
 0.197196039403390E+00
 0.201083173365312E+00
 0.204812958434082E+00
 0.208571061183143E+00
 0.212266196223930E+00
 0.215782223246712E+00
 0.219111461189254E+00
 0.222247186621756E+00
 0.225183640132392E+00
 0.228145711422906E+00
 0.230982078657918E+00
 0.233605416111509E+00
 0.236012603106455E+00
 0.238201508193166E+00
 0.240188923154260E+00
 0.242244362009560E+00
 0.244075181086484E+00
 0.245681949097348E+00
 0.247066201858491E+00
 0.248230422301623E+00
 0.249330930251594E+00
 0.250348037671258E+00
 0.251147996176152E+00
 0.251735813381843E+00
 0.252117321432847E+00
 0.252326127567569E+00
 0.252571839675163E+00
 0.252620569226529E+00
 0.252480219796346E+00
 0.252159357674534E+00
 0.251667157910553E+00
 0.251173270194173E+00
 0.250575782800478E+00
 0.249821830516640E+00
 0.248921887970102E+00
 0.247886798893945E+00
 0.246769950789639E+00
 0.245662854273228E+00
 0.244437591678415E+00
 0.243105664102005E+00
 0.241678710536640E+00
 0.240168427764840E+00
 0.238600803795355E+00
 0.237056522626474E+00
 0.235446077114443E+00
 0.233780948898190E+00
 0.232072412669817E+00
 0.230331479180631E+00
 0.228568851015869E+00
 0.226794886215284E+00
 0.225019563390580E+00
 0.223252442775338E+00
 0.221502620385757E+00
 0.219778676332351E+00
 0.218088621869078E+00
 0.216439851446848E+00
 0.214876131849586E+00
 0.213425265817407E+00
 0.212041245459330E+00
 0.210727623453763E+00
 0.209567064260865E+00
 0.208520606848310E+00
 0.207550865530842E+00
 0.206657315697744E+00
 0.205907219588305E+00
 0.205266454590602E+00
 0.204691056700496E+00
 0.204177057917797E+00
 0.203720007875028E+00
 0.203315020865466E+00
 0.202956812226771E+00
 0.202639723967695E+00
 0.202357822020596E+00
 0.202128394186278E+00
 0.201910703028117E+00
 0.201697677451275E+00
 0.201482155438129E+00
 0.201256953536030E+00
 0.201029868153571E+00
 0.200803208729752E+00
 0.200555920668013E+00
 0.200281068564224E+00
 0.199971938162104E+00
 0.199622083631172E+00
 0.199225368903368E+00
 0.198776004219175E+00
 0.198268579520498E+00
 0.197698096387851E+00
 0.197059999487016E+00
 0.196350207338705E+00
 0.195661366946386E+00
 0.194922547342549E+00
 0.194107135029731E+00
 0.193212383883534E+00
 0.192236109836715E+00
 0.191176707788297E+00
 0.190052860243111E+00
 0.188968889116765E+00
 0.187801170044942E+00
 0.186549574840159E+00
 0.185214608567429E+00
 0.183797435297761E+00
 0.182399719748265E+00
 0.180970091339821E+00
 0.179461505317313E+00
 0.177876591570216E+00
 0.176218641833204E+00
 0.174600419427194E+00
 0.172942415443549E+00
 0.171216938615956E+00
 0.169428549484059E+00
 0.167600112822519E+00
 0.165821245368759E+00
 0.163986136574211E+00
 0.162100432274141E+00
 0.160170304368036E+00
 0.158251110827952E+00
 0.156339451854917E+00
 0.154391362575414E+00
 0.152413866104099E+00
 0.150414339204795E+00
 0.148420499211311E+00
 0.146446162552002E+00
 0.144458267942880E+00
 0.142464556315595E+00
 0.140472973854225E+00
 0.138491622800972E+00
 0.136528700427786E+00
 0.134592432459100E+00
 0.132734008777262E+00
 0.131025305332244E+00
 0.129720789938000E+00
 0.128851570330188E+00
 0.128341059521848E+00
 0.128113382454375E+00
 0.128109228635391E+00
 0.128352868717885E+00
 0.129154771342148E+00
 0.131155129900358E+00
 0.133104882013411E+00
 0.134939346036164E+00
 0.136654332597658E+00
 0.138398680703708E+00
 0.140069860325809E+00
 0.141615420192834E+00
 0.143049112566665E+00
 0.144550294523142E+00
 0.145921068228230E+00
 0.147159302353281E+00
 0.148390129998051E+00
 0.149584021794374E+00
 0.150643044929192E+00
 0.151603733000110E+00
 0.152621429944149E+00
 0.153503167567783E+00
 0.154248985013307E+00
 0.155051723395870E+00
 0.156053130917754E+00
 0.157686447787637E+00
 0.159292207469198E+00
 0.160864256296819E+00
 0.162396651176183E+00
 0.163883705690916E+00
 0.165320068104517E+00
 0.166700808805289E+00
 0.168030161373638E+00
 0.169404000689857E+00
 0.170714171926545E+00
 0.171956862229842E+00
 0.173128762710483E+00
 0.174227079535941E+00
 0.175249522978383E+00
 0.176194281721202E+00
 0.177059992943066E+00
 0.177887628724519E+00
 0.178724408679514E+00
 0.179479366176300E+00
 0.180152317880688E+00
 0.180743463881828E+00
 0.181253365161999E+00
 0.181682938754265E+00
 0.182033465828626E+00
 0.182355215711342E+00
 0.182672712313255E+00
 0.182912688818307E+00
 0.183077336601606E+00
 0.183169211968417E+00
 0.183191222098050E+00
 0.183146585900637E+00
 0.183038775148320E+00
 0.182880407333077E+00
 0.182745253711855E+00
 0.182551370441366E+00
 0.182302678778434E+00
 0.182003179262462E+00
 0.181656892514403E+00
 0.181267824024373E+00
 0.180839955063150E+00
 0.180377253332982E+00
 0.179883689977907E+00
 0.179363247210272E+00
 0.178819905136211E+00
 0.178257605952106E+00
 0.177682137656400E+00
 0.177110514446861E+00
 0.176525216820125E+00
 0.175929907784499E+00
 0.175328074062192E+00
 0.174722995474600E+00
 0.174117726723200E+00
 0.173515089860487E+00
 0.172919518042151E+00
 0.172347976699812E+00
 0.171788878365503E+00
 0.171243865265603E+00
 0.170714396648417E+00
 0.170201739581903E+00
 0.169706961136220E+00
 0.169230926091811E+00
 0.168774300994858E+00
 0.168337562615185E+00
 0.167921008542762E+00
 0.167524769658365E+00
 0.167148826424692E+00
 0.166793030978507E+00
 0.166457134238282E+00
 0.166140813444271E+00
 0.165843693496934E+00
 0.165565356758880E+00
 0.165305339992896E+00
 0.165063121743142E+00
 0.164838106853551E+00
 0.164629616148895E+00
 0.164443487116582E+00
 0.164282991052281E+00
 0.164135212104996E+00
 0.163999482984282E+00
 0.163875162035487E+00
 0.163761609806402E+00
 0.163658169224421E+00
 0.163564155061361E+00
 0.163478855178065E+00
 0.163401543257591E+00
 0.163331500855406E+00
 0.163268045130854E+00
 0.163210556950048E+00
 0.163158502393347E+00
 0.163111440380040E+00
 0.163069011722991E+00
 0.163030910868002E+00
 0.162996849071811E+00
 0.162966523127911E+00
 0.162939603229096E+00
 0.162915745993908E+00
 0.162894627015254E+00
 0.162875977513885E+00
 0.162859607411827E+00
 0.162845403887588E+00
 0.162833306406996E+00
 0.162823269590403E+00
 0.162815228830640E+00
 0.162809079739010E+00
 0.162804675001266E+00
 0.162801835810560E+00
 0.162800372065091E+00
 0.162800105117648E+00
 0.162800886944991E+00
 0.162802609444696E+00
 0.162805198582312E+00
 0.162808592144045E+00
 0.162812706661982E+00
 0.162817405498200E+00
 0.162822481814983E+00
 0.162827665032957E+00
 0.162832649333027E+00
 0.162837132988313E+00
 0.162840852982306E+00
 0.162843602346927E+00
 0.162845225659637E+00
 0.162845596740102E+00
 0.162844588228857E+00
 0.162842044363624E+00
 0.162837766667015E+00
 0.162831518318775E+00
 0.162823047066616E+00
 0.162812119466684E+00
 0.162798553535802E+00
 0.162782236072295E+00
 0.162763116891978E+00
 0.162741182963258E+00
 0.162716425263720E+00
 0.162688814416370E+00
 0.162658296021394E+00
 0.162624806405617E+00
 0.162588300151751E+00
 0.162550029773182E+00
 0.162515323650393E+00
 0.162477684528998E+00
 0.162437112123355E+00
 0.162393615608323E+00
 0.162347239692340E+00
 0.162298083909523E+00
 0.162246305276162E+00
 0.162192100183350E+00
 0.162135671116156E+00
 0.162077192368033E+00
 0.162016790740462E+00
 0.161954550317703E+00
 0.161890538226108E+00
 0.161824837677713E+00
 0.161757571523998E+00
 0.161688905443414E+00
 0.161619030975683E+00
 0.161548138437108E+00
 0.161476393168109E+00
 0.161403924675256E+00
 0.161330830411011E+00
 0.161257189175841E+00
 0.161183076658806E+00
 0.161108577256909E+00
 0.161033789459188E+00
 0.160958824390165E+00
 0.160883798220406E+00
 0.160808820265515E+00
 0.160733980490799E+00
 0.160659341804195E+00
 0.160584941837893E+00
 0.160510804860969E+00
 0.160436958690945E+00
 0.160363447658794E+00
 0.160290333895600E+00
 0.160217685393128E+00
 0.160145556945270E+00
 0.160073974487508E+00
 0.160002931731107E+00
 0.159932401282991E+00
 0.159862354611430E+00
 0.159792780678754E+00
 0.159723694101909E+00
 0.159655129419162E+00
 0.159587125160968E+00
 0.159519706211019E+00
 0.159452873108417E+00
 0.159386602689595E+00
 0.159320858332276E+00
 0.159255603534296E+00
 0.159190812064235E+00
 0.159126471270054E+00
 0.159062579630712E+00
 0.158999142057173E+00
 0.158936165542534E+00
 0.158873655198175E+00
 0.158811609489101E+00
 0.158750015045310E+00
 0.158688844167380E+00
 0.158628058788740E+00
 0.158567621433162E+00
 0.158507508376137E+00
 0.158447716981646E+00
 0.158388261265519E+00
 0.158329156543959E+00
 0.158270401272791E+00
 0.158211966855990E+00
 0.158153802118122E+00
 0.158095850547447E+00
 0.158038070651484E+00
 0.157980447821996E+00
 0.157922991339792E+00
 0.157865719207336E+00
 0.157808640403990E+00
 0.157751744440019E+00
 0.157695002063860E+00
 0.157638373542522E+00
 0.157581817650444E+00
 0.157525297085291E+00
 0.157468781126347E+00
 0.157412248792715E+00
 0.157355693384096E+00
 0.157299124878848E+00
 0.157242565194830E+00
 0.157186035149437E+00
 0.157129538494951E+00
 0.157073052301616E+00
 0.157016530667039E+00
 0.156959921382132E+00
 0.156903187583768E+00
 0.156846323407940E+00
 0.156789355883513E+00
 0.156732332569813E+00
 0.156675301425916E+00
 0.156618292395464E+00
 0.156632377177497E+00
 0.156716589031141E+00
 0.156799863605988E+00
 0.156882298168108E+00
 0.156963999483858E+00
 0.157045038741101E+00
 0.157125423667209E+00
 0.157205101228130E+00
 0.157283988113584E+00
 0.157362012642415E+00
 0.157439148089747E+00
 0.157515424237284E+00
 0.157590915561199E+00
 0.157665713927434E+00
 0.157739897347019E+00
 0.157813505147777E+00
 0.157886526718873E+00
 0.157958907401841E+00
 0.158030570683825E+00
 0.158101450080956E+00
 0.158171518717869E+00
 0.158240803356073E+00
 0.158309375170151E+00
 0.158377320357537E+00
 0.158444703913794E+00
 0.158511543347782E+00
 0.158577803612785E+00
 0.158643413699703E+00
 0.158708295779199E+00
 0.158775457710200E+00
 0.158846351323271E+00
 0.158916571058488E+00
 0.158986068994623E+00
 0.159054821013484E+00
 0.159122835600471E+00
 0.159190152742110E+00
 0.159256832094867E+00
 0.159322932089343E+00
 0.159388486003593E+00
 0.159453485106019E+00
 0.159517878806120E+00
 0.159581595120401E+00
 0.159644573972422E+00
 0.159706797251861E+00
 0.159768299430893E+00
 0.159829152216862E+00
 0.159889430912295E+00
 0.159949180119789E+00
 0.160008396002178E+00
 0.160067032219703E+00
 0.160125023828263E+00
 0.160182315744635E+00
 0.160238883242650E+00
 0.160294738593030E+00
 0.160349924740071E+00
 0.160404500129824E+00
 0.160458519038273E+00
 0.160512011909602E+00
 0.160564971717223E+00
 0.160617353252466E+00
 0.160669089199660E+00
 0.160720119118596E+00
 0.160770418887344E+00
 0.160820015056596E+00
 0.160868974708340E+00
 0.160917374385817E+00
 0.160965263761596E+00
 0.161012643074700E+00
 0.161059465599697E+00
 0.161105662401119E+00
 0.161151175144952E+00
 0.161195980355570E+00
 0.161240095383107E+00
 0.161283566875024E+00
 0.161326449985576E+00
 0.161368787802004E+00
 0.161410597293722E+00
 0.161451864415302E+00
 0.161492549012932E+00
 0.161532598956626E+00
 0.161571970390199E+00
 0.161610647133921E+00
 0.161648650012277E+00
 0.161686029604351E+00
 0.161722843840356E+00
 0.161759130750624E+00
 0.161794890473703E+00
 0.161830086141005E+00
 0.161864662862321E+00
 0.161898574233803E+00
 0.161931802578669E+00
 0.161964363901771E+00
 0.161996297509071E+00
 0.162027647575995E+00
 0.162058445903068E+00
 0.162088702071115E+00
 0.162118402512694E+00
 0.162147516824478E+00
 0.162176008741952E+00
 0.162203849167061E+00
 0.162231027945989E+00
 0.162257559974752E+00
 0.162283481580025E+00
 0.162308836545865E+00
