 0.195568287540727E-07
 0.310291423815688E-06
 0.154422644078554E-05
 0.476819828942705E-05
 0.113119696260926E-04
 0.226867042414706E-04
 0.404892835414144E-04
 0.663220486581494E-04
 0.101729982695815E-03
 0.148151132977393E-03
 0.206873428338066E-03
 0.278992508065056E-03
 0.365369461290731E-03
 0.466592056563349E-03
 0.582945699778804E-03
 0.714399662751679E-03
 0.860610356235671E-03
 0.102093827246642E-02
 0.120222658787934E-02
 0.139905071282291E-02
 0.161371797196940E-02
 0.184414147824738E-02
 0.209038395477312E-02
 0.235566881496146E-02
 0.263062619700923E-02
 0.291255964236099E-02
 0.319848038388124E-02
 0.349547966677752E-02
 0.380037348039656E-02
 0.410201382132320E-02
 0.439658017124496E-02
 0.468316617492797E-02
 0.497582965338026E-02
 0.525227529128978E-02
 0.550832200414765E-02
 0.574679239508312E-02
 0.599970045597835E-02
 0.623499521595730E-02
 0.643867638196190E-02
 0.663256562513548E-02
 0.684296355024802E-02
 0.701608501974145E-02
 0.720331492670751E-02
 0.738673705887950E-02
 0.755095963441496E-02
 0.774221703924740E-02
 0.790874963100050E-02
 0.809626537383657E-02
 0.826970553434628E-02
 0.845795330831302E-02
 0.865199002886503E-02
 0.884722954890436E-02
 0.905302723673642E-02
 0.925982863067538E-02
 0.947553467110788E-02
 0.968755389071555E-02
 0.991726103040210E-02
 0.101531677301372E-01
 0.103894957061208E-01
 0.106333656810373E-01
 0.108991399854423E-01
 0.111712017436358E-01
 0.114569560283912E-01
 0.117721952798410E-01
 0.121089578455086E-01
 0.124606769716640E-01
 0.128153779450713E-01
 0.131897314667443E-01
 0.135589551733996E-01
 0.138976620895031E-01
 0.142271567957106E-01
 0.145436969848965E-01
 0.148487544664677E-01
 0.151188288829738E-01
 0.153306534250761E-01
 0.155182776339792E-01
 0.156757591538486E-01
 0.157662960120231E-01
 0.158479132854827E-01
 0.162719491499421E-01
 0.167570266339292E-01
 0.172661652431122E-01
 0.177857734367057E-01
 0.182310725155683E-01
 0.187226218815558E-01
 0.192539718374282E-01
 0.197254058087937E-01
 0.202429584512681E-01
 0.207070538302962E-01
 0.212057642361905E-01
 0.217545783317301E-01
 0.222029368186135E-01
 0.227194607621549E-01
 0.232394017072714E-01
 0.237059151474519E-01
 0.241833025746254E-01
 0.246450977506486E-01
 0.251363158685352E-01
 0.255374527593489E-01
 0.259937136098826E-01
 0.264164720934326E-01
 0.268136161502741E-01
 0.272913196678150E-01
 0.277083822480945E-01
 0.281754759834182E-01
 0.286659459810468E-01
 0.291941563675398E-01
 0.297955830136615E-01
 0.303830244506067E-01
 0.311062695418249E-01
 0.318061675562663E-01
 0.325402812386342E-01
 0.333157045962120E-01
 0.340482284740822E-01
 0.346996295345817E-01
 0.353178917900489E-01
 0.358760528587119E-01
 0.364671605378543E-01
 0.369077466883464E-01
 0.373208684616133E-01
 0.376400054255912E-01
 0.377991444471363E-01
 0.379517783845429E-01
 0.379928863254710E-01
 0.378887136712448E-01
 0.380915031892431E-01
 0.384009448945482E-01
 0.385849783890749E-01
 0.386511313523392E-01
 0.387178196440905E-01
 0.386532704374415E-01
 0.384550493368814E-01
 0.382090295516072E-01
 0.379041847671199E-01
 0.377923174818131E-01
 0.380295094483013E-01
 0.383670975461131E-01
 0.385909888956034E-01
 0.388285612084859E-01
 0.390161539553985E-01
 0.392517250947439E-01
 0.394278058962752E-01
 0.395965105484575E-01
 0.396668007611095E-01
 0.397675353781440E-01
 0.398405804542289E-01
 0.398580889430982E-01
 0.398534366171389E-01
 0.398097242694549E-01
 0.396810020103239E-01
 0.395942884210511E-01
 0.394530588241705E-01
 0.393063200336084E-01
 0.391986764438512E-01
 0.390277444145789E-01
 0.389390456531460E-01
 0.388153034596673E-01
 0.387935874841224E-01
 0.387017950879193E-01
 0.387678908765443E-01
 0.387573315788048E-01
 0.404523725265386E-01
 0.423898203073733E-01
 0.442765070618563E-01
 0.461023980314938E-01
 0.478655701273183E-01
 0.495647507945832E-01
 0.512740281893387E-01
 0.529255490971939E-01
 0.545060704416219E-01
 0.560154656441122E-01
 0.574540200732622E-01
 0.588224946761505E-01
 0.601222016787476E-01
 0.613550668610555E-01
 0.626261393301535E-01
 0.639100115640885E-01
 0.651120202636564E-01
 0.662351046497245E-01
 0.672829362906426E-01
 0.682598299215280E-01
 0.691706292298415E-01
 0.700205994340207E-01
 0.708153483435332E-01
 0.715607821868952E-01
 0.722630891517518E-01
 0.729287364580467E-01
 0.735644659887959E-01
 0.741772767335511E-01
 0.747743872445189E-01
 0.754394105239524E-01
 0.762593080275028E-01
 0.771972825467637E-01
 0.781753041696943E-01
 0.791982030699117E-01
 0.802704858690305E-01
 0.813962997713455E-01
 0.825863809472519E-01
 0.839187312832030E-01
 0.853121784090868E-01
 0.867679836195199E-01
 0.882867140824357E-01
 0.898682342580580E-01
 0.915117231548118E-01
 0.932156956550742E-01
 0.949780077172423E-01
 0.967958365884420E-01
 0.986656420019495E-01
 0.100583125131447E+00
 0.102543203811493E+00
 0.104540015157287E+00
 0.106566944917385E+00
 0.108616673248030E+00
 0.110681223656755E+00
 0.112752005649185E+00
 0.114819848252066E+00
 0.116875026545387E+00
 0.118907284738102E+00
 0.120905858738176E+00
 0.122859501452823E+00
 0.124756516249907E+00
 0.126601419901091E+00
 0.128501511590231E+00
 0.130321520923940E+00
 0.132565688573626E+00
 0.134721236408255E+00
 0.136757219831259E+00
 0.138658963192974E+00
 0.140564464433221E+00
 0.142355239909526E+00
 0.143984118441410E+00
 0.145436226574919E+00
 0.146696855084855E+00
 0.147751548419230E+00
 0.148780428302547E+00
 0.149669678429258E+00
 0.150327174128823E+00
 0.150739398514046E+00
 0.150997748855874E+00
 0.154330850153119E+00
 0.158204480085045E+00
 0.162099488841515E+00
 0.166006023227662E+00
 0.169944139833472E+00
 0.173940229863444E+00
 0.177945589789468E+00
 0.182228745522916E+00
 0.186553059123815E+00
 0.190893086531830E+00
 0.195238085335184E+00
 0.199576653326766E+00
 0.203896754085506E+00
 0.208185745588649E+00
 0.212430415240051E+00
 0.216617023643068E+00
 0.220731357048261E+00
 0.224875338518173E+00
 0.229016720974133E+00
 0.233059770405234E+00
 0.236988925909616E+00
 0.240788372360156E+00
 0.244442119883849E+00
 0.248063533051909E+00
 0.251680766946760E+00
 0.255123708723094E+00
 0.258375996685838E+00
 0.261421382232998E+00
 0.264467185274801E+00
 0.267429731535997E+00
 0.270157323060436E+00
 0.272634053260559E+00
 0.275059819561654E+00
 0.277427074503701E+00
 0.279517164188855E+00
 0.281315109682170E+00
 0.283228189653876E+00
 0.284898164739320E+00
 0.286252542822985E+00
 0.287582225801990E+00
 0.288806269150743E+00
 0.289693877394220E+00
 0.290531605407551E+00
 0.291291323048896E+00
 0.291696513351953E+00
 0.292135662721346E+00
 0.292419548202526E+00
 0.292333597415838E+00
 0.292466408867931E+00
 0.292269222567529E+00
 0.291899233541331E+00
 0.291605209979547E+00
 0.290927563816885E+00
 0.290400667161410E+00
 0.289853285153449E+00
 0.290288050319409E+00
 0.290358284762892E+00
 0.290705388982663E+00
 0.290736924500322E+00
 0.290673215560585E+00
 0.290678429375964E+00
 0.290306296020008E+00
 0.290212220195407E+00
 0.289826905759049E+00
 0.289054519488052E+00
 0.288469230280600E+00
 0.287699477401503E+00
 0.286535757529886E+00
 0.284969448878461E+00
 0.282993153695756E+00
 0.280600747516147E+00
 0.277787418125794E+00
 0.274760995018217E+00
 0.272011828359989E+00
 0.268848120997620E+00
 0.265267894499110E+00
 0.261333926120837E+00
 0.257402347651126E+00
 0.253532037698112E+00
 0.249704184488712E+00
 0.245966804586064E+00
 0.242258512016377E+00
 0.238588770237897E+00
 0.235014734940115E+00
 0.231490679233910E+00
 0.228015185296938E+00
 0.224588277619490E+00
 0.221207142137236E+00
 0.217866605698520E+00
 0.214631587577806E+00
 0.211446399093408E+00
 0.208299459065383E+00
 0.205179862062038E+00
 0.202075960285634E+00
 0.199084719971561E+00
 0.196156950487925E+00
 0.193229353877527E+00
 0.192770466326869E+00
 0.196934503466192E+00
 0.201310990926756E+00
 0.205314252150272E+00
 0.208956404232192E+00
 0.212853992930374E+00
 0.216360973785093E+00
 0.219498154161482E+00
 0.222885381751787E+00
 0.225868889537845E+00
 0.228531126160932E+00
 0.231387423180224E+00
 0.233831035055090E+00
 0.236057429342003E+00
 0.238372058035590E+00
 0.240269016841214E+00
 0.242104504577146E+00
 0.243875517658943E+00
 0.245227686610658E+00
 0.246720668639620E+00
 0.247953979307905E+00
 0.248843629657081E+00
 0.249971025667288E+00
 0.250679396425831E+00
 0.251319818193164E+00
 0.251934008844847E+00
 0.252135990733307E+00
 0.253370252799419E+00
 0.254715547067432E+00
 0.255866101327126E+00
 0.257216408303735E+00
 0.258152421170578E+00
 0.259245634294352E+00
 0.260197577725619E+00
 0.260820397278767E+00
 0.261802708452331E+00
 0.262369645772239E+00
 0.262526783489755E+00
 0.262998525104184E+00
 0.263197911077765E+00
 0.262993145638531E+00
 0.262392275493643E+00
 0.261404490030360E+00
 0.260040074614062E+00
 0.258310368262011E+00
 0.256227722997105E+00
 0.254144064534949E+00
 0.252147383430193E+00
 0.249815017584854E+00
 0.247160974589853E+00
 0.244224649996795E+00
 0.241254584742210E+00
 0.238311543985996E+00
 0.235400110213461E+00
 0.232504056655981E+00
 0.229644166846153E+00
 0.226819973272723E+00
 0.224015010612834E+00
 0.221233417171997E+00
 0.218476560178253E+00
 0.215743316551729E+00
 0.213030554548427E+00
 0.210333458519012E+00
 0.207645832558899E+00
 0.205040093513536E+00
 0.202448010556196E+00
 0.199860890164769E+00
 0.197270106339700E+00
 0.194744416199399E+00
 0.192263782422689E+00
 0.189770833505140E+00
 0.187281381864910E+00
 0.184905851048125E+00
 0.182508394055561E+00
 0.180096447459938E+00
 0.177820438710544E+00
 0.175512727421651E+00
 0.173212238341823E+00
 0.171027564581108E+00
 0.168800814670136E+00
 0.166639254798203E+00
 0.164296236104723E+00
 0.162106730165167E+00
 0.159759078223993E+00
 0.157250671074945E+00
 0.154594124109987E+00
 0.151802318784317E+00
 0.149701097806058E+00
 0.153495651442496E+00
 0.157346704128457E+00
 0.160948659679163E+00
 0.164286242652524E+00
 0.167345077161377E+00
 0.170489771620401E+00
 0.173379475165512E+00
 0.175958457959432E+00
 0.178214842133936E+00
 0.180394440723994E+00
 0.182434918282282E+00
 0.184127696347140E+00
 0.185464055320535E+00
 0.186802000288348E+00
 0.187897884395528E+00
 0.188619831179009E+00
 0.189152927089380E+00
 0.189636461031343E+00
 0.189733854053924E+00
 0.189628438648260E+00
 0.189499601643057E+00
 0.191473549634364E+00
 0.195737496840648E+00
 0.199843275502859E+00
 0.204066587088259E+00
 0.208086017404581E+00
 0.211888050295560E+00
 0.215459861640603E+00
 0.218865343831846E+00
 0.222327196184817E+00
 0.225531985796131E+00
 0.228468844626175E+00
 0.231127837508497E+00
 0.233843948983324E+00
 0.236341577916474E+00
 0.238540985479412E+00
 0.241108284660716E+00
 0.244957108751625E+00
 0.248523506979468E+00
 0.252246429616903E+00
 0.255679461728099E+00
 0.258806991462720E+00
 0.261727792088716E+00
 0.264705708701530E+00
 0.267358594871662E+00
 0.269678511804104E+00
 0.272032615977237E+00
 0.274185913534708E+00
 0.275992193733265E+00
 0.277689767298330E+00
 0.279328984633653E+00
 0.280610987511172E+00
 0.281734058542649E+00
 0.282853981416789E+00
 0.283610033404365E+00
 0.284243161519469E+00
 0.284846549973125E+00
 0.285082819072498E+00
 0.285310476504822E+00
 0.285407308854343E+00
 0.285137062453776E+00
 0.285041774427564E+00
 0.284648325845223E+00
 0.284051443842046E+00
 0.283551390899112E+00
 0.282688861635754E+00
 0.281908840962914E+00
 0.280958384954756E+00
 0.279780956855556E+00
 0.278759134793160E+00
 0.277384493710295E+00
 0.277611748801680E+00
 0.277766888321994E+00
 0.277977161001929E+00
 0.277786014032621E+00
 0.277910614820711E+00
 0.277668815760251E+00
 0.277446492427248E+00
 0.277170065858618E+00
 0.276499339275469E+00
 0.275823201529736E+00
 0.275137979053708E+00
 0.274065321764656E+00
 0.272609235621770E+00
 0.270774934324402E+00
 0.268568813306374E+00
 0.265998426448401E+00
 0.263072462198635E+00
 0.259913805831266E+00
 0.257045204874550E+00
 0.253839711166514E+00
 0.250307919425782E+00
 0.246461413665207E+00
 0.242478602946287E+00
 0.238578483570270E+00
 0.234755214066965E+00
 0.231009365780378E+00
 0.227341245018633E+00
 0.223747398368544E+00
 0.220208818968438E+00
 0.216732290006054E+00
 0.213321606171580E+00
 0.209977477477700E+00
 0.206698307076394E+00
 0.203480620769404E+00
 0.200319210428739E+00
 0.197207583077617E+00
 0.194138472354181E+00
 0.191103848556522E+00
 0.188131987350313E+00
 0.185254162535862E+00
 0.182401146859908E+00
 0.179563881209479E+00
 0.176791641558814E+00
 0.174113346558336E+00
 0.171438754460956E+00
 0.168773892270642E+00
 0.166257645143766E+00
 0.163884733067721E+00
 0.162029400455512E+00
 0.160151114975683E+00
 0.158227486575032E+00
 0.156478136671969E+00
 0.154494010690405E+00
 0.152520819721241E+00
 0.150494770465240E+00
 0.148248325632928E+00
 0.145788333543766E+00
 0.143122260909714E+00
 0.140258165250426E+00
 0.137204667768516E+00
 0.133970922410618E+00
 0.130566578400777E+00
 0.127237180177424E+00
 0.126612888548045E+00
 0.127966531110359E+00
 0.129167040421009E+00
 0.130238849531738E+00
 0.131396358364498E+00
 0.132408574508065E+00
 0.133319219177898E+00
 0.134295453879416E+00
 0.135139543950499E+00
 0.135899751881546E+00
 0.136715418023736E+00
 0.137412611785367E+00
 0.138033541693027E+00
 0.138710072100866E+00
 0.139282055435624E+00
 0.139774956978518E+00
 0.140333814033572E+00
 0.140802048170320E+00
 0.141190652602208E+00
 0.141639909224247E+00
 0.142025093339233E+00
 0.142344194726432E+00
 0.142678751859874E+00
 0.143000395319772E+00
 0.143268953968627E+00
 0.143496106623337E+00
 0.143772030834874E+00
 0.144007166135194E+00
 0.144211369292002E+00
 0.144394081689718E+00
 0.144594141780507E+00
 0.144790823932403E+00
 0.144976460077090E+00
 0.145159405471183E+00
 0.146160448408359E+00
 0.147458023010271E+00
 0.148719764058367E+00
 0.149935327939289E+00
 0.151145150838071E+00
 0.152370279805395E+00
 0.153532717503158E+00
 0.154621280118786E+00
 0.155624624111909E+00
 0.156566759893004E+00
 0.157560793900795E+00
 0.158452097622424E+00
 0.159229038351826E+00
 0.159900747457315E+00
 0.160657555736360E+00
 0.161282713552154E+00
 0.161764711009878E+00
 0.162237300085305E+00
 0.162691072004499E+00
 0.162985280308949E+00
 0.163192890705598E+00
 0.163458307271313E+00
 0.163548813341661E+00
 0.163530654621098E+00
 0.163593418889503E+00
 0.163467180358424E+00
 0.163261253834519E+00
 0.163109824584052E+00
 0.162756676983696E+00
 0.162399288029323E+00
 0.162025044662827E+00
 0.161743577047499E+00
 0.162025548792191E+00
 0.162838656303046E+00
 0.166770514964516E+00
 0.170574760293002E+00
 0.174430508817480E+00
 0.178226497414139E+00
 0.181863776217336E+00
 0.185327804249263E+00
 0.188604519168435E+00
 0.191862640486157E+00
 0.195063704901804E+00
 0.198049051123035E+00
 0.200805954626031E+00
 0.203351404619126E+00
 0.205992366097605E+00
 0.208380092545357E+00
 0.210503756021405E+00
 0.212396666658096E+00
 0.214376109288034E+00
 0.216071221495180E+00
 0.217473459250011E+00
 0.218806570275957E+00
 0.220048189842418E+00
 0.220981701286686E+00
 0.221716558723774E+00
 0.222489879249038E+00
 0.222943584162036E+00
 0.223177291994006E+00
 0.223476870378477E+00
 0.223448967090400E+00
 0.223280046337624E+00
 0.223108561320492E+00
 0.222605173256091E+00
 0.222130113385420E+00
 0.221497154945418E+00
 0.220588092813746E+00
 0.219841854320597E+00
 0.218763095314994E+00
 0.217709295615864E+00
 0.216534970179278E+00
 0.215164646251792E+00
 0.213911539667158E+00
 0.212331147992546E+00
 0.211686227740543E+00
 0.212100523953173E+00
 0.212164034379665E+00
 0.212315264757637E+00
 0.212317000259374E+00
 0.212106157946692E+00
 0.212060060001828E+00
 0.211664404405563E+00
 0.211425010719268E+00
 0.210998108417685E+00
 0.210442798011536E+00
 0.209998561693543E+00
 0.209210167971009E+00
 0.208078044992069E+00
 0.207054008928848E+00
 0.205926828281384E+00
 0.204462072192408E+00
 0.202662674834495E+00
 0.200532823439837E+00
 0.198077940445693E+00
 0.195304659132316E+00
 0.192220795525498E+00
 0.188848660488764E+00
 0.185451252003206E+00
 0.182114920503642E+00
 0.178848250526007E+00
 0.175623085913500E+00
 0.172495031844156E+00
 0.169409514059631E+00
 0.166375832851252E+00
 0.163399827271846E+00
 0.160484163181396E+00
 0.157629048745192E+00
 0.154832503194176E+00
 0.152090494770104E+00
 0.149397831256641E+00
 0.146748053183611E+00
 0.144133786631119E+00
 0.141548626698727E+00
 0.139082353878748E+00
 0.136642600625128E+00
 0.134220465119934E+00
 0.131829410366357E+00
 0.129613644715308E+00
 0.127455372435806E+00
 0.129731109279646E+00
 0.132519907072536E+00
 0.135431630833339E+00
 0.137992601480639E+00
 0.140618256860208E+00
 0.143033002662381E+00
 0.145295817681283E+00
 0.147568000896290E+00
 0.149471974661203E+00
 0.151607762025847E+00
 0.153358101818163E+00
 0.155163567056669E+00
 0.156779296214149E+00
 0.158247813902129E+00
 0.159739903174034E+00
 0.160873556556894E+00
 0.162254218289233E+00
 0.163231166090591E+00
 0.164336689942810E+00
 0.165212801679979E+00
 0.166002408896011E+00
 0.166792441962726E+00
 0.167266765533465E+00
 0.167986111880520E+00
 0.168296597748763E+00
 0.168809999195958E+00
 0.169065650601415E+00
 0.171176010266838E+00
 0.174344953940962E+00
 0.177627754521254E+00
 0.180686271619432E+00
 0.183513526874727E+00
 0.186103598706301E+00
 0.188798025586766E+00
 0.191273028428253E+00
 0.193497766371822E+00
 0.195484248892158E+00
 0.197583683540726E+00
 0.199423627942978E+00
 0.201002785048351E+00
 0.202464339771422E+00
 0.203909999779543E+00
 0.205091238927234E+00
 0.206009703720265E+00
 0.207013162819298E+00
 0.207799387378302E+00
 0.208324445854417E+00
 0.208810437278759E+00
 0.209211694232459E+00
 0.209356472386502E+00
 0.209394128606524E+00
 0.209426446128766E+00
 0.209209723403925E+00
 0.208867100933197E+00
 0.208551387400199E+00
 0.207996425699703E+00
 0.207339038758167E+00
 0.206699793878075E+00
 0.205833034811193E+00
 0.204922874914899E+00
 0.203987209967728E+00
 0.202837365141906E+00
 0.201732302523160E+00
 0.200529162280810E+00
 0.199126414779812E+00
 0.197879774569996E+00
 0.196439002849841E+00
 0.194942164208998E+00
 0.193474592107673E+00
 0.191826129603531E+00
 0.190282843068872E+00
 0.188621238214689E+00
 0.186909819373938E+00
 0.185245057047301E+00
 0.183417771994526E+00
 0.181739223552858E+00
 0.179920359717934E+00
 0.177954447376854E+00
 0.175855205230124E+00
 0.173636791346922E+00
 0.172726534850441E+00
 0.171648880948998E+00
 0.170391434785993E+00
 0.168965996029456E+00
 0.167384982309215E+00
 0.165661364467188E+00
 0.163808598972743E+00
 0.161840558336864E+00
 0.159771460944604E+00
 0.157615801872012E+00
 0.155388285366985E+00
 0.153106402928159E+00
 0.150830002432357E+00
 0.148579327501091E+00
 0.147954620091071E+00
 0.149824552354423E+00
 0.151788684805635E+00
 0.153835480882883E+00
 0.155952898006088E+00
 0.158128441153962E+00
 0.160349216085825E+00
 0.162601985979573E+00
 0.164873234599854E+00
 0.167149235893169E+00
 0.169416126320249E+00
 0.171659974914235E+00
 0.173866848072533E+00
 0.176022870004960E+00
 0.178166084784781E+00
 0.180325895346300E+00
 0.182410659791937E+00
 0.184406688158995E+00
 0.186300583078534E+00
 0.188079304786137E+00
 0.189730236901728E+00
 0.191391932180593E+00
 0.192987894404725E+00
 0.194434539252882E+00
 0.195720468493625E+00
 0.196834919795018E+00
 0.197973790503220E+00
 0.199005635108909E+00
 0.199848393818676E+00
 0.200493051236437E+00
 0.201121765189307E+00
 0.201673356181624E+00
 0.202012977440912E+00
 0.202133692283707E+00
 0.202360961276918E+00
 0.202385669552101E+00
 0.202181666336149E+00
 0.201977141165456E+00
 0.201683240311557E+00
 0.201153567640852E+00
 0.200598526528666E+00
 0.199987810983746E+00
 0.199136934602895E+00
 0.198309183853613E+00
 0.197388327589583E+00
 0.196225419306877E+00
 0.195197821059459E+00
 0.193977640838086E+00
 0.192620549540382E+00
 0.191355509441151E+00
 0.189850268715791E+00
 0.188410386412635E+00
 0.186874134212111E+00
 0.185190226090919E+00
 0.183634927860070E+00
 0.181845068616192E+00
 0.180176577456655E+00
 0.178381920399350E+00
 0.176539739405878E+00
 0.174751517228436E+00
 0.172762493625718E+00
 0.170991157158932E+00
 0.168996741501950E+00
 0.166782900845030E+00
 0.164597548652691E+00
 0.163126943670153E+00
 0.161413010625531E+00
 0.159456000835760E+00
 0.157257189416251E+00
 0.154910291092258E+00
 0.152594228569096E+00
 0.150305469200066E+00
 0.148034930706614E+00
 0.145815914983040E+00
 0.143617951241123E+00
 0.141443181241367E+00
 0.139296669803749E+00
 0.137180846635398E+00
 0.135095626389593E+00
 0.133038966129736E+00
 0.131007246800667E+00
 0.132210131438394E+00
 0.136053034090221E+00
 0.140027060328732E+00
 0.143794777715719E+00
 0.147348223594303E+00
 0.150795122594878E+00
 0.154279663586363E+00
 0.157531066749577E+00
 0.160543594025807E+00
 0.163559325055142E+00
 0.166470742494177E+00
 0.169129245836172E+00
 0.171567305505288E+00
 0.174111006131001E+00
 0.176391248843651E+00
 0.178406385560604E+00
 0.180429019645714E+00
 0.182316246489951E+00
 0.183932879875490E+00
 0.185429854932443E+00
 0.186917886744285E+00
 0.188133146994830E+00
 0.189141527078117E+00
 0.190231750692306E+00
 0.191050116057253E+00
 0.191729106114370E+00
 0.193565666043224E+00
 0.195359226705569E+00
 0.197095004456704E+00
 0.198533965104048E+00
 0.200175741684598E+00
 0.201517452189629E+00
 0.202835813605443E+00
 0.204089642294789E+00
 0.205102150949683E+00
 0.206277053868155E+00
 0.207151850935705E+00
 0.208105803448615E+00
 0.208911237923401E+00
 0.209600504142215E+00
 0.210347042094924E+00
 0.210797797707373E+00
 0.211483008258820E+00
 0.211886573372712E+00
 0.212341731919033E+00
 0.212709152516931E+00
 0.212944081586926E+00
 0.213286490282360E+00
 0.213342441564583E+00
 0.213118224554684E+00
 0.213059620574762E+00
 0.212826056570333E+00
 0.212321846552275E+00
 0.211555166872777E+00
 0.210535072743663E+00
 0.209271444361244E+00
 0.207774928621062E+00
 0.206056880292823E+00
 0.204129305347981E+00
 0.202004805990785E+00
 0.199696523958623E+00
 0.197218078026434E+00
 0.194583493896945E+00
 0.191896281552337E+00
 0.189320151154440E+00
 0.186655463609244E+00
 0.184040295197867E+00
 0.181480015975991E+00
 0.178978478827195E+00
 0.176532964784709E+00
 0.174145407548185E+00
 0.171797495215050E+00
 0.169488330563108E+00
 0.167215702387243E+00
 0.164976524606571E+00
 0.162766374610237E+00
 0.160580582768071E+00
 0.158426136948681E+00
 0.156326330176043E+00
 0.154244504660658E+00
 0.152174759017303E+00
 0.150131537722394E+00
 0.148147357698686E+00
 0.146166927022267E+00
 0.144191115039990E+00
 0.142294320671355E+00
 0.140392558635783E+00
 0.138502313396845E+00
 0.137037526529635E+00
 0.141733622690930E+00
 0.146309293869640E+00
 0.150745741613212E+00
 0.155127333174575E+00
 0.159571482058707E+00
 0.163834689975328E+00
 0.167898221124829E+00
 0.172041594939860E+00
 0.176255349111805E+00
 0.180235794085429E+00
 0.183964334638243E+00
 0.187423049241714E+00
 0.190782474520248E+00
 0.194083791184319E+00
 0.197076699124966E+00
 0.199745073614782E+00
 0.202073759626268E+00
 0.204434434909067E+00
 0.206530827308146E+00
 0.208256248119738E+00
 0.212477508298297E+00
 0.216934102554131E+00
 0.221260805005285E+00
 0.225673421794239E+00
 0.231138923622213E+00
 0.236535326853718E+00
 0.241844190900377E+00
 0.247047089336124E+00
 0.252268289410123E+00
 0.257491461981022E+00
 0.262573427515981E+00
 0.267495760782309E+00
 0.272240346495009E+00
 0.276789462161690E+00
 0.281263950870273E+00
 0.285742501859433E+00
 0.289992309277512E+00
 0.293996701480155E+00
 0.297739669403025E+00
 0.301345921185606E+00
 0.304958763079737E+00
 0.308281146204882E+00
 0.311298875334394E+00
 0.313998649472528E+00
 0.316829232557841E+00
 0.319357031046063E+00
 0.321543805901807E+00
 0.323399257421608E+00
 0.325407286572280E+00
 0.327055040094981E+00
 0.328333253845783E+00
 0.329512059243187E+00
 0.330605700305729E+00
 0.331316135026472E+00
 0.331762260629764E+00
 0.332296609711018E+00
 0.332437944546295E+00
 0.332270535516666E+00
 0.332249108674721E+00
 0.331828559388972E+00
 0.331165186483522E+00
 0.330599066590131E+00
 0.329631215855797E+00
 0.328585147416396E+00
 0.327491897725333E+00
 0.325997518882158E+00
 0.324675634830960E+00
 0.323078169344835E+00
 0.321264767238637E+00
 0.319584557576857E+00
 0.317510087490070E+00
 0.315593399095521E+00
 0.313459781499557E+00
 0.311176434516543E+00
 0.309003005706362E+00
 0.306446854370550E+00
 0.304205484092314E+00
 0.301632866561102E+00
 0.299127781732459E+00
 0.298102819724730E+00
 0.299557323443795E+00
 0.300533365288770E+00
 0.301589303653455E+00
 0.302515795699704E+00
 0.303081201920637E+00
 0.303973113763698E+00
 0.304369540825753E+00
 0.304935223106752E+00
 0.305309982031372E+00
 0.305431963275938E+00
 0.305801422860570E+00
 0.305664633855703E+00
 0.305223230679860E+00
 0.305098190841740E+00
 0.304461865303545E+00
 0.303310101091891E+00
 0.301640237545579E+00
 0.299451126144039E+00
 0.296743142026599E+00
 0.293518187535679E+00
 0.290801499915644E+00
 0.287655306554886E+00
 0.284003986143127E+00
 0.279920117236059E+00
 0.275837016685510E+00
 0.271830979836519E+00
 0.267871482666160E+00
 0.264030675097914E+00
 0.260211877656527E+00
 0.256459951124841E+00
 0.252804493732726E+00
 0.249198958624143E+00
 0.245645769255369E+00
 0.242143783015289E+00
 0.238688222051605E+00
 0.235271665813911E+00
 0.231924190303710E+00
 0.228671556912166E+00
 0.225452466431233E+00
 0.222252626208278E+00
 0.219056665953105E+00
 0.215951158108416E+00
 0.212940152151475E+00
 0.209912980421709E+00
 0.206852897306851E+00
 0.204001366881472E+00
 0.201123661579558E+00
 0.198189828914282E+00
 0.195456001508307E+00
 0.192817123164762E+00
 0.194863518729952E+00
 0.196677956392137E+00
 0.198570783588238E+00
 0.200129824507153E+00
 0.201623647947724E+00
 0.203040034977586E+00
 0.204132768582879E+00
 0.205333609160630E+00
 0.206297297369027E+00
 0.207038291314360E+00
 0.207885882361559E+00
 0.208424883827762E+00
 0.208927462106170E+00
 0.209366518468642E+00
 0.209511944092730E+00
 0.209804322200241E+00
 0.209866649965601E+00
 0.210059615719135E+00
 0.211193504152102E+00
 0.212479487242675E+00
 0.213409960695808E+00
 0.214424065998943E+00
 0.215326123908549E+00
 0.215917838805378E+00
 0.216803386161924E+00
 0.217337217133520E+00
 0.217869005546016E+00
 0.218396877889505E+00
 0.218580955509841E+00
 0.219086272597809E+00
 0.219275606833338E+00
 0.219435432374193E+00
 0.219642181771500E+00
 0.219513713895736E+00
 0.219291623221597E+00
 0.219192294238939E+00
 0.218768911573849E+00
 0.218033515200142E+00
 0.216998830530706E+00
 0.215678200757828E+00
 0.214085517333685E+00
 0.212235150604593E+00
 0.210440610366781E+00
 0.208653865576313E+00
 0.206627588781761E+00
 0.204376721742838E+00
 0.201916475108297E+00
 0.199262261080654E+00
 0.196494733607333E+00
 0.193762005714493E+00
 0.191060891167780E+00
 0.188381985344759E+00
 0.185753993454547E+00
 0.183145105367000E+00
 0.180561801063756E+00
 0.178008333544944E+00
 0.175487297982379E+00
 0.172999652089144E+00
 0.170712621613227E+00
 0.170325072655301E+00
 0.169846843297191E+00
 0.169230520087018E+00
 0.168695236514838E+00
 0.167895362129608E+00
 0.166836513763405E+00
 0.165524969933825E+00
 0.163967640398103E+00
 0.162258065887179E+00
 0.160783328978263E+00
 0.159075960766926E+00
 0.157463901876507E+00
 0.155746211996387E+00
 0.153810861265210E+00
 0.153466766097175E+00
 0.156558640425278E+00
 0.159654492857175E+00
 0.162741735916784E+00
 0.165807616916010E+00
 0.168839268757548E+00
 0.171823767014847E+00
 0.174748196045919E+00
 0.177599720104264E+00
 0.180365652039954E+00
 0.183056062629260E+00
 0.185809406221557E+00
 0.188452266254395E+00
 0.190972348754271E+00
 0.193357737200113E+00
 0.195596944516637E+00
 0.197678969528021E+00
 0.199700379709692E+00
 0.201696224965823E+00
 0.203513488578538E+00
 0.205142573971458E+00
 0.206574594049486E+00
 0.207830507248538E+00
 0.209595570344170E+00
 0.212461408069998E+00
 0.215199808062622E+00
 0.217774977878743E+00
 0.220175393984150E+00
 0.222410611926532E+00
 0.224733658484958E+00
 0.226863881954216E+00
 0.228791287986520E+00
 0.230506624496881E+00
 0.232297317679314E+00
 0.233917161737718E+00
 0.235311386681421E+00
 0.236493726267436E+00
 0.237792524409459E+00
 0.238854766493725E+00
 0.239674428180482E+00
 0.240460203321710E+00
 0.241185652487488E+00
 0.241661457606386E+00
 0.241977233510358E+00
 0.242366488130331E+00
 0.242501586486453E+00
 0.242411662478555E+00
 0.242470088629087E+00
 0.242272238349111E+00
 0.241839698866170E+00
 0.241576743359669E+00
 0.241057590118806E+00
 0.240343259996990E+00
 0.239771839552751E+00
 0.238946315616762E+00
 0.238008126210326E+00
 0.237144043821806E+00
 0.236029772419114E+00
 0.234922408651636E+00
 0.233783739937779E+00
 0.232400405153524E+00
 0.231175130129779E+00
 0.229781636651129E+00
 0.228247628025565E+00
 0.226854778731355E+00
 0.225227374994072E+00
 0.223370261183184E+00
 0.221289248140849E+00
 0.218991089016480E+00
 0.216483455565371E+00
 0.213774914140428E+00
 0.210986509454440E+00
 0.208309807753877E+00
 0.205444738627423E+00
 0.202401416902610E+00
 0.199190737567741E+00
 0.195824329701623E+00
 0.192314505407368E+00
 0.188674207106557E+00
 0.184916954736255E+00
 0.181056791866083E+00
 0.177116586890828E+00
 0.173227999532946E+00
 0.169433407204934E+00
 0.165726878640215E+00
 0.162118936982683E+00
 0.158581579891134E+00
 0.155144554719455E+00
 0.151784752468466E+00
 0.148501053668646E+00
 0.145293903381580E+00
 0.142162745978845E+00
 0.139106332300448E+00
 0.136122668148949E+00
 0.133209234090970E+00
 0.130363234355513E+00
 0.128078053662026E+00
 0.126284162033283E+00
 0.124533726272581E+00
 0.127143909764633E+00
 0.130379894582520E+00
 0.133605909323724E+00
 0.136935244078456E+00
 0.140205780153354E+00
 0.143402906944932E+00
 0.146512351489020E+00
 0.149520246059384E+00
 0.152413194153525E+00
 0.155248374764480E+00
 0.158131653768564E+00
 0.160871926146568E+00
 0.163457027824738E+00
 0.165875507699934E+00
 0.168116677505946E+00
 0.170364291458242E+00
 0.172521996216896E+00
 0.174479774892978E+00
 0.176229044469167E+00
 0.177762163033078E+00
 0.179337009367506E+00
 0.180745009107361E+00
 0.181920621481697E+00
 0.182858807289270E+00
 0.183743886596062E+00
 0.184540497395916E+00
 0.186001587682739E+00
 0.188217746112617E+00
 0.190332268975538E+00
 0.192238789212708E+00
 0.193928140697906E+00
 0.195733260107951E+00
 0.197338075488151E+00
 0.198712384086795E+00
 0.200020207428780E+00
 0.201310186023991E+00
 0.202359309746656E+00
 0.203215944816688E+00
 0.204184514329312E+00
 0.204904795439020E+00
 0.205373078034773E+00
 0.206005701738668E+00
 0.206399219317221E+00
 0.206537577212294E+00
 0.206830393136831E+00
 0.206904166732356E+00
 0.206722187015622E+00
 0.206724646013149E+00
 0.206489919093019E+00
 0.206038104194088E+00
 0.205761807636177E+00
 0.205233297300669E+00
 0.204577362349571E+00
 0.204020380288616E+00
 0.203215599751742E+00
 0.202401927192471E+00
 0.201582282590646E+00
 0.200520929081033E+00
 0.199593765045171E+00
 0.198531229216237E+00
 0.197288885348708E+00
 0.196235547802872E+00
 0.194951009283189E+00
 0.193440958572117E+00
 0.191712125702214E+00
 0.189772249196194E+00
 0.187630039916609E+00
 0.185295143678128E+00
 0.182778102090267E+00
 0.180375523535867E+00
 0.177899200255176E+00
 0.175254684755990E+00
 0.172454002622440E+00
 0.169509917094825E+00
 0.166435870510575E+00
 0.163245924423159E+00
 0.159954700244631E+00
 0.156625475105034E+00
 0.153361477734514E+00
 0.150162068135249E+00
 0.147022181409485E+00
 0.143952385560258E+00
 0.140935318702013E+00
 0.137976683139208E+00
 0.135087745163200E+00
 0.132254186594809E+00
 0.129475767074365E+00
 0.126751535569725E+00
 0.125582800839304E+00
 0.129418007865078E+00
 0.133298650811909E+00
 0.137208829075193E+00
 0.141132433891306E+00
 0.145053214176862E+00
 0.148954847274559E+00
 0.152919244913188E+00
 0.156944617974347E+00
 0.160917632344672E+00
 0.164821510780452E+00
 0.168639685706493E+00
 0.172355869659489E+00
 0.175954123598705E+00
 0.179497152068594E+00
 0.183100503626113E+00
 0.186552656828687E+00
 0.189838518511596E+00
 0.192943612441658E+00
 0.195854144291244E+00
 0.198730976506734E+00
 0.201556394187016E+00
 0.204158376846822E+00
 0.206524988043864E+00
 0.208645199303218E+00
 0.210742476686384E+00
 0.212722434052841E+00
 0.214433149335341E+00
 0.215866082906262E+00
 0.217153996750491E+00
 0.218421344615367E+00
 0.219393724621557E+00
 0.220065447749042E+00
 0.220669767385243E+00
 0.221164139450181E+00
 0.221346699426986E+00
 0.221272236366776E+00
 0.221282245624416E+00
 0.222721414102427E+00
 0.224578243190596E+00
 0.226206589839163E+00
 0.227956684581506E+00
 0.229414005590942E+00
 0.230570446852520E+00
 0.231907189460354E+00
 0.232957128644442E+00
 0.233696436222002E+00
 0.234617028346198E+00
 0.235258614323006E+00
 0.235589341172767E+00
 0.236145257917337E+00
 0.236383612393075E+00
 0.236397344307185E+00
 0.236562900395194E+00
 0.236408440057026E+00
 0.236162813153311E+00
 0.235950300094515E+00
 0.235417867498681E+00
 0.234969067267439E+00
 0.234394661806924E+00
 0.233507522001795E+00
 0.232904950639820E+00
 0.231988021240880E+00
 0.230991165372962E+00
 0.230062917944170E+00
 0.228825266489564E+00
 0.227769058930380E+00
 0.226537004993132E+00
 0.225002108662190E+00
 0.223168162600350E+00
 0.221040122891602E+00
 0.218624091597204E+00
 0.215927289591237E+00
 0.213411336280857E+00
 0.210755625325802E+00
 0.207831692305110E+00
 0.204648759029484E+00
 0.201217040188166E+00
 0.197547696454114E+00
 0.193660728873574E+00
 0.189766017846176E+00
 0.185948504235160E+00
 0.182204773305985E+00
 0.178531333517148E+00
 0.174935417579477E+00
 0.171419252571234E+00
 0.167965709286265E+00
 0.164578748977322E+00
 0.161259971523679E+00
 0.158009041728648E+00
 0.154824029323558E+00
 0.151701540442140E+00
 0.148637472954237E+00
 0.145626730417734E+00
 0.147587424087671E+00
 0.149625099994276E+00
 0.151390897343438E+00
 0.153056726500080E+00
 0.154662349915890E+00
 0.155988410578803E+00
 0.157035633573913E+00
 0.159268185592722E+00
 0.162114430205854E+00
 0.165004591531962E+00
 0.167599756213445E+00
 0.170179537796675E+00
 0.172642011664878E+00
 0.174816065762695E+00
 0.177148337194912E+00
 0.179170450407161E+00
 0.181145912329478E+00
 0.183038172638013E+00
 0.184662680705416E+00
 0.186432057654956E+00
 0.187883903773639E+00
 0.189381008080116E+00
 0.190716670987129E+00
 0.191912684834993E+00
 0.193142338180401E+00
 0.194053505964258E+00
 0.195187986864845E+00
 0.196004256918208E+00
 0.196879275049359E+00
 0.197612662227899E+00
 0.198240298289476E+00
 0.198903159794333E+00
 0.199293550103016E+00
 0.199898412127427E+00
 0.200192576681132E+00
 0.200619388525486E+00
 0.200870357025893E+00
 0.201085206567441E+00
 0.201305687675108E+00
 0.201224989150264E+00
 0.200848911696734E+00
 0.200305694029395E+00
 0.199918056664906E+00
 0.199244908598432E+00
 0.198293894966703E+00
 0.197073521313450E+00
 0.195593101059576E+00
 0.193862700645940E+00
 0.191893082583156E+00
 0.189695646745653E+00
 0.187282370490610E+00
 0.184667622557409E+00
 0.184442153242573E+00
 0.184842121980787E+00
 0.185151008983255E+00
 0.185378759226142E+00
 0.185535688954885E+00
 0.185632420620231E+00
 0.185733854968230E+00
 0.185787064877821E+00
 0.185795740181211E+00
 0.185771157357070E+00
 0.185724666504555E+00
 0.185667629545265E+00
 0.185611366317924E+00
 0.185567101140581E+00
 0.185618174878299E+00
 0.185719974940385E+00
 0.185880711803057E+00
 0.186109782827228E+00
 0.186416096807956E+00
 0.186916056036504E+00
 0.187558478915551E+00
 0.188308868311639E+00
 0.189172478963240E+00
 0.190262872950832E+00
 0.191533585378316E+00
 0.192928848723434E+00
 0.194449406190712E+00
 0.196095119356907E+00
 0.197898579644484E+00
 0.199920395397474E+00
 0.202054166744272E+00
 0.204295141326411E+00
 0.206637736514595E+00
 0.209075555313675E+00
 0.211601398675527E+00
 0.214207282157141E+00
 0.216884464170046E+00
 0.219623486548301E+00
 0.222414221464850E+00
 0.225245917411031E+00
 0.228107241713326E+00
 0.230986323302881E+00
 0.233870801536632E+00
 0.236747883151601E+00
 0.239604403626731E+00
 0.242426886908560E+00
 0.245201600937686E+00
 0.247914612576527E+00
 0.250551848613733E+00
 0.253099166312443E+00
 0.255597445339999E+00
 0.258109519939843E+00
 0.260505296670475E+00
 0.262770486425698E+00
 0.264890993367313E+00
 0.266852987681871E+00
 0.268642968347803E+00
 0.270247819784235E+00
 0.271835232379856E+00
 0.273322775548515E+00
 0.274601234037654E+00
 0.275658625571227E+00
 0.276483591346010E+00
 0.277110196877314E+00
 0.277786674254676E+00
 0.278211058771210E+00
 0.278373768152657E+00
 0.278266065601429E+00
 0.278139563766161E+00
 0.279357415836879E+00
 0.281402264967496E+00
 0.283447071329849E+00
 0.285267088753847E+00
 0.286849095006910E+00
 0.288347568333836E+00
 0.289829404300871E+00
 0.291056308099445E+00
 0.292016623544248E+00
 0.293080868535543E+00
 0.293941959274341E+00
 0.294522979083040E+00
 0.295072437325470E+00
 0.295562676868133E+00
 0.295761854542174E+00
 0.295866521331004E+00
 0.295986015327748E+00
 0.295805910362136E+00
 0.295534564933147E+00
 0.295287988750478E+00
 0.294735642216323E+00
 0.294154929163864E+00
 0.293550949421813E+00
 0.292637276998644E+00
 0.291811080287633E+00
 0.290861848216554E+00
 0.289601117623169E+00
 0.288590204256591E+00
 0.287310816114147E+00
 0.285866822458745E+00
 0.284581876792317E+00
 0.282989774063782E+00
 0.281088238098291E+00
 0.278876086711604E+00
 0.276353246016485E+00
 0.273520764014518E+00
 0.270380822216750E+00
 0.267520071252649E+00
 0.264418141575494E+00
 0.261017242373235E+00
 0.257321773557402E+00
 0.256320696164857E+00
 0.255803659311431E+00
 0.254864227212550E+00
 0.253694078379297E+00
 0.252749886586052E+00
 0.251379183574663E+00
 0.249576495602100E+00
 0.247337615976516E+00
 0.244659641253341E+00
 0.241540998562559E+00
 0.238832858015723E+00
 0.236524210478313E+00
 0.233796817423360E+00
 0.230656207013505E+00
 0.227411819354320E+00
 0.224222026574272E+00
 0.221090203263879E+00
 0.217988451221620E+00
 0.214988072924301E+00
 0.212014627556910E+00
 0.209082712896957E+00
 0.206202201925348E+00
 0.203379136881711E+00
 0.200615670711345E+00
 0.197910722558823E+00
 0.195260279598523E+00
 0.192657801428679E+00
 0.190094837976749E+00
 0.187561090670135E+00
 0.189385709900594E+00
 0.191317672088438E+00
 0.193235686501237E+00
 0.194965066010104E+00
 0.196333798288967E+00
 0.197665714933946E+00
 0.198837043204598E+00
 0.199649338244694E+00
 0.200445640524531E+00
 0.201071076355911E+00
 0.201342863443959E+00
 0.201658220340552E+00
 0.204807429896389E+00
 0.207920503200063E+00
 0.211287593784021E+00
 0.214252874133560E+00
 0.216979224875443E+00
 0.219808192708601E+00
 0.222225913449219E+00
 0.224606705344679E+00
 0.226885316608633E+00
 0.228747129416198E+00
 0.230828787312929E+00
 0.232553612645633E+00
 0.234093732808198E+00
 0.235691888025211E+00
 0.236867380866516E+00
 0.238202280274444E+00
 0.239259330934016E+00
 0.240125926630091E+00
 0.241077654418813E+00
 0.241607988045388E+00
 0.242364541740371E+00
 0.242802096667984E+00
 0.243162270197727E+00
 0.243521859005409E+00
 0.243513160464296E+00
 0.243809714658650E+00
 0.243692026035769E+00
 0.243707816138110E+00
 0.243542575019835E+00
 0.243257473524874E+00
 0.243059858277024E+00
 0.242498518559696E+00
 0.242283442913099E+00
 0.242281008909108E+00
 0.242163450380871E+00
 0.241650509453922E+00
 0.240750951601634E+00
 0.239474638600601E+00
 0.237832486256346E+00
 0.235912027730373E+00
 0.234334259472323E+00
 0.232406802111543E+00
 0.230142347932768E+00
 0.227554474031736E+00
 0.224678095162031E+00
 0.221767987323817E+00
 0.218893658937839E+00
 0.216065112707865E+00
 0.213250975575321E+00
 0.210505719870440E+00
 0.207779124132374E+00
 0.205079956917440E+00
 0.202413677770519E+00
 0.199782934974067E+00
 0.197188306750369E+00
 0.194628135538731E+00
 0.192099395419719E+00
 0.189597694733438E+00
 0.187117741344706E+00
 0.184653523264783E+00
 0.182247202938541E+00
 0.179900430477857E+00
 0.177565666966140E+00
 0.175235495278016E+00
 0.172947248242401E+00
 0.170749171286011E+00
 0.168549382993495E+00
 0.166340136244360E+00
 0.164254791538247E+00
 0.162185267057134E+00
 0.160098368506587E+00
 0.158115318548017E+00
 0.156171008736298E+00
 0.155588661344506E+00
 0.158571082168895E+00
 0.161716847185686E+00
 0.165016106010122E+00
 0.168458230488139E+00
 0.172059317916492E+00
 0.175762108181778E+00
 0.179553279249469E+00
 0.183419404189576E+00
 0.187390986157212E+00
 0.191429338090634E+00
 0.195518429817730E+00
 0.199643251021736E+00
 0.203788506135967E+00
 0.207938687656151E+00
 0.212078156378100E+00
 0.216191218542823E+00
 0.220262192022587E+00
 0.224275462381642E+00
 0.228215537760745E+00
 0.232067112195957E+00
 0.235818827541339E+00
 0.239683341671039E+00
 0.243429612265101E+00
 0.247042838700812E+00
 0.250508677367611E+00
 0.253813310560227E+00
 0.256943506686719E+00
 0.259886672765059E+00
 0.262886837576279E+00
 0.265738978105222E+00
 0.268379378388382E+00
 0.270797197910754E+00
 0.272982433452991E+00
 0.274949010572960E+00
 0.276999599782472E+00
 0.278798495195639E+00
 0.280337996027901E+00
 0.281611405244624E+00
 0.282667041072107E+00
 0.283779835062145E+00
 0.284614080792656E+00
 0.285165751202398E+00
 0.285431923192555E+00
 0.285738114544675E+00
 0.285834923448143E+00
 0.285640854068266E+00
 0.285155823338066E+00
 0.284765254599641E+00
 0.284118580096458E+00
 0.283180811793502E+00
 0.282117242022984E+00
 0.281032939830920E+00
 0.279660615101383E+00
 0.278060181904689E+00
 0.276559188093527E+00
 0.274776112830559E+00
 0.272766451993184E+00
 0.270874386263140E+00
 0.268708696128578E+00
 0.268119540671626E+00
 0.268816672604732E+00
 0.269593972664102E+00
 0.270080284094349E+00
 0.270418919239513E+00
 0.270844386438060E+00
 0.270979104594881E+00
 0.271001855612540E+00
 0.271090107402035E+00
 0.270889805932741E+00
 0.270639487035111E+00
 0.270407870297195E+00
 0.269891619111555E+00
 0.269410803823411E+00
 0.268878709259646E+00
 0.268067400614818E+00
 0.266979764700379E+00
 0.265619731985554E+00
 0.263992252534288E+00
 0.262103268903773E+00
 0.259959688312744E+00
 0.257694763398817E+00
 0.255571954782588E+00
 0.253206290364751E+00
 0.250606408025748E+00
 0.247781796075245E+00
 0.244742750608224E+00
 0.241500328699900E+00
 0.238066298973144E+00
 0.234453090688885E+00
 0.230673741006009E+00
 0.226755488381953E+00
 0.222853452981850E+00
 0.219006823179928E+00
 0.216757199461750E+00
 0.216391668416697E+00
 0.215861748885894E+00
 0.214969092152276E+00
 0.213717316866020E+00
 0.212111204360827E+00
 0.210156677840206E+00
 0.208039882420441E+00
 0.206128453037882E+00
 0.203881592073816E+00
 0.201307281608416E+00
 0.198414532733595E+00
 0.195280491665674E+00
 0.192190730643076E+00
 0.189171032568971E+00
 0.186223979016953E+00
 0.183324514614257E+00
 0.180516236170922E+00
 0.177759692755177E+00
 0.175051521626392E+00
 0.172396243878129E+00
 0.169795926875016E+00
 0.167249803822482E+00
 0.164755326411496E+00
 0.162308088548170E+00
 0.159902271336572E+00
 0.157531103763021E+00
 0.155186841978270E+00
 0.152883060879932E+00
 0.150870740167441E+00
 0.151911110571030E+00
 0.152954909060302E+00
 0.154063403482691E+00
 0.155052589992986E+00
 0.155916122436808E+00
 0.156648464457313E+00
 0.157244918242106E+00
 0.157765996690697E+00
 0.158297484272236E+00
 0.158684415506613E+00
 0.158924370385733E+00
 0.159015856368338E+00
 0.159035925093834E+00
 0.159055031716216E+00
 0.158922791547625E+00
 0.158640140411109E+00
 0.158208963246790E+00
 0.157828688687494E+00
 0.157328434045074E+00
 0.156682473757648E+00
 0.155895081547860E+00
 0.155129720425206E+00
 0.154283533784179E+00
 0.153302514896238E+00
 0.152193181494848E+00
 0.151125811553187E+00
 0.149971011665047E+00
 0.148697731724736E+00
 0.147322109493172E+00
 0.146015393685160E+00
 0.144601571004580E+00
 0.143090230858454E+00
 0.141546060028484E+00
 0.140015917730127E+00
 0.138401733266399E+00
 0.136714629780412E+00
 0.135045145011140E+00
 0.133353244265848E+00
 0.131603342563647E+00
 0.131177538448088E+00
 0.130837137096704E+00
 0.130356040581238E+00
 0.129735100373323E+00
 0.128976073211985E+00
 0.128081615361340E+00
 0.127115332229894E+00
 0.126252976606260E+00
 0.125260671325346E+00
 0.124142752333524E+00
 0.123366807007174E+00
 0.125309261540949E+00
 0.127119267908507E+00
 0.128784075710456E+00
 0.130402317410157E+00
 0.131997807485578E+00
 0.133426549377790E+00
 0.134676740019824E+00
 0.135974139837341E+00
 0.137137177308566E+00
 0.138102683576119E+00
 0.141293264109776E+00
 0.144790466856789E+00
 0.148435510291157E+00
 0.152217708527558E+00
 0.156125621147348E+00
 0.160147087188693E+00
 0.164269264955485E+00
 0.168478680872932E+00
 0.172761285797880E+00
 0.177102514197872E+00
 0.181487342698293E+00
 0.185900348247070E+00
 0.190325768859926E+00
 0.194747569016790E+00
 0.199165794439348E+00
 0.203713955722679E+00
 0.208227120091513E+00
 0.212688283996743E+00
 0.217080435769836E+00
 0.221386625203303E+00
 0.225590027820140E+00
 0.229674008430799E+00
 0.233622189301377E+00
 0.237626517841644E+00
 0.241556744542074E+00
 0.245318243451523E+00
 0.248895331960323E+00
 0.252272866558283E+00
 0.255436314607037E+00
 0.258546957559882E+00
 0.261608240461955E+00
 0.264426648160879E+00
 0.266989348911452E+00
 0.269284364752016E+00
 0.271433665271835E+00
 0.273576514667600E+00
 0.275428654488819E+00
 0.276980469438343E+00
 0.278223398649903E+00
 0.279542662814948E+00
 0.280603033769371E+00
 0.281338643518660E+00
 0.281743793310729E+00
 0.282264443498589E+00
 0.282481685051765E+00
 0.282358580403272E+00
 0.282091584421522E+00
 0.281789941767371E+00
 0.281142136183380E+00
 0.280233339738363E+00
 0.279421445746286E+00
 0.278261409193285E+00
 0.276852801908611E+00
 0.275547019573137E+00
 0.273894654408315E+00
 0.272120613500836E+00
 0.270343594790197E+00
 0.268224762450879E+00
 0.266209459367394E+00
 0.263988820138976E+00
 0.261591865500606E+00
 0.259289846828358E+00
 0.256657006044801E+00
 0.254217734270288E+00
 0.251526901826348E+00
 0.248853342944409E+00
 0.246123570492105E+00
 0.243269055961660E+00
 0.242978922388061E+00
 0.243135803161214E+00
 0.243445010660250E+00
 0.243423967339808E+00
 0.243069854749851E+00
 0.242381070569523E+00
 0.241357241511028E+00
 0.239999232018356E+00
 0.238510146096848E+00
 0.237169731028080E+00
 0.235502361933032E+00
 0.233511354738436E+00
 0.231201238523694E+00
 0.228577744290805E+00
 0.225647787819570E+00
 0.222437097028506E+00
 0.219182382067675E+00
 0.215953472953090E+00
 0.212740710014944E+00
 0.209576453499563E+00
 0.206429570667838E+00
 0.203303297648461E+00
 0.200205672763912E+00
 0.197141247822659E+00
 0.194111305902661E+00
 0.191114766176483E+00
 0.188148113653503E+00
 0.185206338131990E+00
 0.182283201597089E+00
 0.179371341893938E+00
 0.176535657621015E+00
 0.173735276383797E+00
 0.170938455623585E+00
 0.168136463340541E+00
 0.165449335673193E+00
 0.164528062504294E+00
 0.167138996850207E+00
 0.169499589407435E+00
 0.171946761442616E+00
 0.174048400142187E+00
 0.176002893703427E+00
 0.177936595029492E+00
 0.179513603936000E+00
 0.181101841715646E+00
 0.182513096078463E+00
 0.183570226763015E+00
 0.184826441802279E+00
 0.185715691464782E+00
 0.186482134795252E+00
 0.187226586346863E+00
 0.187602462927868E+00
 0.188122726564770E+00
 0.188367693810389E+00
 0.188433274688821E+00
 0.188563157468640E+00
 0.188327037341370E+00
 0.188217817723736E+00
 0.187884280854702E+00
 0.191654089011737E+00
 0.196192039934425E+00
 0.200648929873424E+00
 0.204954394155183E+00
 0.209096574686062E+00
 0.213064447210645E+00
 0.216847860851925E+00
 0.220716561874578E+00
 0.224451108413982E+00
 0.227979153318994E+00
 0.231292951496093E+00
 0.234385772499412E+00
 0.237373980233989E+00
 0.240368825901454E+00
 0.243127586417786E+00
 0.245646289401783E+00
 0.247922043426517E+00
 0.250046546859495E+00
 0.252194457348237E+00
 0.254091804911954E+00
 0.255738586556417E+00
 0.257135879429038E+00
 0.258456306396190E+00
 0.259713894510206E+00
 0.260721734413281E+00
 0.261483712120734E+00
 0.262004735091523E+00
 0.262605797010827E+00
 0.262990417490464E+00
 0.263140476847065E+00
 0.263063424321262E+00
 0.262942957419071E+00
 0.262742030856221E+00
 0.262324548310500E+00
 0.261700196724983E+00
 0.260963050869337E+00
 0.260231946138144E+00
 0.259307863027220E+00
 0.258202364777699E+00
 0.256947001017850E+00
 0.255754453523554E+00
 0.254396834747619E+00
 0.252887175928383E+00
 0.251238982782336E+00
 0.249625631904644E+00
 0.247915329890085E+00
 0.246085003984179E+00
 0.244149042806229E+00
 0.242168640831919E+00
 0.240190357680091E+00
 0.238125452849529E+00
 0.235988760559114E+00
 0.233795185985290E+00
 0.231559634616816E+00
 0.229325786687277E+00
 0.227073336114553E+00
 0.224797532479210E+00
 0.222512988202211E+00
 0.220265246148715E+00
 0.218082146696791E+00
 0.216041158998073E+00
 0.214281899259620E+00
 0.212927997675606E+00
 0.211939408835851E+00
 0.211337744053045E+00
 0.210987173182326E+00
 0.210952420905571E+00
 0.211070264636616E+00
 0.211532374999846E+00
 0.212151981994004E+00
 0.212905539996194E+00
 0.213787023068056E+00
 0.214858252745638E+00
 0.216100321422088E+00
 0.217432824224329E+00
 0.218845953775622E+00
 0.220329323334204E+00
 0.221872020035577E+00
 0.223462658312832E+00
 0.225089432830622E+00
 0.226740173219491E+00
 0.228402404198710E+00
 0.230063412700300E+00
 0.231710319553275E+00
 0.233330150349112E+00
 0.234909900843794E+00
 0.236436596357583E+00
 0.237897349051781E+00
 0.239279418293870E+00
 0.240617934219333E+00
 0.241964391511721E+00
 0.243210256590095E+00
 0.244343292623496E+00
 0.245351653920456E+00
 0.246223948172606E+00
 0.246949295785024E+00
 0.247517386391244E+00
 0.248099041613336E+00
 0.248577222105410E+00
 0.248881005336983E+00
 0.249001674731050E+00
 0.248931276046076E+00
 0.248757123818313E+00
 0.248582170911324E+00
 0.248203785226091E+00
 0.247616065459701E+00
 0.246814024701200E+00
 0.246078963406941E+00
 0.245169540581663E+00
 0.244038895834864E+00
 0.242687194942017E+00
 0.241459618853943E+00
 0.240006737971521E+00
 0.238327355913592E+00
 0.236629246799134E+00
 0.234865609016882E+00
 0.232875452224422E+00
 0.230823092456584E+00
 0.228764373608384E+00
 0.226481525747970E+00
 0.224183905225095E+00
 0.221849142900940E+00
 0.219294810682795E+00
 0.216849878121462E+00
 0.214260668103041E+00
 0.211562594230341E+00
 0.208952728881057E+00
 0.206132509756480E+00
 0.204746551866666E+00
 0.204405581655754E+00
 0.203859672534196E+00
 0.203103350358621E+00
 0.202132014397722E+00
 0.201373383268791E+00
 0.200419287280338E+00
 0.199250177466914E+00
 0.197863327203295E+00
 0.196256941598618E+00
 0.194430172964736E+00
 0.192383131633436E+00
 0.190116891810240E+00
 0.187719414322943E+00
 0.185332495822389E+00
 0.182946768668871E+00
 0.180585890685992E+00
 0.178224798872084E+00
 0.175869254843331E+00
 0.173526059321654E+00
 0.171198927106617E+00
 0.168889002960351E+00
 0.166594863120675E+00
 0.164313312247249E+00
 0.162039375468838E+00
 0.159767043126775E+00
 0.157490947413510E+00
 0.155284291069267E+00
 0.153071717151629E+00
 0.150844944057315E+00
 0.148648799305968E+00
 0.151966943147166E+00
 0.155441148945761E+00
 0.158666592078642E+00
 0.161960735639444E+00
 0.165065578683045E+00
 0.167906058129097E+00
 0.170767740581470E+00
 0.173474990286596E+00
 0.175905767077027E+00
 0.178352798382556E+00
 0.180643722368751E+00
 0.182649596332222E+00
 0.184707893404398E+00
 0.186572803657448E+00
 0.188147573292436E+00
 0.189849111801351E+00
 0.191286774100803E+00
 0.192503718330045E+00
 0.193813195381340E+00
 0.194830004844369E+00
 0.195754569585313E+00
 0.196653459674151E+00
 0.197262408481269E+00
 0.197931248895027E+00
 0.198435249460869E+00
 0.198690391807097E+00
 0.199102096740869E+00
 0.199231368015934E+00
 0.199288126939969E+00
 0.199340256810524E+00
 0.199118296916453E+00
 0.199004255082032E+00
 0.198720923963801E+00
 0.198244481633584E+00
 0.199252885525328E+00
 0.200231660848529E+00
 0.201186882159434E+00
 0.202092656434508E+00
 0.202668219516132E+00
 0.203507281090967E+00
 0.204018815408671E+00
 0.204505519102178E+00
 0.204964250335653E+00
 0.205117417646792E+00
 0.205534599151934E+00
 0.205623977444819E+00
 0.205759859536440E+00
 0.205819237776421E+00
 0.205669854765467E+00
 0.205710747695147E+00
 0.205431269148709E+00
 0.205327902840622E+00
 0.205046378261435E+00
 0.204851613888893E+00
 0.204703230958696E+00
 0.204408848938887E+00
 0.203939299055187E+00
 0.203303745968129E+00
 0.202632578902159E+00
 0.201917484998863E+00
 0.201050827727901E+00
 0.200043769255520E+00
 0.198949360758016E+00
 0.197886142342473E+00
 0.196699553818996E+00
 0.195402270606705E+00
 0.194007470521983E+00
 0.192643578464001E+00
 0.191220960222681E+00
 0.189719712911280E+00
 0.188153840641926E+00
 0.186537588850389E+00
 0.184937636801112E+00
 0.183317695551712E+00
 0.181666250812793E+00
 0.179997672458832E+00
 0.178326314444222E+00
 0.176666442504541E+00
 0.175032163022285E+00
 0.173521866201078E+00
 0.172168799574109E+00
 0.171141670153932E+00
 0.170598978424654E+00
 0.170474224486295E+00
 0.170734583646940E+00
 0.171377127879158E+00
 0.172253640092594E+00
 0.173463837779327E+00
 0.174917846710110E+00
 0.176538945033326E+00
 0.178321809944618E+00
 0.180407449530526E+00
 0.182633702944305E+00
 0.184985348987693E+00
 0.187452406522386E+00
 0.190024113672070E+00
 0.192688976978683E+00
 0.195434826891411E+00
 0.198248882317235E+00
 0.201117823933687E+00
 0.204027871241533E+00
 0.206964856001032E+00
 0.209914287622943E+00
 0.212861413067735E+00
 0.215791279942867E+00
 0.218688811820717E+00
 0.221538898406183E+00
 0.224326494312853E+00
 0.227036715273192E+00
 0.229654923227381E+00
 0.232310391592782E+00
 0.234893816905456E+00
 0.237358204872688E+00
 0.239689760241469E+00
 0.241875219254770E+00
 0.243901902144260E+00
 0.245757772314209E+00
 0.247468136157477E+00
 0.249216725234302E+00
 0.250773391495296E+00
 0.252128039277873E+00
 0.253271457017605E+00
 0.254195372165310E+00
 0.254995804237849E+00
 0.255778419558908E+00
 0.256328613999999E+00
 0.256640726882151E+00
 0.256710180441342E+00
 0.256701969358059E+00
 0.256627418055068E+00
 0.256304859191705E+00
 0.255732688792408E+00
 0.255020589318284E+00
 0.254320316205285E+00
 0.253370950126066E+00
 0.252173841136221E+00
 0.250962828017984E+00
 0.249662092199199E+00
 0.248118930795990E+00
 0.246444180141672E+00
 0.244821710566704E+00
 0.242964425597638E+00
 0.240964728747312E+00
 0.239051107146275E+00
 0.236911984607238E+00
 0.234702876808607E+00
 0.232527957384569E+00
 0.230138175355871E+00
 0.227811297207327E+00
 0.225403448290306E+00
 0.222832472506383E+00
 0.220417975155786E+00
 0.217803837956125E+00
 0.215238567304597E+00
 0.212630970676967E+00
 0.209914455929924E+00
 0.207321925390862E+00
 0.204545481537592E+00
 0.201920537689288E+00
 0.199170420956541E+00
 0.196467706946275E+00
 0.193751082121028E+00
 0.191001592473044E+00
 0.188325251141152E+00
 0.185483994237640E+00
 0.182487678963433E+00
 0.179346825791688E+00
 0.176072606930289E+00
 0.172676839505895E+00
 0.169171963223464E+00
 0.165570985253864E+00
 0.161887386723672E+00
 0.158135000395242E+00
 0.154327880750728E+00
 0.150480190246622E+00
 0.146606118188624E+00
 0.144492649143336E+00
 0.143127944683024E+00
 0.141726450996886E+00
 0.140368348362961E+00
 0.138985788662199E+00
 0.137549809156283E+00
 0.137598758730729E+00
 0.140272697560602E+00
 0.142850986628951E+00
 0.145443194543094E+00
 0.147855980858698E+00
 0.150086956790146E+00
 0.152381018165352E+00
 0.154526405627607E+00
 0.156486154441940E+00
 0.158433264794901E+00
 0.160310020762111E+00
 0.161999378298637E+00
 0.163627646139924E+00
 0.165237954686307E+00
 0.166660948296840E+00
 0.167994232180272E+00
 0.169343220279621E+00
 0.170506710748356E+00
 0.171564789228985E+00
 0.172660378360061E+00
 0.173573810608874E+00
 0.174372982470923E+00
 0.175225449555175E+00
 0.175900381028741E+00
 0.176454263698026E+00
 0.177075886519706E+00
 0.177525804082376E+00
 0.177846483990754E+00
 0.178251581701752E+00
 0.178491936120127E+00
 0.178590735741025E+00
 0.178795379028542E+00
 0.178843091661122E+00
 0.178740553706263E+00
 0.178751905316653E+00
 0.178624502177822E+00
 0.178355636164823E+00
 0.178166024525406E+00
 0.177881205396413E+00
 0.177464066947827E+00
 0.177081989869729E+00
 0.176657480531871E+00
 0.176109973252074E+00
 0.175951893049393E+00
 0.176730131823259E+00
 0.177428370571962E+00
 0.178048266185945E+00
 0.178591726780961E+00
 0.179060911317854E+00
 0.179458227549018E+00
 0.179825756737913E+00
 0.180184905433002E+00
 0.180475581560692E+00
 0.180700764354662E+00
 0.180863599921364E+00
 0.180967354062226E+00
 0.181015351771530E+00
 0.181010916743697E+00
 0.180957326873190E+00
 0.180857795707799E+00
 0.180715477616792E+00
 0.180588611097965E+00
 0.180421275099302E+00
 0.180215997107634E+00
 0.179975886786472E+00
 0.179703953442545E+00
 0.179403113920871E+00
 0.179076195858259E+00
 0.178725936490460E+00
 0.178354979488145E+00
 0.177965870048907E+00
 0.177561045323978E+00
 0.177142817743667E+00
 0.176713353580799E+00
 0.176274654008992E+00
 0.175828546085274E+00
 0.175376685890473E+00
 0.174920569915289E+00
 0.174461548856745E+00
 0.174000841227489E+00
 0.173539548602664E+00
 0.173078675142902E+00
 0.172619150240092E+00
 0.172161848254948E+00
 0.171707597969540E+00
 0.171257178280076E+00
 0.170811303489442E+00
 0.170370607038073E+00
 0.169935633403561E+00
 0.169506843814564E+00
 0.169084634714336E+00
 0.168669362170771E+00
 0.168261363461685E+00
 0.167860969302206E+00
 0.167468504680669E+00
 0.167084280401506E+00
 0.166708579890539E+00
 0.166341646971021E+00
 0.165983680654465E+00
 0.165634841683377E+00
 0.165295271323081E+00
 0.164965116455424E+00
 0.164644550090105E+00
 0.164333777113541E+00
 0.164033021954038E+00
 0.163742503575408E+00
 0.163462408194047E+00
 0.163192869204220E+00
 0.162933959586116E+00
 0.162685698425894E+00
 0.162448071072700E+00
 0.162221059771661E+00
 0.162004676854289E+00
 0.161798987985420E+00
 0.161604113185794E+00
 0.161420200800184E+00
 0.161247381481469E+00
 0.161085719204581E+00
 0.160935178760631E+00
 0.160795622767030E+00
 0.160666838962635E+00
 0.160548585807395E+00
 0.160440636704877E+00
 0.160342804206690E+00
 0.160264667067520E+00
 0.160199031240856E+00
 0.160142478785595E+00
 0.160094588809431E+00
 0.160054875297976E+00
 0.160022808642205E+00
 0.159997849551752E+00
 0.159979484017125E+00
 0.159967243425414E+00
 0.159960698597911E+00
 0.159959428660884E+00
 0.159962978147290E+00
 0.159970821511567E+00
 0.159982351015541E+00
 0.159996894427595E+00
 0.160013757873030E+00
 0.160032280328431E+00
 0.160051881949619E+00
 0.160072089846125E+00
 0.160092532099538E+00
 0.160112901967124E+00
 0.160132905587798E+00
 0.160152213661506E+00
 0.160170437179696E+00
 0.160187138630797E+00
 0.160201875775601E+00
 0.160214260678588E+00
 0.160224009013084E+00
 0.160230958367470E+00
 0.160235048392400E+00
 0.160236273056735E+00
 0.160234626732579E+00
 0.160230065845958E+00
 0.160227794244279E+00
 0.160225136010619E+00
 0.160219288172018E+00
 0.160210217388006E+00
 0.160197868173973E+00
 0.160182181570745E+00
 0.160163123171408E+00
 0.160140712415090E+00
 0.160115042596878E+00
 0.160086281053637E+00
 0.160054644375597E+00
 0.160020354103111E+00
 0.159983589460271E+00
 0.159944458276719E+00
 0.159903000926872E+00
 0.159859226760219E+00
 0.159813166076226E+00
 0.159764912678788E+00
 0.159714637256563E+00
 0.159662567088262E+00
 0.159608943728674E+00
 0.159553978541711E+00
 0.159497823363855E+00
 0.159440564206533E+00
 0.159382236352616E+00
 0.159322853480832E+00
 0.159262441292548E+00
 0.159201065513442E+00
 0.159138844701424E+00
 0.159075941662484E+00
 0.159012534517093E+00
 0.158948777494307E+00
 0.158884767619005E+00
 0.158820532419499E+00
 0.158756045138069E+00
 0.158691261505540E+00
 0.158626162009286E+00
 0.158560780851691E+00
 0.158495208997595E+00
 0.158429570873431E+00
 0.158363986268223E+00
 0.158298534795743E+00
 0.158233237561495E+00
 0.158168061949566E+00
 0.158102945865197E+00
 0.158037831394497E+00
 0.157972695654804E+00
 0.157907567739336E+00
 0.157842524697169E+00
 0.157777666701702E+00
 0.157713080693137E+00
 0.157648808572509E+00
 0.157584835364623E+00
 0.157521103292977E+00
 0.157457544264868E+00
 0.157394114078974E+00
 0.157330812258970E+00
 0.157267680568179E+00
 0.157204784464589E+00
 0.157142188427348E+00
 0.157079935864662E+00
 0.157018039429374E+00
 0.156956482086017E+00
 0.156999865359668E+00
 0.157074209203458E+00
 0.157148431419899E+00
 0.157222507442362E+00
 0.157296380135699E+00
 0.157369977236008E+00
 0.157443233876029E+00
 0.157516112373163E+00
 0.157588612090439E+00
 0.157660765447963E+00
 0.157732621082789E+00
 0.157804219909991E+00
 0.157875572628964E+00
 0.157946647053556E+00
 0.158017370536574E+00
 0.158087647544235E+00
 0.158159556726938E+00
 0.158235598175104E+00
 0.158311250017444E+00
 0.158386419443030E+00
 0.158461027414658E+00
 0.158535028852151E+00
 0.158608419507193E+00
 0.158681226807536E+00
 0.158753488373374E+00
 0.158825226775010E+00
 0.158896430575233E+00
 0.158967049312296E+00
 0.159037004670176E+00
 0.159106213566483E+00
 0.159174613829012E+00
 0.159242181842617E+00
 0.159308934868558E+00
 0.159374917308700E+00
 0.159440176990102E+00
 0.159504741515743E+00
 0.159568604317556E+00
 0.159631725749938E+00
 0.159694048341826E+00
 0.159755519661077E+00
 0.159816113302997E+00
 0.159875839482215E+00
 0.159934741230949E+00
 0.159992878308402E+00
 0.160050305824503E+00
 0.160107056178765E+00
 0.160163130913195E+00
 0.160218504856253E+00
 0.160273140417302E+00
 0.160327006498438E+00
 0.160380094949172E+00
 0.160432428187371E+00
 0.160484054649305E+00
 0.160535033443086E+00
 0.160585414210343E+00
 0.160635220529357E+00
 0.160684443854667E+00
 0.160733050453221E+00
 0.160780998175771E+00
 0.160828255773407E+00
 0.160874816609387E+00
 0.160920701299745E+00
 0.160965948786012E+00
 0.161010600323403E+00
 0.161054683544295E+00
 0.161098202979691E+00
 0.161141139927223E+00
 0.161183460492818E+00
 0.161225128054475E+00
 0.161266115897816E+00
 0.161306416505743E+00
 0.161346044921495E+00
 0.161385034675941E+00
 0.161423426644735E+00
 0.161461254008826E+00
 0.161498529000614E+00
 0.161535237428162E+00
 0.161571344159096E+00
 0.161606807884621E+00
 0.161641599067860E+00
 0.161675713318929E+00
 0.161709174330414E+00
 0.161742025001440E+00
 0.161774310438011E+00
 0.161806059964611E+00
 0.161837275660224E+00
 0.161867932112749E+00
 0.161897987372727E+00
 0.161927400587235E+00
 0.161956149314159E+00
 0.161984239751603E+00
 0.162011705688096E+00
 0.162038596018019E+00
 0.162064955140500E+00
 0.162090804071675E+00
 0.162116130853353E+00
 0.162140895548096E+00
 0.162165048450959E+00
 0.162188553269798E+00
 0.162211404003271E+00
 0.162233627271975E+00
 0.162255269417631E+00
 0.162276375377828E+00
 0.162296969834187E+00
 0.162317048928068E+00
 0.162336584882227E+00
 0.162355539819926E+00
 0.162373881868737E+00
 0.162391597047375E+00
 0.162408693273906E+00
 0.162425196205592E+00
 0.162441139159960E+00
 0.162456550727369E+00
 0.162471444151322E+00
 0.162485812271828E+00
 0.162499630455369E+00
 0.162512867138193E+00
 0.162525498010744E+00
 0.162537517354575E+00
 0.162548940685732E+00
 0.162559797085629E+00
 0.162570115245665E+00
 0.162579910728568E+00
 0.162589180883983E+00
 0.162597909017684E+00
 0.162606074188155E+00
 0.162613660771230E+00
 0.162620663570756E+00
 0.162627087811133E+00
 0.162632945969623E+00
 0.162638253673101E+00
 0.162643025614786E+00
 0.162647271523505E+00
 0.162650992692306E+00
 0.162654180746337E+00
 0.162656820507310E+00
 0.162658896998066E+00
 0.162660403682615E+00
 0.162661347231341E+00
 0.162661745337208E+00
 0.162661618141047E+00
