 0.000000000000000E+00
 0.000000000000000E+00
 0.000000000000000E+00
 0.000000000000000E+00
 0.000000000000000E+00
 0.000000000000000E+00
 0.000000000000000E+00
 0.000000000000000E+00
 0.000000000000000E+00
 0.000000000000000E+00
 0.000000000000000E+00
 0.000000000000000E+00
 0.000000000000000E+00
 0.000000000000000E+00
 0.000000000000000E+00
 0.000000000000000E+00
 0.000000000000000E+00
 0.000000000000000E+00
 0.000000000000000E+00
 0.000000000000000E+00
 0.000000000000000E+00
 0.000000000000000E+00
 0.000000000000000E+00
 0.000000000000000E+00
 0.000000000000000E+00
 0.000000000000000E+00
 0.000000000000000E+00
 0.000000000000000E+00
 0.224022712414236E-32
 0.119950682261238E-30
 0.430196413240225E-29
 0.106997338251192E-27
 0.200076610536438E-26
 0.299717974218722E-25
 0.373955959988952E-24
 0.398839750567083E-23
 0.370802561807719E-22
 0.305334688618935E-21
 0.225678799105753E-20
 0.151402555714206E-19
 0.930536353400493E-19
 0.527990858412458E-18
 0.278337203046668E-17
 0.137043786554930E-16
 0.633009679093912E-16
 0.275329773590630E-15
 0.113133807732395E-14
 0.440413868031865E-14
 0.162839855966958E-13
 0.573181487077892E-13
 0.192475797020476E-12
 0.617829323856788E-12
 0.189919852465517E-11
 0.560060027016139E-11
 0.158697641078144E-10
 0.432759826295829E-10
 0.113735176566507E-09
 0.288475387697493E-09
 0.707048259266667E-09
 0.167665248867050E-08
 0.385111790230781E-08
 0.857722015626253E-08
 0.185421542658015E-07
 0.389438390981867E-07
 0.795367636138506E-07
 0.164365053549907E-06
 0.336982518053303E-06
 0.672967602853285E-06
 0.131004652828311E-05
 0.248761060443420E-05
 0.461062882025081E-05
 0.834606430593367E-05
 0.147636137504884E-04
 0.255342737331391E-04
 0.432006938542828E-04
 0.715315826886818E-04
 0.115967542336268E-03
 0.184156622183859E-03
 0.286563921475297E-03
 0.437120718326680E-03
 0.653855887490199E-03
 0.959428179098364E-03
 0.138145615788274E-02
 0.195252847990447E-02
 0.270977671061307E-02
 0.369391179867118E-02
 0.494766766301354E-02
 0.651366187725327E-02
 0.843177013953168E-02
 0.107362084646616E-01
 0.134526097455182E-01
 0.165954505283458E-01
 0.201662097026172E-01
 0.241526068642777E-01
 0.297105865420553E-01
 0.360718742308721E-01
 0.431772314212975E-01
 0.509836527426749E-01
 0.594276787864374E-01
 0.684307123126717E-01
 0.779060419951660E-01
 0.877666830834992E-01
 0.979329088525589E-01
 0.108338286993988E+00
 0.118933191282960E+00
 0.129685131020707E+00
 0.140575781559083E+00
 0.151595216598530E+00
 0.162734414388209E+00
 0.173977506745251E+00
 0.185295356961398E+00
 0.196641837569782E+00
 0.207953651076962E+00
 0.219153791806643E+00
 0.230157941937249E+00
 0.240882415296355E+00
 0.251251878842214E+00
 0.261205104186080E+00
 0.270697446296586E+00
 0.279699524012635E+00
 0.288192506578880E+00
 0.296161261385386E+00
 0.303587167407380E+00
 0.310442491598769E+00
 0.316687821412956E+00
 0.322273238286823E+00
 0.327142912054293E+00
 0.331241865942044E+00
 0.334523066753067E+00
 0.337219675232670E+00
 0.341337258814194E+00
 0.344610180848695E+00
 0.346998582456850E+00
 0.348478443795825E+00
 0.349041962311480E+00
 0.348694304985214E+00
 0.347447732405138E+00
 0.345314829325288E+00
 0.342302816666418E+00
 0.338410588811002E+00
 0.333634414478979E+00
 0.328581212179671E+00
 0.323689327483286E+00
 0.319017753515363E+00
 0.314411485989554E+00
 0.309938668816224E+00
 0.305659619754497E+00
 0.301475138321042E+00
 0.297407349999975E+00
 0.293535680631744E+00
 0.296853279895107E+00
 0.301012477226005E+00
 0.304796480255448E+00
 0.308192549450958E+00
 0.311189310494095E+00
 0.313776808147713E+00
 0.315946464408242E+00
 0.317690996065661E+00
 0.319004357217838E+00
 0.319881740815482E+00
 0.320319621840498E+00
 0.320315790854947E+00
 0.319869337736258E+00
 0.318980596241445E+00
 0.317651111955419E+00
 0.315883702118105E+00
 0.313682616970995E+00
 0.311053719842980E+00
 0.308004545128389E+00
 0.304544128511694E+00
 0.300682632878314E+00
 0.296430943576747E+00
 0.291800470508333E+00
 0.286803303609722E+00
 0.281452653868163E+00
 0.275763302487572E+00
 0.269751726310015E+00
 0.263435734026292E+00
 0.256833754100934E+00
 0.249964168005726E+00
 0.246214897307562E+00
 0.253670373142795E+00
 0.260328376273253E+00
 0.266175975409456E+00
 0.271201954124795E+00
 0.276647334446695E+00
 0.282592702691548E+00
 0.287691558718496E+00
 0.291935981424760E+00
 0.295315431283629E+00
 0.297820015202625E+00
 0.299445912981474E+00
 0.300200555947951E+00
 0.300104606608713E+00
 0.299189001065216E+00
 0.297531826448667E+00
 0.295672062087395E+00
 0.293852306549595E+00
 0.291986442435980E+00
 0.290221226818254E+00
 0.288328366621162E+00
 0.286486786990772E+00
 0.284713786243888E+00
 0.282796115165674E+00
 0.280862617335996E+00
 0.279037147346041E+00
 0.277291164635763E+00
 0.275477050716368E+00
 0.273535189792533E+00
 0.271733304809889E+00
 0.269995380055716E+00
 0.268183794910937E+00
 0.266405031756590E+00
 0.264681830932060E+00
 0.262908364720729E+00
 0.261244114976823E+00
 0.259494688836305E+00
 0.257811046540582E+00
 0.256085780443986E+00
 0.254430768545740E+00
 0.252852677089575E+00
 0.251113570131816E+00
 0.249626995699063E+00
 0.247857404598644E+00
 0.246411992187498E+00
 0.244687974975414E+00
 0.243249975123536E+00
 0.241570511161631E+00
 0.240162421003752E+00
 0.238509809418107E+00
 0.237136413980824E+00
 0.235508309924274E+00
 0.234133481857659E+00
 0.232535056646536E+00
 0.231193014287504E+00
 0.229605721803046E+00
 0.228246111822992E+00
 0.226696914251969E+00
 0.225369537057017E+00
 0.223843310960594E+00
 0.222485042164161E+00
 0.221027782452444E+00
 0.219683108527474E+00
 0.218269457560278E+00
 0.216348846410069E+00
 0.213917093595199E+00
 0.210989968908188E+00
 0.207640076969913E+00
 0.203833822777409E+00
 0.199900737033489E+00
 0.196129841546988E+00
 0.192443768950399E+00
 0.188828815895673E+00
 0.185365538995830E+00
 0.181905496251746E+00
 0.178605846176822E+00
 0.175395756537171E+00
 0.172144400052378E+00
 0.169055378556483E+00
 0.166016516008460E+00
 0.163090765442689E+00
 0.160176070256398E+00
 0.157365313029335E+00
 0.154652574248730E+00
 0.151968379453331E+00
 0.149310871693068E+00
 0.146746066534714E+00
 0.144297794448643E+00
 0.141888846995309E+00
 0.139509676009022E+00
 0.137188531678939E+00
 0.135008529605284E+00
 0.132786557129076E+00
 0.130638117189116E+00
 0.128568924962694E+00
 0.126383634493688E+00
 0.123895814241153E+00
 0.121115437618997E+00
 0.118080705368678E+00
 0.114835094796231E+00
 0.111406986307968E+00
 0.107805734311856E+00
 0.104032408558867E+00
 0.100092871892135E+00
 0.960026056409086E-01
 0.917823615363969E-01
 0.987850069068734E-01
 0.107539766667199E+00
 0.116492989403382E+00
 0.125606379182995E+00
 0.134841715562430E+00
 0.144162427713320E+00
 0.153533437915625E+00
 0.162919316979619E+00
 0.172281950276507E+00
 0.181579235860673E+00
 0.190765645254721E+00
 0.199794304451237E+00
 0.208619385638558E+00
 0.217197548624172E+00
 0.225487892526913E+00
 0.233450853517398E+00
 0.241047055045421E+00
 0.248236919201161E+00
 0.254981088511593E+00
 0.261241040066993E+00
 0.266979277231382E+00
 0.272159132746089E+00
 0.276744853747569E+00
 0.280702565601311E+00
 0.284001889774604E+00
 0.286631774438318E+00
 0.290638757094302E+00
 0.293956247811093E+00
 0.296557096138953E+00
 0.298420216758931E+00
 0.299528154830955E+00
 0.299864272119411E+00
 0.299411328727288E+00
 0.298152151523854E+00
 0.296071713965473E+00
 0.293159250730659E+00
 0.289459284000914E+00
 0.285655401849538E+00
 0.281929786647960E+00
 0.278303180227808E+00
 0.274724956072364E+00
 0.271235838181326E+00
 0.267850056882979E+00
 0.264570867136538E+00
 0.261391972797952E+00
 0.258284769445537E+00
 0.255264357209898E+00
 0.252230556305150E+00
 0.249253932681171E+00
 0.246451505748473E+00
 0.243704607160747E+00
 0.240997889458771E+00
 0.238336540630065E+00
 0.235722053332119E+00
 0.233230753292839E+00
 0.230738554511502E+00
 0.228318536998562E+00
 0.225955383782391E+00
 0.223658974148145E+00
 0.221368495567636E+00
 0.219218322083805E+00
 0.217028471061858E+00
 0.214957536413729E+00
 0.212842986176846E+00
 0.210883486864375E+00
 0.208891636363260E+00
 0.206966642519024E+00
 0.205069621152234E+00
 0.203208574750889E+00
 0.201396165634675E+00
 0.199597680257924E+00
 0.201504783694763E+00
 0.211906086984176E+00
 0.221541317475518E+00
 0.230371700816788E+00
 0.238363618624744E+00
 0.245489065342950E+00
 0.251724504371099E+00
 0.257049148396301E+00
 0.261443910702703E+00
 0.264981583572244E+00
 0.270407332035886E+00
 0.274861462654365E+00
 0.278327030448772E+00
 0.280790452570991E+00
 0.282241802492658E+00
 0.282674700283588E+00
 0.282086175172398E+00
 0.280476938194203E+00
 0.278208989361321E+00
 0.275939457914569E+00
 0.273690743472174E+00
 0.271403591775101E+00
 0.269158208164105E+00
 0.266953984847712E+00
 0.264713474073433E+00
 0.262565972019753E+00
 0.260486601875065E+00
 0.258414092226931E+00
 0.256275843347212E+00
 0.254056931090053E+00
 0.252090981586055E+00
 0.250138520045959E+00
 0.248037820927522E+00
 0.246062279234328E+00
 0.244198668990448E+00
 0.242221884778027E+00
 0.240378031628927E+00
 0.238467323999191E+00
 0.236608814776444E+00
 0.234879686840778E+00
 0.232999862418769E+00
 0.231344885433143E+00
 0.229415887391405E+00
 0.227882818226128E+00
 0.226061115497708E+00
 0.224488500113538E+00
 0.222772293402886E+00
 0.221212088365470E+00
 0.219612850259578E+00
 0.217988762667328E+00
 0.216401985818039E+00
 0.214857800199752E+00
 0.213290727664766E+00
 0.211816203589775E+00
 0.220509922299339E+00
 0.229695010770782E+00
 0.238104888414182E+00
 0.245717028953102E+00
 0.252512232363529E+00
 0.258474912255259E+00
 0.263593072111517E+00
 0.267857803714982E+00
 0.271262699484377E+00
 0.273803797105384E+00
 0.277538640965320E+00
 0.280980912658292E+00
 0.283523932911893E+00
 0.285166706265204E+00
 0.285912480557567E+00
 0.285769843660738E+00
 0.284752706000924E+00
 0.282879158138767E+00
 0.280169944376285E+00
 0.276693942593343E+00
 0.273120803749017E+00
 0.269628896799367E+00
 0.266241302345168E+00
 0.262898758939192E+00
 0.259646996886058E+00
 0.256520835973598E+00
 0.253501521042849E+00
 0.250537448190410E+00
 0.247688462748106E+00
 0.244911858350973E+00
 0.242138836121176E+00
 0.239352229082424E+00
 0.236863461523102E+00
 0.234386830204555E+00
 0.231803742790716E+00
 0.229466048429082E+00
 0.227160289104645E+00
 0.224751968385927E+00
 0.222627049367128E+00
 0.220390903087077E+00
 0.218216321002261E+00
 0.216205074629401E+00
 0.214029220853116E+00
 0.212148012393426E+00
 0.209969189984541E+00
 0.208242120184620E+00
 0.206195029573454E+00
 0.204458960173975E+00
 0.202556287576542E+00
 0.200791263528837E+00
 0.198931415995077E+00
 0.197240038286496E+00
 0.195441143085743E+00
 0.193812600969662E+00
 0.192036014373463E+00
 0.190484703362815E+00
 0.188754741005856E+00
 0.187254353623844E+00
 0.185535548537652E+00
 0.184118511539196E+00
 0.182442528782409E+00
 0.181078047914399E+00
 0.179392970115753E+00
 0.178107788076560E+00
 0.176466520040798E+00
 0.175237258875881E+00
 0.173444943011558E+00
 0.171107437970848E+00
 0.168244682264065E+00
 0.164876901370749E+00
 0.161027027820120E+00
 0.157063157857059E+00
 0.153246345478749E+00
 0.149547979162026E+00
 0.145977870742276E+00
 0.142534571819645E+00
 0.139204046726721E+00
 0.135962809683238E+00
 0.132822591891476E+00
 0.129794651152205E+00
 0.126878762800726E+00
 0.124047695766849E+00
 0.121331000929094E+00
 0.118723940632543E+00
 0.116210517460971E+00
 0.113772382418845E+00
 0.111399340772700E+00
 0.109080471580371E+00
 0.106841642523257E+00
 0.107947078160758E+00
 0.109174937509038E+00
 0.110515661112177E+00
 0.111958884415214E+00
 0.114584069346838E+00
 0.117085459190211E+00
 0.119027683980257E+00
 0.120392133602344E+00
 0.121163956209886E+00
 0.122101566554649E+00
 0.123915326334368E+00
 0.125726454899606E+00
 0.127520167257320E+00
 0.129281463744381E+00
 0.130995175565666E+00
 0.132646066357080E+00
 0.134218960001326E+00
 0.135698848096379E+00
 0.137070953805029E+00
 0.138320769655991E+00
 0.139434108585210E+00
 0.140397191965889E+00
 0.141196760572901E+00
 0.141820168010834E+00
 0.142255424276131E+00
 0.142491193818465E+00
 0.142516788367031E+00
 0.142322201097460E+00
 0.141898199658450E+00
 0.141236452576923E+00
 0.140329638596487E+00
 0.139171499506937E+00
 0.137756834222070E+00
 0.136081466058371E+00
 0.134142221649288E+00
 0.131936938314525E+00
 0.129464489529191E+00
 0.126724809407025E+00
 0.123718910410068E+00
 0.120448905117499E+00
 0.116918041572769E+00
 0.126254747050269E+00
 0.136213680934205E+00
 0.145845408316840E+00
 0.155109708620331E+00
 0.163967508054350E+00
 0.172380964835982E+00
 0.180313789716358E+00
 0.187731880508311E+00
 0.194604016704011E+00
 0.200902189758996E+00
 0.206601317542585E+00
 0.211678504552972E+00
 0.216112358074570E+00
 0.219882882375960E+00
 0.222972113626481E+00
 0.227064167641999E+00
 0.230867580839735E+00
 0.233962093514857E+00
 0.236332222364189E+00
 0.237965938647400E+00
 0.238855191860192E+00
 0.238995892365381E+00
 0.238387583842529E+00
 0.237033086591886E+00
 0.234999588518720E+00
 0.232869717269840E+00
 0.230724855640941E+00
 0.228640985297925E+00
 0.226535482738910E+00
 0.224449045123611E+00
 0.222398417956026E+00
 0.220372710390265E+00
 0.218378736177218E+00
 0.216384752345032E+00
 0.214427683927017E+00
 0.212523107611718E+00
 0.210640807666551E+00
 0.208764337048152E+00
 0.206913049649670E+00
 0.205091731873954E+00
 0.203324255798814E+00
 0.201569898746365E+00
 0.199866225793557E+00
 0.198129849751040E+00
 0.196510310294744E+00
 0.194912673366762E+00
 0.193266046255533E+00
 0.191753786886686E+00
 0.190102614080086E+00
 0.188674893958101E+00
 0.187137361075523E+00
 0.185692715897508E+00
 0.184263861115738E+00
 0.182803684105078E+00
 0.181463548712719E+00
 0.180000402027487E+00
 0.178690920908739E+00
 0.177278248059388E+00
 0.175988798249554E+00
 0.174628050397955E+00
 0.173355611537930E+00
 0.172041869130035E+00
 0.170785922832952E+00
 0.169527961430158E+00
 0.168270173677231E+00
 0.167054949171077E+00
 0.165817708054673E+00
 0.164653949709938E+00
 0.163401172543202E+00
 0.162288664017681E+00
 0.161056162601225E+00
 0.159979782825537E+00
 0.158421330274300E+00
 0.158775908394912E+00
 0.159006682526231E+00
 0.158700725118765E+00
 0.157878839882905E+00
 0.156580859657868E+00
 0.155158014801269E+00
 0.153748306097488E+00
 0.152371617074084E+00
 0.151006864893457E+00
 0.149646616241900E+00
 0.148328930777286E+00
 0.147021806146509E+00
 0.145746428657245E+00
 0.144497870775921E+00
 0.143254796451993E+00
 0.142022208019425E+00
 0.140805184855278E+00
 0.139624116884502E+00
 0.138451514219531E+00
 0.137299615045494E+00
 0.136160015872325E+00
 0.135053731288188E+00
 0.134045324148058E+00
 0.132950421983923E+00
 0.131957675043351E+00
 0.130935386289525E+00
 0.129936321814863E+00
 0.129027520179257E+00
 0.127991904847242E+00
 0.127154907752307E+00
 0.126092383377779E+00
 0.125316839265596E+00
 0.124287045397674E+00
 0.123521008882677E+00
 0.122577420108856E+00
 0.121792364056204E+00
 0.120810004882117E+00
 0.120069792635814E+00
 0.119095069207443E+00
 0.118395156710283E+00
 0.117402097965882E+00
 0.116743365223552E+00
 0.115778548958227E+00
 0.115126612858081E+00
 0.114189036704948E+00
 0.114164390527614E+00
 0.122134260214603E+00
 0.130500395558247E+00
 0.139230218649186E+00
 0.148288987626321E+00
 0.157640454119639E+00
 0.167247040917520E+00
 0.177069598519832E+00
 0.187067067102257E+00
 0.197196351715046E+00
 0.207412478570561E+00
 0.217668886523270E+00
 0.227917703492990E+00
 0.238110014758460E+00
 0.248196240748655E+00
 0.258126663303196E+00
 0.267851942270640E+00
 0.277323361616549E+00
 0.286492676331330E+00
 0.295311720782602E+00
 0.303732150316214E+00
 0.311705634139558E+00
 0.319184525137582E+00
 0.326122720104555E+00
 0.332476321429356E+00
 0.338203875122823E+00
 0.343266241846042E+00
 0.347626341660937E+00
 0.351248996773957E+00
 0.354100954247654E+00
 0.357561246897258E+00
 0.361161961124812E+00
 0.363959198512569E+00
 0.365922196332325E+00
 0.367022272144883E+00
 0.367232836271671E+00
 0.366529860584937E+00
 0.364892671823560E+00
 0.362304717684687E+00
 0.358753950637971E+00
 0.354232682402265E+00
 0.348809924162756E+00
 0.343354853999876E+00
 0.338077878708915E+00
 0.332909404374251E+00
 0.327962675954730E+00
 0.323172223904821E+00
 0.325124066204940E+00
 0.330557008168087E+00
 0.335634933569324E+00
 0.340338476421354E+00
 0.344649063943568E+00
 0.348549019119329E+00
 0.352021663687025E+00
 0.355051413818493E+00
 0.357623864864743E+00
 0.359725861507866E+00
 0.361345547617464E+00
 0.362472391863320E+00
 0.363097193713969E+00
 0.363212085727611E+00
 0.362810552997802E+00
 0.361887482875972E+00
 0.360439240213269E+00
 0.358463746050334E+00
 0.355960532162411E+00
 0.352930753597622E+00
 0.349377159772848E+00
 0.345304040571302E+00
 0.340717169473690E+00
 0.335623761179920E+00
 0.330032452088722E+00
 0.323953303528641E+00
 0.317397820630636E+00
 0.310378972585366E+00
 0.302911193536151E+00
 0.295010342804078E+00
 0.299819082412420E+00
 0.314203880633118E+00
 0.327759515200462E+00
 0.340447670259421E+00
 0.352232191722837E+00
 0.363079385790286E+00
 0.372958739826167E+00
 0.381843710762960E+00
 0.389712159605930E+00
 0.396546244080613E+00
 0.403126478681518E+00
 0.411128062428359E+00
 0.418048173884116E+00
 0.423871817622756E+00
 0.428588168371358E+00
 0.432190395254983E+00
 0.434675437643210E+00
 0.436043714633060E+00
 0.436298868184182E+00
 0.435447734710216E+00
 0.433500665721138E+00
 0.430472083032064E+00
 0.426956887899398E+00
 0.423470423088283E+00
 0.419938157686889E+00
 0.416549140903848E+00
 0.413156878592727E+00
 0.409785880714246E+00
 0.406437328930213E+00
 0.403106006435442E+00
 0.399773538359287E+00
 0.396559615831577E+00
 0.393439301596435E+00
 0.390314795866188E+00
 0.387109030032656E+00
 0.384048483708831E+00
 0.381132520106810E+00
 0.378088296359981E+00
 0.375126509083999E+00
 0.372324110826969E+00
 0.369383243825980E+00
 0.366645215213899E+00
 0.363795237024019E+00
 0.361055064421529E+00
 0.358438766772354E+00
 0.355673950980881E+00
 0.353161600974000E+00
 0.350360426317470E+00
 0.347989896338192E+00
 0.345251910068840E+00
 0.342940492935422E+00
 0.340329877927049E+00
 0.338004334390880E+00
 0.335416022925280E+00
 0.333172897954774E+00
 0.330638275407655E+00
 0.328461009382155E+00
 0.325937660806379E+00
 0.323850767874895E+00
 0.321368749309056E+00
 0.319342559119230E+00
 0.316868625018347E+00
 0.314931037242834E+00
 0.312498937352533E+00
 0.310622665284598E+00
 0.308191643979182E+00
 0.306402762475949E+00
 0.304005649532764E+00
 0.302282658916191E+00
 0.299842105642924E+00
 0.296699365856793E+00
 0.292872473928819E+00
 0.288379505956520E+00
 0.283238284568411E+00
 0.277468020157851E+00
 0.271479046602065E+00
 0.265645472518186E+00
 0.259982945028728E+00
 0.254506353082760E+00
 0.249156737835437E+00
 0.243992339869256E+00
 0.238943570426161E+00
 0.234026277282737E+00
 0.229247577337936E+00
 0.224626929696763E+00
 0.220135658263464E+00
 0.215785749527809E+00
 0.211581255294986E+00
 0.207496893263616E+00
 0.203520627949992E+00
 0.199641487185866E+00
 0.195842494548636E+00
 0.192103535363341E+00
 0.188559313452571E+00
 0.185119059489907E+00
 0.181715944166794E+00
 0.178326130982091E+00
 0.175174847059023E+00
 0.172057570065998E+00
 0.168921219988866E+00
 0.165951904499807E+00
 0.162614268567886E+00
 0.158921591202050E+00
 0.154888531928986E+00
 0.150529943483871E+00
 0.145860954046559E+00
 0.140897968586722E+00
 0.135659079775427E+00
 0.132129906366121E+00
 0.131363610315972E+00
 0.130333117761981E+00
 0.129544463510224E+00
 0.128570676047803E+00
 0.127779277113663E+00
 0.126837996989958E+00
 0.126014242581957E+00
 0.125133251888283E+00
 0.124298688013664E+00
 0.123454082757403E+00
 0.122587757860636E+00
 0.121784419470416E+00
 0.122435326677291E+00
 0.128490867146141E+00
 0.134693982094232E+00
 0.141010044277921E+00
 0.147403782652502E+00
 0.153839496620443E+00
 0.160281005808707E+00
 0.166691403873785E+00
 0.173032869376895E+00
 0.179266796028832E+00
 0.185354305912197E+00
 0.191256947831639E+00
 0.196937261794665E+00
 0.202358998871572E+00
 0.207487027726917E+00
 0.212287143821139E+00
 0.216726001023662E+00
 0.220771243064547E+00
 0.224391765112823E+00
 0.227557996905085E+00
 0.230242162937052E+00
 0.232418545350614E+00
 0.234868208699511E+00
 0.237558954464434E+00
 0.239721408095915E+00
 0.241330718809307E+00
 0.242364592911452E+00
 0.242803821430706E+00
 0.242632432421854E+00
 0.241837426559026E+00
 0.240408327101402E+00
 0.238336878411750E+00
 0.235617093565540E+00
 0.232301942468657E+00
 0.228952078343958E+00
 0.225684918820346E+00
 0.222481549493066E+00
 0.219360389258517E+00
 0.216355484541992E+00
 0.213427688019458E+00
 0.210578916155829E+00
 0.207796876815056E+00
 0.205083544803089E+00
 0.202474578612927E+00
 0.199940752297930E+00
 0.199218470101734E+00
 0.201525977530354E+00
 0.203547364780949E+00
 0.205275653423970E+00
 0.206704920512411E+00
 0.207830221393393E+00
 0.208647526050593E+00
 0.209153709546385E+00
 0.209346610374332E+00
 0.209225139005656E+00
 0.208789396330065E+00
 0.208040756823280E+00
 0.206981884936280E+00
 0.205616678937192E+00
 0.203950163830290E+00
 0.201988373739228E+00
 0.199738267406790E+00
 0.197207706632064E+00
 0.194405500711041E+00
 0.191341489577411E+00
 0.188026616687718E+00
 0.184472940919494E+00
 0.180693559068025E+00
 0.176702449631877E+00
 0.172514286413980E+00
 0.168144286413826E+00
 0.163608139655745E+00
 0.162563579772133E+00
 0.166416526117266E+00
 0.169543872458998E+00
 0.173046349404666E+00
 0.176987000445953E+00
 0.180170116657220E+00
 0.182585156190442E+00
 0.184225046145895E+00
 0.185085832631057E+00
 0.185166413428575E+00
 0.184518645973005E+00
 0.183677748386860E+00
 0.182803905006412E+00
 0.181899002025220E+00
 0.180991430635272E+00
 0.180044591426260E+00
 0.179066317891822E+00
 0.178053950502129E+00
 0.176991698588324E+00
 0.175980058382939E+00
 0.175022945362446E+00
 0.174002487188086E+00
 0.172870169304304E+00
 0.171863672846524E+00
 0.170891829666001E+00
 0.169825392649163E+00
 0.168754219670493E+00
 0.167781780941905E+00
 0.166740182391868E+00
 0.165736182252083E+00
 0.164664667721044E+00
 0.163684802451957E+00
 0.162717821609873E+00
 0.161711235109721E+00
 0.160779958095669E+00
 0.159718498845061E+00
 0.158850993847615E+00
 0.157784559862193E+00
 0.156946210779907E+00
 0.155879588271756E+00
 0.155072235436282E+00
 0.154030369837925E+00
 0.153229934027257E+00
 0.152143709158023E+00
 0.151408252283885E+00
 0.150328832681585E+00
 0.149610326021033E+00
 0.148530485559631E+00
 0.150945994229551E+00
 0.154287728124620E+00
 0.156932142666910E+00
 0.158868785411266E+00
 0.160090602332086E+00
 0.160822250641525E+00
 0.162791990700929E+00
 0.164017438205557E+00
 0.164494436460493E+00
 0.164222551450661E+00
 0.163205371231589E+00
 0.161450456675155E+00
 0.159035349839886E+00
 0.156572672590014E+00
 0.154167208573871E+00
 0.151834892257714E+00
 0.149533908564404E+00
 0.147294090336147E+00
 0.145133645997394E+00
 0.143087622107494E+00
 0.141079975736438E+00
 0.139119225774559E+00
 0.137193560060996E+00
 0.135318660061778E+00
 0.133519225814445E+00
 0.131778299152553E+00
 0.130075506456460E+00
 0.128398622662439E+00
 0.126716045869875E+00
 0.125135432182843E+00
 0.123638859920695E+00
 0.122163872994971E+00
 0.120675573666475E+00
 0.119192239550507E+00
 0.117834785087983E+00
 0.116510693662070E+00
 0.115114876370276E+00
 0.113831114887004E+00
 0.112613590056406E+00
 0.111306876761836E+00
 0.110144864963084E+00
 0.108943893855838E+00
 0.107716002742082E+00
 0.109187227084702E+00
 0.113400609470795E+00
 0.116946850260382E+00
 0.119806237307619E+00
 0.121962851029370E+00
 0.123653399787310E+00
 0.126526912856866E+00
 0.128668753980695E+00
 0.130066556980527E+00
 0.130712595022334E+00
 0.130603479419943E+00
 0.129763303227056E+00
 0.128679821942395E+00
 0.128114548892151E+00
 0.130523855195346E+00
 0.135938482571916E+00
 0.141242084208781E+00
 0.146396976898103E+00
 0.151364753952613E+00
 0.156106572913563E+00
 0.160583416728499E+00
 0.164756340866619E+00
 0.168586727187308E+00
 0.172036564695489E+00
 0.175068767709061E+00
 0.177647526918477E+00
 0.179738674295098E+00
 0.181310035019347E+00
 0.182331742232000E+00
 0.182776502591609E+00
 0.182619816967054E+00
 0.181840173598375E+00
 0.180419234751478E+00
 0.178342030850963E+00
 0.175597162091548E+00
 0.172176993540494E+00
 0.168077822224342E+00
 0.163299996539248E+00
 0.157847977871886E+00
 0.151730346748723E+00
 0.144959765839155E+00
 0.145361828160990E+00
 0.152602196967659E+00
 0.159263748805916E+00
 0.165313249416556E+00
 0.170720653629158E+00
 0.175459403208269E+00
 0.179506489699545E+00
 0.182842257368344E+00
 0.185450106503331E+00
 0.187316349361641E+00
 0.188430384748063E+00
 0.188785142999875E+00
 0.189525262886550E+00
 0.190520859065584E+00
 0.190742784059666E+00
 0.190189021660587E+00
 0.188861586631875E+00
 0.186766761865598E+00
 0.183915010773907E+00
 0.180870350015157E+00
 0.178761234822612E+00
 0.175920667486892E+00
 0.173542935949959E+00
 0.171424272186964E+00
 0.168598483303755E+00
 0.166796238772522E+00
 0.164671190509267E+00
 0.161893314158105E+00
 0.168054002269621E+00
 0.175412485013175E+00
 0.182100774626840E+00
 0.188096947549105E+00
 0.193383038812031E+00
 0.197945098314199E+00
 0.201773228068151E+00
 0.204861602461599E+00
 0.207208469834672E+00
 0.208816131085584E+00
 0.209690889358321E+00
 0.209842964470620E+00
 0.209286367821480E+00
 0.208038738810666E+00
 0.206121150838515E+00
 0.203557899992342E+00
 0.200376288839941E+00
 0.196606410691702E+00
 0.192280929897234E+00
 0.187434847121287E+00
 0.182105239297596E+00
 0.176330971604801E+00
 0.170152388532804E+00
 0.163610997187150E+00
 0.156749155623837E+00
 0.149609773762417E+00
 0.148203196960861E+00
 0.151466262689712E+00
 0.154077640866955E+00
 0.156035608246631E+00
 0.157341652218363E+00
 0.158000280312831E+00
 0.158018840565318E+00
 0.157407425578775E+00
 0.157035323359684E+00
 0.156910869544919E+00
 0.156165565340351E+00
 0.154813334068912E+00
 0.152958834858355E+00
 0.152138044466206E+00
 0.150731157290925E+00
 0.149136867224799E+00
 0.148253355990859E+00
 0.146803124851335E+00
 0.145445140416427E+00
 0.144510712103870E+00
 0.143034548095839E+00
 0.141467643695327E+00
 0.140014092976802E+00
 0.138652514896072E+00
 0.137305486811045E+00
 0.135991514314944E+00
 0.134696377661375E+00
 0.133419232146821E+00
 0.132127943815782E+00
 0.130806186639434E+00
 0.129435918248560E+00
 0.128018761107544E+00
 0.126727470934276E+00
 0.125374671506911E+00
 0.123949059121514E+00
 0.122642249797886E+00
 0.121374962950038E+00
 0.120027717951621E+00
 0.118799704906692E+00
 0.117656166555583E+00
 0.116432513950347E+00
 0.115381843537127E+00
 0.114371219645959E+00
 0.113238884057528E+00
 0.112444832446532E+00
 0.111506042395966E+00
 0.110662334856620E+00
 0.109881046322785E+00
 0.108998232887806E+00
 0.108346370037145E+00
 0.107432272712711E+00
 0.106886739002983E+00
 0.106018493178909E+00
 0.105469413334894E+00
 0.104633418431427E+00
 0.104077475877100E+00
 0.103254952149514E+00
 0.102712200098013E+00
 0.101883674056237E+00
 0.101362792443164E+00
 0.100468621451780E+00
 0.992106045078912E-01
 0.975993861061286E-01
 0.956466469289592E-01
 0.933655100545673E-01
 0.907708319178631E-01
 0.878845126324675E-01
 0.851453039572215E-01
 0.827428416708166E-01
 0.805939454294560E-01
 0.786283515764534E-01
 0.768422465406815E-01
 0.751757105955632E-01
 0.736042567275597E-01
 0.721189927513807E-01
 0.707104448127590E-01
 0.693663553743172E-01
 0.682662723293058E-01
 0.677236722672513E-01
 0.671521177304437E-01
 0.666218683172088E-01
 0.660946412455561E-01
 0.655632062030009E-01
 0.650583586290404E-01
 0.645691624985411E-01
 0.641093223550822E-01
 0.636280848689645E-01
 0.632148459199264E-01
 0.627194200687338E-01
 0.623365351464303E-01
 0.618487943711544E-01
 0.614690475634154E-01
 0.609921979835197E-01
 0.606153851216173E-01
 0.601477786499303E-01
 0.597597598255631E-01
 0.593100759818523E-01
 0.589183065994033E-01
 0.584781513643074E-01
 0.580688786495098E-01
 0.576460644985657E-01
 0.572374629216970E-01
 0.568235604292002E-01
 0.563970049527822E-01
 0.560000218782682E-01
 0.555741989185831E-01
 0.551889671293621E-01
 0.547452036706787E-01
 0.543783760660038E-01
 0.539346333069604E-01
 0.535816510605325E-01
 0.530472048827400E-01
 0.523410894988863E-01
 0.514742544029052E-01
 0.504584500293129E-01
 0.493727012586364E-01
 0.483920685668774E-01
 0.474951678341329E-01
 0.466659771525455E-01
 0.458733191289390E-01
 0.451251993334194E-01
 0.444091931962439E-01
 0.437147866570677E-01
 0.430430733893184E-01
 0.423925631517299E-01
 0.417609529106178E-01
 0.411475482370248E-01
 0.405508043942004E-01
 0.399673052479411E-01
 0.393968823063086E-01
 0.388563453624781E-01
 0.383386497778151E-01
 0.378272983742510E-01
 0.373184374452470E-01
 0.368084105892241E-01
 0.363408436555445E-01
 0.358779139700000E-01
 0.354040701321371E-01
 0.349365756234964E-01
 0.345051849642143E-01
 0.340514280070964E-01
 0.335927758345035E-01
 0.330289715834693E-01
 0.323669015612895E-01
 0.316139662973348E-01
 0.307773703821568E-01
 0.298637773898042E-01
 0.288795942189855E-01
 0.278315449420616E-01
 0.267269363911548E-01
 0.255733789065086E-01
 0.243783005107193E-01
 0.231487561057280E-01
 0.218916459323865E-01
 0.206139935262841E-01
 0.193229051478077E-01
 0.180252190390744E-01
 0.167271853253513E-01
 0.154344564723551E-01
 0.141523500260259E-01
 0.128861372415879E-01
 0.116411626422007E-01
 0.104227531404826E-01
 0.101016827757967E-01
 0.996826513418918E-02
 0.983546736011050E-02
 0.970339784105847E-02
 0.957221754414821E-02
 0.944218579974608E-02
 0.931366488944642E-02
 0.918706802593986E-02
 0.906277693731273E-02
 0.894107972818634E-02
 0.882216605417269E-02
 0.870617488701113E-02
 0.859325347521007E-02
 0.848358307163402E-02
 0.837735767339783E-02
 0.827473911430278E-02
 0.817582524545145E-02
 0.808065021469232E-02
 0.798920644873686E-02
 0.790146372369892E-02
 0.781737179908668E-02
 0.773685556908490E-02
 0.765982226478414E-02
 0.758618824782385E-02
 0.751590973845421E-02
 0.744899013327378E-02
 0.738544976880905E-02
 0.732527354015218E-02
 0.726837345961913E-02
 0.721459712927585E-02
 0.716378103455131E-02
 0.711581326033917E-02
 0.707066106968710E-02
 0.702834337402404E-02
 0.698886824783216E-02
 0.695218025927488E-02
 0.691815282416623E-02
 0.688662596717912E-02
 0.685745832709030E-02
 0.683055777095648E-02
 0.680587732647452E-02
 0.678339036044869E-02
 0.676306827283487E-02
 0.676689763505561E-02
 0.678500403374361E-02
 0.680096769142970E-02
 0.681502218009358E-02
 0.682738240113992E-02
 0.683817868235709E-02
 0.684744219622643E-02
 0.685514260825337E-02
 0.686124900663802E-02
 0.686577822489154E-02
 0.686881072860308E-02
 0.687047757023494E-02
 0.687093492090265E-02
 0.687033951932295E-02
 0.686882770771550E-02
 0.686649602835910E-02
 0.686338748529315E-02
 0.685949589086421E-02
 0.685479780243427E-02
 0.684930387981248E-02
 0.684310166078294E-02
 0.683635882503380E-02
 0.682927760624123E-02
 0.682202390448543E-02
 0.681467399299554E-02
 0.680721160052163E-02
 0.679957536505481E-02
 0.679172523609724E-02
 0.678368810910884E-02
 0.677556083471772E-02
 0.676948527964471E-02
 0.677750893832972E-02
 0.678529421062236E-02
 0.679273240253632E-02
 0.679980547703005E-02
 0.680657913877788E-02
 0.681315218601731E-02
 0.681959358113632E-02
 0.682590292992097E-02
 0.683201191679259E-02
 0.683781823288429E-02
 0.684322794128293E-02
 0.684818521832409E-02
 0.685268295226103E-02
 0.685675932054597E-02
 0.686048594325726E-02
 0.686394728025350E-02
 0.686721001696130E-02
 0.687029018006659E-02
 0.687313655577821E-02
 0.687564790469795E-02
 0.687772348523397E-02
 0.687932241954760E-02
 0.688049643986921E-02
 0.688137341790431E-02
 0.688209866079978E-02
 0.688276712628827E-02
 0.688338472558287E-02
 0.688387821464204E-02
 0.688414425061151E-02
 0.688410785665076E-02
 0.688376000087038E-02
 0.688316041484174E-02
 0.688241201205633E-02
 0.688162423429685E-02
 0.688088056108661E-02
 0.688021700515751E-02
 0.687961338699229E-02
 0.687900047055992E-02
 0.687828720360435E-02
 0.687740519761846E-02
 0.687635316076271E-02
 0.687521453223985E-02
 0.687413009537784E-02
 0.687323346592285E-02
 0.687258391424291E-02
 0.687213687566541E-02
 0.687177091571802E-02
 0.687135519456526E-02
 0.687081793385811E-02
 0.687017907010077E-02
 0.686953447322694E-02
 0.686900642397397E-02
 0.686868875552854E-02
 0.686861104661766E-02
 0.686873217584545E-02
 0.686896009413245E-02
 0.686918758003759E-02
 0.686933213592847E-02
 0.686936835578700E-02
 0.686934136144679E-02
 0.686935249943772E-02
 0.686951702637085E-02
 0.686990776410257E-02
 0.687051141048844E-02
 0.687122432785730E-02
 0.687189665909127E-02
 0.687240524265937E-02
 0.687271552615543E-02
 0.687289648637121E-02
 0.687308002693110E-02
 0.687338925561967E-02
 0.687387621754194E-02
 0.687450003250291E-02
 0.687515070315289E-02
 0.687570067643459E-02
 0.687605777507839E-02
 0.687619864726496E-02
 0.687617316742214E-02
 0.687608069887303E-02
 0.687602737080278E-02
 0.687607987155918E-02
 0.687623402013405E-02
 0.687641255138327E-02
 0.687649556875935E-02
 0.687637276358651E-02
 0.687599518390259E-02
 0.687540187478953E-02
 0.687470584276094E-02
 0.687404244932575E-02
 0.687350367981481E-02
 0.687309218217247E-02
 0.687272087491907E-02
 0.687225940850198E-02
 0.687160208177762E-02
 0.687072032722322E-02
 0.686967380597110E-02
 0.686857888444207E-02
 0.686755481203533E-02
 0.686667455818360E-02
 0.686593972803344E-02
 0.686528597034398E-02
 0.686461410851884E-02
 0.686383457376982E-02
 0.686290810245553E-02
 0.686186565916906E-02
 0.686079774685718E-02
 0.685981656593956E-02
 0.685900752552582E-02
 0.685839202855678E-02
 0.685791847360745E-02
 0.685748605185000E-02
 0.685699175466436E-02
 0.685638019162125E-02
 0.685567267338949E-02
 0.685495968540115E-02
 0.685435835205795E-02
 0.685395575183198E-02
 0.685376789247123E-02
 0.685373558174472E-02
 0.685375719158300E-02
 0.685373857816908E-02
 0.685363437456700E-02
 0.685346351718740E-02
 0.685329643664140E-02
 0.685322260249739E-02
 0.685331216981616E-02
 0.685358618269024E-02
 0.685400718522101E-02
 0.685449499674001E-02
 0.685496143805446E-02
 0.685534822295332E-02
 0.685565056741524E-02
 0.685591670461907E-02
 0.685622507171083E-02
 0.685664958222262E-02
 0.685722653690207E-02
 0.685793590638598E-02
 0.685870598091274E-02
 0.685944240163891E-02
 0.686007066337274E-02
 0.686057131988800E-02
 0.686098802539549E-02
 0.686140281882563E-02
 0.686189235263110E-02
 0.686248951846555E-02
 0.686316990017608E-02
 0.686386664695098E-02
 0.686450249897687E-02
 0.686502214140388E-02
 0.686541170823467E-02
 0.686569997322536E-02
 0.686594318791500E-02
 0.686620089648445E-02
 0.686651246352958E-02
 0.686688266275186E-02
 0.686728027933482E-02
 0.686764913531690E-02
 0.686792841387849E-02
 0.686807747777427E-02
 0.686809714670034E-02
 0.686803603493896E-02
 0.686797307784161E-02
 0.686797958584640E-02
 0.686808004769643E-02
 0.686823680124797E-02
 0.686837092784734E-02
 0.686840739612614E-02
 0.686831552753444E-02
 0.686812035154795E-02
 0.686788225656980E-02
 0.686766305327767E-02
 0.686750052179822E-02
 0.686740125259377E-02
 0.686734684054075E-02
 0.686730363608550E-02
 0.686723167646271E-02
 0.686709500495625E-02
 0.686687544565735E-02
 0.686658560196974E-02
 0.686627150198083E-02
 0.686599744293424E-02
 0.686581570795433E-02
 0.686573592194633E-02
 0.686571384382608E-02
 0.686567114646142E-02
 0.686553858599959E-02
 0.686529705975391E-02
 0.686498910027675E-02
 0.686469203525701E-02
 0.686447107810040E-02
 0.686434465470498E-02
 0.686428329008482E-02
 0.686423667052732E-02
 0.686416415971438E-02
 0.686404767962781E-02
 0.686388617420572E-02
