 0.369532884256062E-07
 0.576079125985966E-06
 0.282036221493931E-05
 0.857712029656385E-05
 0.200657421280641E-04
 0.397334039783799E-04
 0.701009143034421E-04
 0.113649190596195E-03
 0.172744055386048E-03
 0.249587723447361E-03
 0.346182476642277E-03
 0.464295730323948E-03
 0.605423472513069E-03
 0.770756967479710E-03
 0.961162066793218E-03
 0.117734770005760E-02
 0.142839329677749E-02
 0.170787686546524E-02
 0.204045571408728E-02
 0.240904244649015E-02
 0.282228336624660E-02
 0.327744401294935E-02
 0.377494285220024E-02
 0.432243049374136E-02
 0.491804453658749E-02
 0.556106414900595E-02
 0.624747565728852E-02
 0.697534396448905E-02
 0.774191368175499E-02
 0.854362125390316E-02
 0.937619981623235E-02
 0.102348914934697E-01
 0.111147661587678E-01
 0.120111268116091E-01
 0.129199636620325E-01
 0.138384061393732E-01
 0.147651180473535E-01
 0.157005877394492E-01
 0.166472816865657E-01
 0.176096528009201E-01
 0.185940192458516E-01
 0.196083496168569E-01
 0.206620017122337E-01
 0.217654621458613E-01
 0.229301230497286E-01
 0.241681130094361E-01
 0.254921771419679E-01
 0.269155817622320E-01
 0.284520078463693E-01
 0.301153980307361E-01
 0.319197345842414E-01
 0.338787472896694E-01
 0.360055738047928E-01
 0.383124126395147E-01
 0.408102134199281E-01
 0.435084378294254E-01
 0.464149007049770E-01
 0.495356729246187E-01
 0.528750071489581E-01
 0.564352432301387E-01
 0.602166647832161E-01
 0.642173063840098E-01
 0.684327401803772E-01
 0.728558883210473E-01
 0.774769054357346E-01
 0.822831543430691E-01
 0.872592678473943E-01
 0.923872637078481E-01
 0.976466699403031E-01
 0.103014627073691E+00
 0.108465957263591E+00
 0.113973215828030E+00
 0.119506757326040E+00
 0.125034849481363E+00
 0.130523855195377E+00
 0.135938482571960E+00
 0.141242084208823E+00
 0.146396976898142E+00
 0.151364753952646E+00
 0.156106572913578E+00
 0.160583416728496E+00
 0.164756340866611E+00
 0.168586727187293E+00
 0.172036564695486E+00
 0.175068767709076E+00
 0.177647526918498E+00
 0.179738674295129E+00
 0.181310035019378E+00
 0.182331742232016E+00
 0.182776502591599E+00
 0.182619816967025E+00
 0.181840173598328E+00
 0.180419234751418E+00
 0.178342030850901E+00
 0.175597162091497E+00
 0.172176993540463E+00
 0.168077822224332E+00
 0.163299996539255E+00
 0.157847977871902E+00
 0.151730346748742E+00
 0.144959765839166E+00
 0.137552916239414E+00
 0.129530420940328E+00
 0.120916761895823E+00
 0.116535210149345E+00
 0.116698218613071E+00
 0.116484200184531E+00
 0.115870271744087E+00
 0.115675703469779E+00
 0.115717647960800E+00
 0.115356593401592E+00
 0.114825797997505E+00
 0.115059822932599E+00
 0.114889135766635E+00
 0.114305056984974E+00
 0.114471551261992E+00
 0.114459682325322E+00
 0.114034168035067E+00
 0.114035433286148E+00
 0.114174339468638E+00
 0.113899969531562E+00
 0.113925623404271E+00
 0.114220276581688E+00
 0.114101371833052E+00
 0.122239756762275E+00
 0.132489582544888E+00
 0.142234049658688E+00
 0.151433420891034E+00
 0.160051126966464E+00
 0.168054002269614E+00
 0.175412485013167E+00
 0.182100774626831E+00
 0.188096947549094E+00
 0.193383038812017E+00
 0.197945098314184E+00
 0.201773228068135E+00
 0.204861602461584E+00
 0.207208469834661E+00
 0.208816131085576E+00
 0.209690889358317E+00
 0.209842964470620E+00
 0.209286367821481E+00
 0.208038738810666E+00
 0.206121150838512E+00
 0.203557899992335E+00
 0.200376288839932E+00
 0.196606410691693E+00
 0.192280929897229E+00
 0.187434847121284E+00
 0.182105239297594E+00
 0.176330971604801E+00
 0.170152388532805E+00
 0.163610997187149E+00
 0.156749155623834E+00
 0.149609773762415E+00
 0.142416828037272E+00
 0.138078365179344E+00
 0.133536076448948E+00
 0.128768165456247E+00
 0.125201865930408E+00
 0.125281303446135E+00
 0.125723509242408E+00
 0.125676895908172E+00
 0.125789201609212E+00
 0.125641987403484E+00
 0.125554050896376E+00
 0.125289390926623E+00
 0.124839887315058E+00
 0.124481233136870E+00
 0.126673571269574E+00
 0.131584141851902E+00
 0.136073500316266E+00
 0.140116828217163E+00
 0.143690979271922E+00
 0.146774635189210E+00
 0.149348465593826E+00
 0.151395282008604E+00
 0.152900179996539E+00
 0.153850663940668E+00
 0.154236745213584E+00
 0.154051002594286E+00
 0.153288600351188E+00
 0.151947274749321E+00
 0.150027315101846E+00
 0.148760734699092E+00
 0.147395727635273E+00
 0.145469243942061E+00
 0.144435399754013E+00
 0.143052258366034E+00
 0.141169819016849E+00
 0.140304449477392E+00
 0.138908598122230E+00
 0.136983416513787E+00
 0.134702783629194E+00
 0.132711444007211E+00
 0.131010535623435E+00
 0.129825707120496E+00
 0.128884823345163E+00
 0.127804377005554E+00
 0.126981374843494E+00
 0.125956401267268E+00
 0.124996422124152E+00
 0.124024665464897E+00
 0.122942222628843E+00
 0.122014640516821E+00
 0.120840033386813E+00
 0.119957440336715E+00
 0.118763993681470E+00
 0.117888451593229E+00
 0.116767844958014E+00
 0.115843064411477E+00
 0.114825231023964E+00
 0.113870580819434E+00
 0.112980229564004E+00
 0.111994591750041E+00
 0.111136593033286E+00
 0.116550831005518E+00
 0.122700204854631E+00
 0.128456416272976E+00
 0.133807665644394E+00
 0.138744657319965E+00
 0.143260604403828E+00
 0.147351233770519E+00
 0.151014814835995E+00
 0.154252204861830E+00
 0.158022813906103E+00
 0.161564627124513E+00
 0.164654061007973E+00
 0.167296263119966E+00
 0.169499067424854E+00
 0.171272903193755E+00
 0.172630638132194E+00
 0.173587409187665E+00
 0.174160485199337E+00
 0.174369167498051E+00
 0.174234699849729E+00
 0.173780152987834E+00
 0.173030271384341E+00
 0.172011297884855E+00
 0.170750799433035E+00
 0.169277497866071E+00
 0.167621083515314E+00
 0.165811985566771E+00
 0.163881102742074E+00
 0.161859537716009E+00
 0.159778389577213E+00
 0.157668621911202E+00
 0.155560964253963E+00
 0.153541667233936E+00
 0.151593725559585E+00
 0.149884425223708E+00
 0.148038452085134E+00
 0.146089546625154E+00
 0.144600998587931E+00
 0.143305099615578E+00
 0.142223075734316E+00
 0.141374231428874E+00
 0.140775793235548E+00
 0.140442768887899E+00
 0.140387832839252E+00
 0.140621224612404E+00
 0.141983340539991E+00
 0.143703974909871E+00
 0.145704163026579E+00
 0.147976458075042E+00
 0.150510871809739E+00
 0.153294862859174E+00
 0.156313354931844E+00
 0.159548815313429E+00
 0.162981395432642E+00
 0.166589100912497E+00
 0.170347944619261E+00
 0.174232056400084E+00
 0.178213764031645E+00
 0.182263688816793E+00
 0.186350892172771E+00
 0.190443073655155E+00
 0.194506788845250E+00
 0.198507654599147E+00
 0.202410535268299E+00
 0.206179727279876E+00
 0.209779157465590E+00
 0.213172588739035E+00
 0.216323812105594E+00
 0.219196814532146E+00
 0.221755938065804E+00
 0.223966060166364E+00
 0.225792812475390E+00
 0.227202824656836E+00
 0.231757381828731E+00
 0.236336585509824E+00
 0.240892823744041E+00
 0.245415994724978E+00
 0.249895302559511E+00
 0.254319272482576E+00
 0.258675789369625E+00
 0.262952151783674E+00
 0.267135128035292E+00
 0.271211006993797E+00
 0.275165647370375E+00
 0.278984534002468E+00
 0.282652844149836E+00
 0.286155517289723E+00
 0.289477318805527E+00
 0.292602895513581E+00
 0.295516832765573E+00
 0.298203727626250E+00
 0.300648284679898E+00
 0.302835425761139E+00
 0.304750394384834E+00
 0.306378838377582E+00
 0.307706868176384E+00
 0.308721102840897E+00
 0.309408720522635E+00
 0.309757522640192E+00
 0.309756008336781E+00
 0.309393448087358E+00
 0.308659947660323E+00
 0.307546502422565E+00
 0.306045048595620E+00
 0.304148516686581E+00
 0.301850885075700E+00
 0.299147226692712E+00
 0.296033745004719E+00
 0.292507804935385E+00
 0.288567970508903E+00
 0.284214056125556E+00
 0.279447184256301E+00
 0.274269830148025E+00
 0.268685835006382E+00
 0.262700384071556E+00
 0.256319964383216E+00
 0.249552325321630E+00
 0.253299002315800E+00
 0.267602628622086E+00
 0.281357185591361E+00
 0.294514850856797E+00
 0.307029425251039E+00
 0.318856576483716E+00
 0.329954077079008E+00
 0.340282024910870E+00
 0.349803044163962E+00
 0.358482463606333E+00
 0.366288467214197E+00
 0.373192215989494E+00
 0.379167945914726E+00
 0.385451036715612E+00
 0.392443853996455E+00
 0.398467461129236E+00
 0.403498898738361E+00
 0.407518558411198E+00
 0.410510223130645E+00
 0.412461145497055E+00
 0.413362161424156E+00
 0.413207810872002E+00
 0.411996434178403E+00
 0.409730232848871E+00
 0.406428883734201E+00
 0.402779888183725E+00
 0.399194682259208E+00
 0.395648604885404E+00
 0.392145543110772E+00
 0.388658710138618E+00
 0.385228869964716E+00
 0.381816589069008E+00
 0.378514373505439E+00
 0.375194877978528E+00
 0.371998240567269E+00
 0.368808168702449E+00
 0.365687648915968E+00
 0.362577819853249E+00
 0.359492181553010E+00
 0.356451669975602E+00
 0.353461401096427E+00
 0.350512422878050E+00
 0.347584961445399E+00
 0.344648484161315E+00
 0.341676279344040E+00
 0.339006913637274E+00
 0.336293332105126E+00
 0.333482588882245E+00
 0.330813247479825E+00
 0.328258160471978E+00
 0.325583157453217E+00
 0.323035982851545E+00
 0.320598275509963E+00
 0.318096779777511E+00
 0.315658858583685E+00
 0.313284524368507E+00
 0.310902087692069E+00
 0.308600877886885E+00
 0.306294892201621E+00
 0.304053445202267E+00
 0.301795821264212E+00
 0.299604277796255E+00
 0.297419006341230E+00
 0.295261226126014E+00
 0.293138695894834E+00
 0.291028119007440E+00
 0.288972174824560E+00
 0.286905732738363E+00
 0.284893646376095E+00
 0.282892328360334E+00
 0.280921998745698E+00
 0.278985343814501E+00
 0.276375695861836E+00
 0.273098919966374E+00
 0.269163310802043E+00
 0.264579595902464E+00
 0.259360910560730E+00
 0.253588586675277E+00
 0.247857713067556E+00
 0.242288145205863E+00
 0.236909866394718E+00
 0.231682321231349E+00
 0.226605328663154E+00
 0.221634119428538E+00
 0.218509558168874E+00
 0.216583460634682E+00
 0.214700041006272E+00
 0.212858725921672E+00
 0.211046100829207E+00
 0.209238837811682E+00
 0.207402252914042E+00
 0.205701364141167E+00
 0.204081079581380E+00
 0.202385855850058E+00
 0.200647148145090E+00
 0.199181286759665E+00
 0.197571487364081E+00
 0.195952012129914E+00
 0.194563118727907E+00
 0.192951083428242E+00
 0.191576288590987E+00
 0.190119317722122E+00
 0.188639650167662E+00
 0.187344700248723E+00
 0.185845006933895E+00
 0.184617501633187E+00
 0.183092983420307E+00
 0.181946123997266E+00
 0.180430776401852E+00
 0.179332899365802E+00
 0.177916125402260E+00
 0.176781618265905E+00
 0.175328583334170E+00
 0.174267623188220E+00
 0.172831012183830E+00
 0.171808099915079E+00
 0.170409518724159E+00
 0.169392751477371E+00
 0.168026444154897E+00
 0.167028524069966E+00
 0.165687870419728E+00
 0.164704305047160E+00
 0.163397454059886E+00
 0.162429617459846E+00
 0.161156830793720E+00
 0.160194229029986E+00
 0.158968697604067E+00
 0.158007696331358E+00
 0.156837107290613E+00
 0.155172389078157E+00
 0.153033829343793E+00
 0.150470704233645E+00
 0.147856695727139E+00
 0.145303937641576E+00
 0.142796562945576E+00
 0.140360429816698E+00
 0.148559381805582E+00
 0.158577590182969E+00
 0.168588231861631E+00
 0.178543159650333E+00
 0.188394055412940E+00
 0.198092795222554E+00
 0.207591798883225E+00
 0.216844295000106E+00
 0.225804484093699E+00
 0.234427633825534E+00
 0.242670162818067E+00
 0.250489759364068E+00
 0.257845554973229E+00
 0.264698348141377E+00
 0.271010858512528E+00
 0.276747984186688E+00
 0.281877032142134E+00
 0.286367893732988E+00
 0.290193147211111E+00
 0.293328089769216E+00
 0.295750729385405E+00
 0.299162409649384E+00
 0.302288093862873E+00
 0.304671129087437E+00
 0.306292002603684E+00
 0.307134104131878E+00
 0.307183781691825E+00
 0.306430490976363E+00
 0.304866986203106E+00
 0.302489476195680E+00
 0.299297691602815E+00
 0.295294855522733E+00
 0.290817058409197E+00
 0.286460996351965E+00
 0.282209690143510E+00
 0.278134556686263E+00
 0.274172445600635E+00
 0.270315452932314E+00
 0.266602692009605E+00
 0.262975899768220E+00
 0.259459671155954E+00
 0.259274642239368E+00
 0.263022922279100E+00
 0.266449134281139E+00
 0.269542813900198E+00
 0.272294585658209E+00
 0.274696176696446E+00
 0.276740426759181E+00
 0.278421304553580E+00
 0.279733932185605E+00
 0.280674612827091E+00
 0.281240855541799E+00
 0.281431393754229E+00
 0.281246196209287E+00
 0.280686469055119E+00
 0.279754646135236E+00
 0.278454365095345E+00
 0.276790431374052E+00
 0.274768778312411E+00
 0.272396434200549E+00
 0.269681502185932E+00
 0.266633148317190E+00
 0.263261583809413E+00
 0.259578027342479E+00
 0.255594643095138E+00
 0.251324463510638E+00
 0.246781312719585E+00
 0.241979742260736E+00
 0.236934979229112E+00
 0.231662877483740E+00
 0.226179861690378E+00
 0.220502860647565E+00
 0.214649233607407E+00
 0.209080813900431E+00
 0.205593834388471E+00
 0.210201244594589E+00
 0.215059278945719E+00
 0.219160638871654E+00
 0.222503079297613E+00
 0.225087415427573E+00
 0.226917526297511E+00
 0.228000387901940E+00
 0.228346094750227E+00
 0.227967816025493E+00
 0.227004626298449E+00
 0.225949105017842E+00
 0.224844871293792E+00
 0.223738411803978E+00
 0.222593062892423E+00
 0.221436867234710E+00
 0.220280099143364E+00
 0.219093172685504E+00
 0.217901053603237E+00
 0.216726734463924E+00
 0.215496677698563E+00
 0.214279355097881E+00
 0.213000924041004E+00
 0.211761960802013E+00
 0.210519728405720E+00
 0.209266113568881E+00
 0.208004765408724E+00
 0.206782287180547E+00
 0.205551727988273E+00
 0.204354705913604E+00
 0.203223099951534E+00
 0.201987268128888E+00
 0.200878648762677E+00
 0.199611395259486E+00
 0.198540433647208E+00
 0.197366410978708E+00
 0.196221864424962E+00
 0.195122692898841E+00
 0.193953083803774E+00
 0.192886092771981E+00
 0.191700586453036E+00
 0.190686507080779E+00
 0.189470496809943E+00
 0.188440525262720E+00
 0.187265105112895E+00
 0.186228605710016E+00
 0.185088930479117E+00
 0.184019117061984E+00
 0.182932836093673E+00
 0.181845930335977E+00
 0.180797328318208E+00
 0.179675649342699E+00
 0.178683874977837E+00
 0.177543265082861E+00
 0.176591637027630E+00
 0.175417315003730E+00
 0.174521760181868E+00
 0.173330773828080E+00
 0.172475640795006E+00
 0.171156227209607E+00
 0.169386077714387E+00
 0.167180452398852E+00
 0.164556327712737E+00
 0.161722727159950E+00
 0.158943456064346E+00
 0.156210661860714E+00
 0.153512739941595E+00
 0.150894077624784E+00
 0.148298218719280E+00
 0.145749144794029E+00
 0.143284136335365E+00
 0.140863204440572E+00
 0.138489472913945E+00
 0.136163288021330E+00
 0.133883106366124E+00
 0.131644863799315E+00
 0.129491065452592E+00
 0.127399786339909E+00
 0.125348643085120E+00
 0.123327973410317E+00
 0.121326950848233E+00
 0.119392398951373E+00
 0.117550823247941E+00
 0.115712502550482E+00
 0.113864253615299E+00
 0.112134498332075E+00
 0.110433726500054E+00
 0.108700716734070E+00
 0.107061683765527E+00
 0.105461960807210E+00
 0.103758257542645E+00
 0.101820961971163E+00
 0.996612816602789E-01
 0.972912754313440E-01
 0.947237168198424E-01
 0.919719735662097E-01
 0.890499376678825E-01
 0.859719976564608E-01
 0.827530174887410E-01
 0.794082940637557E-01
 0.759534919625621E-01
 0.724045697344796E-01
 0.687777051985045E-01
 0.650892123601043E-01
 0.735017149684871E-01
 0.843353874444533E-01
 0.953659214287308E-01
 0.106551634129539E+00
 0.117849370909922E+00
 0.129214692447431E+00
 0.140602082540117E+00
 0.151965163325667E+00
 0.163256901951730E+00
 0.174429802513753E+00
 0.185436090734444E+00
 0.196227905256932E+00
 0.206757504857240E+00
 0.216977490740907E+00
 0.226841035428051E+00
 0.236302108451992E+00
 0.245315692647578E+00
 0.253837989418470E+00
 0.261826614326585E+00
 0.269240784960125E+00
 0.276041502259135E+00
 0.282191726079529E+00
 0.287656546884934E+00
 0.292403356896012E+00
 0.296402022669789E+00
 0.299625055259344E+00
 0.302866508887330E+00
 0.306907848503499E+00
 0.310140407595657E+00
 0.312538762392085E+00
 0.314080587910351E+00
 0.314746775249036E+00
 0.314521494354370E+00
 0.313392236091839E+00
 0.311349867289010E+00
 0.308388707091752E+00
 0.304559424630138E+00
 0.300601752744669E+00
 0.296723149136851E+00
 0.292974034814040E+00
 0.289261251343555E+00
 0.285632008576706E+00
 0.282112815694739E+00
 0.278708661080030E+00
 0.275408719180436E+00
 0.272190073427408E+00
 0.269014880921922E+00
 0.265838927104785E+00
 0.262724352038254E+00
 0.259892563132631E+00
 0.256999602685371E+00
 0.254168639087278E+00
 0.251405740640255E+00
 0.248714255617112E+00
 0.246098899613777E+00
 0.243547586313058E+00
 0.240948960234706E+00
 0.238556070952849E+00
 0.236171938317749E+00
 0.233814112091421E+00
 0.231577620932312E+00
 0.229244611105671E+00
 0.227147795883859E+00
 0.224883361071891E+00
 0.222887961127658E+00
 0.220742091368039E+00
 0.218796068352710E+00
 0.216723959071750E+00
 0.214866457792819E+00
 0.212874283615028E+00
 0.211081712422372E+00
 0.218576502431512E+00
 0.229593172819185E+00
 0.239803803165060E+00
 0.249172438788369E+00
 0.257666163247770E+00
 0.265255235623504E+00
 0.271913216161999E+00
 0.277617079637450E+00
 0.282347310809171E+00
 0.286087974068508E+00
 0.291582512283469E+00
 0.296374943996738E+00
 0.300135304211182E+00
 0.302851224224606E+00
 0.304514174035419E+00
 0.305119445365300E+00
 0.304666135724316E+00
 0.303157156103744E+00
 0.300682038620113E+00
 0.298057370920374E+00
 0.295409245735235E+00
 0.292862850539906E+00
 0.290294313162363E+00
 0.287746886622957E+00
 0.285241792864248E+00
 0.282779594606610E+00
 0.280340858348096E+00
 0.277894248404518E+00
 0.275395288471212E+00
 0.273104988124321E+00
 0.270881689732194E+00
 0.268544652172168E+00
 0.266179661042935E+00
 0.264139496436373E+00
 0.261900979637228E+00
 0.259701681998368E+00
 0.257726526516258E+00
 0.255540497627845E+00
 0.253566804161151E+00
 0.251534410359408E+00
 0.249524543020393E+00
 0.247663266327171E+00
 0.245620896766008E+00
 0.243862568787102E+00
 0.241783534987160E+00
 0.240146929618280E+00
 0.238115515136142E+00
 0.236521529526249E+00
 0.234608665525179E+00
 0.232989754503922E+00
 0.231065594851801E+00
 0.229541583931089E+00
 0.227634854341767E+00
 0.226175952477915E+00
 0.224251035525392E+00
 0.223361433725445E+00
 0.232645066255478E+00
 0.241166383392521E+00
 0.248906750093993E+00
 0.255850876382358E+00
 0.261986826814410E+00
 0.267306024096165E+00
 0.271803257156721E+00
 0.275476686594399E+00
 0.278327832071596E+00
 0.282275753722120E+00
 0.285994496366637E+00
 0.288855608258647E+00
 0.290864476911239E+00
 0.292029860409595E+00
 0.292363824936924E+00
 0.291881691366657E+00
 0.290601977315537E+00
 0.288546309725806E+00
 0.285739291646944E+00
 0.282261564349561E+00
 0.278737178572775E+00
 0.275302606775923E+00
 0.271960420067310E+00
 0.268712898169302E+00
 0.265545515674271E+00
 0.262455580256515E+00
 0.259450855638563E+00
 0.256515075094032E+00
 0.253660592345035E+00
 0.250923892568940E+00
 0.248241926344431E+00
 0.245548272910436E+00
 0.242956745022210E+00
 0.240565135195192E+00
 0.238093590903284E+00
 0.235633652083585E+00
 0.233449198544573E+00
 0.231096565540438E+00
 0.228900512846654E+00
 0.226798910148342E+00
 0.224547523683750E+00
 0.222612360856681E+00
 0.220425931329185E+00
 0.218548691625192E+00
 0.216530614904574E+00
 0.214613135692121E+00
 0.212738148590547E+00
 0.210807044177588E+00
 0.209078992774703E+00
 0.207139486208003E+00
 0.205451920226426E+00
 0.203581384884377E+00
 0.201950249229531E+00
 0.200142360480250E+00
 0.198536810589587E+00
 0.196800288766617E+00
 0.195234440032966E+00
 0.193562346476829E+00
 0.192010750551177E+00
 0.190403401337325E+00
 0.188886879581694E+00
 0.187326108597485E+00
 0.185836916571279E+00
 0.184333586361555E+00
 0.182878154050270E+00
 0.181428937465067E+00
 0.179474337150550E+00
 0.177031885582187E+00
 0.174120873360353E+00
 0.170762297367058E+00
 0.166978787725516E+00
 0.162936084498858E+00
 0.159016055627528E+00
 0.155227329715344E+00
 0.153462541560227E+00
 0.153795105824850E+00
 0.154224367039499E+00
 0.154749876400741E+00
 0.155370256986084E+00
 0.156083207856666E+00
 0.156885509774621E+00
 0.157773035312098E+00
 0.158740765868723E+00
 0.159782816218142E+00
 0.160892465297293E+00
 0.162062191401127E+00
 0.163283710756906E+00
 0.164548019470158E+00
 0.165845438968493E+00
 0.167165664346991E+00
 0.168497814480843E+00
 0.169830483355946E+00
 0.171151793573530E+00
 0.172449454114184E+00
 0.173710823942191E+00
 0.174922980889753E+00
 0.176072792923340E+00
 0.177146988168371E+00
 0.178132221642244E+00
 0.179015139448070E+00
 0.179782443171272E+00
 0.180420956998718E+00
 0.180917697987224E+00
 0.181259947685339E+00
 0.181435322606132E+00
 0.181431842070721E+00
 0.181237993443081E+00
 0.180842795310113E+00
 0.180235858439242E+00
 0.179407443422995E+00
 0.178348514063353E+00
 0.177050786906802E+00
 0.175506778705730E+00
 0.173709853491093E+00
 0.171654269102295E+00
 0.169335220718205E+00
 0.166748878023659E+00
 0.163892413995227E+00
 0.160764026009494E+00
 0.157362952095956E+00
 0.153689485169700E+00
 0.149744986104225E+00
 0.145531894135051E+00
 0.147187484329289E+00
 0.157563030669766E+00
 0.167650999861608E+00
 0.177409531405849E+00
 0.186797821908270E+00
 0.195776306537918E+00
 0.204306818732356E+00
 0.212352748276795E+00
 0.219879210525140E+00
 0.226853219941860E+00
 0.233243848949179E+00
 0.239022360445483E+00
 0.244162322030084E+00
 0.248639722209906E+00
 0.252433100879715E+00
 0.256772966814150E+00
 0.261297271840565E+00
 0.265107846874590E+00
 0.268185416855808E+00
 0.270513611847517E+00
 0.272079067112032E+00
 0.272871475862465E+00
 0.272883611395998E+00
 0.272111344769805E+00
 0.270553670982982E+00
 0.268275167922230E+00
 0.265887259100509E+00
 0.263484447144443E+00
 0.261143368315128E+00
 0.258784606712701E+00
 0.256442298028459E+00
 0.254135028820662E+00
 0.251864826210173E+00
 0.249621156915756E+00
 0.247383117153285E+00
 0.245120457201207E+00
 0.242951199252779E+00
 0.240847827438150E+00
 0.238748837607905E+00
 0.236647605051877E+00
 0.234578065063227E+00
 0.232590109018428E+00
 0.230611283911103E+00
 0.228648786442694E+00
 0.226692103397934E+00
 0.224838541921896E+00
 0.223007182079509E+00
 0.221130676474186E+00
 0.219390961759248E+00
 0.217545618040541E+00
 0.215864861638914E+00
 0.214125839180283E+00
 0.212467875069927E+00
 0.210824502217176E+00
 0.209161107213409E+00
 0.207630420640797E+00
 0.205944703561236E+00
 0.204462998726295E+00
 0.202835962697021E+00
 0.201393873494258E+00
 0.199805116495023E+00
 0.198388615699664E+00
 0.196853058774291E+00
 0.195473743873000E+00
 0.193982830431951E+00
 0.192612514526343E+00
 0.191183111280925E+00
 0.189834485603984E+00
 0.188449515178013E+00
 0.187102811303717E+00
 0.185780226570653E+00
 0.184448363896671E+00
 0.183171823575122E+00
 0.181386496360096E+00
 0.179369959981696E+00
 0.179984871711640E+00
 0.179943112410105E+00
 0.179260543384616E+00
 0.177955932524973E+00
 0.176380364689755E+00
 0.174822350228873E+00
 0.173243693638923E+00
 0.171734198470611E+00
 0.170236055949448E+00
 0.168747193910836E+00
 0.167268669777520E+00
 0.165801627689399E+00
 0.164383419853329E+00
 0.162989585803027E+00
 0.161640128344582E+00
 0.160257285585328E+00
 0.158852945578396E+00
 0.157635748004270E+00
 0.156352838818791E+00
 0.155054375307517E+00
 0.153870669866541E+00
 0.152621660132938E+00
 0.151408348030875E+00
 0.150314768306327E+00
 0.149093598156136E+00
 0.148040291691515E+00
 0.146849199161699E+00
 0.145814097109610E+00
 0.144734748048248E+00
 0.143650993321321E+00
 0.142661218836081E+00
 0.141568176421156E+00
 0.140630106326888E+00
 0.139532540798111E+00
 0.138660103532292E+00
 0.137548025055498E+00
 0.136683262350330E+00
 0.135619397006762E+00
 0.134759501362473E+00
 0.133734867857815E+00
 0.132862084950193E+00
 0.131889394854594E+00
 0.131014265220212E+00
 0.130081216792358E+00
 0.129187213951188E+00
 0.128311868751756E+00
 0.127407256204964E+00
 0.126572741242904E+00
 0.125646110756897E+00
 0.124865030521260E+00
 0.123930440925855E+00
 0.123190600188753E+00
 0.122041791395130E+00
 0.132277024056731E+00
 0.143014181790332E+00
 0.154005536630790E+00
 0.165205542524315E+00
 0.176567029639577E+00
 0.188041396805014E+00
 0.199578842044651E+00
 0.211128611684901E+00
 0.222639233758249E+00
 0.234058716127767E+00
 0.245334722334527E+00
 0.256414760124751E+00
 0.267246409388945E+00
 0.277777584944674E+00
 0.287956802228220E+00
 0.297733413159124E+00
 0.307057804228931E+00
 0.315881577038076E+00
 0.324157739846692E+00
 0.331840922337498E+00
 0.338887600660887E+00
 0.345256307902430E+00
 0.350907815676473E+00
 0.355805294989418E+00
 0.359914477849000E+00
 0.363203832323704E+00
 0.366532214094040E+00
 0.370638562989621E+00
 0.373890400372534E+00
 0.376258293337718E+00
 0.377716025041082E+00
 0.378240695664106E+00
 0.377812780366776E+00
 0.376416182656782E+00
 0.374038314387568E+00
 0.370670201514524E+00
 0.366306584861748E+00
 0.360971931945015E+00
 0.355452581396681E+00
 0.350091767836274E+00
 0.344914495765306E+00
 0.339814447223625E+00
 0.334951806460880E+00
 0.330221092849984E+00
 0.325605621259805E+00
 0.323909989342708E+00
 0.329020556924113E+00
 0.333742735176483E+00
 0.338059455995236E+00
 0.341954711946170E+00
 0.345413619673487E+00
 0.348422481801911E+00
 0.350968844941526E+00
 0.353041551356422E+00
 0.354630783551359E+00
 0.355728102922232E+00
 0.356326484080894E+00
 0.356420345252399E+00
 0.356005573558737E+00
 0.355079543634088E+00
 0.353641129210178E+00
 0.351690708869402E+00
 0.349230167531970E+00
 0.346262894016566E+00
 0.342793773320909E+00
 0.338829171699517E+00
 0.334376913753828E+00
 0.329446252666327E+00
 0.324047835819191E+00
 0.318193667462915E+00
 0.311897068360559E+00
 0.305172630844612E+00
 0.298036167627061E+00
 0.290504653992575E+00
 0.283074607344669E+00
 0.295733100260520E+00
 0.307544518876391E+00
 0.318478673998204E+00
 0.328508605678247E+00
 0.337610651178682E+00
 0.345764523992127E+00
 0.352953392298712E+00
 0.359163935081551E+00
 0.365733181975400E+00
 0.373044902729266E+00
 0.379334589629298E+00
 0.384592486701092E+00
 0.388812495539991E+00
 0.391992190374119E+00
 0.394132847254924E+00
 0.395239460781515E+00
 0.395320716883143E+00
 0.394388910421986E+00
 0.392459825389532E+00
 0.389633643894690E+00
 0.386675763668507E+00
 0.383687609867772E+00
 0.380768912324880E+00
 0.377823446168528E+00
 0.374893322976815E+00
 0.372001285432051E+00
 0.369149701691818E+00
 0.366325141594839E+00
 0.363500910223673E+00
 0.360677323690406E+00
 0.357926487984021E+00
 0.355252814796037E+00
 0.352560376720853E+00
 0.349838855900226E+00
 0.347283065732393E+00
 0.344710562154361E+00
 0.342104933763724E+00
 0.339665788300218E+00
 0.337089471524425E+00
 0.334640846959544E+00
 0.332309424600009E+00
 0.329824914838018E+00
 0.327578157678129E+00
 0.325044894090174E+00
 0.322920171662975E+00
 0.320505758336434E+00
 0.318352039561217E+00
 0.316066008198605E+00
 0.313884455649927E+00
 0.311735505353568E+00
 0.309524792324531E+00
 0.307387798113608E+00
 0.305251084708662E+00
 0.303149941203535E+00
 0.301069336615845E+00
 0.298974773715658E+00
 0.296975254176041E+00
 0.294904732350391E+00
 0.292961543228633E+00
 0.290892798191390E+00
 0.289033666598376E+00
 0.286981776268936E+00
 0.285177954513037E+00
 0.283127910353295E+00
 0.281400022216549E+00
 0.279371119648427E+00
 0.277702229933448E+00
 0.275382527860412E+00
 0.272426854064827E+00
 0.268852153131394E+00
 0.264677308820337E+00
 0.259923047118596E+00
 0.254643325934915E+00
 0.249347786772945E+00
 0.244191623271157E+00
 0.239182577496996E+00
 0.234289089050598E+00
 0.229565664711333E+00
 0.224930790489640E+00
 0.220431149407179E+00
 0.216092940937080E+00
 0.211865333330919E+00
 0.207749719415739E+00
 0.203743559933598E+00
 0.199841920420058E+00
 0.196036632662895E+00
 0.192324037859971E+00
 0.188787011402432E+00
 0.185337553512153E+00
 0.181960558636233E+00
 0.178639206409728E+00
 0.175356694668462E+00
 0.172293026387306E+00
 0.169269720919067E+00
 0.166255369482912E+00
 0.163313738251417E+00
 0.160541983062844E+00
 0.157746507543711E+00
 0.154971799736221E+00
 0.151867418773278E+00
 0.148446268002109E+00
 0.144722159490214E+00
 0.140709792880738E+00
 0.136424749774497E+00
 0.131883460014539E+00
 0.127103128339095E+00
 0.122101643634472E+00
 0.116897497910813E+00
 0.111509718528890E+00
 0.105957792580403E+00
 0.106625562111444E+00
 0.112265152152085E+00
 0.118158102446797E+00
 0.124278198345106E+00
 0.130597321857791E+00
 0.137085601142933E+00
 0.143711598924193E+00
 0.150442520234479E+00
 0.157244404216865E+00
 0.164082274272218E+00
 0.170920250996942E+00
 0.177721661058485E+00
 0.184449181417161E+00
 0.191065038393448E+00
 0.197531249723897E+00
 0.203809875857156E+00
 0.209863246849540E+00
 0.215654150511728E+00
 0.221145991241054E+00
 0.226302941332523E+00
 0.231090101472310E+00
 0.235473672400946E+00
 0.239421129926402E+00
 0.242901398416793E+00
 0.245885027127218E+00
 0.248344375124687E+00
 0.251143135127740E+00
 0.254140922040899E+00
 0.256592067753450E+00
 0.258470036026552E+00
 0.259750542168147E+00
 0.260411724821926E+00
 0.260434256785406E+00
 0.259801406495469E+00
 0.258499084630948E+00
 0.256515907531898E+00
 0.253843286437196E+00
 0.250506262411055E+00
 0.247055674296107E+00
 0.243680119301694E+00
 0.240412425283965E+00
 0.237178972485948E+00
 0.234019731006243E+00
 0.230971942995132E+00
 0.228020727803418E+00
 0.225149462917241E+00
 0.222342583449199E+00
 0.219599914841480E+00
 0.216911279818204E+00
 0.214268790396499E+00
 0.211758620970907E+00
 0.209291258874569E+00
 0.206873295359298E+00
 0.204502478547589E+00
 0.202167893422350E+00
 0.201998519103919E+00
 0.202682816139276E+00
 0.203022417095807E+00
 0.203015040140809E+00
 0.202659602029696E+00
 0.201956227179408E+00
 0.200906250536222E+00
 0.199512218289179E+00
 0.197777889726413E+00
 0.195708240249387E+00
 0.193309461682917E+00
 0.190588954215881E+00
 0.187555305989708E+00
 0.184218260566074E+00
 0.180588676567572E+00
 0.176678485159302E+00
 0.172500649068409E+00
 0.168680884664108E+00
 0.172257842912049E+00
 0.179839614701040E+00
 0.186703056940655E+00
 0.192821126284222E+00
 0.198169652515669E+00
 0.202727427770154E+00
 0.206476273159926E+00
 0.209659709556378E+00
 0.214314640295132E+00
 0.218125590447146E+00
 0.221077215972012E+00
 0.223157521938064E+00
 0.224357898340025E+00
 0.224673133102482E+00
 0.224101419996231E+00
 0.222775558966051E+00
 0.221346102034824E+00
 0.219878796856910E+00
 0.218443516073654E+00
 0.216968008021341E+00
 0.215485568097220E+00
 0.214007705851429E+00
 0.212530687396918E+00
 0.211034937210972E+00
 0.209490116589851E+00
 0.207947322257924E+00
 0.206582450462851E+00
 0.205130743926156E+00
 0.203566038588964E+00
 0.202175930319500E+00
 0.200793160210751E+00
 0.199320040950348E+00
 0.197939581547743E+00
 0.196531459677835E+00
 0.195140164967619E+00
 0.193837799182491E+00
 0.192417493739463E+00
 0.191145053959758E+00
 0.189725578510253E+00
 0.188485534696756E+00
 0.187199828219571E+00
 0.185931080584234E+00
 0.184703752138927E+00
 0.183407061268733E+00
 0.182245301038384E+00
 0.180930158042509E+00
 0.179849066569978E+00
 0.178531642353582E+00
 0.177444788604811E+00
 0.176173300044746E+00
 0.180140086686238E+00
 0.187900047278960E+00
 0.194954418746461E+00
 0.201278048441800E+00
 0.206848912232462E+00
 0.211648209994204E+00
 0.215660441681257E+00
 0.218873457277168E+00
 0.221278479266743E+00
 0.222870109262294E+00
 0.225699657938430E+00
 0.228126894769929E+00
 0.229706733513994E+00
 0.230437492283291E+00
 0.230321021036520E+00
 0.229362702481232E+00
 0.227571453886277E+00
 0.224959710329088E+00
 0.221809827542040E+00
 0.218735727648182E+00
 0.215724815559350E+00
 0.212815475064396E+00
 0.210007596940239E+00
 0.207259995349844E+00
 0.204579247943941E+00
 0.201957373971839E+00
 0.199373641413621E+00
 0.196847614606343E+00
 0.194538536769652E+00
 0.192243509533788E+00
 0.189912367704835E+00
 0.187615061002796E+00
 0.185595008958830E+00
 0.183461284870619E+00
 0.181347560725880E+00
 0.179474059689166E+00
 0.177424858906359E+00
 0.175576272269046E+00
 0.173779344765981E+00
 0.171884078216321E+00
 0.170239175198825E+00
 0.168333323498820E+00
 0.166820491678881E+00
 0.165056386996595E+00
 0.163528722164058E+00
 0.161900748032177E+00
 0.160363023140770E+00
 0.158881011318516E+00
 0.157319661936029E+00
 0.155872543594444E+00
 0.154393385838774E+00
 0.152985882965450E+00
 0.151567309625678E+00
 0.150174318277992E+00
 0.148834433780209E+00
 0.147469580731986E+00
 0.146188068199492E+00
 0.144826588260748E+00
 0.143622391958425E+00
 0.142278905481001E+00
 0.141130910209223E+00
 0.139784062838860E+00
 0.138710881368258E+00
 0.137375857858977E+00
 0.136357587052082E+00
 0.134798983555128E+00
 0.132709769552445E+00
 0.130101848261369E+00
 0.126995914917052E+00
 0.123779754177486E+00
 0.121018859339707E+00
 0.120414226923851E+00
 0.119772706371645E+00
 0.119038184995983E+00
 0.118432586063435E+00
 0.117842588008154E+00
 0.117143038679475E+00
 0.116507359077770E+00
 0.115904310324038E+00
 0.115215454001844E+00
 0.114651239855898E+00
 0.113925163848518E+00
 0.113359021524254E+00
 0.112759864733060E+00
 0.112098220815524E+00
 0.111576909568212E+00
 0.110864785650927E+00
 0.111676884789784E+00
 0.121140890978673E+00
 0.130219047550603E+00
 0.138867711457477E+00
 0.147045034166128E+00
 0.154711129952026E+00
 0.161828243406327E+00
 0.168360920182838E+00
 0.174276176429929E+00
 0.179543656749689E+00
 0.184135772276661E+00
 0.188027816561482E+00
 0.191198061739828E+00
 0.193627839086112E+00
 0.195301608456275E+00
 0.196409179976319E+00
 0.198874373500612E+00
 0.200551958561269E+00
 0.201429414040307E+00
 0.201497621529404E+00
 0.200750907070237E+00
 0.199187064167044E+00
 0.196807357069317E+00
 0.193816492454272E+00
 0.190855642768937E+00
 0.188013609642617E+00
 0.185177374681207E+00
 0.182509815413663E+00
 0.179893066178635E+00
 0.177363713193167E+00
 0.174889816242774E+00
 0.172486183597250E+00
 0.170147694643841E+00
 0.167888895884846E+00
 0.165675493646830E+00
 0.163542075385397E+00
 0.161459675031433E+00
 0.159422874714473E+00
 0.157443655819656E+00
 0.155511583018707E+00
 0.153699106751737E+00
 0.151859661352470E+00
 0.150131531695948E+00
 0.148407474819980E+00
 0.146749433205608E+00
 0.145199906425551E+00
 0.143532056885416E+00
 0.142116122046842E+00
 0.140453416725172E+00
 0.139160995353066E+00
 0.137609863682628E+00
 0.140545129740120E+00
 0.151335320113835E+00
 0.161627418281286E+00
 0.171383320072715E+00
 0.180567152657719E+00
 0.189145405728318E+00
 0.197087061583639E+00
 0.204363720175826E+00
 0.210949714020556E+00
 0.216822211096676E+00
 0.221961305862791E+00
 0.226350097011620E+00
 0.229974748465790E+00
 0.233091359344574E+00
 0.237541916095937E+00
 0.241195312812104E+00
 0.244040669015998E+00
 0.246070375241870E+00
 0.247280114049107E+00
 0.247668854023600E+00
 0.247238821715395E+00
 0.245995462972669E+00
 0.243958487628523E+00
 0.241656698537790E+00
 0.239400024896398E+00
 0.237154378352997E+00
 0.234953357684833E+00
 0.232761001321681E+00
 0.230595737832811E+00
 0.228461068837901E+00
 0.226347934130307E+00
 0.224252402133715E+00
 0.222231937385489E+00
 0.220225449627301E+00
 0.218263578908791E+00
 0.216324587669752E+00
 0.214402439344689E+00
 0.212545973686924E+00
 0.210680118398524E+00
 0.208843749632892E+00
 0.207149615301063E+00
 0.205344414928039E+00
 0.203673405917863E+00
 0.201996100079159E+00
 0.200319822663553E+00
 0.198778049676767E+00
 0.197070789053545E+00
 0.195630093266764E+00
 0.193900904914809E+00
 0.192561058315570E+00
 0.190930375501222E+00
 0.189574576348132E+00
 0.188066468617283E+00
 0.186670082080431E+00
 0.185163486343101E+00
 0.183838244739590E+00
 0.182352853484319E+00
 0.181075913160508E+00
 0.179584037412389E+00
 0.178375219241274E+00
 0.176900249527703E+00
 0.175737992453515E+00
 0.174250077564789E+00
 0.173153631260293E+00
 0.171679035756537E+00
 0.170628124199036E+00
 0.169137105649784E+00
 0.168150381853069E+00
 0.166669692121686E+00
 0.169503263838510E+00
 0.171810523867404E+00
 0.173595175534052E+00
 0.174872335224466E+00
 0.175659565413161E+00
 0.175976766349495E+00
 0.175846059563039E+00
 0.175291666066793E+00
 0.174339776021594E+00
 0.173018402742478E+00
 0.171357217234741E+00
 0.169542118740658E+00
 0.167858028765803E+00
 0.166206570665457E+00
 0.164497515718457E+00
 0.162981601066991E+00
 0.161367425541249E+00
 0.159744905956522E+00
 0.158363041096038E+00
 0.156805738027968E+00
 0.155271714445525E+00
 0.153772123904105E+00
 0.152302390454843E+00
 0.150849851647314E+00
 0.149457742922458E+00
 0.148097296907551E+00
 0.146818449933660E+00
 0.145593899937432E+00
 0.144327521735329E+00
 0.143198451881189E+00
 0.142008470199465E+00
 0.140860537826668E+00
 0.139781960633094E+00
 0.138593233280605E+00
 0.137606765602231E+00
 0.136438376519699E+00
 0.135485063447487E+00
 0.134378615812886E+00
 0.133415028435614E+00
 0.132384233695168E+00
 0.134354725773996E+00
 0.138577356378595E+00
 0.143164166926253E+00
 0.148097979597114E+00
 0.153359066366943E+00
 0.158925234608441E+00
 0.164771927679853E+00
 0.170872338879842E+00
 0.177197535819413E+00
 0.183716589826365E+00
 0.190396704904386E+00
 0.197203344849439E+00
 0.204100363778201E+00
 0.211050150429480E+00
 0.218013796097689E+00
 0.224951288725669E+00
 0.231821724768262E+00
 0.238583522611463E+00
 0.245194622527085E+00
 0.251612668626993E+00
 0.257795181362814E+00
 0.263699735721187E+00
 0.269284156169495E+00
 0.274506728651445E+00
 0.279326420996052E+00
 0.283703101432729E+00
 0.287597748943348E+00
 0.290972653345354E+00
 0.293791603899092E+00
 0.296020064551965E+00
 0.298099643004849E+00
 0.300893232242436E+00
 0.303071703846048E+00
 0.304601299100187E+00
 0.305450371116633E+00
 0.305589535285354E+00
 0.304991817350476E+00
 0.303632805754991E+00
 0.301490807906083E+00
 0.298547002149582E+00
 0.294785573299004E+00
 0.290193822405455E+00
 0.290272664305060E+00
 0.295747064855377E+00
 0.301006728010780E+00
 0.306031774975664E+00
 0.310802533495643E+00
 0.315299618763923E+00
 0.319504014764259E+00
 0.323397155999131E+00
 0.326961009367136E+00
 0.330178155335619E+00
 0.333031866911598E+00
 0.335506184860313E+00
 0.337585988428188E+00
 0.339257062099405E+00
 0.340506159801919E+00
 0.341321067808140E+00
 0.341690666411222E+00
 0.341604989098055E+00
 0.341055277323187E+00
 0.340034029475089E+00
 0.338535043753220E+00
 0.336553455574662E+00
 0.334085770248958E+00
 0.331129891148969E+00
 0.327685143076194E+00
 0.323752290442571E+00
 0.319333550198625E+00
 0.314432599665119E+00
 0.309054579218925E+00
 0.303206089275401E+00
 0.296895180713678E+00
 0.290131338229235E+00
 0.282925456982207E+00
 0.275289813754754E+00
 0.288527074161709E+00
 0.303427386131216E+00
 0.317617121376583E+00
 0.331050785890152E+00
 0.343685320826064E+00
 0.355480242222682E+00
 0.366397781586650E+00
 0.376403037875611E+00
 0.385464140007968E+00
 0.393552408201743E+00
 0.400642497917798E+00
 0.406712513878021E+00
 0.414571666233227E+00
 0.421750271330677E+00
 0.427863682437964E+00
 0.432893172564783E+00
 0.436823770307009E+00
 0.439644312298726E+00
 0.441347469410868E+00
 0.441929754715028E+00
 0.441391523732843E+00
 0.439736975205871E+00
 0.436974153274308E+00
 0.433313368021950E+00
 0.429575277597474E+00
 0.425900116692680E+00
 0.422218440986263E+00
 0.418538640952582E+00
 0.414910960973058E+00
 0.411359495228927E+00
 0.407887288012049E+00
 0.404480369681614E+00
 0.401105377157096E+00
 0.397720492641738E+00
 0.394270520255588E+00
 0.391008856438087E+00
 0.387884734855291E+00
 0.384625184196667E+00
 0.381416059575026E+00
 0.378453444706802E+00
 0.375310328873824E+00
 0.372283820275008E+00
 0.369427612098071E+00
 0.366428556821105E+00
 0.363634719817864E+00
 0.360655310701471E+00
 0.357944238933304E+00
 0.355203632295260E+00
 0.352463844244433E+00
 0.349855438689584E+00
 0.347091397891680E+00
 0.344623474185388E+00
 0.341894691950756E+00
 0.339528842627782E+00
 0.336815238813073E+00
 0.334521058037952E+00
 0.331879183206812E+00
 0.329645490604321E+00
 0.327067569852100E+00
 0.324880378202835E+00
 0.322352874227357E+00
 0.320237934559781E+00
 0.317744579024128E+00
 0.315695805738496E+00
 0.313248575046046E+00
 0.311268407310896E+00
 0.308866450745471E+00
 0.306934365697568E+00
 0.304597971311933E+00
 0.302708670730999E+00
 0.300443518194013E+00
 0.297459740907155E+00
 0.293767475185067E+00
 0.289379252168205E+00
 0.284309987582056E+00
 0.278576969415774E+00
 0.272383761184545E+00
 0.266328634838553E+00
 0.260454639391120E+00
 0.254736881488996E+00
 0.249208644696006E+00
 0.243801780254880E+00
 0.238615484491275E+00
 0.233554591177988E+00
 0.228629926081696E+00
 0.223846738890132E+00
 0.219205778777917E+00
 0.214703462315652E+00
 0.210332750334162E+00
 0.206083725049233E+00
 0.201943984670755E+00
 0.197899312210765E+00
 0.194390485692225E+00
 0.192896143038583E+00
 0.191442739312270E+00
 0.189847540986040E+00
 0.188461387181324E+00
 0.187060464497289E+00
 0.185544500331826E+00
 0.184288128810338E+00
 0.182809865048949E+00
 0.181552641214329E+00
 0.180218651879284E+00
 0.178870974328586E+00
 0.177660338421418E+00
 0.176276754796512E+00
 0.175142204127622E+00
 0.173748003547298E+00
 0.172666697359650E+00
 0.171267109713911E+00
 0.170250856478506E+00
 0.168864204400501E+00
 0.167836756707149E+00
 0.166500510463230E+00
 0.165477636676560E+00
 0.164191952304364E+00
 0.163152124038396E+00
 0.161928572703605E+00
 0.160878464150466E+00
 0.159696894121503E+00
 0.158636254442958E+00
 0.157501449600053E+00
 0.156444116563098E+00
 0.155346431979392E+00
 0.154285025772825E+00
 0.153236977517982E+00
 0.152175148056597E+00
 0.151177836763149E+00
 0.149715668106666E+00
 0.147810189459353E+00
 0.145485320272237E+00
 0.143016667222536E+00
 0.140593748205277E+00
 0.143795982510167E+00
 0.151990466416656E+00
 0.160161781645512E+00
 0.168266788930024E+00
 0.176262417936461E+00
 0.184105857323346E+00
 0.191754742259082E+00
 0.199167342938608E+00
 0.206302757036314E+00
 0.213121106954521E+00
 0.219583739464670E+00
 0.225653422193363E+00
 0.231294529978818E+00
 0.236473215414082E+00
 0.241157561698812E+00
 0.245317720639154E+00
 0.248926041723104E+00
 0.251957197581737E+00
 0.254388306965053E+00
 0.256646396671619E+00
 0.259684994924929E+00
 0.262098059405136E+00
 0.263864707583088E+00
 0.264966813646593E+00
 0.265389107388197E+00
 0.265119265727595E+00
 0.264147991142298E+00
 0.262469068352979E+00
 0.260079391878513E+00
 0.256978964344501E+00
 0.253219162607198E+00
 0.249410011703343E+00
 0.245708176793443E+00
 0.242094927965951E+00
 0.238631307041326E+00
 0.235243037009481E+00
 0.231990635692877E+00
 0.228813474087780E+00
 0.225744024166493E+00
 0.222744700017633E+00
 0.226048943738855E+00
 0.229118959445042E+00
 0.231903623746973E+00
 0.234394409379630E+00
 0.236583773779485E+00
 0.238465192202459E+00
 0.240033187084498E+00
 0.241283353237918E+00
 0.242212378471309E+00
 0.242818059336025E+00
 0.243099311797821E+00
 0.243056176641788E+00
 0.242689819425655E+00
 0.242002524956246E+00
 0.240997686610085E+00
 0.239679791145466E+00
 0.238054399642379E+00
 0.236128124738356E+00
 0.233908603673101E+00
 0.231404466313461E+00
 0.228625297621720E+00
 0.225581594796925E+00
 0.222284720039501E+00
 0.218746850098525E+00
 0.214980923398965E+00
 0.211000584945207E+00
 0.206820128768950E+00
 0.202454437620259E+00
 0.197918919792195E+00
 0.193229443204831E+00
 0.188402267014916E+00
 0.183453971080180E+00
 0.178552365500205E+00
 0.173988178383439E+00
 0.173880302452633E+00
 0.176567191641922E+00
 0.178541459977308E+00
 0.179804638064207E+00
 0.180361338531444E+00
 0.180219217237127E+00
 0.179664306926079E+00
 0.179048979331245E+00
 0.178421233008703E+00
 0.177717960773232E+00
 0.176978167796778E+00
 0.176222432872295E+00
 0.175457871660428E+00
 0.174678633801205E+00
 0.173867475794709E+00
 0.173000843164237E+00
 0.172173630117505E+00
 0.171332581802485E+00
 0.170476337757310E+00
 0.169627782482789E+00
 0.168754941497153E+00
 0.167865330905848E+00
 0.166960168445433E+00
 0.166045872389131E+00
 0.165154974813188E+00
 0.164289332125043E+00
 0.163452090217364E+00
 0.162542999539119E+00
 0.161722057639835E+00
 0.160753465829058E+00
 0.159988223846655E+00
 0.159098295376912E+00
 0.158267959272986E+00
 0.157434821464073E+00
 0.156577618905456E+00
 0.155768511365237E+00
 0.154894214984106E+00
 0.154128553008061E+00
 0.153223359924126E+00
 0.152429250354200E+00
 0.151567025057885E+00
 0.150751373610983E+00
 0.149923908850867E+00
 0.149062393085158E+00
 0.148291517241781E+00
 0.147398786213429E+00
 0.146666790648299E+00
 0.145723050063247E+00
 0.145046391412754E+00
 0.144075918058230E+00
 0.143437227196121E+00
 0.142418012357631E+00
 0.141833103092830E+00
 0.140791517144686E+00
 0.140244301906989E+00
 0.139245845668157E+00
 0.137806391004612E+00
 0.135938058596195E+00
 0.133823264869352E+00
 0.131734863777873E+00
 0.129665515166910E+00
 0.127624735241699E+00
 0.125611141837059E+00
 0.123638087799954E+00
 0.121680755732253E+00
 0.119749829546613E+00
 0.117852373831593E+00
 0.115992105517517E+00
 0.114169747753045E+00
 0.112383721215400E+00
 0.110630326646569E+00
 0.108904110084948E+00
 0.107198330275997E+00
 0.105505076126585E+00
 0.103914437052523E+00
 0.102353481684595E+00
 0.100795167706770E+00
 0.992284122972606E-01
 0.977695053120568E-01
 0.970258135362658E-01
 0.995525167696556E-01
 0.101526901607987E+00
 0.102925184349673E+00
 0.104743791315543E+00
 0.106732299117613E+00
 0.108121143556725E+00
 0.108888468063417E+00
 0.109015218370920E+00
 0.108488957071572E+00
 0.107687357458292E+00
 0.106881902276380E+00
 0.106030991347837E+00
 0.105205824925550E+00
 0.104382598203519E+00
 0.103539703116007E+00
 0.102673683863561E+00
 0.101783884340274E+00
 0.100998147764187E+00
 0.100198290623911E+00
 0.993507835000804E-01
 0.984207450789641E-01
 0.976565905429204E-01
 0.968800912144041E-01
 0.960403748984799E-01
 0.952192775817560E-01
 0.944658994080298E-01
 0.936782130076329E-01
 0.929168096258444E-01
 0.921115382021598E-01
 0.913923367535506E-01
 0.973522483627795E-01
 0.110014641369171E+00
 0.122660410295117E+00
 0.135238078629791E+00
 0.147695823463821E+00
 0.159981707327741E+00
 0.172043922288971E+00
 0.183831029380441E+00
 0.195292181222475E+00
 0.206377328407855E+00
 0.217037420650339E+00
 0.227224614183307E+00
 0.236892488007427E+00
 0.245996261109224E+00
 0.254492999190748E+00
 0.262341805123733E+00
 0.269503996705628E+00
 0.275943279676938E+00
 0.281625919270316E+00
 0.286520904256077E+00
 0.290600092771342E+00
 0.293838334567252E+00
 0.296615640538759E+00
 0.300747318693488E+00
 0.304002206756640E+00
 0.306357725262643E+00
 0.307794624951116E+00
 0.308297090950707E+00
 0.307852848767218E+00
 0.306453258794695E+00
 0.304093383360361E+00
 0.300772018721272E+00
 0.296816975678160E+00
 0.292948999165433E+00
 0.289151429770865E+00
 0.285474867812278E+00
 0.281911747591310E+00
 0.278416976407927E+00
 0.274999634300611E+00
 0.271649219385759E+00
 0.268343749003433E+00
 0.265143538085653E+00
 0.262106759633093E+00
 0.259138337520742E+00
 0.256155345626109E+00
 0.253213676938334E+00
 0.250499277215870E+00
 0.247733312870252E+00
 0.245060873424097E+00
 0.242497906895376E+00
 0.239871560650150E+00
 0.237416475262380E+00
 0.235039466094731E+00
 0.232614912340884E+00
 0.230369078863528E+00
 0.227973666292353E+00
 0.225860948939801E+00
 0.223626353337164E+00
 0.221548999524930E+00
 0.219475131360868E+00
 0.217409902002829E+00
 0.215495744462781E+00
 0.213421456624491E+00
 0.211589429485981E+00
 0.209603609768307E+00
 0.207839172590797E+00
 0.217712754091254E+00
 0.228795241675885E+00
 0.239081798448246E+00
 0.248537507762706E+00
 0.257130567988376E+00
 0.264832397677868E+00
 0.271617727753541E+00
 0.277464686368525E+00
 0.282354875009639E+00
 0.286273431414525E+00
 0.291228683760642E+00
 0.296184638063708E+00
 0.300127158038396E+00
 0.303044904918696E+00
 0.304930330651006E+00
 0.305779703204065E+00
 0.305593115337793E+00
 0.304374473303843E+00
 0.302131461408569E+00
 0.299370827438743E+00
 0.296637608983856E+00
 0.293885978981798E+00
 0.291224233277026E+00
 0.288603227210051E+00
 0.285996264114871E+00
 0.283407751555253E+00
 0.280823207036324E+00
 0.278301940216096E+00
 0.275874053107390E+00
 0.273513022787193E+00
 0.271094263998732E+00
 0.268611678377161E+00
 0.266434477832219E+00
 0.264191341177297E+00
 0.261877110576770E+00
 0.259751125737921E+00
 0.257577540628830E+00
 0.255402943353285E+00
 0.253424310842056E+00
 0.251231986837946E+00
 0.249322102884508E+00
 0.247277558976915E+00
 0.245313889788648E+00
 0.243457425868182E+00
 0.241468510070445E+00
 0.239712980980309E+00
 0.237697792710251E+00
 0.236051644886008E+00
 0.234052487489081E+00
 0.232494034925355E+00
 0.230502378654080E+00
 0.228977156414248E+00
 0.227028447579861E+00
 0.225554264884850E+00
 0.223673322425551E+00
 0.222198349694648E+00
 0.220380286964481E+00
 0.218929779910496E+00
 0.225073145620647E+00
 0.232157648879411E+00
 0.238515037584194E+00
 0.244139338933168E+00
 0.249027759022489E+00
 0.253180679290050E+00
 0.256601615772268E+00
 0.259297146705976E+00
 0.263439881828105E+00
 0.266903763653228E+00
 0.269610643207858E+00
 0.271570743237539E+00
 0.272797294910683E+00
 0.273306435222736E+00
 0.273117102724189E+00
 0.272250928657586E+00
 0.270732118875062E+00
 0.268587323358234E+00
 0.265845492153399E+00
 0.262632913082523E+00
 0.259422918304928E+00
 0.256454334363951E+00
 0.253425127368419E+00
 0.250470351232531E+00
 0.247715839917628E+00
 0.244904669610968E+00
 0.242238902763375E+00
 0.239594364903710E+00
 0.236976159676814E+00
 0.234401144837608E+00
 0.231935252516997E+00
 0.229592153144336E+00
 0.227232999882206E+00
 0.224966173670272E+00
 0.222862198900397E+00
 0.220669416620068E+00
 0.218563372274154E+00
 0.216603365463650E+00
 0.214470254120475E+00
 0.212632431972841E+00
 0.210691574109705E+00
 0.208773290262741E+00
 0.207005994026631E+00
 0.205058672241874E+00
 0.203419193853120E+00
 0.201471623454559E+00
 0.199931950255629E+00
 0.198118375195819E+00
 0.196552881318695E+00
 0.194753345900508E+00
 0.193247342007885E+00
 0.191507667400923E+00
 0.190043186565576E+00
 0.188332360357369E+00
 0.186926121353505E+00
 0.185263072316949E+00
 0.183898282229369E+00
 0.182257967607289E+00
 0.180950951795230E+00
 0.179348466493190E+00
 0.178084685901025E+00
 0.176501138136839E+00
 0.175294129178177E+00
 0.173741368918297E+00
 0.174278786374467E+00
 0.175850152983468E+00
 0.177475301886926E+00
 0.179156623352277E+00
 0.180895698146408E+00
 0.182693278447445E+00
 0.184549272670672E+00
 0.186462735164658E+00
 0.188431860893814E+00
 0.190453984337193E+00
 0.192525581856898E+00
 0.194642277800125E+00
 0.196798855663315E+00
 0.198989275650606E+00
 0.201206698672366E+00
 0.203443515220794E+00
 0.205691377007871E+00
 0.207941230326660E+00
 0.210183352000598E+00
 0.212407389978608E+00
 0.214602410129402E+00
 0.216756948980132E+00
 0.218859070464046E+00
 0.220896424460260E+00
 0.222856306116131E+00
 0.224725716546292E+00
 0.226491426193857E+00
 0.228140041479088E+00
 0.229658074076525E+00
 0.231032011446846E+00
 0.232248387695745E+00
 0.233293854917186E+00
 0.234155255759542E+00
 0.234819697335623E+00
 0.235274625232090E+00
 0.235507895522400E+00
 0.235507843299758E+00
 0.235263348028055E+00
 0.234763897556800E+00
 0.233999652608662E+00
 0.232961511818720E+00
 0.231641175282457E+00
 0.230031203706506E+00
 0.228125071283936E+00
 0.225917212447750E+00
 0.223403064074276E+00
 0.220579104529885E+00
 0.217442889588316E+00
 0.213993084027476E+00
 0.210229487685999E+00
 0.206153055785385E+00
 0.201765914289714E+00
 0.197071370958473E+00
 0.192073921585273E+00
 0.186779249802973E+00
 0.187812150565324E+00
 0.198802851306894E+00
 0.209376310789273E+00
 0.219489721422431E+00
 0.229101915921273E+00
 0.238173582471319E+00
 0.246667461659836E+00
 0.254548535050339E+00
 0.261784212684407E+00
 0.268344517088761E+00
 0.274202252069638E+00
 0.279333142559659E+00
 0.283715937685608E+00
 0.287645867524930E+00
 0.292739200263730E+00
 0.297050320963717E+00
 0.300561103774703E+00
 0.303256726352179E+00
 0.305125673954080E+00
 0.306159717386789E+00
 0.306353875443631E+00
 0.305706373417796E+00
 0.304218608204827E+00
 0.301895127215385E+00
 0.298749711814352E+00
 0.296040163360978E+00
 0.293625135912463E+00
 0.290459119380161E+00
 0.288158335876758E+00
 0.285667934487252E+00
 0.282538074682261E+00
 0.280569984309470E+00
 0.278017930642327E+00
 0.274964689777305E+00
 0.271920207772856E+00
 0.268874304145350E+00
 0.265904992049361E+00
 0.262928440984047E+00
 0.259974863254684E+00
 0.257059615594908E+00
 0.254182146230594E+00
 0.251333762441860E+00
 0.248494030527195E+00
 0.245637878844847E+00
 0.242740697812818E+00
 0.240078441855237E+00
 0.237377774101078E+00
 0.234611374042775E+00
 0.231909985980724E+00
 0.229399362349932E+00
 0.226810459440637E+00
 0.224229933454734E+00
 0.221957644033877E+00
 0.219607232941215E+00
 0.217290479280699E+00
 0.215309172200524E+00
 0.213238465957790E+00
 0.211299152498105E+00
 0.209601484321653E+00
 0.207742891370726E+00
 0.206260164124503E+00
 0.204685418185690E+00
 0.203186304036889E+00
 0.201831937415636E+00
 0.200334312482649E+00
 0.199136666787076E+00
 0.197656651377587E+00
 0.196560088900782E+00
 0.195112772490249E+00
 0.194072619088912E+00
 0.192672456505957E+00
 0.190776270731980E+00
 0.188390402101000E+00
 0.185523121805605E+00
 0.182184601329487E+00
 0.178386875359882E+00
 0.174143791835262E+00
 0.169524874455432E+00
 0.164972068644391E+00
 0.160613252471168E+00
 0.156442993801997E+00
 0.152475140352149E+00
 0.148730969710246E+00
 0.145164080813316E+00
 0.142494157720187E+00
 0.141436600058420E+00
 0.140006229468104E+00
 0.138643098645662E+00
 0.137331540444427E+00
 0.136063444022952E+00
 0.134822685558420E+00
 0.133566577325127E+00
 0.132283093471245E+00
 0.130950483935611E+00
 0.129660660876258E+00
 0.128341735448674E+00
 0.126954373185549E+00
 0.125476203826757E+00
 0.124110301771986E+00
 0.122692715226612E+00
 0.125724652349152E+00
 0.128575382332852E+00
 0.131000648687210E+00
 0.132966965979590E+00
 0.134443440098601E+00
 0.135402020794040E+00
 0.135817584223941E+00
 0.135667939380317E+00
 0.134933864162648E+00
 0.133599228693993E+00
 0.131651199774931E+00
 0.129080484629629E+00
 0.125881573984050E+00
 0.122052960317524E+00
 0.117597309162303E+00
 0.112521547470944E+00
 0.106836828931015E+00
 0.102771822372375E+00
 0.101975057225225E+00
 0.101363616743387E+00
 0.100614449560126E+00
 0.100009833534469E+00
 0.992843231310424E-01
 0.986953958028817E-01
 0.979762761854392E-01
 0.974122744730521E-01
 0.965233085260798E-01
 0.953234734859559E-01
 0.938280184074458E-01
 0.920532568513604E-01
 0.900164654834263E-01
 0.877357785961609E-01
 0.852880907673311E-01
 0.831327539056634E-01
 0.812867568802767E-01
 0.796576550820991E-01
 0.874991043574745E-01
 0.978432113412483E-01
 0.107881622828841E+00
 0.117568182457312E+00
 0.126858943615960E+00
 0.135712322002476E+00
 0.144089271936495E+00
 0.151953547853660E+00
 0.159272045308745E+00
 0.166015142162962E+00
 0.172156937350984E+00
 0.177675334221495E+00
 0.182552004668849E+00
 0.186772333621488E+00
 0.190325434256094E+00
 0.193204251773894E+00
 0.195405694559115E+00
 0.196930703926171E+00
 0.197784210908543E+00
 0.197974993181670E+00
 0.197515484588773E+00
 0.196421580712412E+00
 0.194712447771877E+00
 0.192410319176206E+00
 0.189540274277116E+00
 0.186130019753108E+00
 0.182209700448343E+00
 0.177811737119040E+00
 0.172970644712604E+00
 0.167722768327210E+00
 0.162105909064557E+00
 0.156158880014106E+00
 0.149921083476962E+00
 0.143432192381565E+00
 0.136731953486475E+00
 0.129860053695950E+00
 0.122855958748852E+00
 0.115758666485020E+00
 0.108606386123490E+00
 0.101454032736628E+00
 0.950707032449848E-01
 0.896545691283645E-01
 0.850406861107349E-01
 0.810434688098004E-01
 0.775295134648746E-01
 0.744497928014832E-01
 0.717005052765493E-01
 0.692266903408299E-01
 0.669125852283073E-01
 0.647656002528583E-01
 0.628752747605110E-01
 0.610271171803684E-01
 0.592688099809063E-01
 0.577413444751325E-01
 0.562120328721502E-01
 0.548031192325769E-01
 0.535391088127895E-01
 0.522989206896269E-01
 0.513609896030903E-01
 0.504656549658024E-01
 0.498239225562341E-01
 0.490960102263946E-01
 0.484712449294483E-01
 0.479558153349783E-01
 0.472645420329546E-01
 0.468773180819253E-01
 0.463706128490577E-01
 0.457960271560610E-01
 0.454584641652578E-01
 0.449460633560072E-01
 0.444961950103891E-01
 0.441422534443614E-01
 0.436189776296302E-01
 0.432674558615716E-01
 0.428959823843887E-01
 0.423609943809536E-01
 0.420922807909329E-01
 0.417039901173354E-01
 0.412079052242940E-01
 0.409635865905366E-01
 0.405602378264026E-01
 0.401422905694205E-01
 0.398796779384628E-01
 0.394637609465371E-01
 0.391193492992703E-01
 0.388418852127820E-01
 0.384166076859673E-01
 0.381416801755284E-01
 0.378527574603551E-01
 0.374211271844312E-01
 0.372112441968265E-01
 0.369133745770530E-01
 0.364930109014511E-01
 0.363275279124484E-01
 0.360223368643779E-01
 0.356641979358594E-01
 0.354881165225407E-01
 0.351767982451395E-01
 0.348748892320224E-01
 0.346893091924355E-01
 0.343724990554517E-01
 0.341202771395297E-01
 0.339258472143093E-01
 0.336048584218540E-01
 0.333949071762609E-01
 0.331922110654637E-01
 0.328730877317545E-01
 0.325082110667165E-01
 0.321223829380920E-01
 0.317102273273645E-01
 0.312775788211078E-01
 0.308431603842227E-01
 0.303992794809935E-01
 0.299509269161495E-01
 0.294989665363485E-01
 0.290473349119161E-01
 0.286111132488744E-01
 0.281821386765834E-01
 0.277578135601454E-01
 0.273377592396273E-01
 0.269204125706147E-01
 0.265284929329373E-01
 0.261591594726928E-01
 0.257905446490430E-01
 0.254183838324282E-01
 0.250995782664104E-01
 0.247814423497455E-01
 0.244520260267492E-01
 0.241778251648098E-01
 0.238998568743002E-01
 0.236130085362478E-01
 0.233837186989294E-01
 0.231251203142713E-01
 0.229044855669942E-01
 0.226840455055655E-01
 0.224609980073936E-01
 0.222726940010621E-01
 0.220504639697346E-01
 0.218880287740843E-01
 0.216692550999292E-01
 0.215264308700519E-01
 0.213157806077224E-01
 0.211844958805965E-01
 0.209818881464808E-01
 0.208596564938511E-01
 0.206644936984741E-01
 0.203997649222406E-01
 0.200690717604467E-01
 0.196929060318483E-01
 0.193295541316240E-01
 0.189800452230778E-01
 0.186422066207772E-01
 0.183182195446118E-01
 0.180006602258231E-01
 0.176938960521295E-01
 0.173981267456224E-01
 0.171083051561842E-01
 0.168241202204711E-01
 0.165448093109181E-01
 0.162703493479898E-01
 0.160080778172603E-01
 0.157508704013200E-01
 0.154975219033666E-01
 0.152468939518317E-01
 0.149978845443611E-01
 0.147587578160154E-01
 0.145328988487528E-01
 0.143076830387274E-01
 0.140814770078777E-01
 0.138675439403252E-01
 0.136657544675727E-01
 0.134604355612609E-01
 0.132554018155084E-01
 0.130733470588416E-01
 0.128836291048486E-01
 0.126923095838133E-01
 0.125225248731879E-01
 0.123174404884975E-01
 0.120700136059667E-01
 0.117825679364932E-01
 0.114575842211218E-01
 0.110976817731190E-01
 0.107055975824517E-01
 0.102841702131607E-01
 0.983632803955336E-02
 0.936507260844690E-02
 0.887344804462429E-02
 0.836449807328998E-02
 0.784122461790012E-02
 0.730656462835429E-02
 0.676339115297884E-02
 0.621452829345085E-02
 0.566276018131792E-02
 0.547076049637990E-02
 0.543199899854039E-02
 0.539270805315076E-02
 0.534986271783790E-02
 0.531156065082309E-02
 0.526944977218493E-02
 0.523179371060367E-02
 0.518921440624809E-02
 0.515058599820806E-02
 0.510875175801227E-02
 0.507077040051946E-02
 0.502947591445566E-02
 0.498297550318473E-02
 0.493189237522520E-02
 0.487668275205951E-02
 0.481758778662112E-02
 0.475528790915089E-02
 0.469160503947305E-02
 0.462727106164271E-02
 0.456288332894301E-02
 0.449936505082845E-02
 0.443881620111005E-02
 0.438138551360726E-02
 0.432695216354258E-02
 0.427580155724443E-02
 0.422799756681998E-02
 0.418338625325932E-02
 0.414154386996574E-02
 0.410175255225816E-02
 0.406314553187430E-02
 0.402617188600430E-02
 0.399200472637290E-02
 0.395716870045778E-02
 0.392064162254984E-02
 0.388641045309337E-02
 0.384260575684669E-02
 0.379029731727050E-02
 0.373048109888553E-02
 0.366407342437797E-02
 0.359192947513620E-02
 0.351486856400156E-02
 0.343368626225146E-02
 0.334914634775987E-02
 0.326196220929031E-02
 0.317278345961838E-02
 0.308219499279451E-02
 0.299072235020214E-02
 0.289883284796506E-02
 0.280693042390248E-02
 0.271535371392976E-02
 0.262438798763722E-02
 0.253428941503945E-02
 0.244530614640169E-02
 0.235767960069213E-02
 0.227162430787959E-02
 0.218730321302865E-02
 0.210482065705066E-02
 0.202424164339875E-02
 0.195674579057163E-02
 0.195689697589985E-02
 0.195672794041539E-02
 0.195621986442704E-02
 0.195533275351738E-02
 0.195402801528890E-02
 0.195229220792071E-02
 0.195015043914796E-02
 0.194766164742145E-02
 0.194489797539840E-02
 0.194192000957393E-02
 0.193876097295855E-02
 0.193542537155925E-02
 0.193189863651322E-02
 0.192816139877332E-02
 0.192420461902739E-02
 0.192004334911566E-02
 0.191572422635478E-02
 0.191131969740439E-02
 0.191279753851259E-02
 0.191712995675173E-02
 0.192140961358799E-02
 0.192563600778351E-02
 0.192982781642272E-02
 0.193400680890286E-02
 0.193817742151171E-02
 0.194231312190214E-02
 0.194635877184504E-02
 0.195024879698400E-02
 0.195393126860816E-02
 0.195738516515993E-02
 0.196062292845286E-02
 0.196367829638842E-02
 0.196658563843797E-02
 0.196936008634627E-02
 0.197198753746715E-02
 0.197442952427409E-02
 0.197664044137725E-02
 0.197858756998047E-02
 0.198026317549926E-02
 0.198168408691808E-02
 0.198288237381594E-02
 0.198389394852259E-02
 0.198474874862568E-02
 0.198546221638706E-02
 0.198602870356664E-02
 0.198642161413755E-02
 0.198660537509525E-02
 0.198655694568023E-02
 0.198628501447924E-02
 0.198583316701589E-02
 0.198526283944941E-02
 0.198462577188796E-02
 0.198394267110630E-02
 0.198319987893087E-02
 0.198236394133486E-02
 0.198140420212012E-02
 0.198031125686174E-02
 0.197910339457960E-02
 0.197782003404385E-02
 0.197650710592244E-02
 0.197520212253889E-02
 0.197392525038935E-02
 0.197267808595203E-02
 0.197144758380205E-02
 0.197021215032759E-02
 0.196894970192120E-02
 0.196764876704476E-02
 0.196632006333550E-02
 0.196500053401211E-02
 0.196374216996806E-02
 0.196258746652438E-02
 0.196154551088885E-02
 0.196058583517674E-02
 0.195965626442305E-02
 0.195871383051476E-02
 0.195774854421999E-02
 0.195678584108336E-02
 0.195586906957964E-02
 0.195503561188107E-02
 0.195430093771250E-02
 0.195365637306979E-02
 0.195307707123114E-02
 0.195253296836985E-02
 0.195199761460484E-02
 0.195145384962145E-02
 0.195089758075734E-02
 0.195034010377038E-02
 0.194980683200591E-02
 0.194932910686979E-02
 0.194892879237100E-02
 0.194860203993400E-02
 0.194831360670731E-02
 0.194800990722806E-02
 0.194764684865333E-02
 0.194721577563404E-02
 0.194674911163973E-02
 0.194630032180796E-02
 0.194591136031960E-02
 0.194558962602454E-02
 0.194530828935854E-02
 0.194502603877976E-02
 0.194470992004554E-02
 0.194434694150378E-02
 0.194394211322687E-02
 0.194351063145632E-02
 0.194307226264530E-02
 0.194264908849762E-02
 0.194226207302333E-02
 0.194192307474678E-02
 0.194162528785322E-02
 0.194134017101439E-02
 0.194102733352936E-02
 0.194065555105162E-02
 0.194022355845109E-02
 0.193976606620864E-02
 0.193933781337125E-02
 0.193898307218656E-02
 0.193870966235372E-02
 0.193848525655497E-02
 0.193825877317239E-02
 0.193799177272672E-02
 0.193767831657030E-02
 0.193734196290855E-02
 0.193701647162908E-02
 0.193672707689782E-02
 0.193648425909690E-02
 0.193628837559442E-02
 0.193613486430503E-02
 0.193601324199074E-02
 0.193590343052845E-02
 0.193577849500312E-02
 0.193561764491473E-02
 0.193542231453761E-02
 0.193522201147301E-02
 0.193506182032001E-02
 0.193497662038068E-02
 0.193496811596997E-02
 0.193500085269904E-02
 0.193502156176876E-02
 0.193499025820694E-02
 0.193490289020156E-02
 0.193479081411304E-02
 0.193469858624945E-02
 0.193465657373794E-02
