 0.416843614146020E-07
 0.666095424963641E-06
 0.334312908225296E-05
 0.104208795670389E-04
 0.249816532241196E-04
 0.506785764624940E-04
 0.915823826444318E-04
 0.152055983220147E-03
 0.236659035960416E-03
 0.350072002567698E-03
 0.497023629972979E-03
 0.682208633714544E-03
 0.910191287404015E-03
 0.118530099202740E-02
 0.151153287052240E-02
 0.189246707669497E-02
 0.233266824350591E-02
 0.285162704441317E-02
 0.343928942336377E-02
 0.414285247161832E-02
 0.494272483629174E-02
 0.585650444282083E-02
 0.687063694632863E-02
 0.800747912730297E-02
 0.926360267140156E-02
 0.106501256706914E-01
 0.121525476652075E-01
 0.137667562885362E-01
 0.154857856576361E-01
 0.172995564442370E-01
 0.191947464409429E-01
 0.211548292404315E-01
 0.231603001441891E-01
 0.251890831623333E-01
 0.272170857674496E-01
 0.292188449621918E-01
 0.311681949185484E-01
 0.330388866735933E-01
 0.348051046433373E-01
 0.364418500218808E-01
 0.379251915720117E-01
 0.392324126252556E-01
 0.403421025433767E-01
 0.412342469280906E-01
 0.418903623127696E-01
 0.422937003671054E-01
 0.424295193200243E-01
 0.422853937554772E-01
 0.418515157058357E-01
 0.411209357792964E-01
 0.400897049459316E-01
 0.387569027424033E-01
 0.371245684669973E-01
 0.351975779794266E-01
 0.329835200826948E-01
 0.304926177496828E-01
 0.296933148922704E-01
 0.301479292874670E-01
 0.304593202372139E-01
 0.309270785110832E-01
 0.313447749787146E-01
 0.317852201207292E-01
 0.323114580221049E-01
 0.327135587763788E-01
 0.333562505920125E-01
 0.338474178353106E-01
 0.345005495931504E-01
 0.351217936621219E-01
 0.357825634961894E-01
 0.365441368741600E-01
 0.372405438921161E-01
 0.381530481116883E-01
 0.389079588093991E-01
 0.399615045523704E-01
 0.408672472576390E-01
 0.419938183893538E-01
 0.444348297680597E-01
 0.465432801660619E-01
 0.482964866313314E-01
 0.496740312435100E-01
 0.506579623326893E-01
 0.512330064046703E-01
 0.513867606508883E-01
 0.511098342900116E-01
 0.508536573512392E-01
 0.515282881874451E-01
 0.521000436378898E-01
 0.526671349967843E-01
 0.532688148513331E-01
 0.538986872601130E-01
 0.545754463749074E-01
 0.553861128008869E-01
 0.564245321255085E-01
 0.576247307860471E-01
 0.589008575700485E-01
 0.600484522624513E-01
 0.613033565771184E-01
 0.623747401115186E-01
 0.634878816346477E-01
 0.644589026759723E-01
 0.655169370721077E-01
 0.663665001935844E-01
 0.671544981542981E-01
 0.678687787007791E-01
 0.686080906030088E-01
 0.691751454253448E-01
 0.695691214878993E-01
 0.699812509421050E-01
 0.703609588649330E-01
 0.733207571030235E-01
 0.795792210183636E-01
 0.856759459086590E-01
 0.915863876134609E-01
 0.972877499603497E-01
 0.102759163983912E+00
 0.107981849431822E+00
 0.112939236206575E+00
 0.117617030685481E+00
 0.122003224343015E+00
 0.126088054236365E+00
 0.129863931980060E+00
 0.133325357907832E+00
 0.136468831410013E+00
 0.139292760236591E+00
 0.141797364722962E+00
 0.143984570490310E+00
 0.145857886410273E+00
 0.147422272166908E+00
 0.148684007783300E+00
 0.149650581055251E+00
 0.150330604266947E+00
 0.150733758699981E+00
 0.150870748361156E+00
 0.150753229950184E+00
 0.150393681363643E+00
 0.149805180309939E+00
 0.149001087632357E+00
 0.147994661148680E+00
 0.146798655170493E+00
 0.145424976642920E+00
 0.143884462309394E+00
 0.142186811438990E+00
 0.140340664089951E+00
 0.138353771115296E+00
 0.136233174955064E+00
 0.133985319123865E+00
 0.131616028968700E+00
 0.129130348161457E+00
 0.126532261604826E+00
 0.123824372914029E+00
 0.121007623129149E+00
 0.118081131359330E+00
 0.115042208563825E+00
 0.112239730819877E+00
 0.115533361091711E+00
 0.118618862168060E+00
 0.121490050545524E+00
 0.124142063784102E+00
 0.126571520369781E+00
 0.128776665161064E+00
 0.130757465795589E+00
 0.132515628594480E+00
 0.134054521069502E+00
 0.135379018884064E+00
 0.136495323863488E+00
 0.137410809695926E+00
 0.138133936747333E+00
 0.138674245658942E+00
 0.139042407920189E+00
 0.139250292964551E+00
 0.139311007816561E+00
 0.139238873051468E+00
 0.139049314822931E+00
 0.138758676038937E+00
 0.138383976534423E+00
 0.137942672149276E+00
 0.137452464171985E+00
 0.136931189572218E+00
 0.136396787369589E+00
 0.135867303834880E+00
 0.135360883189956E+00
 0.134895695888659E+00
 0.134489779063962E+00
 0.134160794310978E+00
 0.133925736802137E+00
 0.133800647801981E+00
 0.133800383495767E+00
 0.133977694277129E+00
 0.134951908557567E+00
 0.136092990151192E+00
 0.137406257301346E+00
 0.138895265153399E+00
 0.140561561393325E+00
 0.148153864582260E+00
 0.155587191828928E+00
 0.162731964191900E+00
 0.169556600094345E+00
 0.176030466964102E+00
 0.182124078732199E+00
 0.187809280359117E+00
 0.193059415763437E+00
 0.197849483319510E+00
 0.202156291435557E+00
 0.205958630920752E+00
 0.209237479115744E+00
 0.211976243494816E+00
 0.214161040439720E+00
 0.215780989233737E+00
 0.216828485200617E+00
 0.217299405584490E+00
 0.217193204532965E+00
 0.216512873152204E+00
 0.215264773378233E+00
 0.214344565699739E+00
 0.219087127792606E+00
 0.223795818367337E+00
 0.228462423723524E+00
 0.233078286350914E+00
 0.237634326481627E+00
 0.242121078792800E+00
 0.246528739811250E+00
 0.250847215212900E+00
 0.255066153209583E+00
 0.259174952688217E+00
 0.263162743306043E+00
 0.267018347226765E+00
 0.270730243591080E+00
 0.274286561142228E+00
 0.277675118042409E+00
 0.280883512218360E+00
 0.283899246849583E+00
 0.286709861969941E+00
 0.289303040485799E+00
 0.291666666299962E+00
 0.293788829892515E+00
 0.295657795952397E+00
 0.297261961496551E+00
 0.298589836461071E+00
 0.299630070829834E+00
 0.300371536038139E+00
 0.300803449855543E+00
 0.300915519970070E+00
 0.300698077280143E+00
 0.300142175316031E+00
 0.299239644136442E+00
 0.297983101505992E+00
 0.296365936082843E+00
 0.294382283882225E+00
 0.292027019281233E+00
 0.289295775737294E+00
 0.286185001125601E+00
 0.282692041298995E+00
 0.278815236721352E+00
 0.274554013581861E+00
 0.269908953452967E+00
 0.264881832865234E+00
 0.259475633255268E+00
 0.253694529579965E+00
 0.247543870319562E+00
 0.241030161619439E+00
 0.234219906725662E+00
 0.242558325955752E+00
 0.257016607331067E+00
 0.270963308901463E+00
 0.284344537456151E+00
 0.297108495177804E+00
 0.309205869189473E+00
 0.320590069994383E+00
 0.331217309045802E+00
 0.341046550333860E+00
 0.350039407427589E+00
 0.358160074571421E+00
 0.365375371247008E+00
 0.371654944204991E+00
 0.376971618558580E+00
 0.381821382081842E+00
 0.388102010602441E+00
 0.393385619108042E+00
 0.397648289211400E+00
 0.400870184816934E+00
 0.403035909602230E+00
 0.404134690437111E+00
 0.404160358259952E+00
 0.403111157569105E+00
 0.400989464707529E+00
 0.397888680898014E+00
 0.394658793744118E+00
 0.391443236550110E+00
 0.388265733859447E+00
 0.385063549160211E+00
 0.381884692812975E+00
 0.378758711045905E+00
 0.375688436251461E+00
 0.372659969783455E+00
 0.369646191630569E+00
 0.366607363728478E+00
 0.363486169256782E+00
 0.360542056370396E+00
 0.357692210707162E+00
 0.354689739463438E+00
 0.351702081712227E+00
 0.348996940955299E+00
 0.346036607763293E+00
 0.343243691218909E+00
 0.340564739153125E+00
 0.337568379416744E+00
 0.335112662356792E+00
 0.332294505944537E+00
 0.329729431711658E+00
 0.327131801733422E+00
 0.324453610123151E+00
 0.322051867411116E+00
 0.319371887570009E+00
 0.317075016811172E+00
 0.314395919388372E+00
 0.312235905699901E+00
 0.309596156508751E+00
 0.307470204137153E+00
 0.304892323536346E+00
 0.302844083991949E+00
 0.300353075891681E+00
 0.298328976970262E+00
 0.295903017654881E+00
 0.293941821525253E+00
 0.291554920587087E+00
 0.289653602111107E+00
 0.287316739086803E+00
 0.285483498928342E+00
 0.283191435459548E+00
 0.281402570497633E+00
 0.279178546888954E+00
 0.277431311789337E+00
 0.275275394516794E+00
 0.272423148200245E+00
 0.268882534103952E+00
 0.264664125101792E+00
 0.259781056224392E+00
 0.254249013923317E+00
 0.248332518716510E+00
 0.242598809339011E+00
 0.237044254246033E+00
 0.231670342617965E+00
 0.226438019674022E+00
 0.221403677869075E+00
 0.217196117168587E+00
 0.215285540457394E+00
 0.213404767712407E+00
 0.211555759503680E+00
 0.209723597060317E+00
 0.207885622692266E+00
 0.206108972369557E+00
 0.204396848865085E+00
 0.202704021386919E+00
 0.201002878372451E+00
 0.199347016678147E+00
 0.197715786991665E+00
 0.196112037240148E+00
 0.194528186031139E+00
 0.192989907698530E+00
 0.191451797308608E+00
 0.189962650550720E+00
 0.188449833008558E+00
 0.187041653841870E+00
 0.185641947893392E+00
 0.184210602312368E+00
 0.182889302733587E+00
 0.181432641761255E+00
 0.180199740366093E+00
 0.178776370277827E+00
 0.177573755954695E+00
 0.176154765859575E+00
 0.175008186029092E+00
 0.173622792497942E+00
 0.172499132256343E+00
 0.171145301582787E+00
 0.170042264702801E+00
 0.168705403999293E+00
 0.167632350885416E+00
 0.166311047311575E+00
 0.165270405923584E+00
 0.163965635440527E+00
 0.162950366603469E+00
 0.161669962603768E+00
 0.160676286460114E+00
 0.159425454188500E+00
 0.158443570369276E+00
 0.157235100360038E+00
 0.156256022002329E+00
 0.155102756869786E+00
 0.153454144713837E+00
 0.151329618240331E+00
 0.148779540194930E+00
 0.146185772566166E+00
 0.143654606366841E+00
 0.141170702043009E+00
 0.142168193749647E+00
 0.153199995299530E+00
 0.164318361607089E+00
 0.175472913024806E+00
 0.186613174278914E+00
 0.197688614895102E+00
 0.208648591992854E+00
 0.219442306015178E+00
 0.230018865749647E+00
 0.240327511878933E+00
 0.250317990322373E+00
 0.259941015860374E+00
 0.269148735257148E+00
 0.277895096549692E+00
 0.286136061728497E+00
 0.293829656669507E+00
 0.300935913990435E+00
 0.307416804811569E+00
 0.313236256001527E+00
 0.318360310350561E+00
 0.322757425304656E+00
 0.326398846736806E+00
 0.329258961172656E+00
 0.332759571495642E+00
 0.336397426874940E+00
 0.339221135878634E+00
 0.341207687732542E+00
 0.342337664709985E+00
 0.342595262948011E+00
 0.341968208057153E+00
 0.340447627679062E+00
 0.338027941712631E+00
 0.334706815400489E+00
 0.330485198344894E+00
 0.325542053740126E+00
 0.320636957982458E+00
 0.315906869431369E+00
 0.311291281710099E+00
 0.306850535277860E+00
 0.302531244114029E+00
 0.298303443830679E+00
 0.294255190728677E+00
 0.290285294210711E+00
 0.287860004254365E+00
 0.292129561975866E+00
 0.296040571188410E+00
 0.299580501476751E+00
 0.302737951059311E+00
 0.305502675342752E+00
 0.307865611155120E+00
 0.309818904468280E+00
 0.311355945110237E+00
 0.312471405659624E+00
 0.313161277072249E+00
 0.313422892728753E+00
 0.313254935448702E+00
 0.312657427234896E+00
 0.311631707142527E+00
 0.310180406274441E+00
 0.308307428258738E+00
 0.306017938376340E+00
 0.303318357499465E+00
 0.300216352449878E+00
 0.296720814813027E+00
 0.292841824481320E+00
 0.288590598878056E+00
 0.283979431646231E+00
 0.279021625810524E+00
 0.273731427088648E+00
 0.268123962714758E+00
 0.262215188270322E+00
 0.256021839573215E+00
 0.249561381695566E+00
 0.242851946658593E+00
 0.239676996295577E+00
 0.246437921777344E+00
 0.252402030267138E+00
 0.257561483582221E+00
 0.262237092736369E+00
 0.268326320920354E+00
 0.273574687012061E+00
 0.277977701751537E+00
 0.281534191618902E+00
 0.284246230236390E+00
 0.286119077137156E+00
 0.287161136533959E+00
 0.287383927321741E+00
 0.286802045195913E+00
 0.285436917701127E+00
 0.283737751642378E+00
 0.282021402544957E+00
 0.280292053026853E+00
 0.278545913998756E+00
 0.276799543460255E+00
 0.275081859679703E+00
 0.273312051270440E+00
 0.271538248547715E+00
 0.269858562999441E+00
 0.268089679581658E+00
 0.266305886824605E+00
 0.264557618043252E+00
 0.262768327449272E+00
 0.260986830038898E+00
 0.259266665193902E+00
 0.257530863259273E+00
 0.255916966760190E+00
 0.254210002291991E+00
 0.252569061144337E+00
 0.250984920500964E+00
 0.249325642415124E+00
 0.247809398173508E+00
 0.246102530403931E+00
 0.244653135227235E+00
 0.243011929869014E+00
 0.241534287304103E+00
 0.239993628974744E+00
 0.238466062476947E+00
 0.236999870756988E+00
 0.235460416033022E+00
 0.234062109685943E+00
 0.232495633873957E+00
 0.231090859456827E+00
 0.229574655850055E+00
 0.228175021842776E+00
 0.226701574023672E+00
 0.225284231388627E+00
 0.223871360948804E+00
 0.222449157517937E+00
 0.221079212069930E+00
 0.219638685768425E+00
 0.218332678294729E+00
 0.216884191503343E+00
 0.215623163604977E+00
 0.214156046865761E+00
 0.212952523651500E+00
 0.211484259198719E+00
 0.210326191070573E+00
 0.208653154670224E+00
 0.206480243127148E+00
 0.203824187009831E+00
 0.200703278013002E+00
 0.197138021757953E+00
 0.193427961188167E+00
 0.189787386596149E+00
 0.186238995644461E+00
 0.182787181133359E+00
 0.179374813062283E+00
 0.176090064030450E+00
 0.172871165133461E+00
 0.169720916118009E+00
 0.166645950098215E+00
 0.163650050888273E+00
 0.160733813264274E+00
 0.157894614600223E+00
 0.155127947924279E+00
 0.152427043355139E+00
 0.149782979151583E+00
 0.147185851646162E+00
 0.144683518036961E+00
 0.142282317365712E+00
 0.139912945100162E+00
 0.137561220710730E+00
 0.135265389580689E+00
 0.133101645431426E+00
 0.130932053705883E+00
 0.128741054797797E+00
 0.126733260980247E+00
 0.124705726273800E+00
 0.122628609488452E+00
 0.120293344905028E+00
 0.117712079131030E+00
 0.114897762358093E+00
 0.111864076850876E+00
 0.108625385136394E+00
 0.105196680441424E+00
 0.101593513798499E+00
 0.978318928170450E-01
 0.939281751853413E-01
 0.898989873758850E-01
 0.904555915459881E-01
 0.994719444820231E-01
 0.108704321804185E+00
 0.118117656895173E+00
 0.127675202510813E+00
 0.137338764195146E+00
 0.147068912450494E+00
 0.156825145888405E+00
 0.166566009533842E+00
 0.176249200094524E+00
 0.185831696353604E+00
 0.195269938324569E+00
 0.204520057424454E+00
 0.213538144266051E+00
 0.222280532510184E+00
 0.230704072188621E+00
 0.238766363940392E+00
 0.246425933148528E+00
 0.253642344556678E+00
 0.260376285994231E+00
 0.266589668234110E+00
 0.272245783617584E+00
 0.277309538917188E+00
 0.281747741202274E+00
 0.285529387363281E+00
 0.288625902064692E+00
 0.291807837797515E+00
 0.295624982419885E+00
 0.298727654204176E+00
 0.301088917518089E+00
 0.302684626786328E+00
 0.303493504621014E+00
 0.303497183811002E+00
 0.302680246117448E+00
 0.301030279196311E+00
 0.298537960840306E+00
 0.295197172049122E+00
 0.291321043921926E+00
 0.287531509196494E+00
 0.283792332132711E+00
 0.280212387841763E+00
 0.276705467641882E+00
 0.273268629946181E+00
 0.269910853254852E+00
 0.266625077360505E+00
 0.263390343482252E+00
 0.260178046736559E+00
 0.257158854681720E+00
 0.254250896918764E+00
 0.251334595067865E+00
 0.248470898991204E+00
 0.245672711955674E+00
 0.242996987283987E+00
 0.240361795651637E+00
 0.237772990589070E+00
 0.235221936395371E+00
 0.232777339101595E+00
 0.230372039463209E+00
 0.227965272522921E+00
 0.225694417843110E+00
 0.223428420880604E+00
 0.221258001828970E+00
 0.219119191506884E+00
 0.216970187907332E+00
 0.214985530730675E+00
 0.212892782313149E+00
 0.211017118155600E+00
 0.208944065501446E+00
 0.207182813433076E+00
 0.205181092123787E+00
 0.203497869611654E+00
 0.201537983326365E+00
 0.210411934156258E+00
 0.220607956869691E+00
 0.230012147549610E+00
 0.238589896034558E+00
 0.246309656857093E+00
 0.253143120677388E+00
 0.259065315985974E+00
 0.264054643946652E+00
 0.268092868336370E+00
 0.272520242667755E+00
 0.277592766543557E+00
 0.281672757045243E+00
 0.284745319472530E+00
 0.286799178212595E+00
 0.287826649473606E+00
 0.287823677925933E+00
 0.286789933946746E+00
 0.284749886523523E+00
 0.282380099149691E+00
 0.280060745198782E+00
 0.277723435268909E+00
 0.275446827053789E+00
 0.273164370395468E+00
 0.270896336511958E+00
 0.268640447965482E+00
 0.266380375790957E+00
 0.264083992590275E+00
 0.261937152796505E+00
 0.259874222428247E+00
 0.257737453879557E+00
 0.255490457377170E+00
 0.253534069781411E+00
 0.251534992199827E+00
 0.249437110142948E+00
 0.247511894663182E+00
 0.245543427888375E+00
 0.243571209395602E+00
 0.241766404659795E+00
 0.239774218521902E+00
 0.238021768298462E+00
 0.236126076125215E+00
 0.234357636740553E+00
 0.232630686539485E+00
 0.230834856801221E+00
 0.229196757642772E+00
 0.227373162196845E+00
 0.225832450951936E+00
 0.224018656880836E+00
 0.222561327986059E+00
 0.220752022911916E+00
 0.219316839436584E+00
 0.217551524802286E+00
 0.216156753699200E+00
 0.215098772425982E+00
 0.224919472204416E+00
 0.233983152148396E+00
 0.242264814674231E+00
 0.249742831300201E+00
 0.256399022522991E+00
 0.262218681588133E+00
 0.267190561161045E+00
 0.271306848928151E+00
 0.274563151533341E+00
 0.277033160516171E+00
 0.281215508744005E+00
 0.284501036619805E+00
 0.286889142954712E+00
 0.288382736638357E+00
 0.288988254170707E+00
 0.288715688618458E+00
 0.287578598306512E+00
 0.285594061553829E+00
 0.282782559559471E+00
 0.279242033296623E+00
 0.275661374393086E+00
 0.272175629715368E+00
 0.268760476863153E+00
 0.265408678321153E+00
 0.262211976821222E+00
 0.259076791107777E+00
 0.256029200940906E+00
 0.253056434478261E+00
 0.250178511760243E+00
 0.247413730970522E+00
 0.244669581775656E+00
 0.241897329924046E+00
 0.239334851721447E+00
 0.236881135826923E+00
 0.234323974402892E+00
 0.231900339131866E+00
 0.229649460024053E+00
 0.227215832608365E+00
 0.225068501401336E+00
 0.222878874703489E+00
 0.220641667909352E+00
 0.218670509543067E+00
 0.216429026996719E+00
 0.214586963449439E+00
 0.212457494397511E+00
 0.210634973166948E+00
 0.208652606908282E+00
 0.206815782531655E+00
 0.204993075058013E+00
 0.203125723732604E+00
 0.201345775635279E+00
 0.199559742762316E+00
 0.197834195079950E+00
 0.196108220183946E+00
 0.194408514770834E+00
 0.192761417301057E+00
 0.191103252823007E+00
 0.189515516962856E+00
 0.187872175533694E+00
 0.186364024373896E+00
 0.184749339055085E+00
 0.183298867583671E+00
 0.181694252517500E+00
 0.180315839625256E+00
 0.178738023240558E+00
 0.177416340046599E+00
 0.175543412612875E+00
 0.173134257211612E+00
 0.170205955050096E+00
 0.166777542872885E+00
 0.162874769044623E+00
 0.158875048919058E+00
 0.155022928370395E+00
 0.151291774610070E+00
 0.147676995920598E+00
 0.144211451300709E+00
 0.140848791328354E+00
 0.137578675975782E+00
 0.134415202218907E+00
 0.131393686329593E+00
 0.128464779821835E+00
 0.125625838073912E+00
 0.122871356924377E+00
 0.120232245000564E+00
 0.117698508332188E+00
 0.115244021408979E+00
 0.114959954348888E+00
 0.115851708454399E+00
 0.116864685783923E+00
 0.117990519570645E+00
 0.119219987561997E+00
 0.120543081691420E+00
 0.121949080489815E+00
 0.123426612905661E+00
 0.124963708732945E+00
 0.126547839420272E+00
 0.128165958609094E+00
 0.129804551686465E+00
 0.131449699054590E+00
 0.133087152133274E+00
 0.134702417295944E+00
 0.136280841801200E+00
 0.137807696367169E+00
 0.139268250310512E+00
 0.140647837131308E+00
 0.141931911602580E+00
 0.143106103450734E+00
 0.144156275599755E+00
 0.145068594141727E+00
 0.145829611781225E+00
 0.146426358691877E+00
 0.146846429018832E+00
 0.147078051554621E+00
 0.147110139794915E+00
 0.146932325928087E+00
 0.146534989862976E+00
 0.145909294583856E+00
 0.145047233486245E+00
 0.143941687767191E+00
 0.142586486645958E+00
 0.140976462033181E+00
 0.139107491260563E+00
 0.136976524496833E+00
 0.134581596264110E+00
 0.131921823194595E+00
 0.128997393213660E+00
 0.125809553893145E+00
 0.122360607805972E+00
 0.121715462164782E+00
 0.131839817324969E+00
 0.141675311109562E+00
 0.151180947304941E+00
 0.160316947158662E+00
 0.169044898393043E+00
 0.177327920208541E+00
 0.185130840295943E+00
 0.192420371173588E+00
 0.199165274653532E+00
 0.205336511259401E+00
 0.210907377906287E+00
 0.215853636999293E+00
 0.220153634825111E+00
 0.223788402448093E+00
 0.226944658433231E+00
 0.231299317816143E+00
 0.234959805327749E+00
 0.237909531617802E+00
 0.240134814593433E+00
 0.241624929283784E+00
 0.242372158819050E+00
 0.242371844011205E+00
 0.241622423355114E+00
 0.240125453381761E+00
 0.238018230450206E+00
 0.235851418122468E+00
 0.233713357800980E+00
 0.231572762665820E+00
 0.229426384530716E+00
 0.227306976951494E+00
 0.225230798568710E+00
 0.223199239361965E+00
 0.221202349363974E+00
 0.219218411030559E+00
 0.217230514864962E+00
 0.215296742178515E+00
 0.213390439726111E+00
 0.211510750570436E+00
 0.209648782037653E+00
 0.207784658137821E+00
 0.206009966874314E+00
 0.204237962529206E+00
 0.202488610402770E+00
 0.200791701448476E+00
 0.199112998412558E+00
 0.197500777563829E+00
 0.195790353839469E+00
 0.194278266464902E+00
 0.192669237285551E+00
 0.191159859588491E+00
 0.189669899723149E+00
 0.188144353316552E+00
 0.186742547087166E+00
 0.185205918363256E+00
 0.183909058061968E+00
 0.182363235688921E+00
 0.181101171685307E+00
 0.179601539452121E+00
 0.178377324235766E+00
 0.176910103359462E+00
 0.175708182727619E+00
 0.174290359147454E+00
 0.173116135039067E+00
 0.171742068461105E+00
 0.170569053507877E+00
 0.169251206279618E+00
 0.168093247252481E+00
 0.166816661645268E+00
 0.165655721972416E+00
 0.164437143203431E+00
 0.163284728425449E+00
 0.162110257271041E+00
 0.160451520006220E+00
 0.161006771044866E+00
 0.161143862178474E+00
 0.160727635681283E+00
 0.159777509880589E+00
 0.158393699736332E+00
 0.156968883650530E+00
 0.155559128539735E+00
 0.154167252013615E+00
 0.152774931765884E+00
 0.151428578091259E+00
 0.150075638889695E+00
 0.148781734892304E+00
 0.147483333661554E+00
 0.146226541492366E+00
 0.144985611612151E+00
 0.143747031942593E+00
 0.142544241930493E+00
 0.141339274645992E+00
 0.140150411127543E+00
 0.139000758263747E+00
 0.137905558688264E+00
 0.136784294024068E+00
 0.135744349291438E+00
 0.134654429336382E+00
 0.133612771191315E+00
 0.132657454348404E+00
 0.131598521331093E+00
 0.130698443668099E+00
 0.129615341071487E+00
 0.128786064526585E+00
 0.127771214924402E+00
 0.126923611792004E+00
 0.125967808668650E+00
 0.125110503045714E+00
 0.124224683885366E+00
 0.123344174512746E+00
 0.122445564167913E+00
 0.121616563765205E+00
 0.120719219306396E+00
 0.119925796654771E+00
 0.119010218113754E+00
 0.118265889136124E+00
 0.117349926174271E+00
 0.116639748474722E+00
 0.115702609899737E+00
 0.115039909490861E+00
 0.114101041023945E+00
 0.120850415921352E+00
 0.129619587692726E+00
 0.138747801243924E+00
 0.148199505774946E+00
 0.157936987555664E+00
 0.167920505396098E+00
 0.178108422357649E+00
 0.188457349573540E+00
 0.198922313784728E+00
 0.209456949313600E+00
 0.220013705160804E+00
 0.230544055108230E+00
 0.240998704063282E+00
 0.251327792522044E+00
 0.261481106248302E+00
 0.271408296676951E+00
 0.281059111437716E+00
 0.290383629319929E+00
 0.299332493755995E+00
 0.307857142298650E+00
 0.315910031960548E+00
 0.323444858435602E+00
 0.330416762856392E+00
 0.336782518288372E+00
 0.342500693610529E+00
 0.347531802980949E+00
 0.351838457660404E+00
 0.355385536479901E+00
 0.358140380328606E+00
 0.361982693164443E+00
 0.365505025018509E+00
 0.368201809201910E+00
 0.370042344772366E+00
 0.370998925327139E+00
 0.371046987066318E+00
 0.370165224554614E+00
 0.368335681005498E+00
 0.365543825223603E+00
 0.361778625390618E+00
 0.357032623072398E+00
 0.351500948917056E+00
 0.346032460671990E+00
 0.340756905861078E+00
 0.335637234742334E+00
 0.330702947773244E+00
 0.325891102993913E+00
 0.325249898978465E+00
 0.330705607614601E+00
 0.335800485279155E+00
 0.340515343576552E+00
 0.344831855796721E+00
 0.348732639583311E+00
 0.352201341062874E+00
 0.355222715473470E+00
 0.357782699167847E+00
 0.359868469553794E+00
 0.361468492735562E+00
 0.362572562087523E+00
 0.363171833017750E+00
 0.363258858573965E+00
 0.362827627501633E+00
 0.361873602520528E+00
 0.360393754082090E+00
 0.358386584995143E+00
 0.355852143707093E+00
 0.352792027058979E+00
 0.349209375274161E+00
 0.345108862094497E+00
 0.340496681861004E+00
 0.335380533965371E+00
 0.329769604122413E+00
 0.323674541337754E+00
 0.317107429049045E+00
 0.310081748783572E+00
 0.302612335209798E+00
 0.294715322883826E+00
 0.299364617517281E+00
 0.313476462064005E+00
 0.326747997730146E+00
 0.339142009716462E+00
 0.350624402164614E+00
 0.361164290243328E+00
 0.370734087052284E+00
 0.379309594291504E+00
 0.386870091985760E+00
 0.393398416995398E+00
 0.400480699532654E+00
 0.408161259703566E+00
 0.414763772064345E+00
 0.420274634329059E+00
 0.424684024378216E+00
 0.427985948634295E+00
 0.430178291636593E+00
 0.431262846319083E+00
 0.431245302825949E+00
 0.430135186740566E+00
 0.427945758293835E+00
 0.424746309611482E+00
 0.421305587096216E+00
 0.417848846881630E+00
 0.414506475694551E+00
 0.411142518655061E+00
 0.407795573146588E+00
 0.404489745019389E+00
 0.401230010722584E+00
 0.398002120487473E+00
 0.394777660107624E+00
 0.391515382684272E+00
 0.388408683202811E+00
 0.385435852952899E+00
 0.382371335709383E+00
 0.379285605992982E+00
 0.376422545518451E+00
 0.373501570544131E+00
 0.370567783566867E+00
 0.367821299255037E+00
 0.364913179470218E+00
 0.362171644174768E+00
 0.359538198886760E+00
 0.356764192285242E+00
 0.354228778885172E+00
 0.351407268901014E+00
 0.349012531758976E+00
 0.346322528768412E+00
 0.343906399888307E+00
 0.341366599642185E+00
 0.338931797269181E+00
 0.336540265891093E+00
 0.334077326413629E+00
 0.331714997793439E+00
 0.329327826234429E+00
 0.327018360738519E+00
 0.324700274916691E+00
 0.322403506533652E+00
 0.320167870655787E+00
 0.317909340266885E+00
 0.315741842261441E+00
 0.313490861590242E+00
 0.311408952727167E+00
 0.309186424435909E+00
 0.307164567743314E+00
 0.304954858376868E+00
 0.303012242033084E+00
 0.300832004743044E+00
 0.298954341261306E+00
 0.296373835928293E+00
 0.293103761151657E+00
 0.289159737251385E+00
 0.284559661514494E+00
 0.279323610749808E+00
 0.273499655937289E+00
 0.267633638047172E+00
 0.261935920610110E+00
 0.256401557574863E+00
 0.250997163060683E+00
 0.245796155961675E+00
 0.240695436612475E+00
 0.235735412061162E+00
 0.230966548029830E+00
 0.226320930491838E+00
 0.221800412304694E+00
 0.217402726315646E+00
 0.213122047773730E+00
 0.208949708691937E+00
 0.204883193333500E+00
 0.201008661614211E+00
 0.197232355974947E+00
 0.193537743027554E+00
 0.189907337551581E+00
 0.186322652054911E+00
 0.182970918721781E+00
 0.179673581653506E+00
 0.176390455460177E+00
 0.173174999614267E+00
 0.170162075382332E+00
 0.167127725381612E+00
 0.164097698113549E+00
 0.160709048996645E+00
 0.156974347923925E+00
 0.152907287650899E+00
 0.148522611078352E+00
 0.143836037809443E+00
 0.138864198844718E+00
 0.133624580788057E+00
 0.128135472144598E+00
 0.124388605338354E+00
 0.123375942107402E+00
 0.122694591592999E+00
 0.121719295719618E+00
 0.121029923018229E+00
 0.120100103086004E+00
 0.119383189205693E+00
 0.118497596709753E+00
 0.117764379069083E+00
 0.116908317121417E+00
 0.119438588034205E+00
 0.125301141943712E+00
 0.131338507223189E+00
 0.137517936555308E+00
 0.143805437679405E+00
 0.150165920569995E+00
 0.156563368906373E+00
 0.162961040913002E+00
 0.169321684995989E+00
 0.175607747440156E+00
 0.181781557945402E+00
 0.187805495812817E+00
 0.193642151567514E+00
 0.199254498104413E+00
 0.204606075453756E+00
 0.209661183775720E+00
 0.214385077214342E+00
 0.218744155509055E+00
 0.222706153714488E+00
 0.226240327692551E+00
 0.229317626237571E+00
 0.231910837700097E+00
 0.233994706149483E+00
 0.236739016520782E+00
 0.239334473133723E+00
 0.241398705752336E+00
 0.242907881361818E+00
 0.243840468992454E+00
 0.244177310205289E+00
 0.243901714998260E+00
 0.242999584088097E+00
 0.241459538556352E+00
 0.239273033076798E+00
 0.236434438260502E+00
 0.233072785242164E+00
 0.229721940373018E+00
 0.226494284090170E+00
 0.223305749023260E+00
 0.220252569779941E+00
 0.217258534818211E+00
 0.214332306170540E+00
 0.211472466434265E+00
 0.208672056572810E+00
 0.206029707541819E+00
 0.203433117212023E+00
 0.200892090094776E+00
 0.198408069059972E+00
 0.199821913500632E+00
 0.201816107808222E+00
 0.203513480802441E+00
 0.204907835077983E+00
 0.205993995068516E+00
 0.206767826868863E+00
 0.207226258969876E+00
 0.207367306534394E+00
 0.207190097706285E+00
 0.206694897307555E+00
 0.205883122713178E+00
 0.204757348618659E+00
 0.203321300426030E+00
 0.201579838465871E+00
 0.199538936423742E+00
 0.197205657260218E+00
 0.194588129072936E+00
 0.191695521984216E+00
 0.188538025257479E+00
 0.185126821734844E+00
 0.181474055254724E+00
 0.177592787105664E+00
 0.173496940252433E+00
 0.169201234060852E+00
 0.164721115426961E+00
 0.163275877128289E+00
 0.167902560916530E+00
 0.171805349857268E+00
 0.174969768704960E+00
 0.178512376369417E+00
 0.182500831133224E+00
 0.185719119836932E+00
 0.188155608484259E+00
 0.189801810031417E+00
 0.190652407721277E+00
 0.190705293709618E+00
 0.189998946218628E+00
 0.189060733614338E+00
 0.188115227718176E+00
 0.187109915335080E+00
 0.186126665491007E+00
 0.185103092721590E+00
 0.184050135112390E+00
 0.182962372967030E+00
 0.181823702377903E+00
 0.180763454581205E+00
 0.179734348382153E+00
 0.178638702117514E+00
 0.177432730370949E+00
 0.176377690219334E+00
 0.175340902156464E+00
 0.174205864430590E+00
 0.173088904537158E+00
 0.172051966261758E+00
 0.170951368107510E+00
 0.169898290470080E+00
 0.168768784086779E+00
 0.167733168307629E+00
 0.166718872291502E+00
 0.165663357172788E+00
 0.164680060350122E+00
 0.163574479401759E+00
 0.162657273127159E+00
 0.161544552229884E+00
 0.160662054488416E+00
 0.159550601790424E+00
 0.158700145996385E+00
 0.157612501636285E+00
 0.156772657179079E+00
 0.155646209730880E+00
 0.154872373788166E+00
 0.153752054799731E+00
 0.152997172638419E+00
 0.155954843989784E+00
 0.160456844632677E+00
 0.164263878410597E+00
 0.167361242135517E+00
 0.169737433810418E+00
 0.171384165689186E+00
 0.172296362478481E+00
 0.174195472875239E+00
 0.175858642048669E+00
 0.176756888129733E+00
 0.176888619562364E+00
 0.176255597652454E+00
 0.174862936206698E+00
 0.172719112668366E+00
 0.170108068867394E+00
 0.167563727606840E+00
 0.165069128563121E+00
 0.162668598182719E+00
 0.160352380969415E+00
 0.158087041454199E+00
 0.155876810985603E+00
 0.153713734255638E+00
 0.151576848519865E+00
 0.149532083491079E+00
 0.147639002451542E+00
 0.145748884786888E+00
 0.143814285042607E+00
 0.141983700400905E+00
 0.140324163634232E+00
 0.138549993181865E+00
 0.136857017639654E+00
 0.135344652701014E+00
 0.133677927065397E+00
 0.132212442765631E+00
 0.130715768339055E+00
 0.129219933717657E+00
 0.127894576704208E+00
 0.126391558406315E+00
 0.125174883368725E+00
 0.123678347926960E+00
 0.122562689949758E+00
 0.121182044211784E+00
 0.120058331708277E+00
 0.118807378558759E+00
 0.117656916544934E+00
 0.116418658011534E+00
 0.118171106404044E+00
 0.122148640722610E+00
 0.125429134525601E+00
 0.127993850791427E+00
 0.129827144706693E+00
 0.132917633595479E+00
 0.135516893222073E+00
 0.137354314608515E+00
 0.138417221736452E+00
 0.138696340347470E+00
 0.138196652143311E+00
 0.137415590267698E+00
 0.136631425539306E+00
 0.135767909500128E+00
 0.134964852484600E+00
 0.134132096704998E+00
 0.133273457051940E+00
 0.132384804784747E+00
 0.131485163259843E+00
 0.130651298044914E+00
 0.129833977563738E+00
 0.128955856006202E+00
 0.127972985805941E+00
 0.127188568724131E+00
 0.126381774236033E+00
 0.125478000252376E+00
 0.124640300363205E+00
 0.123842762140244E+00
 0.122974799046196E+00
 0.122210943749097E+00
 0.121313822022690E+00
 0.120554788856251E+00
 0.119803592006794E+00
 0.118982962890301E+00
 0.118291137834177E+00
 0.117422263637608E+00
 0.125495850732355E+00
 0.136790954273485E+00
 0.147742428043282E+00
 0.158301250038590E+00
 0.168419909491369E+00
 0.178052606679996E+00
 0.187155413737765E+00
 0.195686408490190E+00
 0.203605808239590E+00
 0.210876128429542E+00
 0.217462372000569E+00
 0.223332231597647E+00
 0.228456274840073E+00
 0.232808090095343E+00
 0.236364389920989E+00
 0.239105086636324E+00
 0.241013358332964E+00
 0.243825371354570E+00
 0.246592692220209E+00
 0.248492741318131E+00
 0.249511871412185E+00
 0.249639993909562E+00
 0.248870595502285E+00
 0.247200740860090E+00
 0.244631079183929E+00
 0.241285129382684E+00
 0.237902981525062E+00
 0.234622708197364E+00
 0.231400119913856E+00
 0.228224754593234E+00
 0.225200584599989E+00
 0.222268236873155E+00
 0.219424269328721E+00
 0.216638105749816E+00
 0.213921743018318E+00
 0.211280851067465E+00
 0.208667700822217E+00
 0.206092160900489E+00
 0.203712295646811E+00
 0.201355274442593E+00
 0.199021115845837E+00
 0.196758778128335E+00
 0.194580607937672E+00
 0.192422558890177E+00
 0.190385437032137E+00
 0.188239292801994E+00
 0.186316222914488E+00
 0.184424652988203E+00
 0.182493247847446E+00
 0.180738053804922E+00
 0.178791351581477E+00
 0.177188462351733E+00
 0.175282350541206E+00
 0.173777432591103E+00
 0.171987706566266E+00
 0.170504063182500E+00
 0.172292335783755E+00
 0.183303327008330E+00
 0.193681578350786E+00
 0.203391050086040E+00
 0.212398350760504E+00
 0.220672875077436E+00
 0.228186942661747E+00
 0.234915928740260E+00
 0.240838374745730E+00
 0.245936064700105E+00
 0.250194057229950E+00
 0.253600676246490E+00
 0.258072784957168E+00
 0.262379610339831E+00
 0.265798121054885E+00
 0.268319925907523E+00
 0.269940102840927E+00
 0.270657146172817E+00
 0.270472932823108E+00
 0.269392716485807E+00
 0.267425132840525E+00
 0.264916760109879E+00
 0.262425133375937E+00
 0.259951725432561E+00
 0.257483986082229E+00
 0.255106147302283E+00
 0.252738294267194E+00
 0.250400500962011E+00
 0.248106432516457E+00
 0.245841100587626E+00
 0.243613631405395E+00
 0.241435781398996E+00
 0.239239675756765E+00
 0.237039407907875E+00
 0.235052638845096E+00
 0.233021684816941E+00
 0.230967402370569E+00
 0.229039570961771E+00
 0.227087333917428E+00
 0.225149987574273E+00
 0.223370395699722E+00
 0.221415520038355E+00
 0.219705949253339E+00
 0.217891778463611E+00
 0.216130966219202E+00
 0.214487115333054E+00
 0.212702465564932E+00
 0.211154395392296E+00
 0.209345171553217E+00
 0.207898864905301E+00
 0.206098489836549E+00
 0.204737276224754E+00
 0.202941612061410E+00
 0.201612401868769E+00
 0.199854268441956E+00
 0.198571345771479E+00
 0.196868963611784E+00
 0.195590251631264E+00
 0.193943821413678E+00
 0.192686085019370E+00
 0.191079274420096E+00
 0.189833361090701E+00
 0.188277712710004E+00
 0.187052303410972E+00
 0.189381739157300E+00
 0.192646669865350E+00
 0.195354295970646E+00
 0.197794457513252E+00
 0.201126179242876E+00
 0.203875881269140E+00
 0.206055938368109E+00
 0.207681246857627E+00
 0.208769146132773E+00
 0.209339355310465E+00
 0.209413900285700E+00
 0.209016998003544E+00
 0.208174880889077E+00
 0.206915576613968E+00
 0.205268683689796E+00
 0.203265182180147E+00
 0.200967434873926E+00
 0.198665077639861E+00
 0.196653407674848E+00
 0.194460805167468E+00
 0.192457599974004E+00
 0.190454430059278E+00
 0.188401524603472E+00
 0.186608350004294E+00
 0.184656733374177E+00
 0.182734903392444E+00
 0.180853706238616E+00
 0.179029436738376E+00
 0.177229907033208E+00
 0.175506718019955E+00
 0.173849119753154E+00
 0.172298693641714E+00
 0.170788355944975E+00
 0.169204975045926E+00
 0.167805627734497E+00
 0.166363570278702E+00
 0.164898362952922E+00
 0.163589311925864E+00
 0.162120584503561E+00
 0.160884564658503E+00
 0.159512481865199E+00
 0.158251216659769E+00
 0.156960442309189E+00
 0.155688550367013E+00
 0.154486816058500E+00
 0.153193907892966E+00
 0.152018722061619E+00
 0.150764545733439E+00
 0.153413510218671E+00
 0.157173173275454E+00
 0.161173455224396E+00
 0.165389387930857E+00
 0.169794192575331E+00
 0.174359407803682E+00
 0.179054952267445E+00
 0.183849148153738E+00
 0.188708759949385E+00
 0.193599099086886E+00
 0.198484212911897E+00
 0.203327137303542E+00
 0.208090170575820E+00
 0.212735131296016E+00
 0.217223583951753E+00
 0.221517034984683E+00
 0.225577106665962E+00
 0.229365692301335E+00
 0.232845096039825E+00
 0.235978170114575E+00
 0.238728473470229E+00
 0.241060473436640E+00
 0.242939790270336E+00
 0.244333454702045E+00
 0.245848261170985E+00
 0.247689905150982E+00
 0.249026054759604E+00
 0.249824259455252E+00
 0.250053970471624E+00
 0.249686664635595E+00
 0.252810248225213E+00
 0.257707621494604E+00
 0.262509591811020E+00
 0.267199467515352E+00
 0.271760259645520E+00
 0.276174753302200E+00
 0.280425579991130E+00
 0.284495290011809E+00
 0.288366426657134E+00
 0.292021604277854E+00
 0.295443589626690E+00
 0.298615382669291E+00
 0.301520292363262E+00
 0.304142005817480E+00
 0.306464653651564E+00
 0.308472876732193E+00
 0.310151897800750E+00
 0.311487597144912E+00
 0.312466587910310E+00
 0.313076286629471E+00
 0.313304977755261E+00
 0.313141874433718E+00
 0.312577178408580E+00
 0.311602139380629E+00
 0.310209110835914E+00
 0.308391598471438E+00
 0.306144299870678E+00
 0.303463137884085E+00
 0.300345291851363E+00
 0.296789228731195E+00
 0.292794732055499E+00
 0.288362923998131E+00
 0.283496277123801E+00
 0.278198616592116E+00
 0.272475117210383E+00
 0.266332299736032E+00
 0.259778027322737E+00
 0.252821499055389E+00
 0.259747096437044E+00
 0.274103304034568E+00
 0.287873350995258E+00
 0.301010121083457E+00
 0.313468434195715E+00
 0.325205298741856E+00
 0.336180099831659E+00
 0.346354725946562E+00
 0.355693666986270E+00
 0.364164119809243E+00
 0.371736117077975E+00
 0.378382671548780E+00
 0.384079918922943E+00
 0.391359621665966E+00
 0.398084989835101E+00
 0.403819355676353E+00
 0.408541703702258E+00
 0.412234424396227E+00
 0.414883450743975E+00
 0.416478405339640E+00
 0.417012708610703E+00
 0.416483609090172E+00
 0.414892136273737E+00
 0.412243017399794E+00
 0.408734848682500E+00
 0.405153301985100E+00
 0.401632873708212E+00
 0.398105670578870E+00
 0.394580700803897E+00
 0.391105159785769E+00
 0.387702701073070E+00
 0.384376528462260E+00
 0.381111689432010E+00
 0.377878697646072E+00
 0.374635514134720E+00
 0.371330661374895E+00
 0.368202689546299E+00
 0.365210786757182E+00
 0.362094016415618E+00
 0.359024405561524E+00
 0.356175113715897E+00
 0.353177271607118E+00
 0.350280523907871E+00
 0.347536011980962E+00
 0.344679034381463E+00
 0.341994581355434E+00
 0.339155127879856E+00
 0.336562465010197E+00
 0.333948488523488E+00
 0.331337086348489E+00
 0.328847049451248E+00
 0.326211351080335E+00
 0.323862761772876E+00
 0.321271716134104E+00
 0.319014144146725E+00
 0.316434437646722E+00
 0.314257423501758E+00
 0.311749719151581E+00
 0.309630567436128E+00
 0.307176041011047E+00
 0.305112043462435E+00
 0.302700497095970E+00
 0.300713902286217E+00
 0.298331452535653E+00
 0.296412825958410E+00
 0.294073002800895E+00
 0.292223745547352E+00
 0.289926017225603E+00
 0.288123768286306E+00
 0.285889874929207E+00
 0.284128993411234E+00
 0.281962975036320E+00
 0.279111599019077E+00
 0.275582555958043E+00
 0.271385985270036E+00
 0.266534448533267E+00
 0.261042838003478E+00
 0.255135265161306E+00
 0.249375864293959E+00
 0.243786703545263E+00
 0.238353689232186E+00
 0.233085439999349E+00
 0.227956840956480E+00
 0.223020299769620E+00
 0.218205011787010E+00
 0.216120841562468E+00
 0.214248319908750E+00
 0.212432150213093E+00
 0.210658931522108E+00
 0.208904042478422E+00
 0.207133672651514E+00
 0.205306198843756E+00
 0.203724164652048E+00
 0.202118260125321E+00
 0.200396941451399E+00
 0.198851716412624E+00
 0.197351407833591E+00
 0.195711465053157E+00
 0.194298812862990E+00
 0.192788833928994E+00
 0.191277433185334E+00
 0.189950836592448E+00
 0.188410313667750E+00
 0.187155050783032E+00
 0.185610691636822E+00
 0.184414867814175E+00
 0.182973051164800E+00
 0.181736045336273E+00
 0.180371187281364E+00
 0.179119371412223E+00
 0.177846037100652E+00
 0.176563395718451E+00
 0.175275329010319E+00
 0.174064612479049E+00
 0.172776176958961E+00
 0.171618031971673E+00
 0.170305841549616E+00
 0.169219272649831E+00
 0.167902210739109E+00
 0.166866610945573E+00
 0.165524471747838E+00
 0.164558386944828E+00
 0.163210031842987E+00
 0.162294309617454E+00
 0.160921849236623E+00
 0.160074695249313E+00
 0.158716126171141E+00
 0.157898295794641E+00
 0.156596529902191E+00
 0.154808667157411E+00
 0.152555592697599E+00
 0.149939660736596E+00
 0.147340232724748E+00
 0.144795075056564E+00
 0.142321550167562E+00
 0.142142511202046E+00
 0.151850701725266E+00
 0.161571967223289E+00
 0.171259013215442E+00
 0.180864449859121E+00
 0.190341041873893E+00
 0.199641935398886E+00
 0.208720855583499E+00
 0.217532280901629E+00
 0.226031610958420E+00
 0.234175346795790E+00
 0.241921293334895E+00
 0.249228777335928E+00
 0.256058861422015E+00
 0.262374533784216E+00
 0.268140864122424E+00
 0.273325130785301E+00
 0.277896932246202E+00
 0.281828294588359E+00
 0.285093779964765E+00
 0.287670595950331E+00
 0.290570689781586E+00
 0.293836695290478E+00
 0.296384515204228E+00
 0.298193702752598E+00
 0.299246806255584E+00
 0.299529475799636E+00
 0.299030571212301E+00
 0.297742250828819E+00
 0.295660016070084E+00
 0.292782700053498E+00
 0.289112413671946E+00
 0.284790712621411E+00
 0.280477886409956E+00
 0.276340404416298E+00
 0.272299644769388E+00
 0.268395284602144E+00
 0.264629273762363E+00
 0.260959186384976E+00
 0.257403648259720E+00
 0.253956092747553E+00
 0.251810205239026E+00
 0.255551065976841E+00
 0.258981116014341E+00
 0.262089926031069E+00
 0.264868107519480E+00
 0.267307342690676E+00
 0.269400409383484E+00
 0.271141204694364E+00
 0.272524768869997E+00
 0.273547307735859E+00
 0.274206210182153E+00
 0.274500058264332E+00
 0.274428630193395E+00
 0.273992898466998E+00
 0.273195025019417E+00
 0.272038353067823E+00
 0.270527393376423E+00
 0.268667802727329E+00
 0.266466354475989E+00
 0.263930903464787E+00
 0.261070348313099E+00
 0.257894592609318E+00
 0.254414504044594E+00
 0.250641869083836E+00
 0.246589341506928E+00
 0.242270385370344E+00
 0.237699214696905E+00
 0.232890732004486E+00
 0.227860465906423E+00
 0.222624506262449E+00
 0.217199435423362E+00
 0.211602255992720E+00
 0.205850317477697E+00
 0.200697529721315E+00
 0.200261598232890E+00
 0.204973387436214E+00
 0.208941870783903E+00
 0.212164622777796E+00
 0.214642400947446E+00
 0.216379087467690E+00
 0.217381607690192E+00
 0.217659848762357E+00
 0.217226589039434E+00
 0.216316336321835E+00
 0.215348384612647E+00
 0.214389754511436E+00
 0.213355235582063E+00
 0.212297591462360E+00
 0.211261352483877E+00
 0.210178659881979E+00
 0.209093680567274E+00
 0.207998422641526E+00
 0.206904673839224E+00
 0.205782178559484E+00
 0.204629863378359E+00
 0.203477957640492E+00
 0.202333123768098E+00
 0.201171600564076E+00
 0.200004481083109E+00
 0.198832438613751E+00
 0.197647911931579E+00
 0.196546349340324E+00
 0.195410681097104E+00
 0.194342164105636E+00
 0.193157411498919E+00
 0.192123592617849E+00
 0.191000436284460E+00
 0.189918659661107E+00
 0.188882541041210E+00
 0.187764601240362E+00
 0.186767736562131E+00
 0.185618033110920E+00
 0.184661640025176E+00
 0.183489173384182E+00
 0.182585133336377E+00
 0.181393243877668E+00
 0.180475634011304E+00
 0.179320660096654E+00
 0.178392194463888E+00
 0.177265061806419E+00
 0.176311657374431E+00
 0.175228757941132E+00
 0.174260485937964E+00
 0.173215722548594E+00
 0.172212031719177E+00
 0.171220883276826E+00
 0.170195887711745E+00
 0.169242870111883E+00
 0.168184765964932E+00
 0.167284389022519E+00
 0.166208528623479E+00
 0.165348378501124E+00
 0.164031911595345E+00
 0.162272626063618E+00
 0.160085706465684E+00
 0.157505017928463E+00
 0.154844111955402E+00
 0.152237044818254E+00
 0.149655173778035E+00
 0.147149566961863E+00
 0.144650692230435E+00
 0.142226183278026E+00
 0.139851027581890E+00
 0.137515564667786E+00
 0.135225223564766E+00
 0.132982348434508E+00
 0.130786653799947E+00
 0.128635755889011E+00
 0.126525170520282E+00
 0.124448834049919E+00
 0.122438600008446E+00
 0.120509730256394E+00
 0.118608793612212E+00
 0.116725081053009E+00
 0.114847341380354E+00
 0.113096186597667E+00
 0.111368609295139E+00
 0.109628423485885E+00
 0.107932002167843E+00
 0.106334347536483E+00
 0.104701875902054E+00
 0.103095857374183E+00
 0.101591939983062E+00
 0.999233674204669E-01
 0.980254906121155E-01
 0.959093150234128E-01
 0.935866310353740E-01
 0.910699457975528E-01
 0.883724214273633E-01
 0.855078234197444E-01
 0.824904735287848E-01
 0.793351944756988E-01
 0.760572372491286E-01
 0.726721940615953E-01
 0.691959102401769E-01
 0.656444066246590E-01
 0.645133065888652E-01
 0.639342782331778E-01
 0.722358479963100E-01
 0.834359917671127E-01
 0.948186715987633E-01
 0.106340775505961E+00
 0.117957765129271E+00
 0.129623822048011E+00
 0.141292043480204E+00
 0.152914674228493E+00
 0.164443359110115E+00
 0.175829404748864E+00
 0.187024041043801E+00
 0.197978668009532E+00
 0.208645070425017E+00
 0.218975590597170E+00
 0.228923269556674E+00
 0.238441987564038E+00
 0.247486639557504E+00
 0.256013362780264E+00
 0.263979801954204E+00
 0.271345373128966E+00
 0.278071487575657E+00
 0.284121721152903E+00
 0.289461944675464E+00
 0.294060446041365E+00
 0.297888067125351E+00
 0.300918357336584E+00
 0.304551836761815E+00
 0.308414826756612E+00
 0.311446611278443E+00
 0.313622991409666E+00
 0.314922862870884E+00
 0.315328362543287E+00
 0.314824998543834E+00
 0.313401755731580E+00
 0.311051171320064E+00
 0.307769377024862E+00
 0.303782494633626E+00
 0.299833023173512E+00
 0.296014551163998E+00
 0.292222242274380E+00
 0.288608742771047E+00
 0.285055614300398E+00
 0.281571796541218E+00
 0.278149586202990E+00
 0.274767271545251E+00
 0.271549575246334E+00
 0.268456610153847E+00
 0.265397026574099E+00
 0.262340430498739E+00
 0.259320813343262E+00
 0.256567227123819E+00
 0.253739892582963E+00
 0.250988300410122E+00
 0.248359475108777E+00
 0.245696216564091E+00
 0.243152226914176E+00
 0.240694396566331E+00
 0.238239421120429E+00
 0.235908703574196E+00
 0.233486496557752E+00
 0.231288121241703E+00
 0.228980451671700E+00
 0.226871080138742E+00
 0.224724074539435E+00
 0.222627479147479E+00
 0.220643443292742E+00
 0.218546959737139E+00
 0.216647996845050E+00
 0.214633579364078E+00
 0.212812868038535E+00
 0.212748241242886E+00
 0.224280911147376E+00
 0.235028366754476E+00
 0.244953029807664E+00
 0.254020315786094E+00
 0.262198757287469E+00
 0.269460103702469E+00
 0.275779410066987E+00
 0.281135126291881E+00
 0.285509188786598E+00
 0.289714103163290E+00
 0.295156766296111E+00
 0.299575276679043E+00
 0.302955052182281E+00
 0.305285389009633E+00
 0.306559494772420E+00
 0.306774470332234E+00
 0.305931264030548E+00
 0.304034627646846E+00
 0.301372138108301E+00
 0.298682457563833E+00
 0.296084035868611E+00
 0.293425439407530E+00
 0.290783690154471E+00
 0.288226909807741E+00
 0.285661660906723E+00
 0.283200855161386E+00
 0.280797868113773E+00
 0.278412114902709E+00
 0.275997344546034E+00
 0.273498385135254E+00
 0.271248675024970E+00
 0.269043052014680E+00
 0.266694100542571E+00
 0.264453924319434E+00
 0.262385252957367E+00
 0.260142471816276E+00
 0.258073140263370E+00
 0.255997702118719E+00
 0.253897281215981E+00
 0.251982242632927E+00
 0.249848308165967E+00
 0.248030240123235E+00
 0.245947454117717E+00
 0.244164637417412E+00
 0.242241517420411E+00
 0.240408985311273E+00
 0.238604306976282E+00
 0.236769654697262E+00
 0.235076949824028E+00
 0.233215636864986E+00
 0.231539956468026E+00
 0.229751234264852E+00
 0.228105719066529E+00
 0.226383713236572E+00
 0.224728257836868E+00
 0.224206512540624E+00
 0.233238935938370E+00
 0.241511526054819E+00
 0.249007455879067E+00
 0.255713176562529E+00
 0.261618435366568E+00
 0.266716292621051E+00
 0.271003140680235E+00
 0.274478717961232E+00
 0.277163905633747E+00
 0.281523400918744E+00
 0.285036474972965E+00
 0.287706753200487E+00
 0.289541227731329E+00
 0.290550177587180E+00
 0.290747092554102E+00
 0.290148608123573E+00
 0.288774444802083E+00
 0.286647330963824E+00
 0.283792886418632E+00
 0.280322944406463E+00
 0.276832653915349E+00
 0.273461910059102E+00
 0.270175983337489E+00
 0.266963889896731E+00
 0.263854024630732E+00
 0.260798218553813E+00
 0.257811756794257E+00
 0.254940285303805E+00
 0.252086798454865E+00
 0.249371694821464E+00
 0.246749303572171E+00
 0.244122244583234E+00
 0.241503776316025E+00
 0.239157691383770E+00
 0.236760407780354E+00
 0.234318727142094E+00
 0.232137832571344E+00
 0.229868407827331E+00
 0.227616501432715E+00
 0.225596396077757E+00
 0.223337143271332E+00
 0.221437176850917E+00
 0.219343239268511E+00
 0.217403234850628E+00
 0.215477283295329E+00
 0.213499191824449E+00
 0.211714743445250E+00
 0.209745735714503E+00
 0.208081791196866E+00
 0.206105908329546E+00
 0.204493930996233E+00
 0.202594863578814E+00
 0.201027066655059E+00
 0.199181277051767E+00
 0.197649633508046E+00
 0.195885409260815E+00
 0.194378990140801E+00
 0.192667670153003E+00
 0.191188870009921E+00
 0.189530426667067E+00
 0.188094516225117E+00
 0.186476869601398E+00
 0.185076305678212E+00
 0.183509933494854E+00
 0.182145482299821E+00
 0.180632832212189E+00
 0.178629756114584E+00
 0.176154455129669E+00
 0.173226833083665E+00
 0.169868393169476E+00
 0.166102127247149E+00
 0.162088585432969E+00
 0.159796956936638E+00
 0.160248228096629E+00
 0.160786176484032E+00
 0.161411175922026E+00
 0.162122689911131E+00
 0.162919275892558E+00
 0.163798592345151E+00
 0.164757407586791E+00
 0.165791609433518E+00
 0.166896215980556E+00
 0.168065389342209E+00
 0.169292455309753E+00
 0.170569931712911E+00
 0.171889566651960E+00
 0.173242385447605E+00
 0.174618743361649E+00
 0.176008380797067E+00
 0.177400478783710E+00
 0.178783714188594E+00
 0.180146315169126E+00
 0.181476117486335E+00
 0.182760621887550E+00
 0.183987052656134E+00
 0.185142417901494E+00
 0.186213572718244E+00
 0.187187286208585E+00
 0.188050312316182E+00
 0.188789463069600E+00
 0.189391682091806E+00
 0.189844116527208E+00
 0.190134186498732E+00
 0.190249652065789E+00
 0.190178677916712E+00
 0.189909895811490E+00
 0.189432464587829E+00
 0.188736127733755E+00
 0.187811269044507E+00
 0.186648967268500E+00
 0.185241050434807E+00
 0.183580149645060E+00
 0.181659750928696E+00
 0.179474243011034E+00
 0.177018959026553E+00
 0.174290211216660E+00
 0.171285318830883E+00
 0.168002630129721E+00
 0.164441539408306E+00
 0.160602499725014E+00
 0.156487031994217E+00
 0.152097731283794E+00
 0.153672710477042E+00
 0.164219034244384E+00
 0.174471540580742E+00
 0.184388264789065E+00
 0.193928233332186E+00
 0.203051639531820E+00
 0.211720005703129E+00
 0.219896340411829E+00
 0.227545305343447E+00
 0.234633398229514E+00
 0.241129142597070E+00
 0.247003264712445E+00
 0.252228841843748E+00
 0.256781421239569E+00
 0.260639123803773E+00
 0.265261664679485E+00
 0.269858431317538E+00
 0.273730352715637E+00
 0.276857775580443E+00
 0.279223929680539E+00
 0.280815037985639E+00
 0.281620395462641E+00
 0.281632407588716E+00
 0.280846597384086E+00
 0.279261601210074E+00
 0.276933968896563E+00
 0.274469306737266E+00
 0.271987376654878E+00
 0.269581542351584E+00
 0.267154195133679E+00
 0.264741116638635E+00
 0.262360034772323E+00
 0.260013861348629E+00
 0.257691512796666E+00
 0.255371506177733E+00
 0.253031556523743E+00
 0.250825218318189E+00
 0.248636096292444E+00
 0.246465418185610E+00
 0.244299840966046E+00
 0.242166714657093E+00
 0.240101066604518E+00
 0.238065309717532E+00
 0.236043346726645E+00
 0.234012171826033E+00
 0.231969420777233E+00
 0.230089098606698E+00
 0.228207638505978E+00
 0.226262939567912E+00
 0.224416841256246E+00
 0.222626513533859E+00
 0.220764355803030E+00
 0.218952832021442E+00
 0.217301192307174E+00
 0.215514713395055E+00
 0.213848229302870E+00
 0.212171453041269E+00
 0.210439637720122E+00
 0.208945110702017E+00
 0.207238322992263E+00
 0.205782778336862E+00
 0.204178995309663E+00
 0.202700847156887E+00
 0.201198889337864E+00
 0.199707120888988E+00
 0.198285346834280E+00
 0.196801844878764E+00
 0.195442064389734E+00
 0.193980852192331E+00
 0.192655482777304E+00
 0.191238318610791E+00
 0.189937167163694E+00
 0.188568426084783E+00
 0.186679715043393E+00
 0.184274360017972E+00
 0.181357835582840E+00
 0.180328477272193E+00
 0.179476594687084E+00
 0.177989131969452E+00
 0.176132956188510E+00
 0.174626159445841E+00
 0.173134312613554E+00
 0.171364602003316E+00
 0.170023761057358E+00
 0.168535681049477E+00
 0.166838233025357E+00
 0.165646087403736E+00
 0.164173807308682E+00
 0.162559691439617E+00
 0.160948211383218E+00
 0.159360763690285E+00
 0.157755667306556E+00
 0.156223972166291E+00
 0.154711212795432E+00
 0.153210000534854E+00
 0.151712565279038E+00
 0.150274530528897E+00
 0.148890377311901E+00
 0.147501417378522E+00
 0.146077327646102E+00
 0.153013937861016E+00
 0.163844039358026E+00
 0.174928410880108E+00
 0.186227726647237E+00
 0.197699324037649E+00
 0.209298019777726E+00
 0.220976930708174E+00
 0.232688027497170E+00
 0.244382231441431E+00
 0.256009033537317E+00
 0.267515811546410E+00
 0.278847162991180E+00
 0.289944593079124E+00
 0.300746780831905E+00
 0.311190441014082E+00
 0.321211590397781E+00
 0.330746897793787E+00
 0.339734790932441E+00
 0.348116099881144E+00
 0.355834187853674E+00
 0.362834694824160E+00
 0.369065144441186E+00
 0.374474705541884E+00
 0.379014342452146E+00
 0.382637444725639E+00
 0.385300838409800E+00
 0.386965914605798E+00
 0.387599538368576E+00
 0.387174462361624E+00
 0.385669147342072E+00
 0.383067111778092E+00
 0.379356101830370E+00
 0.374527424400788E+00
 0.368575710574481E+00
 0.361499216727798E+00
 0.353300590512187E+00
 0.343987886820361E+00
 0.333575551586748E+00
 0.322085112307164E+00
 0.309545413039052E+00
 0.295992373541574E+00
 0.281468385017332E+00
 0.266021528693186E+00
 0.249704794192420E+00
 0.232576844628301E+00
 0.225245720336112E+00
 0.222611991128210E+00
 0.220776944598365E+00
 0.218291812473934E+00
 0.216312832244739E+00
 0.215096090922557E+00
 0.213235455852349E+00
 0.211595711981009E+00
 0.210859654253044E+00
 0.209486927210561E+00
 0.208115259410646E+00
 0.207772037095395E+00
 0.206797361342811E+00
 0.205675104919044E+00
 0.205669926644199E+00
 0.205042697915298E+00
 0.204261700467721E+00
 0.204553063178552E+00
 0.204225198229162E+00
 0.203868961231328E+00
 0.204413099623670E+00
 0.210406137909451E+00
 0.226948341144053E+00
 0.242682080100285E+00
 0.257560944750064E+00
 0.271542515455217E+00
 0.284589913228667E+00
 0.296672916959206E+00
 0.307768369999047E+00
 0.317859859824364E+00
 0.326936900053684E+00
 0.334993976822928E+00
 0.342029796380478E+00
 0.348046915784117E+00
 0.353051737226293E+00
 0.357054692161274E+00
 0.360070391598587E+00
 0.362117574958876E+00
 0.363218808151634E+00
 0.363400003082101E+00
 0.362689908686530E+00
 0.361119735509335E+00
 0.358723022879115E+00
 0.355535758325146E+00
 0.351596644559028E+00
 0.346947321390807E+00
 0.341632329894878E+00
 0.335698677083224E+00
 0.329195005866959E+00
 0.322170538670189E+00
 0.314674065052343E+00
 0.306753228646017E+00
 0.298454240918004E+00
 0.289821974187056E+00
 0.280900251948288E+00
 0.271732118377647E+00
 0.262359928543953E+00
 0.252825206819131E+00
 0.243168316436962E+00
 0.233428037182361E+00
 0.223641160231321E+00
 0.213842191290717E+00
 0.204400975598845E+00
 0.196997734888294E+00
 0.195041901265606E+00
 0.193510721298561E+00
 0.191673657760650E+00
 0.190597870581523E+00
 0.189027182925185E+00
 0.187362730758194E+00
 0.186243014937858E+00
 0.184707254973890E+00
 0.183168980845841E+00
 0.181698999055422E+00
 0.180213619999015E+00
 0.178722219073912E+00
 0.177246867685823E+00
 0.175748437020174E+00
 0.174254796240568E+00
 0.172740499005456E+00
 0.171189881707832E+00
 0.169587334975236E+00
 0.167917574219753E+00
 0.166379150073032E+00
 0.164823218051620E+00
 0.163207903318485E+00
 0.161608858776641E+00
 0.160175224360452E+00
 0.158676759985886E+00
 0.157151222808572E+00
 0.155868697425292E+00
 0.154489061465908E+00
 0.153139850260417E+00
 0.151969654749840E+00
 0.150641706316833E+00
 0.149549484859946E+00
 0.148392007493137E+00
 0.147233650928269E+00
 0.146223431547389E+00
 0.145016397189701E+00
 0.144126209011502E+00
 0.142942819036582E+00
 0.142089178633163E+00
 0.140964342989601E+00
 0.140103230534036E+00
 0.139015951834097E+00
 0.138162018294374E+00
 0.137093931285740E+00
 0.136261699169376E+00
 0.135203201077774E+00
 0.134400684654496E+00
 0.133202806474878E+00
 0.131619162451669E+00
 0.129660801704406E+00
 0.127340150504784E+00
 0.124670981621861E+00
 0.121668398777998E+00
 0.118529880183743E+00
 0.115666246509904E+00
 0.113027767571766E+00
 0.110580839679435E+00
 0.108246917904062E+00
 0.106075489863783E+00
 0.103988521037430E+00
 0.101979180156216E+00
 0.100042402990901E+00
 0.981714970485008E-01
 0.963590431574618E-01
 0.945972920334467E-01
 0.928779755920747E-01
 0.911926586751960E-01
 0.895773300398401E-01
 0.880322327572855E-01
 0.865103760889393E-01
 0.850021250122082E-01
 0.835122636385857E-01
 0.821422734150013E-01
 0.807701137507863E-01
 0.793849149385059E-01
 0.780867835710066E-01
 0.768255180913579E-01
 0.755321503215916E-01
 0.743168844920619E-01
 0.728930455354937E-01
 0.712679581712315E-01
 0.694497121604542E-01
 0.674471327789198E-01
 0.652697584276104E-01
 0.629278101460730E-01
 0.616789903684671E-01
 0.611845897985721E-01
 0.607304696246144E-01
 0.602517079056289E-01
 0.598081049121523E-01
 0.593407261244960E-01
 0.588831420159636E-01
 0.584325370233205E-01
 0.579842122396035E-01
 0.575462557806457E-01
 0.570855662595294E-01
 0.566658688760017E-01
 0.562132336630003E-01
 0.558077369473713E-01
 0.553458408774381E-01
 0.549602165614416E-01
 0.545050975101692E-01
 0.541354738522240E-01
 0.536183815257599E-01
 0.529630188657315E-01
 0.522283788745412E-01
 0.514960767801737E-01
 0.507594545802737E-01
 0.500242998017379E-01
 0.492775486172299E-01
 0.485395150917553E-01
 0.478006055192160E-01
 0.470612157843095E-01
 0.463247105718289E-01
 0.455938167785511E-01
 0.448709321932224E-01
 0.441578493113280E-01
 0.434555614056723E-01
 0.427646143148973E-01
 0.420846209063935E-01
 0.414145168836179E-01
 0.407528228189160E-01
 0.401229749750245E-01
 0.395032649341895E-01
 0.388901404998399E-01
 0.382802062412260E-01
 0.376691979426138E-01
 0.371003483609934E-01
 0.365288872482306E-01
 0.359487851872219E-01
 0.353797221853180E-01
 0.348341695912516E-01
 0.342710796732546E-01
 0.337122365485238E-01
 0.330706729859764E-01
 0.323527777273163E-01
 0.315649665070818E-01
 0.307136684974893E-01
 0.298053210189010E-01
 0.288463532281426E-01
 0.278431510142654E-01
 0.268020115942047E-01
 0.257291021952261E-01
 0.246304290249350E-01
 0.235118112311881E-01
 0.223788527190967E-01
 0.212369137518412E-01
 0.200910930944835E-01
 0.189462291455465E-01
 0.178069158285909E-01
 0.166775171733652E-01
 0.155621638157926E-01
 0.144647256846638E-01
 0.133887699596662E-01
 0.123375228938136E-01
 0.113138536810954E-01
 0.103202888521009E-01
 0.935905125688340E-02
 0.843210573075109E-02
 0.754119115259239E-02
 0.668782802276510E-02
 0.587330608570333E-02
 0.567266201947967E-02
 0.560408004146944E-02
 0.550682325937123E-02
 0.538289768578037E-02
 0.523431691052971E-02
 0.506310239401332E-02
 0.487126158834733E-02
 0.466081213022679E-02
 0.449802423446254E-02
 0.446665213209307E-02
 0.443635957982163E-02
 0.440715768138424E-02
 0.437910778349980E-02
 0.435227267752633E-02
 0.432666943471849E-02
 0.430224548542583E-02
 0.427888682704452E-02
 0.425645225745180E-02
 0.423481771292463E-02
 0.421391328586133E-02
 0.419374064932938E-02
 0.417436638838848E-02
 0.416426682143021E-02
 0.418236963511428E-02
 0.419932480797860E-02
 0.421518592362931E-02
 0.423006463309348E-02
 0.424408395874956E-02
 0.425732819588375E-02
 0.426981010689500E-02
 0.428146772722966E-02
 0.429219159122529E-02
 0.430187216362483E-02
 0.431044922491756E-02
 0.431794259437715E-02
 0.432444947200157E-02
 0.433010757589391E-02
 0.433503973591170E-02
 0.433930582951368E-02
 0.434288521014365E-02
 0.434569769470652E-02
 0.434765190682985E-02
 0.434869690323049E-02
 0.434885298477061E-02
 0.434820933253592E-02
 0.434689251731021E-02
 0.434502250358298E-02
 0.434267615012523E-02
 0.433987235425198E-02
 0.433658224739763E-02
 0.433275785643657E-02
 0.432836704632339E-02
 0.432342178505739E-02
 0.431798943399351E-02
 0.431218191111599E-02
 0.430612512647941E-02
 0.429991991571225E-02
 0.429361187321697E-02
 0.428718586771704E-02
 0.428058985666893E-02
 0.427377689472796E-02
 0.426674358708141E-02
 0.425954507010040E-02
 0.425228008744965E-02
 0.424505613757534E-02
 0.423795384950386E-02
 0.423100728182013E-02
 0.422420618865862E-02
 0.421751504225177E-02
 0.421089774579058E-02
 0.420433774155686E-02
 0.419784785322688E-02
 0.419146895424192E-02
 0.418525935936925E-02
 0.417927806262317E-02
 0.417356616007692E-02
 0.416813260124440E-02
 0.416339033392463E-02
 0.416827020511445E-02
 0.417297001124146E-02
 0.417756344745793E-02
 0.418208235897937E-02
 0.418650235224696E-02
 0.419075206869084E-02
 0.419474465848385E-02
 0.419841925825591E-02
 0.420177293619937E-02
 0.420486584294908E-02
 0.420779539061840E-02
 0.421065232233600E-02
 0.421348158686880E-02
 0.421626735421710E-02
 0.421894727617203E-02
 0.422144607422616E-02
 0.422371139909491E-02
 0.422573727793794E-02
 0.422756793416433E-02
 0.422928228671131E-02
 0.423096508692003E-02
 0.423267475895383E-02
 0.423442019541723E-02
 0.423615708009768E-02
 0.423780744514424E-02
 0.423929589764107E-02
 0.424058704695363E-02
 0.424170623386186E-02
 0.424273204850997E-02
 0.424376226767409E-02
 0.424486868611135E-02
 0.424606328896518E-02
 0.424729336848240E-02
 0.424846810564969E-02
 0.424950225837730E-02
 0.425035427332515E-02
 0.425104119910818E-02
 0.425162680054730E-02
 0.425219231929521E-02
 0.425280410891229E-02
 0.425348932467140E-02
 0.425422561592891E-02
 0.425494740255291E-02
 0.425556864842349E-02
 0.425601683181467E-02
 0.425626554344755E-02
 0.425634945274521E-02
 0.425635096390140E-02
 0.425636202984409E-02
 0.425643916874260E-02
 0.425657494219227E-02
 0.425670100947939E-02
 0.425672104657338E-02
 0.425655622364808E-02
 0.425618024412811E-02
 0.425562768184059E-02
 0.425497399942221E-02
 0.425429963818384E-02
 0.425365642163140E-02
 0.425305017874246E-02
 0.425244335580078E-02
 0.425177261132675E-02
 0.425097325418082E-02
 0.425000349073981E-02
 0.424886250871588E-02
 0.424759580822178E-02
 0.424628210761073E-02
 0.424500265639656E-02
 0.424380461868902E-02
 0.424267761467554E-02
 0.424155858588880E-02
 0.424036484649000E-02
 0.423903805702171E-02
 0.423757496978934E-02
 0.423602900334498E-02
 0.423448400023553E-02
 0.423301623119170E-02
 0.423166440296457E-02
 0.423042003964146E-02
 0.422923866912453E-02
 0.422806317649088E-02
 0.422684813037685E-02
 0.422557677590101E-02
 0.422426708377327E-02
 0.422296665699838E-02
 0.422173790536872E-02
 0.422063647582896E-02
 0.421968904693730E-02
 0.421887996555165E-02
 0.421815576633691E-02
 0.421744934206875E-02
 0.421671382719279E-02
 0.421594801318073E-02
 0.421519787104527E-02
 0.421453251650182E-02
 0.421400873058160E-02
 0.421364461531015E-02
 0.421341574103939E-02
 0.421327229828036E-02
 0.421316436866229E-02
 0.421306135055369E-02
 0.421295888432059E-02
 0.421287492369970E-02
 0.421284014332326E-02
 0.421288661598751E-02
 0.421303651015220E-02
 0.421329254879282E-02
 0.421363366473962E-02
 0.421401971709622E-02
 0.421440604137184E-02
 0.421476281845682E-02
 0.421508951531843E-02
 0.421541515088332E-02
 0.421578216639517E-02
 0.421622175719660E-02
 0.421673490585262E-02
 0.421729073752452E-02
 0.421784303107236E-02
 0.421835408172298E-02
 0.421881112102315E-02
 0.421922686440777E-02
 0.421962702565625E-02
 0.422003493802433E-02
 0.422046210479799E-02
 0.422090660575499E-02
 0.422135581429423E-02
 0.422178991622997E-02
 0.422218618868263E-02
 0.422252576547788E-02
 0.422280220408586E-02
 0.422302716503144E-02
 0.422322767312228E-02
 0.422343379062817E-02
 0.422366233187507E-02
 0.422390622870039E-02
 0.422413685388281E-02
 0.422431903543922E-02
 0.422443046148260E-02
 0.422447406546193E-02
 0.422447611987382E-02
 0.422447164501851E-02
 0.422448643495037E-02
 0.422452625790313E-02
 0.422457802631870E-02
 0.422461964589341E-02
 0.422463100428840E-02
 0.422460058836040E-02
 0.422452739697702E-02
 0.422442079950373E-02
 0.422429953612390E-02
 0.422418800241192E-02
 0.422410788046101E-02
 0.422406724273037E-02
 0.422405368599862E-02
