 0.293409187790178E-07
 0.481280025628166E-06
 0.248001260457878E-05
 0.793648531631496E-05
 0.195311723779462E-04
 0.406718206160103E-04
 0.754480701959165E-04
 0.128598139768817E-03
 0.205491814592701E-03
 0.312123487182670E-03
 0.455103071741628E-03
 0.641633119318622E-03
 0.879466437824048E-03
 0.117684675640063E-02
 0.154244156153684E-02
 0.198527830830346E-02
 0.251469212710708E-02
 0.314028664141122E-02
 0.387190271230078E-02
 0.474414721928291E-02
 0.575764937829817E-02
 0.696070644971880E-02
 0.839513504218020E-02
 0.100549754161702E-01
 0.119454207090064E-01
 0.141208019170105E-01
 0.165897804335759E-01
 0.193780582406181E-01
 0.224871057549172E-01
 0.259308441210799E-01
 0.297202327460851E-01
 0.338628690066315E-01
 0.383627221349049E-01
 0.432200144736792E-01
 0.484312406113051E-01
 0.539892932570390E-01
 0.598836493434067E-01
 0.661005647951435E-01
 0.726232332589458E-01
 0.794318813468801E-01
 0.865037963002237E-01
 0.938133054474656E-01
 0.101331744340327E+00
 0.109027457534811E+00
 0.116865870922380E+00
 0.124809658840156E+00
 0.132819007267258E+00
 0.140851952377709E+00
 0.148864757878679E+00
 0.156812289702140E+00
 0.164648354478365E+00
 0.172325986684964E+00
 0.179797692659198E+00
 0.187015679854605E+00
 0.193932109284316E+00
 0.200499403778552E+00
 0.206670625638449E+00
 0.212399911223723E+00
 0.217642927104829E+00
 0.222357302185624E+00
 0.226502997386451E+00
 0.230042596494373E+00
 0.232941529463381E+00
 0.235168260860795E+00
 0.236694482025876E+00
 0.237495333542498E+00
 0.237549660638649E+00
 0.236840279241564E+00
 0.235354215772712E+00
 0.233082885340580E+00
 0.230022189120922E+00
 0.226172534420929E+00
 0.221538800054797E+00
 0.216130277612577E+00
 0.209960613909797E+00
 0.203047764928962E+00
 0.195413953830912E+00
 0.187085612210837E+00
 0.178093279355124E+00
 0.168471439836350E+00
 0.158269259779478E+00
 0.156909017929325E+00
 0.156094697753515E+00
 0.154991150855243E+00
 0.154787505807550E+00
 0.154121556606522E+00
 0.154012350396458E+00
 0.153915635618544E+00
 0.153689632330939E+00
 0.154129987407137E+00
 0.154116794077784E+00
 0.154718284661763E+00
 0.155226131147604E+00
 0.155689328479943E+00
 0.156705144740696E+00
 0.157272050504886E+00
 0.158548701561149E+00
 0.159600673348279E+00
 0.160700420269415E+00
 0.162213397339650E+00
 0.163269091479574E+00
 0.165009444052520E+00
 0.166474001307171E+00
 0.167748682953942E+00
 0.169556982958438E+00
 0.170883022110892E+00
 0.172254601087022E+00
 0.173854699492213E+00
 0.174951277713820E+00
 0.176046120794875E+00
 0.177332642607742E+00
 0.178095736202939E+00
 0.179634411625824E+00
 0.182600998262763E+00
 0.184892896403446E+00
 0.186522087685750E+00
 0.187503565475884E+00
 0.187855081161904E+00
 0.187596918933951E+00
 0.186751706503141E+00
 0.187642591517312E+00
 0.188843284769775E+00
 0.190392661250611E+00
 0.191399714804790E+00
 0.192621084310689E+00
 0.193441548031223E+00
 0.194491924480095E+00
 0.195091725812851E+00
 0.195656612833800E+00
 0.196030607638142E+00
 0.196440667194594E+00
 0.196562578316380E+00
 0.196395666121813E+00
 0.196276288887124E+00
 0.196037166664811E+00
 0.195671797825407E+00
 0.194890703631027E+00
 0.194307001011844E+00
 0.193576744686995E+00
 0.192779449693160E+00
 0.191626382560742E+00
 0.190665784412659E+00
 0.189746458400079E+00
 0.188642360784362E+00
 0.187525931041856E+00
 0.186352465012123E+00
 0.185614329078032E+00
 0.184385579456359E+00
 0.183614278434947E+00
 0.182931235866023E+00
 0.182123714179560E+00
 0.181497065153157E+00
 0.181004480610793E+00
 0.180699292496253E+00
 0.179892948515513E+00
 0.178586590829196E+00
 0.176782371608485E+00
 0.174484049843727E+00
 0.171697781000454E+00
 0.168432781276826E+00
 0.164825590873734E+00
 0.161370370127651E+00
 0.158151854643202E+00
 0.155205892208080E+00
 0.152532994563353E+00
 0.150113707435048E+00
 0.147933153885882E+00
 0.146008166443686E+00
 0.144266749713838E+00
 0.142698202877787E+00
 0.141277931796092E+00
 0.139980580277628E+00
 0.138784575873057E+00
 0.137658388250109E+00
 0.136575492700765E+00
 0.135540006346829E+00
 0.134167939555415E+00
 0.132463954364438E+00
 0.130599564052451E+00
 0.128724031869592E+00
 0.126533337573788E+00
 0.124035465753631E+00
 0.121240184883276E+00
 0.118158998658029E+00
 0.114804942093181E+00
 0.111192281925880E+00
 0.107336186404268E+00
 0.103252418490491E+00
 0.989570972140780E-01
 0.972153020480561E-01
 0.964376196285471E-01
 0.956142890478767E-01
 0.947726313502448E-01
 0.939068064912750E-01
 0.929862417549158E-01
 0.919549435319665E-01
 0.910001578723204E-01
 0.900223671772182E-01
 0.890563809865197E-01
 0.881107440973711E-01
 0.871548259300392E-01
 0.862979875009318E-01
 0.853453042415885E-01
 0.845372373776192E-01
 0.836033100127503E-01
 0.828887323348708E-01
 0.819923800980976E-01
 0.813466222545069E-01
 0.805647397484416E-01
 0.799324234798602E-01
 0.790625016030964E-01
 0.779714525367776E-01
 0.766771780268314E-01
 0.751984116645473E-01
 0.735538433534781E-01
 0.717612982504144E-01
 0.698372880929681E-01
 0.677970473406233E-01
 0.659402290287376E-01
 0.644901914280520E-01
 0.632603217389768E-01
 0.621871579655376E-01
 0.612017386219914E-01
 0.602975216723558E-01
 0.634610482747220E-01
 0.676504690517654E-01
 0.721707483923293E-01
 0.770101641520590E-01
 0.821545368135874E-01
 0.875873658873588E-01
 0.932899607260363E-01
 0.992415398078507E-01
 0.105419286851902E+00
 0.111798374742563E+00
 0.118351984822473E+00
 0.125051348054955E+00
 0.131865817557631E+00
 0.138762964271665E+00
 0.145708685465228E+00
 0.152667332139420E+00
 0.159601881457586E+00
 0.166474183499716E+00
 0.173245293304836E+00
 0.179875862184315E+00
 0.186326532802200E+00
 0.192558280302902E+00
 0.198532661759948E+00
 0.204211964840727E+00
 0.209559268800118E+00
 0.214538442616005E+00
 0.219114113487178E+00
 0.223251652088090E+00
 0.226917236185792E+00
 0.230078056211144E+00
 0.232702698778407E+00
 0.234956290167238E+00
 0.238114327414654E+00
 0.240714201944129E+00
 0.242725726818292E+00
 0.244121140330490E+00
 0.244875738294846E+00
 0.244968376296816E+00
 0.244381744911602E+00
 0.243102396303328E+00
 0.241120571213756E+00
 0.238429914704070E+00
 0.235332600690302E+00
 0.232288818334876E+00
 0.229346123968923E+00
 0.226433305794584E+00
 0.223574208193200E+00
 0.220832891162118E+00
 0.218124939662798E+00
 0.215444021064148E+00
 0.212892432436213E+00
 0.210388807441128E+00
 0.212321042359691E+00
 0.214507542262930E+00
 0.216425478252667E+00
 0.218066909311040E+00
 0.219424538575279E+00
 0.220491802335556E+00
 0.221262999088095E+00
 0.221733424595039E+00
 0.221899475744758E+00
 0.221758698640536E+00
 0.221309777688653E+00
 0.220552482691412E+00
 0.219487602356831E+00
 0.218116892485756E+00
 0.216443057682910E+00
 0.214469771805935E+00
 0.212201729374732E+00
 0.209644710724792E+00
 0.206805638953771E+00
 0.203692607318827E+00
 0.200314862355321E+00
 0.196682740246456E+00
 0.192807568926213E+00
 0.188701560439922E+00
 0.184377721331325E+00
 0.179849800578289E+00
 0.175806205111441E+00
 0.182264818680707E+00
 0.187984016481671E+00
 0.192941894979492E+00
 0.197119978255745E+00
 0.200503344857075E+00
 0.203284669662018E+00
 0.207552825596468E+00
 0.210995046188900E+00
 0.213599129788950E+00
 0.215356329559292E+00
 0.216261259910032E+00
 0.216311753310441E+00
 0.215529728156010E+00
 0.214451705911825E+00
 0.213373461608333E+00
 0.212237669352846E+00
 0.211111297123424E+00
 0.209941159265170E+00
 0.208742834898942E+00
 0.207515598519852E+00
 0.206243112444999E+00
 0.204902603320242E+00
 0.203700716411447E+00
 0.202485380362679E+00
 0.201174289212314E+00
 0.199729218656130E+00
 0.198596337255908E+00
 0.197301294063818E+00
 0.195926877553348E+00
 0.194723184920298E+00
 0.193388666747323E+00
 0.192099710071393E+00
 0.190875272776972E+00
 0.189596045520687E+00
 0.188346736683799E+00
 0.187063516097845E+00
 0.185839906480503E+00
 0.184624344918504E+00
 0.183413238629957E+00
 0.182171098139355E+00
 0.180998525560419E+00
 0.179814935782049E+00
 0.178647326191616E+00
 0.177499703043546E+00
 0.176336604748483E+00
 0.175193083722877E+00
 0.174054307150133E+00
 0.172932285305197E+00
 0.171830955916092E+00
 0.170695697143266E+00
 0.169640893606916E+00
 0.170249842447904E+00
 0.174129173429708E+00
 0.177262549611643E+00
 0.179639132890138E+00
 0.181251487572126E+00
 0.182336303392774E+00
 0.184736735856654E+00
 0.186342102410064E+00
 0.187148672982265E+00
 0.187156523109689E+00
 0.186369582276410E+00
 0.184795524252307E+00
 0.182445526147417E+00
 0.179715353646365E+00
 0.177062947430729E+00
 0.174448988301765E+00
 0.171975573492765E+00
 0.169541587251511E+00
 0.167167899386974E+00
 0.164860536105512E+00
 0.162609354462399E+00
 0.160396028127823E+00
 0.158213159169440E+00
 0.156180929179552E+00
 0.154212676611866E+00
 0.152266478772193E+00
 0.150325475597392E+00
 0.148489576730600E+00
 0.146704745105410E+00
 0.144953501271496E+00
 0.143269588798016E+00
 0.141564462025765E+00
 0.139979347248222E+00
 0.138455644530851E+00
 0.136870074690464E+00
 0.135449838500921E+00
 0.133877938023033E+00
 0.132560303708789E+00
 0.131123551269715E+00
 0.129803053487855E+00
 0.128484589044377E+00
 0.127171345184409E+00
 0.125969870120538E+00
 0.124640052070835E+00
 0.123473968208153E+00
 0.122207406162952E+00
 0.121083238082987E+00
 0.124278651110822E+00
 0.126848483872556E+00
 0.128678302357908E+00
 0.131872471136791E+00
 0.134477781477102E+00
 0.136312463359564E+00
 0.137365024082595E+00
 0.137627684438004E+00
 0.137123730668649E+00
 0.136365829564954E+00
 0.135622874993867E+00
 0.134810285479343E+00
 0.134041028818230E+00
 0.133237825459983E+00
 0.132409678570878E+00
 0.131554255533817E+00
 0.130707608227521E+00
 0.129880823964893E+00
 0.129053023628198E+00
 0.128213217540054E+00
 0.127312312886880E+00
 0.126490511577863E+00
 0.125706170337206E+00
 0.124857725182596E+00
 0.123995990531221E+00
 0.123247200654734E+00
 0.122415652057813E+00
 0.121649417024318E+00
 0.120801001064547E+00
 0.120039531922477E+00
 0.119331335248424E+00
 0.118528137037912E+00
 0.117859636292475E+00
 0.117000455754899E+00
 0.123557120863119E+00
 0.134514913537685E+00
 0.145115495384942E+00
 0.155310764531892E+00
 0.165054208373276E+00
 0.174301137402330E+00
 0.183008878489436E+00
 0.191136926637027E+00
 0.198647066464854E+00
 0.205503484270760E+00
 0.211672892776939E+00
 0.217124680480113E+00
 0.221831079748744E+00
 0.225767332468636E+00
 0.228911828632800E+00
 0.231246203660746E+00
 0.232773553742041E+00
 0.235964678412419E+00
 0.238311456477841E+00
 0.239798490349033E+00
 0.240413899475703E+00
 0.240149382997585E+00
 0.239000260390074E+00
 0.236965489072623E+00
 0.234047659879545E+00
 0.230705131107872E+00
 0.227453048052844E+00
 0.224245866898166E+00
 0.221202333493076E+00
 0.218206196659340E+00
 0.215283905106122E+00
 0.212444129256233E+00
 0.209674234380544E+00
 0.206952007072956E+00
 0.204340554779551E+00
 0.201812000908126E+00
 0.199334099623909E+00
 0.196929642607673E+00
 0.194541071765396E+00
 0.192267290496752E+00
 0.190065819590132E+00
 0.187891927491722E+00
 0.185807832872725E+00
 0.183713713962180E+00
 0.181727200951190E+00
 0.179844713814106E+00
 0.177858647051351E+00
 0.176102208006846E+00
 0.174165276965050E+00
 0.172504143222297E+00
 0.170755246358925E+00
 0.169071605284317E+00
 0.167464281822907E+00
 0.165788933472717E+00
 0.164317494643884E+00
 0.165619949805904E+00
 0.176593254938256E+00
 0.186960000773817E+00
 0.196684228243787E+00
 0.205732470135909E+00
 0.214073763339501E+00
 0.221679725240701E+00
 0.228524710165449E+00
 0.234586023981238E+00
 0.239844147225435E+00
 0.244282912174230E+00
 0.247889597290814E+00
 0.251754183669397E+00
 0.256249862950950E+00
 0.259877681708847E+00
 0.262628268121135E+00
 0.264495833183801E+00
 0.265478080729159E+00
 0.265576068203222E+00
 0.264794069983259E+00
 0.263139495461463E+00
 0.260754595870691E+00
 0.258298399839688E+00
 0.255874149559855E+00
 0.253469808216615E+00
 0.251065286078700E+00
 0.248727575112748E+00
 0.246386793360580E+00
 0.244149344825276E+00
 0.241930691446640E+00
 0.239745513183025E+00
 0.237559134202000E+00
 0.235420610192585E+00
 0.233317011321793E+00
 0.231298273429474E+00
 0.229240261341215E+00
 0.227209421906661E+00
 0.225351041374162E+00
 0.223379685800068E+00
 0.221522946454798E+00
 0.219691604708398E+00
 0.217833663210163E+00
 0.216140907970340E+00
 0.214251711685455E+00
 0.212657089495299E+00
 0.210865853331521E+00
 0.209258018367599E+00
 0.207611579030016E+00
 0.205962405103529E+00
 0.204423714652124E+00
 0.202770396400565E+00
 0.201334678277128E+00
 0.199658098219914E+00
 0.198243910280968E+00
 0.196626150323359E+00
 0.195243485176498E+00
 0.193680164093856E+00
 0.192294926915966E+00
 0.190800404485571E+00
 0.189429287074158E+00
 0.187985080500156E+00
 0.186607421972547E+00
 0.185236731652185E+00
 0.183862694770130E+00
 0.182544679265115E+00
 0.185018371305773E+00
 0.187743073970435E+00
 0.189933645846009E+00
 0.193248403992832E+00
 0.196021057456313E+00
 0.198235824150895E+00
 0.199907680565101E+00
 0.201053828835447E+00
 0.201693564380206E+00
 0.201848238484945E+00
 0.201541276422658E+00
 0.200798192753066E+00
 0.199646547270021E+00
 0.198115803865982E+00
 0.196237084702075E+00
 0.194061614811058E+00
 0.191868150566085E+00
 0.189949600137080E+00
 0.187859729284312E+00
 0.185927841319843E+00
 0.184039796754096E+00
 0.182075327574609E+00
 0.180352972121220E+00
 0.178504471132040E+00
 0.176654954862376E+00
 0.174842794935178E+00
 0.173104150471632E+00
 0.171385758006524E+00
 0.169705978134143E+00
 0.168101130139984E+00
 0.166631467130832E+00
 0.165162164904324E+00
 0.163655448598369E+00
 0.162321356590570E+00
 0.160911271752623E+00
 0.159548725193018E+00
 0.158263896452981E+00
 0.156858251047806E+00
 0.155681564277530E+00
 0.154330506574159E+00
 0.153165659750673E+00
 0.151890002328874E+00
 0.150714443987645E+00
 0.149525510754574E+00
 0.148327870408813E+00
 0.147967634397804E+00
 0.151531357864669E+00
 0.155385438518528E+00
 0.159509388256004E+00
 0.163880405990828E+00
 0.168473402318436E+00
 0.173261108461848E+00
 0.178214258132147E+00
 0.183301812260930E+00
 0.188491192527026E+00
 0.193748493337969E+00
 0.199038650427418E+00
 0.204325559645522E+00
 0.209572161538626E+00
 0.214740527456477E+00
 0.219791988603076E+00
 0.224687334201587E+00
 0.229387074785916E+00
 0.233851736950914E+00
 0.238042142211186E+00
 0.241919632157703E+00
 0.245446230292037E+00
 0.248584763282840E+00
 0.251298983202436E+00
 0.253553726431288E+00
 0.255315117896673E+00
 0.256598411333134E+00
 0.258824758067378E+00
 0.260537853204348E+00
 0.261704051611622E+00
 0.262291402162990E+00
 0.262269939199926E+00
 0.261611954637650E+00
 0.260292208119225E+00
 0.262096083864643E+00
 0.267151351141681E+00
 0.272083127914215E+00
 0.276873686171728E+00
 0.281505123314250E+00
 0.285959446770049E+00
 0.290218655508999E+00
 0.294264815642760E+00
 0.298080130613151E+00
 0.301647008531769E+00
 0.304948129471992E+00
 0.307966514747663E+00
 0.310685599510750E+00
 0.313089309592848E+00
 0.315162142737029E+00
 0.316889252606829E+00
 0.318256531663044E+00
 0.319250687687762E+00
 0.319859309868939E+00
 0.320070923935167E+00
 0.319875039984903E+00
 0.319262198801665E+00
 0.318224021177617E+00
 0.316753260968746E+00
 0.314843858807676E+00
 0.312490991853996E+00
 0.309691116030849E+00
 0.306441999401570E+00
 0.302742746891206E+00
 0.298593816908944E+00
 0.293997030455326E+00
 0.288955574060073E+00
 0.283473999277059E+00
 0.277558222086020E+00
 0.271215524086182E+00
 0.264454554007801E+00
 0.257285324739693E+00
 0.268492528760963E+00
 0.282941643561871E+00
 0.296771408193338E+00
 0.309935407800575E+00
 0.322389097449784E+00
 0.334089983565001E+00
 0.344997868836492E+00
 0.355075135488919E+00
 0.364287019165443E+00
 0.372601819870398E+00
 0.379991014883122E+00
 0.386429276909061E+00
 0.392508776711874E+00
 0.400006164388055E+00
 0.406509606101270E+00
 0.411996524780680E+00
 0.416447781079748E+00
 0.419847640007663E+00
 0.422183798988613E+00
 0.423447490631922E+00
 0.423633636493210E+00
 0.422741004033888E+00
 0.420772314405206E+00
 0.417734263366125E+00
 0.414102226385249E+00
 0.410496565837020E+00
 0.406882269627476E+00
 0.403349604075751E+00
 0.399869362915487E+00
 0.396406236576186E+00
 0.392966677581347E+00
 0.389538336487096E+00
 0.386113494415006E+00
 0.382859771281460E+00
 0.379679866078196E+00
 0.376457804356365E+00
 0.373173798241625E+00
 0.370096395567212E+00
 0.367092863622047E+00
 0.363995429814021E+00
 0.360988599939343E+00
 0.358108533270301E+00
 0.355156492495821E+00
 0.352349101398359E+00
 0.349437457295553E+00
 0.346705383296955E+00
 0.344023381916209E+00
 0.341268467973872E+00
 0.338709412020103E+00
 0.335939581289431E+00
 0.333515131601477E+00
 0.330807146530791E+00
 0.328451038517591E+00
 0.325852986780756E+00
 0.323520165274154E+00
 0.320964668210747E+00
 0.318720566481098E+00
 0.316227340662275E+00
 0.314047387674088E+00
 0.311581013157467E+00
 0.309491667649813E+00
 0.307075255197271E+00
 0.305048528114743E+00
 0.302649842579048E+00
 0.300711653708816E+00
 0.298356005174997E+00
 0.296479825304179E+00
 0.294135042448011E+00
 0.292345329845921E+00
 0.290038009846149E+00
 0.288310056024459E+00
 0.285883172830415E+00
 0.282764106970161E+00
 0.278962164596691E+00
 0.274489066779136E+00
 0.269358769087911E+00
 0.263587881553199E+00
 0.257624880182089E+00
 0.251833439437295E+00
 0.246210824866800E+00
 0.240771432049857E+00
 0.235478107971769E+00
 0.230359395659711E+00
 0.225358565151455E+00
 0.220491141064802E+00
 0.215766696037418E+00
 0.213220795099676E+00
 0.211386519170886E+00
 0.209591958138390E+00
 0.207875688028673E+00
 0.206166186832521E+00
 0.204410012298869E+00
 0.202695728463722E+00
 0.201168637762871E+00
 0.199533121100543E+00
 0.197861576783881E+00
 0.196455077636904E+00
 0.194854706989628E+00
 0.193378745648263E+00
 0.191976373709958E+00
 0.190420847586562E+00
 0.189126807706323E+00
 0.187577042153272E+00
 0.186326405428843E+00
 0.184904849209759E+00
 0.183586840675060E+00
 0.182270353348667E+00
 0.180913520734131E+00
 0.179676671266711E+00
 0.178320851599097E+00
 0.177154561395340E+00
 0.175783336347215E+00
 0.174609202209712E+00
 0.173298490034437E+00
 0.172130165700689E+00
 0.170873720642498E+00
 0.169683211509168E+00
 0.168493687872371E+00
 0.167298050284921E+00
 0.166162482788068E+00
 0.164942479762051E+00
 0.163875861762287E+00
 0.162645310742009E+00
 0.161628318045473E+00
 0.160378952450578E+00
 0.159423327019344E+00
 0.158168718315136E+00
 0.157264949719537E+00
 0.155863853827497E+00
 0.153984998156593E+00
 0.151649819877112E+00
 0.149031506417258E+00
 0.146460043296646E+00
 0.143944950832125E+00
 0.141478500616920E+00
 0.146047475126520E+00
 0.155454329018149E+00
 0.164847273080263E+00
 0.174180113952709E+00
 0.183406476990369E+00
 0.192480017615619E+00
 0.201354695390621E+00
 0.209985084753526E+00
 0.218326682197107E+00
 0.226336172937032E+00
 0.233971637073494E+00
 0.241192697568398E+00
 0.247960631522593E+00
 0.254238476060866E+00
 0.259991157642003E+00
 0.265185659428919E+00
 0.269791220001262E+00
 0.273779536137882E+00
 0.277124931968395E+00
 0.279804463354891E+00
 0.282288879640953E+00
 0.285641734037493E+00
 0.288299629699926E+00
 0.290241604830998E+00
 0.291449824005260E+00
 0.291909607580697E+00
 0.291609403245202E+00
 0.290540742752667E+00
 0.288698226477608E+00
 0.286079558536463E+00
 0.282685626021579E+00
 0.278562516668716E+00
 0.274357196024560E+00
 0.270271400826185E+00
 0.266298669971940E+00
 0.262481650900608E+00
 0.258752488019764E+00
 0.255165307578780E+00
 0.251664152235479E+00
 0.248286115055096E+00
 0.244977741055588E+00
 0.248462500872840E+00
 0.251872476047490E+00
 0.254971511337612E+00
 0.257750242959781E+00
 0.260200372772898E+00
 0.262314694415560E+00
 0.264087107809201E+00
 0.265512628029076E+00
 0.266587395237490E+00
 0.267308689956778E+00
 0.267674953620980E+00
 0.267685810088823E+00
 0.267342081416085E+00
 0.266645791476469E+00
 0.265600153661346E+00
 0.264209542816952E+00
 0.262479455506803E+00
 0.260416465423528E+00
 0.258028181361467E+00
 0.255323213105393E+00
 0.252311146245246E+00
 0.249002521731437E+00
 0.245408812118415E+00
 0.241542385820596E+00
 0.237416453854049E+00
 0.233044999153001E+00
 0.228442694110917E+00
 0.223624815099642E+00
 0.218607162273854E+00
 0.213405989539285E+00
 0.208037944833184E+00
 0.202520016697765E+00
 0.197222115238732E+00
 0.192145183285229E+00
 0.195962346608448E+00
 0.199762829207927E+00
 0.202829136808087E+00
 0.205161971554766E+00
 0.206765037329269E+00
 0.207644971834515E+00
 0.207811313062487E+00
 0.207282099763346E+00
 0.206462095311496E+00
 0.205604315796854E+00
 0.204680499199159E+00
 0.203734914681401E+00
 0.202800206841174E+00
 0.201799795914008E+00
 0.200829091263329E+00
 0.199835070289662E+00
 0.198816707960815E+00
 0.197794024698600E+00
 0.196753972997014E+00
 0.195688301746718E+00
 0.194630953089792E+00
 0.193545590538160E+00
 0.192453944922619E+00
 0.191365432142867E+00
 0.190280517910905E+00
 0.189190797254675E+00
 0.188148627560082E+00
 0.187061788984446E+00
 0.186044328942368E+00
 0.184976128395398E+00
 0.183950581616329E+00
 0.182971579930797E+00
 0.181902714506687E+00
 0.180964035579020E+00
 0.179849290600930E+00
 0.178962949142993E+00
 0.177816503540499E+00
 0.176972854615278E+00
 0.175824676406790E+00
 0.175006514605671E+00
 0.173840294395334E+00
 0.173024701334561E+00
 0.171871168637855E+00
 0.171061906911277E+00
 0.169936383125036E+00
 0.169102412959698E+00
 0.168014858708269E+00
 0.167165811216820E+00
 0.166106647242115E+00
 0.165232167202186E+00
 0.164214158109478E+00
 0.163324657484572E+00
 0.162339239191888E+00
 0.161422096258562E+00
 0.160484386773093E+00
 0.159548674067574E+00
 0.158651945193020E+00
 0.157305875267539E+00
 0.155523738330326E+00
 0.153320588239523E+00
 0.150810815874047E+00
 0.148309518190410E+00
 0.145849081096310E+00
 0.143443766675077E+00
 0.141047011375282E+00
 0.138729128529365E+00
 0.136434594771009E+00
 0.134175163653163E+00
 0.131958820355828E+00
 0.129790096785699E+00
 0.127670746626877E+00
 0.125600049662210E+00
 0.123574866313305E+00
 0.121590437864740E+00
 0.119640358480150E+00
 0.117716751926903E+00
 0.115833818519677E+00
 0.114057805387914E+00
 0.112298317533911E+00
 0.110543821825563E+00
 0.108801748818773E+00
 0.107195260806725E+00
 0.105574986695826E+00
 0.103927790839284E+00
 0.102409462781264E+00
 0.100893110777506E+00
 0.993271129634310E-01
 0.979089120511688E-01
 0.962551299846635E-01
 0.943758041260991E-01
 0.922818286666516E-01
 0.899848967696237E-01
 0.874974320314720E-01
 0.848325137776104E-01
 0.820038079326007E-01
 0.790255133268759E-01
 0.759123211473016E-01
 0.726793718148293E-01
 0.704010600331496E-01
 0.697794834462770E-01
 0.691203757590488E-01
 0.684605296183557E-01
 0.678556200838084E-01
 0.672471490103352E-01
 0.708868845810602E-01
 0.824205830072496E-01
 0.941236465251083E-01
 0.105951114258985E+00
 0.117856543810003E+00
 0.129792307983850E+00
 0.141709936535883E+00
 0.153560445416814E+00
 0.165294603780620E+00
 0.176863119237843E+00
 0.188216758995530E+00
 0.199306450608060E+00
 0.210083410454419E+00
 0.220499331867634E+00
 0.230506638098400E+00
 0.240058780090507E+00
 0.249110543607175E+00
 0.257618327189475E+00
 0.265540360761627E+00
 0.272836852311124E+00
 0.279470073747163E+00
 0.285404420430114E+00
 0.290606492013042E+00
 0.295045235710408E+00
 0.298692165245369E+00
 0.301521630116635E+00
 0.305524324902618E+00
 0.309200319778823E+00
 0.312024592586876E+00
 0.313974070975869E+00
 0.315028965916198E+00
 0.315172923406901E+00
 0.314393114174244E+00
 0.312680264059547E+00
 0.310028647221042E+00
 0.306436072526163E+00
 0.302430063739994E+00
 0.298529128068404E+00
 0.294704268339836E+00
 0.291019562721938E+00
 0.287393323275436E+00
 0.283853141022444E+00
 0.280406385509233E+00
 0.277043018629693E+00
 0.273740125981703E+00
 0.270461855312626E+00
 0.267277657297133E+00
 0.264317723711602E+00
 0.261354990770323E+00
 0.258410142327562E+00
 0.255514425848920E+00
 0.252817773851668E+00
 0.250081809473393E+00
 0.247399329173712E+00
 0.244848192161918E+00
 0.242313206618042E+00
 0.239877720044569E+00
 0.237353961652945E+00
 0.235063932377221E+00
 0.232747295342147E+00
 0.230504304039813E+00
 0.228335162226927E+00
 0.226088484701021E+00
 0.224079947919625E+00
 0.221886992009255E+00
 0.219993263681064E+00
 0.217821974247950E+00
 0.216029473145154E+00
 0.213927533187464E+00
 0.212216983811057E+00
 0.218102299930299E+00
 0.229355693733318E+00
 0.239807978428235E+00
 0.249423006011157E+00
 0.258167584086758E+00
 0.266011613909408E+00
 0.272928225114029E+00
 0.278893901346264E+00
 0.283888595813758E+00
 0.287895834994668E+00
 0.292874855090086E+00
 0.297938809960697E+00
 0.301972748891851E+00
 0.304963908225533E+00
 0.306903425628835E+00
 0.307786326338840E+00
 0.307611477333744E+00
 0.306381537319823E+00
 0.304105624017228E+00
 0.301391705039439E+00
 0.298712219950505E+00
 0.295989924433715E+00
 0.293405908349815E+00
 0.290816847635217E+00
 0.288245254470152E+00
 0.285693806597985E+00
 0.283146268383047E+00
 0.280592265799674E+00
 0.278204422124220E+00
 0.275882854477215E+00
 0.273499096258381E+00
 0.271024790832999E+00
 0.268845758079673E+00
 0.266633065412050E+00
 0.264322802649178E+00
 0.262196427929184E+00
 0.260046367731293E+00
 0.257871033415622E+00
 0.255893942884626E+00
 0.253698748590442E+00
 0.251790009957352E+00
 0.249757917794766E+00
 0.247792232472263E+00
 0.245934698485915E+00
 0.243941921500836E+00
 0.242186377457215E+00
 0.240164955335095E+00
 0.238520565043328E+00
 0.236523645767423E+00
 0.234957180248097E+00
 0.232965784915689E+00
 0.231436711690629E+00
 0.229492018208093E+00
 0.228009176188241E+00
 0.226128722685465E+00
 0.224648281393873E+00
 0.224487861493655E+00
 0.233246534964203E+00
 0.241250303615415E+00
 0.248483835800989E+00
 0.254935077839224E+00
 0.260595340054645E+00
 0.265459338138114E+00
 0.269525187161301E+00
 0.272794356930108E+00
 0.275928101477310E+00
 0.280056451249434E+00
 0.283353860659835E+00
 0.285825545926903E+00
 0.287480009682841E+00
 0.288328986417835E+00
 0.288387382256942E+00
 0.287673200728462E+00
 0.286207447093707E+00
 0.284014006336926E+00
 0.281119494288341E+00
 0.277669194466182E+00
 0.274218040866819E+00
 0.270940497154731E+00
 0.267693397124502E+00
 0.264524618584181E+00
 0.261484296314269E+00
 0.258475158198136E+00
 0.255538106781497E+00
 0.252711352693039E+00
 0.249902532342982E+00
 0.247170493468509E+00
 0.244612738179436E+00
 0.242058068326681E+00
 0.239485364496539E+00
 0.237122417917563E+00
 0.234803681683029E+00
 0.232387866550162E+00
 0.230214162194748E+00
 0.228031362638286E+00
 0.225771249603393E+00
 0.223793879872944E+00
 0.221605745799233E+00
 0.219671681462627E+00
 0.217673704190902E+00
 0.215675931339883E+00
 0.213844894972262E+00
 0.211835571379598E+00
 0.210121444246960E+00
 0.208119888696541E+00
 0.206521745939627E+00
 0.204536486956990E+00
 0.202981563379894E+00
 0.201060631206623E+00
 0.199556947089877E+00
 0.197704225604081E+00
 0.196223290229133E+00
 0.194435018709360E+00
 0.192991605070966E+00
 0.191244466464498E+00
 0.189842115114128E+00
 0.188136379153772E+00
 0.186784147984620E+00
 0.185113506709762E+00
 0.183804366794466E+00
 0.182178720312495E+00
 0.180908245792318E+00
 0.179335697772272E+00
 0.177289179031763E+00
 0.174787521530333E+00
 0.171851104505402E+00
 0.168501786654427E+00
 0.165079563708478E+00
 0.165693085253962E+00
 0.166383734481994E+00
 0.167152675259988E+00
 0.168000177079013E+00
 0.168925602035468E+00
 0.169927399099050E+00
 0.171003108406501E+00
 0.172149375744516E+00
 0.173361974814486E+00
 0.174635833513196E+00
 0.175965060723238E+00
 0.177342971611249E+00
 0.178762111470440E+00
 0.180214280072380E+00
 0.181690559832908E+00
 0.183181351443594E+00
 0.184676419663839E+00
 0.186164949747575E+00
 0.187635612146213E+00
 0.189076630879876E+00
 0.190475850486835E+00
 0.191820798180133E+00
 0.193098741040704E+00
 0.194296741180490E+00
 0.195401713256806E+00
 0.196400487863532E+00
 0.197279881755004E+00
 0.198026772967226E+00
 0.198628177036019E+00
 0.199071320310031E+00
 0.199343707629419E+00
 0.199433183720734E+00
 0.199327989811852E+00
 0.199016818579408E+00
 0.198488871088354E+00
 0.197733918503043E+00
 0.196742369074348E+00
 0.195505337926061E+00
 0.194014714735985E+00
 0.192263223796822E+00
 0.190244472649886E+00
 0.187952988820920E+00
 0.185384247557259E+00
 0.182534695245179E+00
 0.179401772636054E+00
 0.175983939638141E+00
 0.172280700603743E+00
 0.168292627144871E+00
 0.164021375227924E+00
 0.159469694418425E+00
 0.159765901511063E+00
 0.170538492448724E+00
 0.181011120366562E+00
 0.191141271540663E+00
 0.200887452163518E+00
 0.210209407242668E+00
 0.219068306230947E+00
 0.227426884149868E+00
 0.235249546182329E+00
 0.242502461947492E+00
 0.249153682698169E+00
 0.255173305078335E+00
 0.260533681754043E+00
 0.265209652910830E+00
 0.269178756994541E+00
 0.274015673365542E+00
 0.278737213715735E+00
 0.282721731067098E+00
 0.285949060832501E+00
 0.288401965651006E+00
 0.290066233760872E+00
 0.290930747938077E+00
 0.290987527376146E+00
 0.290231747153674E+00
 0.288661742695171E+00
 0.286312873997666E+00
 0.283759678512187E+00
 0.281207119389944E+00
 0.278723927078054E+00
 0.276235879809365E+00
 0.273757635287273E+00
 0.271308044778904E+00
 0.268890607071532E+00
 0.266494225071737E+00
 0.264097933050792E+00
 0.261670568470716E+00
 0.259392751881576E+00
 0.257185415111545E+00
 0.254928952757907E+00
 0.252669699343936E+00
 0.250525747661624E+00
 0.248366354367966E+00
 0.246263498221817E+00
 0.244201037014372E+00
 0.242107041389323E+00
 0.240111724738098E+00
 0.238158914297061E+00
 0.236189713060281E+00
 0.234319711961869E+00
 0.232342785323394E+00
 0.230570694492095E+00
 0.228655533732286E+00
 0.226932708597332E+00
 0.225139102450395E+00
 0.223413804172135E+00
 0.221735026518457E+00
 0.219988010497900E+00
 0.218353614121056E+00
 0.216660738449736E+00
 0.215077477072030E+00
 0.213431966333807E+00
 0.211870642008902E+00
 0.210286154637428E+00
 0.208760590559336E+00
 0.207221664504724E+00
 0.205709161220153E+00
 0.204234646098459E+00
 0.202747132523057E+00
 0.201321015814191E+00
 0.199835816479376E+00
 0.198475072626078E+00
 0.197007984956946E+00
 0.195694136622981E+00
 0.193852904375533E+00
 0.191486966751511E+00
 0.189712459914700E+00
 0.190011703706364E+00
 0.189625037112587E+00
 0.188569724083720E+00
 0.186963511616969E+00
 0.185305474405237E+00
 0.183663097293686E+00
 0.182047678498158E+00
 0.180430236523082E+00
 0.178837093866783E+00
 0.177280388331539E+00
 0.175759659997603E+00
 0.174263118259503E+00
 0.172769439246723E+00
 0.171250543822436E+00
 0.169782823790449E+00
 0.168449114302650E+00
 0.167050346517327E+00
 0.165624939573387E+00
 0.164349518165041E+00
 0.163026468265407E+00
 0.161691215839113E+00
 0.160497058886789E+00
 0.159165533049266E+00
 0.157990152600960E+00
 0.156806821271708E+00
 0.155576875369282E+00
 0.154493295095999E+00
 0.153240377159718E+00
 0.152227791143504E+00
 0.150946158912273E+00
 0.150016380376430E+00
 0.148799879313878E+00
 0.147860105562493E+00
 0.146729464057997E+00
 0.145760517857362E+00
 0.144605353174197E+00
 0.143700492958975E+00
 0.142547636887720E+00
 0.141687219167891E+00
 0.140510157116420E+00
 0.139710567387353E+00
 0.138546248549445E+00
 0.137777327676009E+00
 0.136631501977071E+00
 0.135875313508978E+00
 0.134758049531610E+00
 0.134014241586954E+00
 0.132926473667264E+00
 0.132182500060060E+00
 0.131137573292462E+00
 0.130390298077572E+00
 0.129392287292777E+00
 0.127969039817036E+00
 0.126136869466068E+00
 0.132021684881071E+00
 0.143096898554197E+00
 0.154399474207980E+00
 0.165882159655874E+00
 0.177496423043544E+00
 0.189192567415770E+00
 0.200919838103392E+00
 0.212626555490370E+00
 0.224260296788683E+00
 0.235768133908406E+00
 0.247096917730702E+00
 0.258193587309924E+00
 0.269005477760552E+00
 0.279480602828846E+00
 0.289567896572924E+00
 0.299217411368374E+00
 0.308380483183396E+00
 0.317009884995343E+00
 0.325059991093848E+00
 0.332486967345630E+00
 0.339248987929711E+00
 0.345306463811629E+00
 0.350622259486846E+00
 0.355161876688822E+00
 0.358893595650086E+00
 0.361788579650133E+00
 0.365917757536069E+00
 0.369631837377630E+00
 0.372473772132818E+00
 0.374416900148090E+00
 0.375437814157047E+00
 0.375516490551286E+00
 0.374636398900536E+00
 0.372784586286903E+00
 0.369951738340472E+00
 0.366132222634812E+00
 0.361324118871577E+00
 0.355819308744759E+00
 0.350460732558110E+00
 0.345202453573561E+00
 0.340210538668242E+00
 0.335318525439501E+00
 0.330556106584664E+00
 0.325938815031978E+00
 0.321464302029656E+00
 0.319650610762013E+00
 0.324578585977962E+00
 0.329115995885018E+00
 0.333246778624048E+00
 0.336955991201203E+00
 0.340229865319142E+00
 0.343055855438491E+00
 0.345422682268446E+00
 0.347320374630545E+00
 0.348740310875164E+00
 0.349675258619572E+00
 0.350119409736815E+00
 0.350068407198374E+00
 0.349519361717312E+00
 0.348470858437200E+00
 0.346922955982895E+00
 0.344877181040882E+00
 0.342336520984442E+00
 0.339305415393033E+00
 0.335789745530204E+00
 0.331796819713814E+00
 0.327335352355700E+00
 0.322415435132103E+00
 0.317048499897492E+00
 0.311247274157674E+00
 0.305025730791237E+00
 0.298399033931305E+00
 0.291383482337309E+00
 0.283996450376134E+00
 0.276256325461481E+00
 0.287338795533032E+00
 0.298158766315345E+00
 0.308107006733654E+00
 0.317160661881068E+00
 0.325300161890991E+00
 0.332509279169055E+00
 0.338775191150666E+00
 0.344492867753300E+00
 0.351836019504159E+00
 0.358193664969464E+00
 0.363556602308936E+00
 0.367919259947828E+00
 0.371279679548949E+00
 0.373639490510748E+00
 0.375003882565420E+00
 0.375381575083238E+00
 0.374784774370052E+00
 0.373229108827686E+00
 0.370762731966011E+00
 0.368019797978505E+00
 0.365291482345948E+00
 0.362580378514080E+00
 0.359887914232659E+00
 0.357191457466704E+00
 0.354511953481493E+00
 0.351852730346640E+00
 0.349203117316725E+00
 0.346574347997650E+00
 0.343972840502041E+00
 0.341411307549525E+00
 0.338912526328031E+00
 0.336354853808228E+00
 0.333841623454074E+00
 0.331488652172264E+00
 0.329012628763425E+00
 0.326585004655161E+00
 0.324336714400527E+00
 0.321925007788892E+00
 0.319694118792648E+00
 0.317373869399400E+00
 0.315115138294805E+00
 0.312982810566345E+00
 0.310689036257603E+00
 0.308646554204470E+00
 0.306308512988111E+00
 0.304380436386377E+00
 0.302076553997739E+00
 0.300192596213900E+00
 0.298006490333059E+00
 0.296087706496665E+00
 0.293897817792019E+00
 0.292058154588684E+00
 0.289895078905768E+00
 0.288108184183480E+00
 0.285941313487133E+00
 0.284231799236089E+00
 0.282088763601710E+00
 0.280431902330396E+00
 0.278282159915751E+00
 0.276701544289492E+00
 0.274572911272360E+00
 0.273045267250616E+00
 0.270912998712015E+00
 0.269457807895712E+00
 0.267370672764342E+00
 0.265942756327321E+00
 0.263918116593341E+00
 0.261281426553911E+00
 0.258049174335853E+00
 0.254239802545987E+00
 0.249873629250503E+00
 0.244976762068210E+00
 0.239950798068089E+00
 0.235063528487741E+00
 0.230297910772082E+00
 0.225663383685597E+00
 0.221159490667836E+00
 0.216781688077878E+00
 0.212498438800811E+00
 0.208323332154618E+00
 0.204276871609972E+00
 0.200355892014173E+00
 0.196532813726251E+00
 0.192810475642138E+00
 0.189222186382809E+00
 0.185736310050765E+00
 0.182341856605761E+00
 0.179026021620357E+00
 0.175774558290773E+00
 0.172572084825796E+00
 0.169535761463085E+00
 0.166584658252577E+00
 0.163656868440931E+00
 0.160734383562023E+00
 0.158026786496216E+00
 0.155331527447290E+00
 0.152610224631233E+00
 0.150056569667080E+00
 0.147184853343697E+00
 0.144007622114229E+00
 0.140538385001831E+00
 0.136791565484006E+00
 0.132782442865284E+00
 0.128527080523362E+00
 0.124042246817850E+00
 0.119345337280236E+00
 0.114454301702543E+00
 0.109387572093450E+00
 0.104163984818692E+00
 0.110053825071391E+00
 0.116430524334061E+00
 0.123033437302876E+00
 0.129834162372458E+00
 0.136802502630909E+00
 0.143906638363891E+00
 0.151113323392581E+00
 0.158388086776371E+00
 0.165695417650653E+00
 0.172998918770846E+00
 0.180261431554588E+00
 0.187445152877598E+00
 0.194511771469545E+00
 0.201422645461147E+00
 0.208139026542656E+00
 0.214622318501279E+00
 0.220834345380037E+00
 0.226737600173105E+00
 0.232295449355801E+00
 0.237472281091607E+00
 0.242233603410056E+00
 0.246546117651668E+00
 0.250377804320284E+00
 0.253698056650010E+00
 0.256477880260672E+00
 0.259039212521602E+00
 0.262384659394971E+00
 0.265166191416296E+00
 0.267356262055247E+00
 0.268929472657440E+00
 0.269862727432104E+00
 0.270135393101310E+00
 0.269729448566752E+00
 0.268629609934381E+00
 0.266823424386400E+00
 0.264301337185741E+00
 0.261056742786825E+00
 0.257497533134941E+00
 0.254031626122689E+00
 0.250650461000047E+00
 0.247367187144934E+00
 0.244140170012288E+00
 0.240992297908246E+00
 0.237931004203018E+00
 0.234951346458752E+00
 0.232036402246929E+00
 0.229161683422652E+00
 0.226361135413757E+00
 0.223676479049974E+00
 0.221058620052704E+00
 0.218500561810514E+00
 0.215986171178033E+00
 0.213493573307588E+00
 0.211055180286664E+00
 0.208757228778113E+00
 0.206509581007043E+00
 0.204279947848332E+00
 0.202749677203823E+00
 0.202509231086828E+00
 0.201905361534450E+00
 0.200938777501878E+00
 0.199611451269601E+00
 0.197926620851430E+00
 0.195888789403953E+00
 0.193503721657936E+00
 0.190778436139807E+00
 0.187721191191144E+00
 0.184341462860135E+00
 0.181192835231287E+00
 0.179533411362616E+00
 0.177907800937629E+00
 0.176311769297887E+00
 0.179979833415963E+00
 0.188348693964759E+00
 0.195988956763055E+00
 0.202870990626564E+00
 0.208967852631391E+00
 0.214255435407254E+00
 0.218712618502222E+00
 0.222321406528730E+00
 0.226246194976926E+00
 0.230787926144209E+00
 0.234444722318723E+00
 0.237201672633297E+00
 0.239047324405656E+00
 0.239973750528047E+00
 0.239976587488484E+00
 0.239055043672056E+00
 0.237442896982293E+00
 0.235775402357507E+00
 0.234138937046968E+00
 0.232459143050467E+00
 0.230758830708775E+00
 0.229071300334795E+00
 0.227409936770616E+00
 0.225769639166975E+00
 0.224130804580469E+00
 0.222461085553696E+00
 0.220718411150633E+00
 0.219097428342493E+00
 0.217567277133966E+00
 0.215906543885610E+00
 0.214211478095858E+00
 0.212781295939888E+00
 0.211158465929287E+00
 0.209571191313177E+00
 0.208151227069440E+00
 0.206583909072006E+00
 0.205138753064262E+00
 0.203586340482638E+00
 0.202165997365189E+00
 0.200767130789640E+00
 0.199314072281871E+00
 0.197980113466942E+00
 0.196485351414901E+00
 0.195239966148398E+00
 0.193749121046049E+00
 0.192553776762557E+00
 0.191072813680045E+00
 0.189932476062551E+00
 0.188437994433521E+00
 0.187344196184216E+00
 0.185891849694554E+00
 0.191837722124210E+00
 0.200218594971621E+00
 0.207875428430210E+00
 0.214782612320721E+00
 0.220917536627241E+00
 0.226260682923257E+00
 0.230795759288230E+00
 0.234509851094309E+00
 0.237393549718060E+00
 0.239441028036079E+00
 0.242189729084157E+00
 0.245107162862072E+00
 0.247153407166743E+00
 0.248326407992848E+00
 0.248627765249883E+00
 0.248062692939325E+00
 0.246639964773043E+00
 0.244371856387452E+00
 0.241285265904575E+00
 0.237977849784686E+00
 0.234751651000807E+00
 0.231666839554246E+00
 0.228624556155649E+00
 0.225649814909885E+00
 0.222765717370858E+00
 0.219978244645530E+00
 0.217278158269659E+00
 0.214643562238494E+00
 0.212040818791626E+00
 0.209428632879776E+00
 0.207040160101316E+00
 0.204735935630605E+00
 0.202359421151422E+00
 0.200027295469362E+00
 0.197965736183065E+00
 0.195741586037443E+00
 0.193639551321870E+00
 0.191699501631227E+00
 0.189588208616710E+00
 0.187760350477680E+00
 0.185778777297256E+00
 0.183947949672224E+00
 0.182173464805347E+00
 0.180310879010626E+00
 0.178681754971034E+00
 0.176817221050837E+00
 0.175305521161398E+00
 0.173454731619432E+00
 0.172060200067308E+00
 0.170234184269830E+00
 0.168883240371925E+00
 0.167111522486694E+00
 0.165822372915815E+00
 0.164118976062191E+00
 0.162849986327153E+00
 0.161211134981536E+00
 0.159979386098032E+00
 0.158385794498069E+00
 0.157183647144583E+00
 0.155643599719990E+00
 0.154478415150036E+00
 0.152984041717147E+00
 0.151839371107368E+00
 0.150406226909813E+00
 0.149282227851978E+00
 0.147909302214024E+00
 0.145988345603870E+00
 0.143531277501014E+00
 0.140552219380992E+00
 0.137112845268969E+00
 0.133680052116214E+00
 0.130357262889960E+00
 0.127154379979656E+00
 0.124029916794574E+00
 0.121057196719838E+00
 0.118151659433760E+00
 0.115328687320147E+00
 0.112599971766359E+00
 0.109990179748820E+00
 0.107698924302179E+00
 0.107113640193162E+00
 0.106629209278121E+00
 0.106132284471904E+00
 0.105570419466411E+00
 0.105153642821314E+00
 0.104538428697572E+00
 0.104154273491247E+00
 0.103475972077546E+00
 0.108527649121813E+00
 0.116913918093792E+00
 0.124889662126231E+00
 0.132414642425900E+00
 0.139450713196935E+00
 0.145961928516092E+00
 0.151914618406536E+00
 0.157277459503856E+00
 0.162021563793123E+00
 0.166120597940075E+00
 0.169550930945529E+00
 0.172291795723797E+00
 0.174325444906297E+00
 0.175637282789849E+00
 0.176494397108003E+00
 0.178554860422616E+00
 0.179864009367516E+00
 0.180410420212513E+00
 0.180186016645507E+00
 0.179186100293612E+00
 0.177409360699457E+00
 0.174861355751436E+00
 0.172031357549113E+00
 0.169296848882468E+00
 0.166641379345650E+00
 0.164075988932512E+00
 0.161564794648828E+00
 0.159130457279121E+00
 0.156773897468331E+00
 0.154501219711163E+00
 0.152290089231845E+00
 0.150163682767126E+00
 0.148077059556532E+00
 0.146060250484450E+00
 0.144064654174378E+00
 0.142127899948777E+00
 0.140238349898518E+00
 0.138461227427717E+00
 0.136707708019120E+00
 0.134999208375956E+00
 0.133368559904407E+00
 0.131764137004873E+00
 0.130267271426536E+00
 0.128654109295961E+00
 0.127287082924557E+00
 0.125804792342266E+00
 0.124439460512381E+00
 0.123121999031394E+00
 0.125781411110439E+00
 0.136574667306554E+00
 0.146942784147656E+00
 0.156845879924905E+00
 0.166245977885772E+00
 0.175107206056612E+00
 0.183395989919882E+00
 0.191081222493068E+00
 0.198134400277205E+00
 0.204529721862214E+00
 0.210244155360257E+00
 0.215257487287724E+00
 0.219552366160143E+00
 0.223114348661142E+00
 0.226112647195154E+00
 0.230466291628103E+00
 0.234054917882116E+00
 0.236866880690028E+00
 0.238893704266832E+00
 0.240130111735635E+00
 0.240574040513083E+00
 0.240226640724375E+00
 0.239092254977985E+00
 0.237182736069676E+00
 0.234965474724655E+00
 0.232778041147986E+00
 0.230575971595036E+00
 0.228453382784050E+00
 0.226331443033924E+00
 0.224229316320198E+00
 0.222150610933904E+00
 0.220098509724722E+00
 0.218083212838971E+00
 0.216091530746639E+00
 0.214164187510974E+00
 0.212238453379231E+00
 0.210357284139272E+00
 0.208492579700219E+00
 0.206658300359974E+00
 0.204850188683662E+00
 0.203059616454488E+00
 0.201388579724543E+00
 0.199649037306819E+00
 0.198018602905860E+00
 0.196345573626274E+00
 0.194739053526868E+00
 0.193223097496906E+00
 0.191589102835614E+00
 0.190166845444694E+00
 0.188496978581590E+00
 0.187186807854521E+00
 0.185558609093741E+00
 0.184286198313931E+00
 0.182780206979343E+00
 0.181467626701050E+00
 0.179956772444163E+00
 0.178712257022590E+00
 0.177225887330506E+00
 0.176027242202164E+00
 0.174534054706236E+00
 0.173400437199430E+00
 0.171927301448916E+00
 0.170837909816347E+00
 0.169351531319050E+00
 0.168324754609306E+00
 0.166854745311777E+00
 0.165871146277072E+00
 0.164384398950566E+00
 0.163461799578945E+00
 0.162020622883248E+00
 0.161108400760713E+00
 0.162968546736229E+00
 0.164472177900954E+00
 0.165472630718142E+00
 0.165987579674985E+00
 0.166037077792438E+00
 0.165643439089617E+00
 0.164831111829866E+00
 0.163626542532032E+00
 0.162069200898868E+00
 0.160430497443237E+00
 0.158909167211261E+00
 0.157382359002076E+00
 0.155828683636385E+00
 0.154442250017158E+00
 0.152956847652731E+00
 0.151487404744727E+00
 0.150202709704296E+00
 0.148777170645496E+00
 0.147371439136441E+00
 0.145997605471818E+00
 0.144642910070328E+00
 0.143302289147251E+00
 0.142004934455411E+00
 0.140741315725782E+00
 0.139558098472448E+00
 0.138401681878796E+00
 0.137236767188360E+00
 0.136191206551433E+00
 0.135047203750438E+00
 0.134028931356328E+00
 0.132992430341715E+00
 0.131923760826201E+00
 0.130982247799656E+00
 0.129893471356894E+00
 0.129018005822928E+00
 0.127922400375399E+00
 0.127098500581132E+00
 0.126077707285237E+00
 0.125232017347951E+00
 0.124191727314221E+00
 0.128253558557115E+00
 0.133308314251106E+00
 0.138745400863725E+00
 0.144545398407448E+00
 0.150686337117340E+00
 0.157143751056900E+00
 0.163890751311071E+00
 0.170898131458608E+00
 0.178134508443083E+00
 0.185566489479217E+00
 0.193158847444447E+00
 0.200874687807148E+00
 0.208675598673083E+00
 0.216521787059309E+00
 0.224372213584933E+00
 0.232184741258448E+00
 0.239916311559072E+00
 0.247523153806011E+00
 0.254961023866986E+00
 0.262185458384259E+00
 0.269152024675588E+00
 0.275816547871463E+00
 0.282135306547511E+00
 0.288065202404000E+00
 0.293563921177659E+00
 0.298590104239757E+00
 0.303103541678561E+00
 0.307065383157189E+00
 0.310438351070451E+00
 0.313186938028158E+00
 0.315277578026968E+00
 0.318399474631294E+00
 0.321110959009339E+00
 0.323136813161012E+00
 0.324444571723623E+00
 0.325004155812024E+00
 0.324788032390665E+00
 0.323771365533254E+00
 0.321932158146234E+00
 0.319251382775700E+00
 0.315713100735162E+00
 0.311304568988642E+00
 0.306197349693586E+00
 0.301162873938136E+00
 0.301928255824584E+00
 0.307502911678513E+00
 0.312821453105900E+00
 0.317863554618481E+00
 0.322609288713572E+00
 0.327039209497352E+00
 0.331134434750621E+00
 0.334876725308684E+00
 0.338248560683744E+00
 0.341233210345147E+00
 0.343814800842670E+00
 0.345978379790583E+00
 0.347709978354650E+00
 0.348996674004627E+00
 0.349826654684427E+00
 0.350189284210704E+00
 0.350075166984866E+00
 0.349476208642232E+00
 0.348385668760140E+00
 0.346798202579558E+00
 0.344709890658194E+00
 0.342118257719845E+00
 0.339022283753380E+00
 0.335422410980047E+00
 0.331320549564448E+00
 0.326720083352262E+00
 0.321625875167277E+00
 0.316044269860343E+00
 0.309983092645654E+00
 0.303451640304061E+00
 0.296460663472336E+00
 0.289022339306089E+00
 0.282595281390384E+00
 0.298147080904750E+00
 0.312986982028360E+00
 0.327068482299446E+00
 0.340347592868996E+00
 0.352783023924916E+00
 0.364336334612823E+00
 0.374972046760125E+00
 0.384657733024859E+00
 0.393364097707667E+00
 0.401065068647356E+00
 0.407737910538811E+00
 0.414647497727079E+00
 0.422461058557975E+00
 0.429200607260606E+00
 0.434846795818855E+00
 0.439384047292084E+00
 0.442800618557588E+00
 0.445088639699056E+00
 0.446244133192409E+00
 0.446267018382714E+00
 0.445161105684270E+00
 0.442934081622276E+00
 0.439604981858359E+00
 0.435849565312367E+00
 0.432144456779360E+00
 0.428436583970856E+00
 0.424825298264091E+00
 0.421220360571306E+00
 0.417649070801880E+00
 0.414117158309885E+00
 0.410611487736104E+00
 0.407103142285415E+00
 0.403619556965165E+00
 0.400359216760196E+00
 0.397104155430480E+00
 0.393750410088884E+00
 0.390442916471340E+00
 0.387433344181607E+00
 0.384228553918875E+00
 0.381110418005293E+00
 0.378191358456000E+00
 0.375093668157544E+00
 0.372188292693543E+00
 0.369292523604680E+00
 0.366392158666502E+00
 0.363654633394545E+00
 0.360716898120082E+00
 0.358121574103552E+00
 0.355230486294961E+00
 0.352712550142407E+00
 0.349947224120288E+00
 0.347437579881807E+00
 0.344852772020286E+00
 0.342314264144371E+00
 0.339764221069409E+00
 0.337312088484513E+00
 0.334822664757627E+00
 0.332435060393124E+00
 0.329975493965216E+00
 0.327680590004227E+00
 0.325265259330703E+00
 0.323034785176475E+00
 0.320640405246450E+00
 0.318503484821399E+00
 0.316144033173350E+00
 0.314073206889865E+00
 0.311727416225759E+00
 0.309743173121071E+00
 0.307432264181425E+00
 0.305514485348581E+00
 0.302868017630620E+00
 0.299502844610403E+00
 0.295431397918207E+00
 0.290668503834700E+00
 0.285231326197958E+00
 0.279149373303415E+00
 0.272958504307248E+00
 0.266969054589239E+00
 0.261142448028743E+00
 0.255457829048734E+00
 0.250001240318680E+00
 0.244662874143873E+00
 0.239451680313528E+00
 0.234425795877546E+00
 0.229561357545452E+00
 0.224826984773771E+00
 0.220220220136442E+00
 0.215735068182217E+00
 0.211362576036300E+00
 0.207166473643719E+00
 0.203106698378889E+00
 0.199149464024943E+00
 0.195277894147328E+00
 0.191474061993145E+00
 0.187764411855313E+00
 0.184275705742060E+00
 0.180824617183771E+00
 0.179362562930708E+00
 0.177947552050193E+00
 0.176674853568302E+00
 0.175418795625232E+00
 0.174042072763437E+00
 0.172919762983537E+00
 0.171523520386613E+00
 0.170460896363677E+00
 0.169080786537170E+00
 0.168047070676997E+00
 0.166728521750531E+00
 0.165679251118181E+00
 0.164443369863503E+00
 0.163361494329286E+00
 0.162090938867350E+00
 0.161074423015398E+00
 0.159803036516183E+00
 0.158831922918421E+00
 0.157545298772554E+00
 0.156626121690642E+00
 0.155364939957529E+00
 0.154462263068514E+00
 0.153219550567690E+00
 0.152333882837802E+00
 0.151113684204285E+00
 0.150246059863195E+00
 0.149051927124823E+00
 0.148196019521351E+00
 0.147039039526470E+00
 0.146186191814425E+00
 0.145079854389039E+00
 0.143538022498501E+00
 0.141583108230370E+00
 0.139278490574618E+00
 0.141118654256587E+00
 0.148719030929883E+00
 0.156311051626999E+00
 0.163853282592868E+00
 0.171304319258542E+00
 0.178622939931013E+00
 0.185768247616580E+00
 0.192699815348602E+00
 0.199377849948071E+00
 0.205763384686962E+00
 0.211818502197764E+00
 0.217506576718098E+00
 0.222792514093217E+00
 0.227642964860220E+00
 0.232026493342715E+00
 0.235913701135843E+00
 0.239277318680321E+00
 0.242092285666769E+00
 0.244335836985691E+00
 0.246702374756012E+00
 0.249520816282132E+00
 0.251743284813101E+00
 0.253348847599833E+00
 0.254319241232348E+00
 0.254638957828365E+00
 0.254295325542009E+00
 0.253278583603311E+00
 0.251581948605112E+00
 0.249201665635043E+00
 0.246137037483185E+00
 0.242496485314922E+00
 0.238852975854624E+00
 0.235344166611658E+00
 0.231893286587271E+00
 0.228588905945338E+00
 0.225383227418215E+00
 0.222264269775003E+00
 0.219245472154827E+00
 0.216303910128019E+00
 0.213459198596138E+00
 0.216293695855001E+00
 0.219192061137431E+00
 0.221813137376022E+00
 0.224148725087195E+00
 0.226191591005531E+00
 0.227935498554671E+00
 0.229375234991911E+00
 0.230506635680137E+00
 0.231326605599842E+00
 0.231833137811600E+00
 0.232025328190692E+00
 0.231903385523207E+00
 0.231468636111531E+00
 0.230723522399153E+00
 0.229671595633417E+00
 0.228317502992076E+00
 0.226666969717281E+00
 0.224726776621588E+00
 0.222504733030280E+00
 0.220009645043486E+00
 0.217251279081544E+00
 0.214240320957939E+00
 0.210988330981620E+00
 0.207507695600729E+00
 0.203811575821602E+00
 0.199913852268436E+00
 0.195829066593006E+00
 0.191572359172251E+00
 0.187159403535307E+00
 0.182606338416181E+00
 0.177929698426038E+00
 0.173146343999121E+00
 0.168691172283255E+00
 0.165118494806025E+00
 0.167925988551757E+00
 0.170011425574891E+00
 0.171373732439761E+00
 0.172015070501595E+00
 0.171940842938695E+00
 0.171332252984585E+00
 0.170644689118847E+00
 0.170063743920365E+00
 0.169382257262669E+00
 0.168615620827556E+00
 0.167983566821891E+00
 0.167243416100910E+00
 0.166414169409431E+00
 0.165749372915265E+00
 0.164961814408872E+00
 0.164082561247382E+00
 0.163202707552767E+00
 0.162247559258482E+00
 0.161297415637495E+00
 0.160339484615893E+00
 0.159351918121353E+00
 0.158335978154971E+00
 0.157291921840577E+00
 0.156331155983993E+00
 0.155358146533166E+00
 0.154347775838465E+00
 0.153269108147116E+00
 0.152245454137927E+00
 0.151298557639764E+00
 0.150240293228380E+00
 0.149164379528151E+00
 0.148248400701005E+00
 0.147168989691166E+00
 0.146168982140074E+00
 0.145233936274315E+00
 0.144087725619079E+00
 0.143276656442801E+00
 0.142276784920625E+00
 0.141343479112227E+00
 0.140498173880748E+00
 0.139473180742191E+00
 0.138781966656051E+00
 0.137789922807858E+00
 0.137142692515004E+00
 0.136254210013540E+00
 0.135579293349281E+00
 0.134763773976086E+00
 0.134080563449135E+00
 0.133305581365539E+00
 0.132631742141694E+00
 0.131867572232328E+00
 0.131219377875697E+00
 0.130440837728526E+00
 0.129833601960441E+00
 0.128778896342282E+00
 0.127287303201992E+00
 0.125371305665891E+00
 0.123241133651562E+00
 0.121131727567901E+00
 0.119028430715147E+00
 0.116943617211587E+00
 0.114897583628503E+00
 0.112891304397091E+00
 0.110913289735263E+00
 0.108979461375975E+00
 0.107101777802639E+00
 0.105295688075170E+00
 0.103548144763883E+00
 0.101868762633545E+00
 0.100260325912425E+00
 0.987124197402559E-01
 0.972158766611436E-01
 0.957591092173682E-01
 0.943286998583517E-01
 0.929179901224577E-01
 0.916381887766366E-01
 0.903602391791796E-01
 0.890682450278884E-01
 0.878299721417237E-01
 0.893608170973257E-01
 0.918862796118761E-01
 0.939052044897081E-01
 0.954039386853475E-01
 0.988285983064136E-01
 0.106280524594998E+00
 0.113511710505269E+00
 0.120469532066773E+00
 0.127104174269833E+00
 0.133368692379952E+00
 0.139218681840041E+00
 0.144611772590231E+00
 0.149507185529503E+00
 0.153865518760033E+00
 0.157648820417576E+00
 0.160820907337861E+00
 0.163347835198057E+00
 0.165198421030104E+00
 0.166344752003310E+00
 0.166762664443780E+00
 0.166432216591063E+00
 0.165338181247055E+00
 0.163470541339421E+00
 0.160824903149238E+00
 0.157402692435880E+00
 0.153211010242853E+00
 0.148262111318144E+00
 0.142572602273049E+00
 0.136162582786452E+00
 0.129055010866099E+00
 0.121275524947652E+00
 0.112852806481753E+00
 0.103819367508862E+00
 0.942124772469768E-01
 0.914346633141316E-01
 0.908067821647879E-01
 0.907114716542403E-01
 0.901779856190244E-01
 0.892064323857212E-01
 0.888289538171497E-01
 0.885822756478831E-01
 0.924744317420568E-01
 0.960156859186404E-01
 0.990837307690194E-01
 0.101665282931935E+00
 0.103749864811687E+00
 0.105329685258872E+00
 0.106399569093660E+00
 0.106956975249076E+00
 0.107002108889002E+00
 0.106538091569403E+00
 0.115575241831421E+00
 0.125811889629416E+00
 0.135558312848157E+00
 0.144771798810365E+00
 0.153414156083045E+00
 0.161452527644910E+00
 0.168859957987116E+00
 0.175615573976189E+00
 0.181704304246143E+00
 0.187116172484776E+00
 0.191845318838533E+00
 0.195888987849652E+00
 0.199246739181744E+00
 0.201920078508305E+00
 0.203912584086882E+00
 0.205230454930300E+00
 0.205883277152651E+00
 0.205884741252027E+00
 0.205253068363801E+00
 0.204011007532030E+00
 0.202185407963096E+00
 0.199806497312284E+00
 0.196907067376572E+00
 0.193521765059574E+00
 0.189686617954388E+00
 0.185438817946715E+00
 0.180816680483035E+00
 0.175859629943654E+00
 0.170608059881881E+00
 0.165102982899247E+00
 0.159385489872628E+00
 0.153496132368461E+00
 0.147474379206706E+00
 0.141358261371481E+00
 0.135184231064171E+00
 0.129415917057325E+00
 0.125480927222450E+00
 0.121442756841363E+00
 0.117324405118509E+00
 0.113148513351141E+00
 0.108937139965598E+00
 0.105011663739729E+00
 0.102057357527891E+00
 0.994768675494823E-01
 0.969240537988332E-01
 0.946048552512189E-01
 0.923015471285496E-01
 0.902768619105497E-01
 0.882023903868560E-01
 0.864453051746643E-01
 0.846601072823456E-01
 0.830922583060960E-01
 0.815930747707263E-01
 0.801753903152528E-01
 0.789473672912565E-01
 0.776108026472123E-01
 0.766361399316361E-01
 0.754579851794976E-01
 0.745597245254517E-01
 0.736037101284523E-01
 0.725993871862704E-01
 0.718398009730678E-01
 0.708698598439569E-01
 0.700596990031794E-01
 0.692545855401970E-01
 0.682439397181290E-01
 0.675214948517549E-01
 0.666590561218528E-01
 0.656351754768076E-01
 0.649228246408596E-01
 0.640094787611006E-01
 0.630441032494462E-01
 0.622859728015641E-01
 0.613374036133695E-01
 0.604627907819773E-01
 0.596795881881125E-01
 0.587170790703212E-01
 0.579761482701173E-01
 0.571889299171916E-01
 0.562595189474382E-01
 0.556517726477701E-01
 0.548742775060729E-01
 0.541145025694299E-01
 0.535128207407698E-01
 0.527501574787505E-01
 0.521471686726808E-01
 0.515552199670553E-01
 0.509151989360718E-01
 0.503806110444344E-01
 0.499148882086011E-01
 0.494858436257454E-01
 0.490854884378992E-01
 0.486966399722428E-01
 0.483081450508926E-01
 0.479454201550069E-01
 0.475705247302422E-01
 0.472181948282700E-01
 0.468679840104847E-01
 0.465349659496629E-01
 0.461745087523379E-01
 0.458051896710310E-01
 0.454948163767567E-01
 0.451688529589684E-01
 0.448155038863829E-01
 0.444856890430374E-01
 0.441504756843139E-01
 0.438310830625644E-01
 0.435033371693127E-01
 0.431853998111845E-01
 0.428410992087161E-01
 0.425245915586852E-01
 0.422181543890445E-01
 0.419090677592091E-01
 0.415792952270529E-01
 0.412544171691838E-01
 0.409555872700757E-01
 0.406381897466301E-01
 0.403053582945958E-01
 0.400300181951057E-01
 0.397290103247591E-01
 0.394176178037030E-01
 0.391615814013497E-01
 0.388701060427511E-01
 0.386013282518716E-01
 0.383509970586453E-01
 0.380927906341621E-01
 0.378448330037474E-01
 0.376280757811264E-01
 0.373648367004079E-01
 0.371667308041118E-01
 0.369028354882942E-01
 0.367115142498519E-01
 0.364364372080606E-01
 0.362537642243535E-01
 0.359777029360370E-01
 0.358014080047748E-01
 0.355231498029862E-01
 0.353461030847489E-01
 0.350780557615788E-01
 0.348962774112798E-01
 0.346358534475435E-01
 0.344447762478231E-01
 0.341952688900731E-01
 0.339993031410318E-01
 0.337580326100651E-01
 0.334252844934958E-01
 0.330072949803695E-01
 0.325327887189049E-01
 0.320651340022007E-01
 0.316021708805996E-01
 0.311468656702510E-01
 0.306925773381372E-01
 0.302492849319421E-01
 0.298081402253318E-01
 0.293712821537707E-01
 0.289406156900018E-01
 0.285173826913146E-01
 0.281024037347229E-01
 0.276963124764333E-01
 0.272996494009809E-01
 0.269124405730506E-01
 0.265344057481801E-01
 0.261653967093474E-01
 0.258049950645166E-01
 0.254523335031732E-01
 0.251060881402084E-01
 0.247719429309140E-01
 0.244570839340130E-01
 0.241466501899889E-01
 0.238373987947833E-01
 0.235255201629766E-01
 0.232431873800507E-01
 0.229570380412949E-01
 0.226613248537340E-01
 0.223809453851237E-01
 0.220402874287730E-01
 0.216433184982255E-01
 0.211942504669593E-01
 0.206974543686267E-01
 0.201573605695279E-01
 0.195783705787890E-01
 0.189647996125395E-01
 0.183208571840741E-01
 0.176506609588771E-01
 0.169582699773377E-01
 0.162477186201652E-01
 0.155230328102367E-01
 0.147882151318299E-01
 0.140471958790675E-01
 0.133037608521927E-01
 0.125614787974036E-01
 0.118236542306651E-01
 0.110933205354721E-01
 0.103732677438506E-01
 0.966608141549163E-02
 0.897416562854160E-02
 0.829973673710852E-02
 0.764479550119515E-02
 0.701109893604995E-02
 0.640015149878940E-02
 0.581322128410360E-02
 0.525137136453304E-02
 0.471548866019916E-02
 0.420629545405510E-02
 0.372433864729036E-02
 0.326996373754185E-02
 0.299472891908628E-02
 0.299350886613493E-02
 0.299125344867479E-02
 0.298808233404104E-02
 0.298410537773849E-02
 0.297940533876869E-02
 0.297403219273973E-02
 0.296801016578378E-02
 0.296135478338829E-02
 0.295409400013833E-02
 0.294628545110406E-02
 0.293802231283176E-02
 0.292942393077779E-02
 0.292061341925343E-02
 0.291169054601492E-02
 0.290271158282599E-02
 0.289368632531001E-02
 0.288459577433149E-02
 0.287542420226821E-02
 0.286619110781956E-02
 0.285696693069494E-02
 0.284786346898650E-02
 0.283900266358751E-02
 0.283047879181584E-02
 0.282776201625763E-02
 0.283555741973699E-02
 0.284310486996497E-02
 0.285043926409443E-02
 0.285753615395455E-02
 0.286430988199618E-02
 0.287064023303757E-02
 0.287641504546625E-02
 0.288156917764181E-02
 0.288610308308459E-02
 0.289007444182936E-02
 0.289356799415480E-02
 0.289665678942653E-02
 0.289937025991013E-02
 0.290168119900469E-02
 0.290351649174448E-02
 0.290478754791855E-02
 0.290542863260789E-02
 0.290542764883346E-02
 0.290483633862546E-02
 0.290375495176602E-02
 0.290229718502047E-02
 0.290055004158435E-02
 0.289854600539788E-02
 0.289625981254773E-02
 0.289363105305462E-02
 0.289060198550275E-02
 0.288715321439397E-02
 0.288332163188167E-02
 0.287919399176550E-02
 0.287488060637862E-02
 0.287048138775555E-02
 0.286605799849435E-02
 0.286162203378790E-02
 0.285714264136174E-02
 0.285257025964037E-02
 0.284786767983927E-02
 0.284303657582994E-02
 0.283812839094828E-02
 0.283323387066653E-02
 0.282845440886800E-02
 0.282764351646317E-02
 0.283196086419254E-02
 0.283609957556970E-02
 0.284012618417503E-02
 0.284410290944432E-02
 0.284805243336593E-02
 0.285193895859383E-02
 0.285567649605430E-02
 0.285916272926833E-02
 0.286232332009396E-02
 0.286514489347340E-02
 0.286767978635171E-02
 0.287002000212394E-02
 0.287225373869858E-02
 0.287442623059168E-02
 0.287652303644912E-02
 0.287848132663728E-02
 0.288022115399469E-02
 0.288168134069304E-02
 0.288284553114849E-02
 0.288375011150874E-02
 0.288447269378027E-02
 0.288510546242637E-02
 0.288572201880453E-02
 0.288634953455254E-02
 0.288695829969460E-02
 0.288747570883469E-02
 0.288782141234955E-02
 0.288794907320021E-02
 0.288787464227460E-02
 0.288767591202922E-02
 0.288746202160172E-02
 0.288732732070371E-02
 0.288731250859462E-02
 0.288739208607438E-02
 0.288749306645283E-02
 0.288753386710612E-02
 0.288746345057441E-02
 0.288728321709352E-02
 0.288704477695810E-02
 0.288682819805814E-02
 0.288671164693715E-02
 0.288674357469906E-02
 0.288692576629745E-02
 0.288721250770493E-02
 0.288752767988446E-02
 0.288779599651510E-02
 0.288797727906862E-02
 0.288808790226175E-02
 0.288819659050648E-02
 0.288839355794332E-02
 0.288874677005052E-02
 0.288926755066830E-02
 0.288990372790131E-02
 0.289056381586210E-02
 0.289115913231195E-02
 0.289164205680676E-02
 0.289202231424799E-02
 0.289235597301151E-02
 0.289271558782503E-02
 0.289315708791128E-02
 0.289369725839892E-02
 0.289430828136366E-02
 0.289492833300018E-02
 0.289548308456893E-02
 0.289591160712405E-02
 0.289618925455421E-02
 0.289633901325413E-02
 0.289642408004653E-02
 0.289652089404510E-02
 0.289668232340384E-02
 0.289690890016013E-02
 0.289714474923580E-02
 0.289730259676573E-02
 0.289730566175950E-02
 0.289712412755559E-02
 0.289678714094048E-02
 0.289636564316140E-02
 0.289593724474222E-02
 0.289555213285578E-02
 0.289521539878783E-02
 0.289489050075487E-02
 0.289451838093433E-02
 0.289404217449333E-02
 0.289342856330778E-02
 0.289268027579771E-02
 0.289183696075366E-02
 0.289096343327689E-02
 0.289012703528791E-02
 0.288937067567835E-02
 0.288869288961222E-02
 0.288804645043299E-02
 0.288735971524477E-02
 0.288657243526367E-02
 0.288566784606219E-02
 0.288468310800903E-02
 0.288369187151089E-02
 0.288276884557616E-02
 0.288195612769311E-02
 0.288124845931112E-02
 0.288060219917057E-02
 0.287995971310161E-02
 0.287927519337672E-02
 0.287853115734348E-02
 0.287774224244253E-02
 0.287694845694298E-02
 0.287620153819253E-02
 0.287554761250072E-02
 0.287500997726806E-02
 0.287457787613599E-02
 0.287420780256914E-02
 0.287384012532418E-02
 0.287342597740672E-02
 0.287295187636090E-02
 0.287244826788811E-02
 0.287197562687455E-02
 0.287159436199802E-02
 0.287133463232053E-02
 0.287118245908370E-02
 0.287108870472279E-02
 0.287099416033694E-02
 0.287085598533480E-02
 0.287066259090033E-02
 0.287043289312327E-02
 0.287020446408000E-02
 0.287001810762705E-02
 0.286990409600275E-02
 0.286987210284025E-02
 0.286990622689309E-02
 0.286996768305245E-02
 0.287000718751977E-02
 0.286998473153872E-02
 0.286988856771629E-02
 0.286974284058426E-02
 0.286959771924311E-02
 0.286950545683380E-02
 0.286949452345755E-02
 0.286955579131708E-02
 0.286964806835688E-02
 0.286971920557733E-02
 0.286973062028527E-02
 0.286967249046150E-02
 0.286956373862130E-02
 0.286943996309484E-02
 0.286933763106406E-02
 0.286928178710390E-02
 0.286927989035998E-02
 0.286932083853834E-02
