 0.650697424322541E-07
 0.101431080558491E-05
 0.496538149945699E-05
 0.150978644688757E-04
 0.353108109150623E-04
 0.698913206037469E-04
 0.123232652343631E-03
 0.199620192019622E-03
 0.303081384608185E-03
 0.437279594269069E-03
 0.605426903209563E-03
 0.810197342269308E-03
 0.105363558341610E-02
 0.133706989035164E-02
 0.166104587336963E-02
 0.203299038716559E-02
 0.245422297009690E-02
 0.293391981968931E-02
 0.348621523387908E-02
 0.409057875536482E-02
 0.476148657463385E-02
 0.548107024848965E-02
 0.626283359699293E-02
 0.709559246512793E-02
 0.798076272372057E-02
 0.890137607922549E-02
 0.984729244415156E-02
 0.108060591914353E-01
 0.117627849287381E-01
 0.127001458703233E-01
 0.135985698218384E-01
 0.144366251692306E-01
 0.151916145738359E-01
 0.158403398162707E-01
 0.163599723071065E-01
 0.167289408972128E-01
 0.169277411819497E-01
 0.169395816053041E-01
 0.167508099516800E-01
 0.163511034456727E-01
 0.157334477704597E-01
 0.148939651602321E-01
 0.138316713060416E-01
 0.125482408292600E-01
 0.129485622137541E-01
 0.134520252904425E-01
 0.140189824211782E-01
 0.145715946892779E-01
 0.151929808764854E-01
 0.157806916719695E-01
 0.164575210446105E-01
 0.170720403266139E-01
 0.178066875498643E-01
 0.184738586877403E-01
 0.192355530452991E-01
 0.199614125466298E-01
 0.207319823987220E-01
 0.220409149366303E-01
 0.249055418999328E-01
 0.276941579430708E-01
 0.303818178335068E-01
 0.329442163562602E-01
 0.353581119115397E-01
 0.376017335324432E-01
 0.396550944122087E-01
 0.415001711603428E-01
 0.431209602934510E-01
 0.445034679898020E-01
 0.456357062254199E-01
 0.465077519043792E-01
 0.471118851308460E-01
 0.474427781746673E-01
 0.474976778524190E-01
 0.472765217888649E-01
 0.467819513431097E-01
 0.460192188343155E-01
 0.449960187582009E-01
 0.437222901162794E-01
 0.422100352244166E-01
 0.404731822553676E-01
 0.407025609549459E-01
 0.414702509009148E-01
 0.421504467594903E-01
 0.427227026593369E-01
 0.433049583452894E-01
 0.438883529056204E-01
 0.443633813469579E-01
 0.446952117914146E-01
 0.450551233254198E-01
 0.454371976820516E-01
 0.456790754276153E-01
 0.457979741480018E-01
 0.459665313539468E-01
 0.461666393605614E-01
 0.461814063564522E-01
 0.462037528655680E-01
 0.463561581838782E-01
 0.463740439301161E-01
 0.463752075789746E-01
 0.466009893034304E-01
 0.466802875701449E-01
 0.469706527200671E-01
 0.473384829185665E-01
 0.477519579686303E-01
 0.495458557837423E-01
 0.512644810772183E-01
 0.528415984836650E-01
 0.546698695298393E-01
 0.562811614893040E-01
 0.576906400031363E-01
 0.593522776023114E-01
 0.607780995534182E-01
 0.619598923679994E-01
 0.631609693452473E-01
 0.643398499606668E-01
 0.652616925259118E-01
 0.659217994046488E-01
 0.666750779442726E-01
 0.673109399376634E-01
 0.676805869123270E-01
 0.678734576179125E-01
 0.682406305916346E-01
 0.692776105266114E-01
 0.709060235024069E-01
 0.724114372562682E-01
 0.740132344482317E-01
 0.754085101445785E-01
 0.767238195642968E-01
 0.779853591960123E-01
 0.790846718629203E-01
 0.801954376046653E-01
 0.810092303999275E-01
 0.818431621601085E-01
 0.824913574866191E-01
 0.831231028116605E-01
 0.836017353450011E-01
 0.838100393405770E-01
 0.841298452670254E-01
 0.842072091247806E-01
 0.843741647521066E-01
 0.842373020045147E-01
 0.841308161154522E-01
 0.838706810935681E-01
 0.837484117281539E-01
 0.833785851055526E-01
 0.830499691741203E-01
 0.826054766299659E-01
 0.865855632148718E-01
 0.915452314013250E-01
 0.964289204691575E-01
 0.101197143175707E+00
 0.105809851500653E+00
 0.110226792644398E+00
 0.114407848743010E+00
 0.118313347298179E+00
 0.121904342751474E+00
 0.125142882989022E+00
 0.127992280747810E+00
 0.130417404919243E+00
 0.132384992987729E+00
 0.133863971121731E+00
 0.134825761137631E+00
 0.135244557217609E+00
 0.135097566504938E+00
 0.134365218870114E+00
 0.133031355541684E+00
 0.131083402297144E+00
 0.128512524369950E+00
 0.125313753378062E+00
 0.121486075780812E+00
 0.117032477601578E+00
 0.111959947640574E+00
 0.106279446644065E+00
 0.100005850744446E+00
 0.931578750579087E-01
 0.857579803223474E-01
 0.778322635582146E-01
 0.694103324638253E-01
 0.635019259455190E-01
 0.629013530966701E-01
 0.623253300924233E-01
 0.615716230722890E-01
 0.606476323337244E-01
 0.595614183461999E-01
 0.602695980302111E-01
 0.681716998958799E-01
 0.765073674459348E-01
 0.852555522633641E-01
 0.943923026761273E-01
 0.103890831947095E+00
 0.113721630235407E+00
 0.123852593873389E+00
 0.134249136636484E+00
 0.144874269163765E+00
 0.155688668886014E+00
 0.166650784367637E+00
 0.177717006439647E+00
 0.188841902031905E+00
 0.199978473429310E+00
 0.211078401031290E+00
 0.222092253384376E+00
 0.232969681687042E+00
 0.243659629573401E+00
 0.254110573728814E+00
 0.264270783578494E+00
 0.274088575914375E+00
 0.283512554909985E+00
 0.292491854764464E+00
 0.300976412994732E+00
 0.308917282612256E+00
 0.316266955882197E+00
 0.322979653484304E+00
 0.329011551018740E+00
 0.334320957872336E+00
 0.338868495871421E+00
 0.342617318747908E+00
 0.346002328646037E+00
 0.350355851946015E+00
 0.353868000065423E+00
 0.356505159328898E+00
 0.358236952630114E+00
 0.359036423814887E+00
 0.358880172762681E+00
 0.357748469890444E+00
 0.355625382936410E+00
 0.352498923852947E+00
 0.348361191927188E+00
 0.343208478547209E+00
 0.337520594843802E+00
 0.333088416721870E+00
 0.327960111796821E+00
 0.323198926000994E+00
 0.319017441335266E+00
 0.314008809677138E+00
 0.310483116281275E+00
 0.314930711313479E+00
 0.319044316951939E+00
 0.322807830298051E+00
 0.326206004695767E+00
 0.329224539577955E+00
 0.331850140679731E+00
 0.334070556105486E+00
 0.335874604254501E+00
 0.337252209601250E+00
 0.338194453486003E+00
 0.338693637436033E+00
 0.338743351538730E+00
 0.338338540743432E+00
 0.337475563632992E+00
 0.336152237775906E+00
 0.334367864640332E+00
 0.332123229765540E+00
 0.329420582254716E+00
 0.326263607074681E+00
 0.322657406216404E+00
 0.318608496710250E+00
 0.314124819576374E+00
 0.309215743991271E+00
 0.303892052123036E+00
 0.298165900397090E+00
 0.292050763954482E+00
 0.285561375084856E+00
 0.278713662387344E+00
 0.271524690462072E+00
 0.279210079544653E+00
 0.290009506463235E+00
 0.299871193458213E+00
 0.308770936955322E+00
 0.316688613231924E+00
 0.323608262384359E+00
 0.329518200942999E+00
 0.334411120201674E+00
 0.341260089526766E+00
 0.347101060693678E+00
 0.351889640212764E+00
 0.355623691249290E+00
 0.358305557593822E+00
 0.359941940154789E+00
 0.360543745140202E+00
 0.360125951880228E+00
 0.358707511163203E+00
 0.356322586075877E+00
 0.353621288070145E+00
 0.351408949532141E+00
 0.348976126982523E+00
 0.346342797240936E+00
 0.344167400524325E+00
 0.341708741646034E+00
 0.339134701969323E+00
 0.337017995065783E+00
 0.334568209400272E+00
 0.332025295798552E+00
 0.329544539979126E+00
 0.327017762758844E+00
 0.324573628267733E+00
 0.322120656810215E+00
 0.319678813461931E+00
 0.317254371170671E+00
 0.314841503703056E+00
 0.312423777330091E+00
 0.309995571860865E+00
 0.307776883036855E+00
 0.305541268505891E+00
 0.303245279980463E+00
 0.300873950544546E+00
 0.298838067301050E+00
 0.296679104881690E+00
 0.294337585417515E+00
 0.292438343922385E+00
 0.290335843404689E+00
 0.288180464315649E+00
 0.286318068258488E+00
 0.284188339834803E+00
 0.282324544521552E+00
 0.280343251584319E+00
 0.278384200299172E+00
 0.276578435440720E+00
 0.274517139513253E+00
 0.272865864825006E+00
 0.270809601396036E+00
 0.269215503289842E+00
 0.267191052754374E+00
 0.265633144496473E+00
 0.263645782139686E+00
 0.262122056656841E+00
 0.260153120535908E+00
 0.258684138600070E+00
 0.256732166976222E+00
 0.255320738334048E+00
 0.253273607593439E+00
 0.250608260201159E+00
 0.247344429711716E+00
 0.243503959553300E+00
 0.239110696508231E+00
 0.234321228188777E+00
 0.229621663251326E+00
 0.225062132285176E+00
 0.220608608943002E+00
 0.216329471491816E+00
 0.212121197705079E+00
 0.208043668497411E+00
 0.204104676057047E+00
 0.200262312010639E+00
 0.196519725209490E+00
 0.192876439386199E+00
 0.189328611340325E+00
 0.185869347398784E+00
 0.182489772714140E+00
 0.179179017294242E+00
 0.176039808818002E+00
 0.172975418836348E+00
 0.169965228449859E+00
 0.166993080084143E+00
 0.164084210046920E+00
 0.161357833632921E+00
 0.158642920076182E+00
 0.155920706329015E+00
 0.153355506684388E+00
 0.150854417845671E+00
 0.148313677331549E+00
 0.145910378844545E+00
 0.143182712646611E+00
 0.140144336225541E+00
 0.136809985081561E+00
 0.133195407933169E+00
 0.129317300754292E+00
 0.125193228967954E+00
 0.120841533126528E+00
 0.116281223563478E+00
 0.111531875407238E+00
 0.108642850349469E+00
 0.116287195888873E+00
 0.124140302664415E+00
 0.132170532355173E+00
 0.140344543461841E+00
 0.148627429852484E+00
 0.156982877032339E+00
 0.165373339690949E+00
 0.173760236230041E+00
 0.182104148599335E+00
 0.190365017362142E+00
 0.198502332498738E+00
 0.206475329532800E+00
 0.214243197531996E+00
 0.221765291967092E+00
 0.229001334937579E+00
 0.235911589915188E+00
 0.242457015539862E+00
 0.248599418217113E+00
 0.254301623309618E+00
 0.259527670214581E+00
 0.264243019720790E+00
 0.268414754683713E+00
 0.272011760198920E+00
 0.275004881647349E+00
 0.277835843288575E+00
 0.281470326623467E+00
 0.284474716409005E+00
 0.286821072463190E+00
 0.288483827814551E+00
 0.289439961960323E+00
 0.289669154531572E+00
 0.289153900385922E+00
 0.287879578338294E+00
 0.285834488855411E+00
 0.283009893779332E+00
 0.279439637070291E+00
 0.275750068794941E+00
 0.272137251825793E+00
 0.268643323072765E+00
 0.265183237702688E+00
 0.261798369098341E+00
 0.258512086478670E+00
 0.255327706911882E+00
 0.252238509854621E+00
 0.249224868752640E+00
 0.246255333108440E+00
 0.243306686820812E+00
 0.240419907028512E+00
 0.237681789130866E+00
 0.234998101065556E+00
 0.232387736433278E+00
 0.229800812898445E+00
 0.227241244134397E+00
 0.224786347881854E+00
 0.222397558593757E+00
 0.220063780509043E+00
 0.217737233577891E+00
 0.215470522247174E+00
 0.213258653340886E+00
 0.211143387480864E+00
 0.209040968048760E+00
 0.207011885038108E+00
 0.204956065265463E+00
 0.203058609514752E+00
 0.201148226169926E+00
 0.199258610665513E+00
 0.197444794498645E+00
 0.195625716528978E+00
 0.193896751677021E+00
 0.192125498718257E+00
 0.190530032181831E+00
 0.200483023814827E+00
 0.209696616676289E+00
 0.218136092304960E+00
 0.225769541650758E+00
 0.232568014215705E+00
 0.238505638592877E+00
 0.243559701665250E+00
 0.247710697545921E+00
 0.251310100837558E+00
 0.256461148316868E+00
 0.260670119608944E+00
 0.263920609668275E+00
 0.266199657596310E+00
 0.267497844159532E+00
 0.267809426768143E+00
 0.267132444544556E+00
 0.265476737922667E+00
 0.263440264411026E+00
 0.261419606069356E+00
 0.259326773037529E+00
 0.257346538117503E+00
 0.255341119749935E+00
 0.253329626471849E+00
 0.251309842810550E+00
 0.249264772377309E+00
 0.247256546665480E+00
 0.245394974671319E+00
 0.243495489848859E+00
 0.241504467652777E+00
 0.239521964508349E+00
 0.237793235958190E+00
 0.235893394496964E+00
 0.233987140643389E+00
 0.232309056854844E+00
 0.230440333653762E+00
 0.228685778901126E+00
 0.227014307602724E+00
 0.225248087242952E+00
 0.223638342674932E+00
 0.221828865785991E+00
 0.220307957542623E+00
 0.218582848433219E+00
 0.217046385395071E+00
 0.215456849674904E+00
 0.213900713726521E+00
 0.212382910571796E+00
 0.210818878683231E+00
 0.209398136014627E+00
 0.207806643013188E+00
 0.206399733715687E+00
 0.204878600991088E+00
 0.203483067302541E+00
 0.208923288878105E+00
 0.218159043663827E+00
 0.226642690928949E+00
 0.234348713990286E+00
 0.241254823852511E+00
 0.247341999954958E+00
 0.252594558130855E+00
 0.257000241689713E+00
 0.260550306581887E+00
 0.263239567622625E+00
 0.266021344216299E+00
 0.269620701965725E+00
 0.272322766193500E+00
 0.274126137867495E+00
 0.275033023716572E+00
 0.275049236147001E+00
 0.274184220144564E+00
 0.272451053153158E+00
 0.269866363081624E+00
 0.266490191391692E+00
 0.262985556010772E+00
 0.259557393367596E+00
 0.256255732351552E+00
 0.252990511120314E+00
 0.249807092203934E+00
 0.246727195869860E+00
 0.243758637226668E+00
 0.240893135896148E+00
 0.238107076283504E+00
 0.235368845588368E+00
 0.232636174692401E+00
 0.229929679712753E+00
 0.227521057989477E+00
 0.225054632266461E+00
 0.222533883365822E+00
 0.220270646286692E+00
 0.217984057651779E+00
 0.215645017925026E+00
 0.213580593086084E+00
 0.211331505443067E+00
 0.209293290125912E+00
 0.207285472369739E+00
 0.205184377918917E+00
 0.203355419433060E+00
 0.201247928166609E+00
 0.199550222797557E+00
 0.197474649526771E+00
 0.195871375934662E+00
 0.193962253156429E+00
 0.192322158978641E+00
 0.190430011141655E+00
 0.188874115257914E+00
 0.187038594103204E+00
 0.185541768538152E+00
 0.183725697897848E+00
 0.182309306436216E+00
 0.180537936755971E+00
 0.179178523279513E+00
 0.177416455729179E+00
 0.176134685226236E+00
 0.174407442320736E+00
 0.173181508924768E+00
 0.171457193199339E+00
 0.170307016076915E+00
 0.168609358919034E+00
 0.167514542672569E+00
 0.165854943519194E+00
 0.163643090888323E+00
 0.160893747742962E+00
 0.157623773487856E+00
 0.153868588795730E+00
 0.150057842120188E+00
 0.146384057355338E+00
 0.142827919396245E+00
 0.139370000908784E+00
 0.136072120824595E+00
 0.132861248453327E+00
 0.129738938986913E+00
 0.126716396974008E+00
 0.123820426998373E+00
 0.121019673794212E+00
 0.118302416374484E+00
 0.115688069491074E+00
 0.113180638223055E+00
 0.110756886719651E+00
 0.108404997790429E+00
 0.106111505250395E+00
 0.103862070841591E+00
 0.101685496738580E+00
 0.101223435519345E+00
 0.107357651892235E+00
 0.113055102184956E+00
 0.118282112350696E+00
 0.123007194746412E+00
 0.127201161334309E+00
 0.130837251766493E+00
 0.133891281008945E+00
 0.136341781838803E+00
 0.138170110298848E+00
 0.139360504901175E+00
 0.139900122286507E+00
 0.140469302878380E+00
 0.141668695228572E+00
 0.142190791770086E+00
 0.142025547603504E+00
 0.141166042243351E+00
 0.139608574543931E+00
 0.137352727997814E+00
 0.134818282738044E+00
 0.132368829589997E+00
 0.129985190354067E+00
 0.128400591664986E+00
 0.129923294932670E+00
 0.131281215145259E+00
 0.132460742983314E+00
 0.133448910834219E+00
 0.134233446895136E+00
 0.134802834164834E+00
 0.135146376567145E+00
 0.135254264200895E+00
 0.135117625218151E+00
 0.134728558255935E+00
 0.134080151891397E+00
 0.133166505384948E+00
 0.131982760948710E+00
 0.130525145211330E+00
 0.128791007101074E+00
 0.126778839503612E+00
 0.124488281879322E+00
 0.121920111767796E+00
 0.119076236160888E+00
 0.115959687724329E+00
 0.113720667706220E+00
 0.124175909702949E+00
 0.134306670988628E+00
 0.144071821716659E+00
 0.153431677275489E+00
 0.162348194995239E+00
 0.170785186268826E+00
 0.178708510130383E+00
 0.186086218768320E+00
 0.192888652842846E+00
 0.199088514718654E+00
 0.204660957152684E+00
 0.209583705065833E+00
 0.213837193738280E+00
 0.217404685946941E+00
 0.220272340766483E+00
 0.224572898630410E+00
 0.228168525673948E+00
 0.231034331745507E+00
 0.233159268013325E+00
 0.234535306137968E+00
 0.235157470009150E+00
 0.235023896333614E+00
 0.234135879576716E+00
 0.232497860739057E+00
 0.230370015508377E+00
 0.228245885289009E+00
 0.226142669000930E+00
 0.224004419892231E+00
 0.221959579322354E+00
 0.219913906379996E+00
 0.217901011366831E+00
 0.215921186307754E+00
 0.213957777523010E+00
 0.212018385781007E+00
 0.210099211569053E+00
 0.208207212464997E+00
 0.206325359647990E+00
 0.204514627580069E+00
 0.202725620522492E+00
 0.200950682561474E+00
 0.199203649328510E+00
 0.197470831969542E+00
 0.195811359925153E+00
 0.194209581384657E+00
 0.192534851773743E+00
 0.190997420396741E+00
 0.189398061014156E+00
 0.187882178232131E+00
 0.186418782571940E+00
 0.184879567695153E+00
 0.183508928618575E+00
 0.181944836382628E+00
 0.180672613644344E+00
 0.179119885079460E+00
 0.177922512269333E+00
 0.176367271593251E+00
 0.175212186244993E+00
 0.173681763420642E+00
 0.172577311018733E+00
 0.171087854938331E+00
 0.169996430605960E+00
 0.168550660661564E+00
 0.167484837263147E+00
 0.166070982557693E+00
 0.165018109806978E+00
 0.163648926779230E+00
 0.162615627611593E+00
 0.161283019033394E+00
 0.160251889486275E+00
 0.158971701143887E+00
 0.157948083825989E+00
 0.156713791765406E+00
 0.156439071776277E+00
 0.157110786638500E+00
 0.157268841179907E+00
 0.156932193140872E+00
 0.156122252902590E+00
 0.154862792868287E+00
 0.153413190048135E+00
 0.151982950883553E+00
 0.150599180523527E+00
 0.149214860585581E+00
 0.147843492405958E+00
 0.146561659115291E+00
 0.145245981146437E+00
 0.143943892335711E+00
 0.142726165323616E+00
 0.141459187838611E+00
 0.140218281352515E+00
 0.138962769320798E+00
 0.137772698414818E+00
 0.136589233733569E+00
 0.135422250182543E+00
 0.134275565366260E+00
 0.133148774106988E+00
 0.132138816883810E+00
 0.131051746200421E+00
 0.130073813412066E+00
 0.129056597693780E+00
 0.128053878375526E+00
 0.127148592885118E+00
 0.126125486988287E+00
 0.125282989669359E+00
 0.124242178376998E+00
 0.123461783064939E+00
 0.122457057353044E+00
 0.121683994438895E+00
 0.120750616435678E+00
 0.119955369175833E+00
 0.118998253424857E+00
 0.118246409105313E+00
 0.117299447509474E+00
 0.116577694182332E+00
 0.115617285386561E+00
 0.114937070296584E+00
 0.119906044614976E+00
 0.126856675754444E+00
 0.134200534135395E+00
 0.141910599178208E+00
 0.149957331475452E+00
 0.158308811885241E+00
 0.166930882247400E+00
 0.175787301349194E+00
 0.184839922539417E+00
 0.194048875945105E+00
 0.203372724902486E+00
 0.212768582550544E+00
 0.222192212594387E+00
 0.231598166509772E+00
 0.240939999652884E+00
 0.250170562332156E+00
 0.259242312114421E+00
 0.268107579515984E+00
 0.276718753120304E+00
 0.285028406675441E+00
 0.292989427157400E+00
 0.300555193864155E+00
 0.307679815906479E+00
 0.314318395497954E+00
 0.320427276788733E+00
 0.325964263679706E+00
 0.330888818086396E+00
 0.335162256155261E+00
 0.338747942134605E+00
 0.341611460366758E+00
 0.344464398088878E+00
 0.348034640169494E+00
 0.350852125135348E+00
 0.352883900333812E+00
 0.354099652209718E+00
 0.354471759415139E+00
 0.353975393631658E+00
 0.352588697084269E+00
 0.350293004659633E+00
 0.347073042640359E+00
 0.342917050843525E+00
 0.337820032331743E+00
 0.332399308731276E+00
 0.327153912720650E+00
 0.322140895564563E+00
 0.317200159423032E+00
 0.318589960759987E+00
 0.324151118811060E+00
 0.329389589216596E+00
 0.334285295162547E+00
 0.338818839032189E+00
 0.342971589648144E+00
 0.346725769109426E+00
 0.350064530918548E+00
 0.352972027268833E+00
 0.355433470700706E+00
 0.357435197224210E+00
 0.358964732887496E+00
 0.360010858444261E+00
 0.360563663999031E+00
 0.360614589948514E+00
 0.360156458393807E+00
 0.359183503582858E+00
 0.357691406924744E+00
 0.355677334168251E+00
 0.353139966210838E+00
 0.350079515919746E+00
 0.346497730493242E+00
 0.342397886123795E+00
 0.337784782886379E+00
 0.332664742041193E+00
 0.327045600538594E+00
 0.320936695100910E+00
 0.314348832972888E+00
 0.307294253944077E+00
 0.299786591606693E+00
 0.291840837776446E+00
 0.301751887500707E+00
 0.316483040582347E+00
 0.330405099309702E+00
 0.343476919806502E+00
 0.355660144182075E+00
 0.366919336326860E+00
 0.377222180906385E+00
 0.386539698669835E+00
 0.394846420723170E+00
 0.402120493250119E+00
 0.408343724090811E+00
 0.416387811566382E+00
 0.423761819682401E+00
 0.430038390978175E+00
 0.435202599532188E+00
 0.439243476686002E+00
 0.442154065958843E+00
 0.443931389157891E+00
 0.444576340641240E+00
 0.444093573387083E+00
 0.442491445481354E+00
 0.439782049711448E+00
 0.436200682964468E+00
 0.432549824254514E+00
 0.428969199519331E+00
 0.425363252148464E+00
 0.421759958933675E+00
 0.418227982291084E+00
 0.414731835324484E+00
 0.411337332602141E+00
 0.407999363339300E+00
 0.404695808056697E+00
 0.401380187269121E+00
 0.397997246961940E+00
 0.394786902164787E+00
 0.391726568044152E+00
 0.388524881649347E+00
 0.385368992776145E+00
 0.382463750528686E+00
 0.379362929040950E+00
 0.376396071221312E+00
 0.373585500596299E+00
 0.370619171839516E+00
 0.367880771006414E+00
 0.364934014036136E+00
 0.362269029220767E+00
 0.359552329039719E+00
 0.356840810768377E+00
 0.354264523643542E+00
 0.351528635462444E+00
 0.349082113409581E+00
 0.346365390791508E+00
 0.344029342458329E+00
 0.341329241493523E+00
 0.339047049032381E+00
 0.336411861019472E+00
 0.334191227961007E+00
 0.331628176602474E+00
 0.329436804798173E+00
 0.326932773984132E+00
 0.324800785078007E+00
 0.322335135614314E+00
 0.320257661659117E+00
 0.317841126368857E+00
 0.315826226419087E+00
 0.313454816274486E+00
 0.311482954866335E+00
 0.309178301355962E+00
 0.307245726559779E+00
 0.305012127364217E+00
 0.302059198393503E+00
 0.298399909732437E+00
 0.294049591967798E+00
 0.289025830647051E+00
 0.283348415922516E+00
 0.277197104684653E+00
 0.271168903393816E+00
 0.265320197238894E+00
 0.259618988852022E+00
 0.254117178651002E+00
 0.248715052790459E+00
 0.243546290166159E+00
 0.238500257983078E+00
 0.233588180268684E+00
 0.228815638711547E+00
 0.224183344636882E+00
 0.219687974073139E+00
 0.215322560158338E+00
 0.211077263250286E+00
 0.206939865787790E+00
 0.202895933545691E+00
 0.198952599304870E+00
 0.195225262338825E+00
 0.191569892022470E+00
 0.187966814098737E+00
 0.184396269680083E+00
 0.181049856465180E+00
 0.177770474893182E+00
 0.174489307834947E+00
 0.171310046512015E+00
 0.168298302801721E+00
 0.165032746124586E+00
 0.161400689333829E+00
 0.157414552500394E+00
 0.153087961007645E+00
 0.150345223387217E+00
 0.149333235549642E+00
 0.148286030965291E+00
 0.147262004667206E+00
 0.146279860449526E+00
 0.145229232889285E+00
 0.144225695498842E+00
 0.143232708575250E+00
 0.142221849065207E+00
 0.141269653084239E+00
 0.140233851743645E+00
 0.139338338534700E+00
 0.138293244056544E+00
 0.137439190327228E+00
 0.136369329137812E+00
 0.135573073246142E+00
 0.134490806739318E+00
 0.133737380773335E+00
 0.132633214391969E+00
 0.131930513451837E+00
 0.130826285491365E+00
 0.133561865391093E+00
 0.140210036499414E+00
 0.146917380100260E+00
 0.153645865218976E+00
 0.160356864040156E+00
 0.167011361743934E+00
 0.173570212735612E+00
 0.179994397712700E+00
 0.186245244764125E+00
 0.192284608224089E+00
 0.198075023904864E+00
 0.203579861931813E+00
 0.208763484887134E+00
 0.213591408230962E+00
 0.218030463197997E+00
 0.222048972570744E+00
 0.225616950223308E+00
 0.228706317930953E+00
 0.231291108238496E+00
 0.233347612150103E+00
 0.235909063185199E+00
 0.238494886185325E+00
 0.240529729184625E+00
 0.241991438880675E+00
 0.242860481664796E+00
 0.243119934195055E+00
 0.242755461087334E+00
 0.241755341136026E+00
 0.240110559488986E+00
 0.237814937464116E+00
 0.234865253676903E+00
 0.231417485381633E+00
 0.228022745935971E+00
 0.224717877284002E+00
 0.221505074646505E+00
 0.218396541190186E+00
 0.215355274160945E+00
 0.212391730584601E+00
 0.209539709356382E+00
 0.206752637589622E+00
 0.204072765994761E+00
 0.201452748623943E+00
 0.203973906590970E+00
 0.206457082542648E+00
 0.208662110471124E+00
 0.210581586258388E+00
 0.212209061304596E+00
 0.213539083880087E+00
 0.214567240236564E+00
 0.215290187292039E+00
 0.215705671249791E+00
 0.215812533428542E+00
 0.215610710255119E+00
 0.215101234386796E+00
 0.214286238714759E+00
 0.213168959186419E+00
 0.211753730672860E+00
 0.210045973355490E+00
 0.208052171939928E+00
 0.205779852033381E+00
 0.203237555677466E+00
 0.200434813756845E+00
 0.197382110931119E+00
 0.194090840954958E+00
 0.190573254941020E+00
 0.186842408116930E+00
 0.182912109086270E+00
 0.178796870601283E+00
 0.174511856607327E+00
 0.170072820578945E+00
 0.165496034894382E+00
 0.161358828405369E+00
 0.161511297855725E+00
 0.165675876191805E+00
 0.169116131943570E+00
 0.171821754375276E+00
 0.173785566613198E+00
 0.175003505865920E+00
 0.175474586640242E+00
 0.175200872179135E+00
 0.174558152693260E+00
 0.173867597594467E+00
 0.173140953195521E+00
 0.172347019844787E+00
 0.171527089319220E+00
 0.170703729157113E+00
 0.169883731844214E+00
 0.169060097974938E+00
 0.168213585787110E+00
 0.167316214336014E+00
 0.166332364228848E+00
 0.165447573933670E+00
 0.164600734419097E+00
 0.163659003179101E+00
 0.162679495916596E+00
 0.161838730510543E+00
 0.160908276365460E+00
 0.159960185802279E+00
 0.159070897781947E+00
 0.158156192490466E+00
 0.157276205811532E+00
 0.156315485925987E+00
 0.155463452102392E+00
 0.154522960989301E+00
 0.153678517985132E+00
 0.152809651672163E+00
 0.151929593111817E+00
 0.151100337662960E+00
 0.150187619816398E+00
 0.149401208141259E+00
 0.148465158743384E+00
 0.147733048609250E+00
 0.146779495561679E+00
 0.146031605233870E+00
 0.145114035815172E+00
 0.144354448926234E+00
 0.143467201287572E+00
 0.142676421946578E+00
 0.141839862119451E+00
 0.141025809041360E+00
 0.140230209927667E+00
 0.139370845315032E+00
 0.138635944777094E+00
 0.137746042702841E+00
 0.137054677932162E+00
 0.136115581816893E+00
 0.135483893346480E+00
 0.134517529248557E+00
 0.133928348647162E+00
 0.132856113465033E+00
 0.131307760404172E+00
 0.129320630535805E+00
 0.127251723663858E+00
 0.125217069657771E+00
 0.123195845324499E+00
 0.121231493914387E+00
 0.119270107031724E+00
 0.117320047751502E+00
 0.115435579563610E+00
 0.113578272600373E+00
 0.111745211319789E+00
 0.109937543460763E+00
 0.108153820057712E+00
 0.106397780951174E+00
 0.104721269816040E+00
 0.103074072924501E+00
 0.101447716840792E+00
 0.998328532382983E-01
 0.982193643828863E-01
 0.967081712530664E-01
 0.952359103153101E-01
 0.937508017519475E-01
 0.925115420929063E-01
 0.914406611952595E-01
 0.904820304792202E-01
 0.957119232359285E-01
 0.101766049556610E+00
 0.107281916015387E+00
 0.112226971557609E+00
 0.116571020306001E+00
 0.120286414854288E+00
 0.123348255227517E+00
 0.125734565927768E+00
 0.127426422161355E+00
 0.130301504779891E+00
 0.132713186016168E+00
 0.134401520433079E+00
 0.135350288662499E+00
 0.135546619507399E+00
 0.134986403627383E+00
 0.134116266351783E+00
 0.133239763135773E+00
 0.132306214597453E+00
 0.131401712593299E+00
 0.130496419009945E+00
 0.129566330113639E+00
 0.128608135490344E+00
 0.127628301219748E+00
 0.126761550244089E+00
 0.125876596172451E+00
 0.124935961010482E+00
 0.123896993327819E+00
 0.123064893627509E+00
 0.122199981614750E+00
 0.121250568375977E+00
 0.120361534294729E+00
 0.119515135525142E+00
 0.118613308121039E+00
 0.117793457339243E+00
 0.116868690646412E+00
 0.116055340672755E+00
 0.115273735713072E+00
 0.114428127463288E+00
 0.113692016521915E+00
 0.122322069303325E+00
 0.134637375835979E+00
 0.146701056573577E+00
 0.158461154150786E+00
 0.169866562619633E+00
 0.180867229129879E+00
 0.191414383539546E+00
 0.201460788314515E+00
 0.210960992962393E+00
 0.219871572873719E+00
 0.228151334064175E+00
 0.235761474350847E+00
 0.242665706053955E+00
 0.248830359510751E+00
 0.254224492971060E+00
 0.258820027898964E+00
 0.262591910907325E+00
 0.265518283181428E+00
 0.267580626966973E+00
 0.271333654556824E+00
 0.274280361779976E+00
 0.276326851873818E+00
 0.277457677091531E+00
 0.277661050214485E+00
 0.276928898904601E+00
 0.275256873012457E+00
 0.272644326028669E+00
 0.269144358335645E+00
 0.265499188461711E+00
 0.261925360150900E+00
 0.258493690299003E+00
 0.255095302811563E+00
 0.251776913475124E+00
 0.248563621126960E+00
 0.245460698329384E+00
 0.242456477195509E+00
 0.239525090895820E+00
 0.236628714069488E+00
 0.233740425628257E+00
 0.231007282615936E+00
 0.228417362412572E+00
 0.225796083840487E+00
 0.223222017236872E+00
 0.220809128985874E+00
 0.218340353307147E+00
 0.216003488845302E+00
 0.213777866429438E+00
 0.211460668088627E+00
 0.209339778189154E+00
 0.207161257197297E+00
 0.205097775926628E+00
 0.203116453543495E+00
 0.201045938586340E+00
 0.199211994515680E+00
 0.197146592629169E+00
 0.195451089442567E+00
 0.193432938621099E+00
 0.191841064191886E+00
 0.189835886932094E+00
 0.188340067759472E+00
 0.196421671558706E+00
 0.207327552091043E+00
 0.217513459626153E+00
 0.226944968750806E+00
 0.235590556028349E+00
 0.243421707631858E+00
 0.250413038251736E+00
 0.256542414998071E+00
 0.261791069644429E+00
 0.266143679892131E+00
 0.269588406698734E+00
 0.274667164294732E+00
 0.279068723297453E+00
 0.282523347298616E+00
 0.285022494839262E+00
 0.286561286943213E+00
 0.287138506970626E+00
 0.286756565427403E+00
 0.285421435812828E+00
 0.283146526985694E+00
 0.280492335563202E+00
 0.277878624360236E+00
 0.275248219947216E+00
 0.272726558537735E+00
 0.270209066971868E+00
 0.267718165296262E+00
 0.265257586358081E+00
 0.262814505739609E+00
 0.260381433145313E+00
 0.258049798897454E+00
 0.255789215892068E+00
 0.253543538349497E+00
 0.251238744233404E+00
 0.249041590480788E+00
 0.246987652570107E+00
 0.244808267233115E+00
 0.242721631944471E+00
 0.240761582497073E+00
 0.238680500588748E+00
 0.236791480045743E+00
 0.234772828087724E+00
 0.232884073238859E+00
 0.231080856478380E+00
 0.229153407631857E+00
 0.227457928972501E+00
 0.225496009597405E+00
 0.223916409270433E+00
 0.221960368346284E+00
 0.220461633899388E+00
 0.218599408955167E+00
 0.217101519965597E+00
 0.215220083432923E+00
 0.213805142264309E+00
 0.211951311302667E+00
 0.210592557165837E+00
 0.208754892085463E+00
 0.207447823950650E+00
 0.205642150984724E+00
 0.204380369370274E+00
 0.202599115998012E+00
 0.201371902541536E+00
 0.204400060160305E+00
 0.209277224839005E+00
 0.213526055886689E+00
 0.217151391563257E+00
 0.220160788261269E+00
 0.222716677968131E+00
 0.226411134017155E+00
 0.229462209885793E+00
 0.231880998542242E+00
 0.233681270099352E+00
 0.234879369123039E+00
 0.235494124306201E+00
 0.235546758548339E+00
 0.235060784823853E+00
 0.234061878050509E+00
 0.232577721078264E+00
 0.230637829314357E+00
 0.228273361193150E+00
 0.225586173919660E+00
 0.222924974283427E+00
 0.220549505440065E+00
 0.218011834062571E+00
 0.215688428058063E+00
 0.213349192442695E+00
 0.210986091940490E+00
 0.208892265145827E+00
 0.206644616332721E+00
 0.204439818115463E+00
 0.202297872464201E+00
 0.200197293789427E+00
 0.198155799505401E+00
 0.196259011755298E+00
 0.194341904574921E+00
 0.192552869564988E+00
 0.190828297610533E+00
 0.189014956951914E+00
 0.187385969130995E+00
 0.185740977425240E+00
 0.184032896482856E+00
 0.182544718754605E+00
 0.180871408391081E+00
 0.179432084835204E+00
 0.177873081019580E+00
 0.176405306942237E+00
 0.174943509713264E+00
 0.173464266504027E+00
 0.172106105372328E+00
 0.170606655744432E+00
 0.169285860307965E+00
 0.167834691518969E+00
 0.166554052002688E+00
 0.165141832097790E+00
 0.163885160442841E+00
 0.162524394641663E+00
 0.161294569715203E+00
 0.159977481275364E+00
 0.158763221724757E+00
 0.158772227077917E+00
 0.161929946105720E+00
 0.165155133579160E+00
 0.168449975661376E+00
 0.171815890587077E+00
 0.175253502727011E+00
 0.178762617742221E+00
 0.182342199793353E+00
 0.185990352381070E+00
 0.189704304048516E+00
 0.193480399669179E+00
 0.197314097971793E+00
 0.201199976085736E+00
 0.205131741484022E+00
 0.209102250427137E+00
 0.213103530521197E+00
 0.217126804528346E+00
 0.221162513855140E+00
 0.225200342682057E+00
 0.229229245921654E+00
 0.233237484585790E+00
 0.237212670356589E+00
 0.241141818302143E+00
 0.245011404538356E+00
 0.248807425402751E+00
 0.252515456192011E+00
 0.256120709454411E+00
 0.259608093949424E+00
 0.262962275367551E+00
 0.266167739401060E+00
 0.269208857557491E+00
 0.272069956265829E+00
 0.274735389657004E+00
 0.277189615353920E+00
 0.279417271097430E+00
 0.281403249311391E+00
 0.283132767744315E+00
 0.284591436748283E+00
 0.285765325913030E+00
 0.286641032979385E+00
 0.287205755902942E+00
 0.287447366020942E+00
 0.287354478536508E+00
 0.286916517109581E+00
 0.286123771664913E+00
 0.284967450873393E+00
 0.283439731626255E+00
 0.281533806967542E+00
 0.279243932383921E+00
 0.276565469335037E+00
 0.273494924915357E+00
 0.270029987019703E+00
 0.266169554485557E+00
 0.261913761213753E+00
 0.257263992963990E+00
 0.252222896306126E+00
 0.246794381097122E+00
 0.240983619602452E+00
 0.234797045373953E+00
 0.228242352700670E+00
 0.241527450101857E+00
 0.254836785777646E+00
 0.267628469671814E+00
 0.279856807171748E+00
 0.291477728773690E+00
 0.302448981750279E+00
 0.312730323532366E+00
 0.322283705827475E+00
 0.331073443829296E+00
 0.339066371436898E+00
 0.346231985124302E+00
 0.352542576592149E+00
 0.357973352748454E+00
 0.364448984492721E+00
 0.370834519312480E+00
 0.376301300584635E+00
 0.380827190801358E+00
 0.384393272687056E+00
 0.386983909993469E+00
 0.388586838822144E+00
 0.389193280795017E+00
 0.388798050223370E+00
 0.387399624774741E+00
 0.385000163292973E+00
 0.381738365563821E+00
 0.378382689884230E+00
 0.375053718078053E+00
 0.371756834240575E+00
 0.368453669051924E+00
 0.365189070238211E+00
 0.361986084156322E+00
 0.358847482350758E+00
 0.355759629882641E+00
 0.352695019138170E+00
 0.349614055653397E+00
 0.346468931010697E+00
 0.343600845954765E+00
 0.340746007106997E+00
 0.337810325266088E+00
 0.334903473695054E+00
 0.332225040295060E+00
 0.329417892664364E+00
 0.326685157185724E+00
 0.324063363567641E+00
 0.321404276960299E+00
 0.318865629260010E+00
 0.316173743313248E+00
 0.313763594900335E+00
 0.311254401892392E+00
 0.308843116041559E+00
 0.306469829842270E+00
 0.304039432071300E+00
 0.301795720463914E+00
 0.299386310726438E+00
 0.297253516720822E+00
 0.294857943900998E+00
 0.292789926641003E+00
 0.290447848385383E+00
 0.288452089258487E+00
 0.286171270860430E+00
 0.284215795786226E+00
 0.281986856099422E+00
 0.280095649032193E+00
 0.277902031165099E+00
 0.276065698804986E+00
 0.273920481503054E+00
 0.272143667621620E+00
 0.270042353803449E+00
 0.268303474652994E+00
 0.266266051615575E+00
 0.264564344752352E+00
 0.262589819235326E+00
 0.259967109712321E+00
 0.256702075525298E+00
 0.252802885453099E+00
 0.248280024565816E+00
 0.243146272373599E+00
 0.237592768121792E+00
 0.232167190798320E+00
 0.226905399319134E+00
 0.222906609364039E+00
 0.220916408695516E+00
 0.218906502149793E+00
 0.216994421834863E+00
 0.215098401345566E+00
 0.213219964982025E+00
 0.211360298091776E+00
 0.209507461049421E+00
 0.207694434772787E+00
 0.205970215216905E+00
 0.204294058283113E+00
 0.202574479389408E+00
 0.200780345993047E+00
 0.199281026106809E+00
 0.197690515686494E+00
 0.196022808387346E+00
 0.194571132197215E+00
 0.193022943909163E+00
 0.191461514044522E+00
 0.190115340277903E+00
 0.188546814842784E+00
 0.187242886408080E+00
 0.185758776447566E+00
 0.184426501775305E+00
 0.183076917379427E+00
 0.181683795533814E+00
 0.180440209124933E+00
 0.179037936414845E+00
 0.177851366605641E+00
 0.176446684209601E+00
 0.175334445894824E+00
 0.173919262367208E+00
 0.172813124260906E+00
 0.171462206586635E+00
 0.170356878379675E+00
 0.169051312263970E+00
 0.167936639184082E+00
 0.166696873016799E+00
 0.165577081955833E+00
 0.164391106128264E+00
 0.163249300293922E+00
 0.162124500570176E+00
 0.160979186347213E+00
 0.159900197617689E+00
 0.158740326880002E+00
 0.157721426390407E+00
 0.156557336347873E+00
 0.155590953049064E+00
 0.154123653830331E+00
 0.152173855582044E+00
 0.149761912740917E+00
 0.147139232257764E+00
 0.144576964125736E+00
 0.142072393283923E+00
 0.139609990523662E+00
 0.144114687944308E+00
 0.154750595389474E+00
 0.165427358064455E+00
 0.176095379568387E+00
 0.186704725936737E+00
 0.197205415226913E+00
 0.207547706863200E+00
 0.217682362902252E+00
 0.227560858897987E+00
 0.237135539481827E+00
 0.246359737373512E+00
 0.255187892193399E+00
 0.263575705673276E+00
 0.271480350276249E+00
 0.278860718938738E+00
 0.285677681690000E+00
 0.291894312843022E+00
 0.297476069530791E+00
 0.302390925601973E+00
 0.306609479365704E+00
 0.310105053400948E+00
 0.312853795105153E+00
 0.316117440993364E+00
 0.319610977221067E+00
 0.322326142480016E+00
 0.324241523240513E+00
 0.325338814018547E+00
 0.325602892289736E+00
 0.325021917388680E+00
 0.323587440288306E+00
 0.321294492875628E+00
 0.318141626224853E+00
 0.314130888509549E+00
 0.309429036068415E+00
 0.304758677798546E+00
 0.300262406511140E+00
 0.295872395580730E+00
 0.291653954119561E+00
 0.287553754974743E+00
 0.283546604244706E+00
 0.279696758091097E+00
 0.275938471909154E+00
 0.273306032317854E+00
 0.277373363258014E+00
 0.281101728526391E+00
 0.284479508273989E+00
 0.287496166973359E+00
 0.290142290814679E+00
 0.292409620885347E+00
 0.294291083165620E+00
 0.295780815818147E+00
 0.296874193081126E+00
 0.297567844103977E+00
 0.297859665088512E+00
 0.297748824222517E+00
 0.297235760371710E+00
 0.296322177266511E+00
 0.295011034418317E+00
 0.293306534613983E+00
 0.291214106612623E+00
 0.288740381494133E+00
 0.285893162042787E+00
 0.282681385833110E+00
 0.279115083402404E+00
 0.275205332695633E+00
 0.270964210259405E+00
 0.266404739145314E+00
 0.261540833515445E+00
 0.256387240281544E+00
 0.250959478230482E+00
 0.245273774739225E+00
 0.239346999645602E+00
 0.233196595686514E+00
 0.226876188106388E+00
 0.222506344467525E+00
 0.227597172074342E+00
 0.231924842926740E+00
 0.237119236721444E+00
 0.242312497866564E+00
 0.246708809175327E+00
 0.250306107936380E+00
 0.253105578973148E+00
 0.255111612679272E+00
 0.256331742287404E+00
 0.256776569169041E+00
 0.256459678459779E+00
 0.255404038313657E+00
 0.254050776141796E+00
 0.252676154094718E+00
 0.251262392178151E+00
 0.249845651526869E+00
 0.248420316922823E+00
 0.246997660284380E+00
 0.245533912603180E+00
 0.244072253627894E+00
 0.242661540868963E+00
 0.241181839343450E+00
 0.239676254321983E+00
 0.238217523452378E+00
 0.236711998714923E+00
 0.235196811128156E+00
 0.233708728898808E+00
 0.232220351127574E+00
 0.230833530646871E+00
 0.229382249275728E+00
 0.227987952550623E+00
 0.226576393702271E+00
 0.225174072151025E+00
 0.223867704125387E+00
 0.222421219095102E+00
 0.221163552576149E+00
 0.219661362324594E+00
 0.218480697447366E+00
 0.217060196122798E+00
 0.215829033789773E+00
 0.214468710567832E+00
 0.213212575878120E+00
 0.211926813479757E+00
 0.210631753949035E+00
 0.209321892827279E+00
 0.208085151633155E+00
 0.206765478433861E+00
 0.205569663396876E+00
 0.204217822091708E+00
 0.203081794275194E+00
 0.201719809418615E+00
 0.200624205552457E+00
 0.199230765620062E+00
 0.198193797050840E+00
 0.196792231690986E+00
 0.195795813237398E+00
 0.194365437689654E+00
 0.193427201148634E+00
 0.191993628708132E+00
 0.191093081226289E+00
 0.189707187319803E+00
 0.187846534937585E+00
 0.185527002513929E+00
 0.182766154504040E+00
 0.179597401241231E+00
 0.176351570731885E+00
 0.173182211488704E+00
 0.170063651583219E+00
 0.167025307312051E+00
 0.164029225066806E+00
 0.161132217580692E+00
 0.158283708794892E+00
 0.155493510817376E+00
 0.152767676095656E+00
 0.150109180877116E+00
 0.147518082083862E+00
 0.144991898460326E+00
 0.142526012288617E+00
 0.140113863509743E+00
 0.137747315827669E+00
 0.135416916564725E+00
 0.133202421641468E+00
 0.131047450318035E+00
 0.128914646163716E+00
 0.126790828531956E+00
 0.124764894855701E+00
 0.122809584598772E+00
 0.120841105467793E+00
 0.118897003793794E+00
 0.117084786435688E+00
 0.115234315745154E+00
 0.113405249681435E+00
 0.111330176543001E+00
 0.109020615377630E+00
 0.106488899492218E+00
 0.103748100860663E+00
 0.100811949824697E+00
 0.976947652992350E-01
 0.944113985074301E-01
 0.909771800232534E-01
 0.874078572087224E-01
 0.837195174170488E-01
 0.799285026866775E-01
 0.782586149109403E-01
 0.881322419274652E-01
 0.982281117706736E-01
 0.108508524063290E+00
 0.118934197266281E+00
 0.129464449416330E+00
 0.140057352333130E+00
 0.150669868249570E+00
 0.161257992858980E+00
 0.171776927418523E+00
 0.182181285806073E+00
 0.192425323190912E+00
 0.202463165563654E+00
 0.212249027474968E+00
 0.221737419414545E+00
 0.230883353085479E+00
 0.239642548109789E+00
 0.247971635423467E+00
 0.255828351821051E+00
 0.263171728707793E+00
 0.269962286467378E+00
 0.276162242704065E+00
 0.281735727382291E+00
 0.286648982743722E+00
 0.290870525332424E+00
 0.294371265017776E+00
 0.297124600019026E+00
 0.301223288493846E+00
 0.304745858546664E+00
 0.307489063043172E+00
 0.309428249671583E+00
 0.310541663857022E+00
 0.310810581586432E+00
 0.310219431681795E+00
 0.308755893690873E+00
 0.306410971383963E+00
 0.303179054443288E+00
 0.299256547424253E+00
 0.295348486850107E+00
 0.291586213094935E+00
 0.287832348392254E+00
 0.284264686377607E+00
 0.280755014358127E+00
 0.277312504272987E+00
 0.273930363187875E+00
 0.270588158798038E+00
 0.267406015430976E+00
 0.264345354399428E+00
 0.261315653535500E+00
 0.258300075360210E+00
 0.255318175298746E+00
 0.252571945122214E+00
 0.249783974804227E+00
 0.247068753202609E+00
 0.244441368425723E+00
 0.241814959854069E+00
 0.239303946056023E+00
 0.236854481677761E+00
 0.234427960815937E+00
 0.232107614330337E+00
 0.229744334318726E+00
 0.227527315958908E+00
 0.225273657691630E+00
 0.223171756010639E+00
 0.221060052110559E+00
 0.218966870345522E+00
 0.217019132864821E+00
 0.214948792752901E+00
 0.213078944007034E+00
 0.211074018039501E+00
 0.209296636108896E+00
 0.207345873961144E+00
 0.216300684067953E+00
 0.226932903055261E+00
 0.236761266665212E+00
 0.245750456823690E+00
 0.253868188602295E+00
 0.261085351629811E+00
 0.267376135109292E+00
 0.272718123347101E+00
 0.277092361154748E+00
 0.281105982879811E+00
 0.286540999409590E+00
 0.290966610212530E+00
 0.294367137901991E+00
 0.296730628529661E+00
 0.298048925151129E+00
 0.298317732983383E+00
 0.297536650977928E+00
 0.295709159092423E+00
 0.293195724392335E+00
 0.290684253643475E+00
 0.288213725850656E+00
 0.285687674519962E+00
 0.283241964884859E+00
 0.280822512752647E+00
 0.278392940747831E+00
 0.276008745313442E+00
 0.273738443876174E+00
 0.271481729851104E+00
 0.269191746369693E+00
 0.266813069261640E+00
 0.264638644093601E+00
 0.262545472979912E+00
 0.260294185153695E+00
 0.258139258817731E+00
 0.256170286856985E+00
 0.254015683663501E+00
 0.252025602669641E+00
 0.250036860182069E+00
 0.248019440711699E+00
 0.246175038578608E+00
 0.244122200087810E+00
 0.242370471048550E+00
 0.240357279010546E+00
 0.238647155861408E+00
 0.236787549421977E+00
 0.235029880446400E+00
 0.233281434032462E+00
 0.231521352375697E+00
 0.229880657267553E+00
 0.228093675607322E+00
 0.226466593907529E+00
 0.224750614434097E+00
 0.223150679762974E+00
 0.221500316598722E+00
 0.221047463089208E+00
 0.230667722676116E+00
 0.239523077644190E+00
 0.247591591729404E+00
 0.254854610389876E+00
 0.261296828571137E+00
 0.266906358364301E+00
 0.271674779666033E+00
 0.275597159860390E+00
 0.278672041634366E+00
 0.281925061326538E+00
 0.285903824260760E+00
 0.288998813393414E+00
 0.291212395271874E+00
 0.292550455624311E+00
 0.293022371223005E+00
 0.292640960538855E+00
 0.291422397108213E+00
 0.289386090479892E+00
 0.286554557301637E+00
 0.283018096039286E+00
 0.279441577808528E+00
 0.275957486337248E+00
 0.272544504191771E+00
 0.269230699786250E+00
 0.266006204949545E+00
 0.262887152597118E+00
 0.259842319275067E+00
 0.256866063712893E+00
 0.253970751247031E+00
 0.251207860985807E+00
 0.248474757152146E+00
 0.245721756867280E+00
 0.243123544211270E+00
 0.240683208214025E+00
 0.238150303633695E+00
 0.235685864943893E+00
 0.233454440368889E+00
 0.231033970135587E+00
 0.228853802620406E+00
 0.226692403505224E+00
 0.224430653739287E+00
 0.222461480897068E+00
 0.220198903801642E+00
 0.218355304101216E+00
 0.216266018525881E+00
 0.214380182899512E+00
 0.212436674824401E+00
 0.210536816758164E+00
 0.208747729883188E+00
 0.206825984133263E+00
 0.205081467426313E+00
 0.203238158102255E+00
 0.201546593896862E+00
 0.199761022074885E+00
 0.198099449951221E+00
 0.196392225307222E+00
 0.194768566848119E+00
 0.193122634520784E+00
 0.191514973406092E+00
 0.189944482163446E+00
 0.188365767651751E+00
 0.186847684433366E+00
 0.185288242766698E+00
 0.183834804713446E+00
 0.182305853046448E+00
 0.180908251197394E+00
 0.178978315657293E+00
 0.176532398540693E+00
 0.173588787698708E+00
 0.170167594766449E+00
 0.166290642540861E+00
 0.162231975673488E+00
 0.158297373911206E+00
 0.154501962606566E+00
 0.150859165344924E+00
 0.147313644632256E+00
 0.143913357218382E+00
 0.140603791614755E+00
 0.137396457856782E+00
 0.134628562574120E+00
 0.134935780976884E+00
 0.135362655950948E+00
 0.135905932367030E+00
 0.136561409375498E+00
 0.137323963906810E+00
 0.138187575952423E+00
 0.139145356541181E+00
 0.140189579809481E+00
 0.141311720130244E+00
 0.142502494398255E+00
 0.143751908894347E+00
 0.145049309981790E+00
 0.146383438062494E+00
 0.147742484342437E+00
 0.149114149834152E+00
 0.150485705899710E+00
 0.151844055938209E+00
 0.153175798633849E+00
 0.154467293970571E+00
 0.155704733182167E+00
 0.156874212618201E+00
 0.157961809772940E+00
 0.158953658627158E+00
 0.159836021814401E+00
 0.160595358728320E+00
 0.161218390462220E+00
 0.161692163351662E+00
 0.162004112585550E+00
 0.162142126385505E+00
 0.162094610375258E+00
 0.161850551335317E+00
 0.161399579424232E+00
 0.160732027842727E+00
 0.159838988739059E+00
 0.158712364131808E+00
 0.157344911063145E+00
 0.155730281134171E+00
 0.153863055626346E+00
 0.151738777916244E+00
 0.149353984348696E+00
 0.146706233274946E+00
 0.143794130420585E+00
 0.140617348160788E+00
 0.137176637105807E+00
 0.133473830094237E+00
 0.129511840094956E+00
 0.139127096352134E+00
 0.149091603816159E+00
 0.158749529507546E+00
 0.168060039834454E+00
 0.176983536956202E+00
 0.185481875595338E+00
 0.193518555028181E+00
 0.201058879085271E+00
 0.208070087916957E+00
 0.214521472806936E+00
 0.220384486697784E+00
 0.225632858859079E+00
 0.230242715393353E+00
 0.234192701711952E+00
 0.237464100547389E+00
 0.242003546464143E+00
 0.245986432309876E+00
 0.249261333978755E+00
 0.251811911914900E+00
 0.253624769186599E+00
 0.254689537630383E+00
 0.254998924629755E+00
 0.254548720937845E+00
 0.253337791244422E+00
 0.251372857953170E+00
 0.249108420296796E+00
 0.246869341000245E+00
 0.244611532442116E+00
 0.242424947378607E+00
 0.240234729532570E+00
 0.238058802587468E+00
 0.235901136842705E+00
 0.233752098280788E+00
 0.231602133235249E+00
 0.229545184233902E+00
 0.227521470031918E+00
 0.225515047716778E+00
 0.223502007187592E+00
 0.221539502986029E+00
 0.219620509027596E+00
 0.217723243617199E+00
 0.215846803021961E+00
 0.214013282945500E+00
 0.212192834457491E+00
 0.210415676023875E+00
 0.208638281411238E+00
 0.206950319194744E+00
 0.205293240238094E+00
 0.203577666850674E+00
 0.202022589998427E+00
 0.200309502430291E+00
 0.198838291664402E+00
 0.197148760364591E+00
 0.195745268766319E+00
 0.194181789247689E+00
 0.192742848780325E+00
 0.191200669715256E+00
 0.189826329661696E+00
 0.188317587447786E+00
 0.186988656185583E+00
 0.185486849434816E+00
 0.184221482723613E+00
 0.182746322764399E+00
 0.181524548841427E+00
 0.180048337421193E+00
 0.178887487004266E+00
 0.177433896423155E+00
 0.176315260902317E+00
 0.174855019618010E+00
 0.173795316689750E+00
 0.172354167705334E+00
 0.171335867166118E+00
 0.169824317167640E+00
 0.168642536537091E+00
 0.169182188028492E+00
 0.169111937671332E+00
 0.168448360790468E+00
 0.167210849444926E+00
 0.165726434034646E+00
 0.164258017390855E+00
 0.162768770241649E+00
 0.161347404727200E+00
 0.159934140905880E+00
 0.158530020274969E+00
 0.157136490799822E+00
 0.155771944807587E+00
 0.154433408611269E+00
 0.153118280312697E+00
 0.151827069126815E+00
 0.150530932582241E+00
 0.149233748757487E+00
 0.148055137945385E+00
 0.146856646940561E+00
 0.145643936003587E+00
 0.144517785271670E+00
 0.143357043708969E+00
 0.142217894385098E+00
 0.141186718796915E+00
 0.140038414867261E+00
 0.139049370992777E+00
 0.137950822630009E+00
 0.136960985722490E+00
 0.135968544909205E+00
 0.134939880447249E+00
 0.134025619358598E+00
 0.132986763220881E+00
 0.132122977728834E+00
 0.131079945717780E+00
 0.130278011043948E+00
 0.129221194899467E+00
 0.128428409653560E+00
 0.127417269149810E+00
 0.126627646631621E+00
 0.125651652190812E+00
 0.124851502166521E+00
 0.123921768271955E+00
 0.123120343835639E+00
 0.122229589163624E+00
 0.121409079976700E+00
 0.120569713567555E+00
 0.119739979589944E+00
 0.118937974765918E+00
 0.118089264081427E+00
 0.117335396164458E+00
 0.125597027251342E+00
 0.135479939045051E+00
 0.145675425906871E+00
 0.156142441684461E+00
 0.166838044865407E+00
 0.177717560096586E+00
 0.188734734711668E+00
 0.199841908009562E+00
 0.210990205271784E+00
 0.222129753355085E+00
 0.233209903751880E+00
 0.244179451459496E+00
 0.254986850385380E+00
 0.265580435704317E+00
 0.275908660682639E+00
 0.285920342201947E+00
 0.295564898035251E+00
 0.304792561240250E+00
 0.313554572481612E+00
 0.321803367246883E+00
 0.329492777735823E+00
 0.336578255298500E+00
 0.343017099399221E+00
 0.348768669424606E+00
 0.353794564364247E+00
 0.358058775393246E+00
 0.361527831101925E+00
 0.364319272729342E+00
 0.368587409886257E+00
 0.372026507611154E+00
 0.374604957481490E+00
 0.376294144032623E+00
 0.377068576213746E+00
 0.376906016448078E+00
 0.375787597752374E+00
 0.373697922221470E+00
 0.370625143545211E+00
 0.366561041908819E+00
 0.361501095302821E+00
 0.355904358030138E+00
 0.350473053335235E+00
 0.345199772242087E+00
 0.340115413828705E+00
 0.335140972683176E+00
 0.330312552864914E+00
 0.325645330099990E+00
 0.328394948950200E+00
 0.333546697918531E+00
 0.338312205539443E+00
 0.342673651661758E+00
 0.346614235524767E+00
 0.350118241330368E+00
 0.353171100405880E+00
 0.355759449982390E+00
 0.357871188641027E+00
 0.359495528418728E+00
 0.360623043094590E+00
 0.361245711473486E+00
 0.361356954147148E+00
 0.360951662690608E+00
 0.360026221358434E+00
 0.358578522385848E+00
 0.356607976345372E+00
 0.354115518550351E+00
 0.351103611614440E+00
 0.347576243485510E+00
 0.343538919914103E+00
 0.338998650471619E+00
 0.333963927763409E+00
 0.328444700092505E+00
 0.322452338197049E+00
 0.315999596658379E+00
 0.309100570301302E+00
 0.301770645682358E+00
 0.294026447739507E+00
 0.292613404946869E+00
 0.306100291602188E+00
 0.318739105815937E+00
 0.330495974618385E+00
 0.341340231326665E+00
 0.351244452653286E+00
 0.360184514211835E+00
 0.368139684329353E+00
 0.375092738104479E+00
 0.381030050952073E+00
 0.388881457615942E+00
 0.395935732923717E+00
 0.401929000993991E+00
 0.406851271584751E+00
 0.410696384107262E+00
 0.413462006364657E+00
 0.415149601029903E+00
 0.415764377255670E+00
 0.415315241002480E+00
 0.413814745066879E+00
 0.411279029482989E+00
 0.408055048372103E+00
 0.404829637388939E+00
 0.401636187896584E+00
 0.398384196172066E+00
 0.395249231024137E+00
 0.392118225931320E+00
 0.389006789897330E+00
 0.385947783588337E+00
 0.382908202794672E+00
 0.379906149816241E+00
 0.376956461303176E+00
 0.373943665865208E+00
 0.370972935794143E+00
 0.368222497364235E+00
 0.365370241468831E+00
 0.362534496263708E+00
 0.359831754714616E+00
 0.357045010136154E+00
 0.354366363256618E+00
 0.351764651639609E+00
 0.349080438213107E+00
 0.346513565147512E+00
 0.343885342875692E+00
 0.341426958562810E+00
 0.338864000718489E+00
 0.336429674032734E+00
 0.333941313212659E+00
 0.331579809683523E+00
 0.329144072621876E+00
 0.326824375984805E+00
 0.324473664845419E+00
 0.322197386113981E+00
 0.319903465363344E+00
 0.317671850473577E+00
 0.315441245863948E+00
 0.313208519266835E+00
 0.311086367571697E+00
 0.308828958525238E+00
 0.306820862913514E+00
 0.304547012055902E+00
 0.302643611338899E+00
 0.300369642708931E+00
 0.298552291819641E+00
 0.296299343425175E+00
 0.294544675268695E+00
 0.292336438368976E+00
 0.290620600640568E+00
 0.288480592172853E+00
 0.285663299282979E+00
 0.282183957839133E+00
 0.278060051085988E+00
 0.273311244647749E+00
 0.267959303921633E+00
 0.262220787633248E+00
 0.256613488715533E+00
 0.251156660309543E+00
 0.245841680251965E+00
 0.240669745534592E+00
 0.235637618723312E+00
 0.230773309296719E+00
 0.226024268857176E+00
 0.221403480816411E+00
 0.216919403055129E+00
 0.212576385298255E+00
 0.208374795648419E+00
 0.204311143268052E+00
 0.200378277418463E+00
 0.196565474020384E+00
 0.192858773279698E+00
 0.189241457363174E+00
 0.185694588635716E+00
 0.182374578495759E+00
 0.179121444319039E+00
 0.175904619061761E+00
 0.172701842518517E+00
 0.169751577755743E+00
 0.166807067962520E+00
 0.163838330921643E+00
 0.161061323641938E+00
 0.157934103871908E+00
 0.154469423317643E+00
 0.154014625302547E+00
 0.160749947257827E+00
 0.167305757379983E+00
 0.173643374818822E+00
 0.179722924225472E+00
 0.185503558332755E+00
 0.190944048901889E+00
 0.196003637513470E+00
 0.200642952413204E+00
 0.204824794103665E+00
 0.208514653202275E+00
 0.211680913412495E+00
 0.214294779613881E+00
 0.216330037373742E+00
 0.217762784862089E+00
 0.218571275348802E+00
 0.218735968246829E+00
 0.218239816843979E+00
 0.217068738184549E+00
 0.215212141118753E+00
 0.212663362830576E+00
 0.209419901724244E+00
 0.205483424743611E+00
 0.200859625205480E+00
 0.195558058007861E+00
 0.189592055727301E+00
 0.182978753176014E+00
 0.175739171788423E+00
 0.167898281471054E+00
 0.166775622804625E+00
 0.168998692596265E+00
 0.170828147659530E+00
 0.172241032150035E+00
 0.173216452833449E+00
 0.173735661569454E+00
 0.173838231551580E+00
 0.174686770279885E+00
 0.175071401121171E+00
 0.174976319242651E+00
 0.174388203528869E+00
 0.173296360534368E+00
 0.171692861866190E+00
 0.169572642354286E+00
 0.166933539727936E+00
 0.164366217822690E+00
 0.162232563552786E+00
 0.159597646367979E+00
 0.157625743270362E+00
 0.155484439423171E+00
 0.153077190628454E+00
 0.151400764621536E+00
 0.149256406546631E+00
 0.146655364620341E+00
 0.143963106497937E+00
 0.141362501673085E+00
 0.138843681128273E+00
 0.136433802731908E+00
 0.134084214853628E+00
 0.134021663507623E+00
 0.139044229760328E+00
 0.143430124626552E+00
 0.147178149853264E+00
 0.150291960010020E+00
 0.152779609988345E+00
 0.154652897575700E+00
 0.155926667556295E+00
 0.156618247731072E+00
 0.156747145033202E+00
 0.156335050287802E+00
 0.155406102818906E+00
 0.153987281657280E+00
 0.152108747511892E+00
 0.149803969959000E+00
 0.147109527657905E+00
 0.144064548247283E+00
 0.140709845539058E+00
 0.137086901223437E+00
 0.133236900602676E+00
 0.129200031493851E+00
 0.125734362870166E+00
 0.126008992309228E+00
 0.127321548689540E+00
 0.130171320954969E+00
 0.132494411367839E+00
 0.134290258084323E+00
 0.135560795968815E+00
 0.136310357928100E+00
 0.136545540018788E+00
 0.136275089465421E+00
 0.135509880637309E+00
 0.135325984796198E+00
 0.134951378908438E+00
 0.134092189531344E+00
 0.132834762018974E+00
 0.132211960138608E+00
 0.131303361100823E+00
 0.130083120407695E+00
 0.129484669293705E+00
 0.128534414926522E+00
 0.127380786222882E+00
 0.126782517918175E+00
 0.125802709537628E+00
 0.124730778681074E+00
 0.123705031846239E+00
 0.122724990989304E+00
 0.121732303747339E+00
 0.120736880527225E+00
 0.119739800441764E+00
 0.118730552973659E+00
 0.117697853491781E+00
 0.116625561557242E+00
 0.115498016003429E+00
 0.114382043968656E+00
 0.113304815806809E+00
 0.112171058506011E+00
 0.110971775489124E+00
 0.109918785715507E+00
 0.108837479082655E+00
 0.107693281269712E+00
 0.106690883896873E+00
 0.105704018830229E+00
 0.104640419699501E+00
 0.103776528529532E+00
 0.102879607188999E+00
 0.101940914639805E+00
 0.101207196600472E+00
 0.100335771990122E+00
 0.996278969708447E-01
 0.988794260567876E-01
 0.981366885435347E-01
 0.974879515735628E-01
 0.967218091126193E-01
 0.961479987339422E-01
 0.953687047678948E-01
 0.948471063940445E-01
 0.940641219873645E-01
 0.935755395811194E-01
 0.927982214391592E-01
 0.923263096588056E-01
 0.915643617104136E-01
 0.910952652596175E-01
 0.903585193277203E-01
 0.893229121292458E-01
 0.879978017195402E-01
 0.863937972319070E-01
 0.845226601213125E-01
 0.823972078844932E-01
 0.802290746393363E-01
 0.782845730103090E-01
 0.765174602744028E-01
 0.748741751822802E-01
 0.733683156415884E-01
 0.719353616559906E-01
 0.705686936420178E-01
 0.692637961785556E-01
 0.680139525867160E-01
 0.668110703452190E-01
 0.656463171737170E-01
 0.645108504355268E-01
 0.633960099308873E-01
 0.622937191323130E-01
 0.612321917126670E-01
 0.602227302823507E-01
 0.592154537557942E-01
 0.582028660372243E-01
 0.572396767932972E-01
 0.563172504978432E-01
 0.553784937154307E-01
 0.544531383694271E-01
 0.536008252267603E-01
 0.527196617059862E-01
 0.518540140302895E-01
 0.510518836217562E-01
 0.501446514016590E-01
 0.490861575710302E-01
 0.478828708980566E-01
 0.465418805429599E-01
 0.450708681215259E-01
 0.434780659442672E-01
 0.417722026513481E-01
 0.399624416252647E-01
 0.380583169292714E-01
 0.360696685415934E-01
 0.340065776989079E-01
 0.318793053389637E-01
 0.296982382834720E-01
 0.278190449509599E-01
 0.276461239379526E-01
 0.273561135585161E-01
 0.271759002059928E-01
 0.268969537415411E-01
 0.264957298027162E-01
 0.259817137279327E-01
 0.253891651828234E-01
 0.248636318251810E-01
 0.244029882056317E-01
 0.239833026536770E-01
 0.236055421100402E-01
 0.232439837271524E-01
 0.228981919617664E-01
 0.225673098996433E-01
 0.222501430148845E-01
 0.219453127910276E-01
 0.216514147937794E-01
 0.213666467132079E-01
 0.210892181307074E-01
 0.208170047761014E-01
 0.205475819005639E-01
 0.202785715303134E-01
 0.200211620878721E-01
 0.197815001208018E-01
 0.195389589563458E-01
 0.192900610535061E-01
 0.190519930379543E-01
 0.188307074980041E-01
 0.185969287716947E-01
 0.183566579381634E-01
 0.181464959858512E-01
 0.179160395558266E-01
 0.176814022266355E-01
 0.174683731658386E-01
 0.172023817030128E-01
 0.168672273501589E-01
 0.164684993359603E-01
 0.160119395746721E-01
 0.155034235925332E-01
 0.149489312275967E-01
 0.143545049586250E-01
 0.137262010345571E-01
 0.130700400686173E-01
 0.123919595031448E-01
 0.116977659247401E-01
 0.109930861933951E-01
 0.102833222853665E-01
 0.957361904955118E-02
 0.886885063186218E-02
 0.817362125975940E-02
 0.749226742630432E-02
 0.682884875850964E-02
 0.618712391366639E-02
 0.592419170718458E-02
 0.581041667527085E-02
 0.570359381085757E-02
 0.559438145129270E-02
 0.549420830746906E-02
 0.540342399672979E-02
 0.530951442380049E-02
 0.527006653787985E-02
 0.522191708500226E-02
 0.518086574968044E-02
 0.514626178588356E-02
 0.510218864226450E-02
 0.506359158437239E-02
 0.503261220255379E-02
 0.499289396576927E-02
 0.496715499902625E-02
 0.493071349343645E-02
 0.489488245715016E-02
 0.486446439979756E-02
 0.484097769118901E-02
 0.480866890682378E-02
 0.478330586089835E-02
 0.476302418656237E-02
 0.473300203165151E-02
 0.471310333014578E-02
 0.469491144854345E-02
 0.466994083802689E-02
 0.465144030311014E-02
 0.463409922773152E-02
 0.461443728077838E-02
 0.459520190432991E-02
 0.457668961352635E-02
 0.456218225855252E-02
 0.454074300646808E-02
 0.452068165168551E-02
 0.450995383557242E-02
 0.448498820246198E-02
 0.446964020474521E-02
 0.445457539651005E-02
 0.443395279124416E-02
 0.441384222023475E-02
 0.439342069598930E-02
 0.437728602985028E-02
 0.435133639556061E-02
 0.433008449130478E-02
 0.431314082511941E-02
 0.428702564301043E-02
 0.426437114383405E-02
 0.424014171717945E-02
 0.421956537286625E-02
 0.418473558571170E-02
 0.413616435510782E-02
 0.407450530491466E-02
 0.400053674529443E-02
 0.391512195449610E-02
 0.381916384502345E-02
 0.371357321970166E-02
 0.359925989035279E-02
 0.347714101135071E-02
 0.345264911997444E-02
 0.345155913137462E-02
 0.344995787687529E-02
 0.344783277746417E-02
 0.344517640052008E-02
 0.344201047994832E-02
 0.343839725623019E-02
 0.343443405462451E-02
 0.343023276210349E-02
 0.342589171445853E-02
 0.342147167575380E-02
 0.341698733534913E-02
 0.341241941288457E-02
 0.340774212412207E-02
 0.340295220875288E-02
 0.339808470544531E-02
 0.339320825603517E-02
 0.338840410826706E-02
 0.338374098289285E-02
 0.337925827816443E-02
 0.337496382815471E-02
 0.337155516407929E-02
 0.337536907438531E-02
 0.337904674526150E-02
 0.338261777429477E-02
 0.338606244947056E-02
 0.338931752471654E-02
 0.339230521016188E-02
 0.339496844379296E-02
 0.339729269621529E-02
 0.339930428079174E-02
 0.340105037488707E-02
 0.340257563758760E-02
 0.340390819492095E-02
 0.340505754023110E-02
 0.340601846296322E-02
 0.340677521309662E-02
 0.340730624809718E-02
 0.340759362411808E-02
 0.340763714566526E-02
 0.340746552014412E-02
 0.340713402551420E-02
 0.340670554768753E-02
 0.340622450989587E-02
 0.340570049484335E-02
 0.340511322011884E-02
 0.340443605633486E-02
 0.340366231696694E-02
 0.340281691325490E-02
 0.340194678147677E-02
 0.340109854574286E-02
 0.340030002593055E-02
 0.339955770882970E-02
 0.339886910643490E-02
 0.339823763141752E-02
 0.339767721970363E-02
 0.339720438947671E-02
 0.339682736005012E-02
 0.339654437051923E-02
 0.339635389826129E-02
 0.339626680648422E-02
 0.339630695716146E-02
 0.339649681158878E-02
 0.339683934965562E-02
 0.339731312205993E-02
 0.339788714223571E-02
 0.339854483706143E-02
 0.339929713996665E-02
 0.340017289231159E-02
 0.340119359405910E-02
 0.340235296546882E-02
 0.340361804573997E-02
 0.340495075234699E-02
 0.340633202347317E-02
 0.340776889565319E-02
 0.340927936964053E-02
 0.341086840636631E-02
 0.341251549186529E-02
 0.341418414506952E-02
 0.341584502376924E-02
 0.341749266593687E-02
 0.341914131465465E-02
 0.342080331816265E-02
 0.342246888756528E-02
 0.342410509193711E-02
 0.342567524835313E-02
 0.342716177399803E-02
 0.342857228413064E-02
 0.342992358695487E-02
 0.343121820850745E-02
 0.343243509100053E-02
 0.343354342506442E-02
 0.343452733101456E-02
 0.343539852566160E-02
 0.343618414694141E-02
 0.343689904296782E-02
 0.343752651172829E-02
 0.343802544811090E-02
 0.343835987834957E-02
 0.343852758104015E-02
 0.343856435088733E-02
 0.343851974973458E-02
 0.343842298180567E-02
 0.343826514383813E-02
 0.343801056932090E-02
 0.343762675344560E-02
 0.343710855150252E-02
 0.343647888833806E-02
 0.343576882237067E-02
 0.343499654281208E-02
 0.343416358775039E-02
 0.343326911563295E-02
 0.343232565165778E-02
 0.343135846882868E-02
 0.343038701346954E-02
 0.342940559048426E-02
 0.342838395998001E-02
 0.342729218270360E-02
 0.342613174856264E-02
 0.342494676364607E-02
 0.342380315105617E-02
 0.342274933696505E-02
 0.342178747198173E-02
 0.342087670687906E-02
 0.341996551267046E-02
 0.341902849306076E-02
 0.341808151914857E-02
 0.341716744705059E-02
 0.341632720376384E-02
 0.341557951990831E-02
 0.341492169048405E-02
 0.341434444965706E-02
 0.341384350002112E-02
 0.341341682816541E-02
 0.341305340191142E-02
 0.341272913783017E-02
 0.341241992152284E-02
 0.341212404627169E-02
 0.341187393657806E-02
 0.341172226909156E-02
 0.341170789058297E-02
 0.341182545005540E-02
 0.341202280727138E-02
 0.341223047642144E-02
 0.341240309844054E-02
 0.341254387213353E-02
 0.341269619421039E-02
 0.341291127038232E-02
 0.341321642154493E-02
 0.341360459302782E-02
 0.341404669044144E-02
 0.341451158560235E-02
 0.341497711839348E-02
 0.341542803167940E-02
 0.341585038454321E-02
 0.341623389172503E-02
 0.341658283206670E-02
 0.341692377432436E-02
 0.341729720907130E-02
 0.341773287068287E-02
 0.341822460223150E-02
 0.341872530510112E-02
 0.341916989852710E-02
 0.341951316048974E-02
 0.341975674591692E-02
 0.341994642128460E-02
 0.342014190645668E-02
 0.342038097547178E-02
 0.342066176234285E-02
 0.342095175060623E-02
 0.342121213968870E-02
 0.342141799705862E-02
 0.342156272352536E-02
 0.342165067737572E-02
 0.342169017879552E-02
 0.342169424858863E-02
 0.342168478733432E-02
 0.342168985563234E-02
 0.342172972185933E-02
 0.342179993288433E-02
 0.342186653681439E-02
 0.342188197264930E-02
 0.342181421694433E-02
 0.342166957613030E-02
 0.342149192049729E-02
 0.342133739814223E-02
 0.342124146239353E-02
 0.342120046188949E-02
 0.342117890719816E-02
 0.342113484014027E-02
 0.342104416467636E-02
 0.342090860870787E-02
 0.342074656988390E-02
 0.342057855931199E-02
 0.342041950044817E-02
 0.342028020486907E-02
 0.342017045718666E-02
 0.342009577718418E-02
 0.342004881336413E-02
 0.342000503467390E-02
 0.341993149313716E-02
 0.341980658834676E-02
 0.341963738933948E-02
 0.341945994831568E-02
 0.341931949120915E-02
