 0.650697424322541E-07
 0.101431080558491E-05
 0.496538149945699E-05
 0.150978644688757E-04
 0.353108109150623E-04
 0.698913206037469E-04
 0.123232652343631E-03
 0.199620192019622E-03
 0.303081384608185E-03
 0.437279594269069E-03
 0.605426903209563E-03
 0.810197342269308E-03
 0.105363558341610E-02
 0.133706989035164E-02
 0.166104587336963E-02
 0.203299038716559E-02
 0.245422297009690E-02
 0.293391981968931E-02
 0.348621523387908E-02
 0.409057875536482E-02
 0.476148657463385E-02
 0.548107024848965E-02
 0.626283359699293E-02
 0.709559246512793E-02
 0.798076272372057E-02
 0.890137607922549E-02
 0.984729244415156E-02
 0.108060591914353E-01
 0.117627849287381E-01
 0.127001458703233E-01
 0.135985698218384E-01
 0.144366251692306E-01
 0.151916145738359E-01
 0.158403398162707E-01
 0.163599723071065E-01
 0.167289408972128E-01
 0.169277411819497E-01
 0.169395816053041E-01
 0.167508099516800E-01
 0.163511034456727E-01
 0.157334477704597E-01
 0.148939651602321E-01
 0.138316713060416E-01
 0.125482408292600E-01
 0.129485622137541E-01
 0.134520252904425E-01
 0.140189824211782E-01
 0.145715946892779E-01
 0.151929808764854E-01
 0.157806916719695E-01
 0.164575210446105E-01
 0.170720403266139E-01
 0.178066875498643E-01
 0.184738586877403E-01
 0.192355530452991E-01
 0.199614125466298E-01
 0.207319823987220E-01
 0.220409149366303E-01
 0.249055418999328E-01
 0.276941579430708E-01
 0.303818178335068E-01
 0.329442163562602E-01
 0.353581119115397E-01
 0.376017335324432E-01
 0.396550944122087E-01
 0.415001711603428E-01
 0.431209602934510E-01
 0.445034679898020E-01
 0.456357062254199E-01
 0.465077519043792E-01
 0.471118851308460E-01
 0.474427781746673E-01
 0.474976778524190E-01
 0.472765217888649E-01
 0.467819513431097E-01
 0.460192188343155E-01
 0.449960187582009E-01
 0.437222901162794E-01
 0.422100352244166E-01
 0.404731822553676E-01
 0.407025609549459E-01
 0.414702509009148E-01
 0.421504467594903E-01
 0.427227026593369E-01
 0.433049583452894E-01
 0.438883529056204E-01
 0.443633813469579E-01
 0.446952117914146E-01
 0.450551233254198E-01
 0.454371976820516E-01
 0.456790754276153E-01
 0.457979741480018E-01
 0.459665313539468E-01
 0.461666393605614E-01
 0.461814063564522E-01
 0.462037528655680E-01
 0.463561581838782E-01
 0.463740439301161E-01
 0.463752075789746E-01
 0.466009893034304E-01
 0.466802875701449E-01
 0.469706527200671E-01
 0.473384829185665E-01
 0.477519579686303E-01
 0.495458557837423E-01
 0.512644810772183E-01
 0.528415984836650E-01
 0.546698695298393E-01
 0.562811614893040E-01
 0.576906400031363E-01
 0.593522776023114E-01
 0.607780995534182E-01
 0.619598923679994E-01
 0.631609693452473E-01
 0.643398499606668E-01
 0.652616925259118E-01
 0.659217994046488E-01
 0.666750779442726E-01
 0.673109399376634E-01
 0.676805869123270E-01
 0.678734576179125E-01
 0.682406305916346E-01
 0.692776105266114E-01
 0.709060235024069E-01
 0.724114372562682E-01
 0.740132344482317E-01
 0.754085101445785E-01
 0.767238195642968E-01
 0.779853591960123E-01
 0.790846718629203E-01
 0.801954376046653E-01
 0.810092303999275E-01
 0.818431621601085E-01
 0.824913574866191E-01
 0.831231028116605E-01
 0.836017353450011E-01
 0.838100393405770E-01
 0.841298452670254E-01
 0.842072091247806E-01
 0.843741647521066E-01
 0.842373020045147E-01
 0.841308161154522E-01
 0.838706810935681E-01
 0.837484117281539E-01
 0.833785851055526E-01
 0.830499691741203E-01
 0.826054766299659E-01
 0.865855632148718E-01
 0.915452314013250E-01
 0.964289204691575E-01
 0.101197143175707E+00
 0.105809851500653E+00
 0.110226792644398E+00
 0.114407848743010E+00
 0.118313347298179E+00
 0.121904342751474E+00
 0.125142882989022E+00
 0.127992280747810E+00
 0.130417404919243E+00
 0.132384992987729E+00
 0.133863971121731E+00
 0.134825761137631E+00
 0.135244557217609E+00
 0.135097566504938E+00
 0.134365218870114E+00
 0.133031355541684E+00
 0.131083402297144E+00
 0.128512524369950E+00
 0.125313753378062E+00
 0.121486075780812E+00
 0.117032477601578E+00
 0.111959947640574E+00
 0.106279446644065E+00
 0.100005850744446E+00
 0.931578750579087E-01
 0.857579803223474E-01
 0.778322635582146E-01
 0.694103324638253E-01
 0.635019259455190E-01
 0.629013530966701E-01
 0.623253300924233E-01
 0.615716230722890E-01
 0.606476323337244E-01
 0.595614183461999E-01
 0.602695980302111E-01
 0.681716998958799E-01
 0.765073674459348E-01
 0.852555522633641E-01
 0.943923026761273E-01
 0.103890831947095E+00
 0.113721630235407E+00
 0.123852593873389E+00
 0.134249136636484E+00
 0.144874269163765E+00
 0.155688668886014E+00
 0.166650784367637E+00
 0.177717006439647E+00
 0.188841902031905E+00
 0.199978473429310E+00
 0.211078401031290E+00
 0.222092253384376E+00
 0.232969681687042E+00
 0.243659629573401E+00
 0.254110573728814E+00
 0.264270783578494E+00
 0.274088575914375E+00
 0.283512554909985E+00
 0.292491854764464E+00
 0.300976412994732E+00
 0.308917282612256E+00
 0.316266955882197E+00
 0.322979653484304E+00
 0.329011551018740E+00
 0.334320957872336E+00
 0.338868495871421E+00
 0.342617318747908E+00
 0.346002328646037E+00
 0.350355851946015E+00
 0.353868000065423E+00
 0.356505159328898E+00
 0.358236952630114E+00
 0.359036423814887E+00
 0.358880172762681E+00
 0.357748469890444E+00
 0.355625382936410E+00
 0.352498923852947E+00
 0.348361191927188E+00
 0.343208478547209E+00
 0.337520594843802E+00
 0.333088416721870E+00
 0.327960111796821E+00
 0.323198926000994E+00
 0.319017441335266E+00
 0.314008809677138E+00
 0.310483116281275E+00
 0.314930711313479E+00
 0.319044316951939E+00
 0.322807830298051E+00
 0.326206004695767E+00
 0.329224539577955E+00
 0.331850140679731E+00
 0.334070556105486E+00
 0.335874604254501E+00
 0.337252209601250E+00
 0.338194453486003E+00
 0.338693637436033E+00
 0.338743351538730E+00
 0.338338540743432E+00
 0.337475563632992E+00
 0.336152237775906E+00
 0.334367864640332E+00
 0.332123229765540E+00
 0.329420582254716E+00
 0.326263607074681E+00
 0.322657406216404E+00
 0.318608496710250E+00
 0.314124819576374E+00
 0.314707171716185E+00
 0.322725734787707E+00
 0.330596522485794E+00
 0.338302396020793E+00
 0.345826484630770E+00
 0.353152261753876E+00
 0.360263617312944E+00
 0.367144924949066E+00
 0.373781104672757E+00
 0.380157682888358E+00
 0.386639517792218E+00
 0.394245889176652E+00
 0.401614003178656E+00
 0.408727922164203E+00
 0.415572288856812E+00
 0.422132388193463E+00
 0.428394204915313E+00
 0.434344477863201E+00
 0.439970752087355E+00
 0.445261429567764E+00
 0.450205818581854E+00
 0.454794180661576E+00
 0.459017773036481E+00
 0.462868884049857E+00
 0.466340859724972E+00
 0.469428121421251E+00
 0.472126176686534E+00
 0.474431626865894E+00
 0.476342174738824E+00
 0.477856633156216E+00
 0.478974932263078E+00
 0.479698120295104E+00
 0.480028352910507E+00
 0.479968868991501E+00
 0.479523955357091E+00
 0.478698906289308E+00
 0.477499984157981E+00
 0.475934384587590E+00
 0.474010205274773E+00
 0.471736414088570E+00
 0.469122810995043E+00
 0.466179979751457E+00
 0.462919228302944E+00
 0.459352520186202E+00
 0.455492401906595E+00
 0.451351932273528E+00
 0.446944618433568E+00
 0.442284359973515E+00
 0.437385398238410E+00
 0.432262264983071E+00
 0.426929724424849E+00
 0.421479323670854E+00
 0.416175144869089E+00
 0.411021714048252E+00
 0.406002926908021E+00
 0.401141205390565E+00
 0.396398738361718E+00
 0.391774851526998E+00
 0.387275485489491E+00
 0.382894763065813E+00
 0.378631183958145E+00
 0.375035934898541E+00
 0.373151999108472E+00
 0.371379906470170E+00
 0.369621492487053E+00
 0.367977117654107E+00
 0.366338314218207E+00
 0.364793846902538E+00
 0.363285239168727E+00
 0.361792753818352E+00
 0.360425659354513E+00
 0.358969911152126E+00
 0.357734255716498E+00
 0.356338710729293E+00
 0.355153510335259E+00
 0.353851146847878E+00
 0.352636214942313E+00
 0.351464778749916E+00
 0.350190220267465E+00
 0.349143058499346E+00
 0.347907497560791E+00
 0.346809172718516E+00
 0.345671416715677E+00
 0.344464333140116E+00
 0.343445824968176E+00
 0.342252298764880E+00
 0.341151624729632E+00
 0.340032283886282E+00
 0.338854099114097E+00
 0.337782902371775E+00
 0.336769470855317E+00
 0.335699808138947E+00
 0.334726098987217E+00
 0.333601358134526E+00
 0.333817854170796E+00
 0.334499407435410E+00
 0.334935753336505E+00
 0.335613438484932E+00
 0.335970343328134E+00
 0.336617406542443E+00
 0.336915293501886E+00
 0.337524354572604E+00
 0.337759719525522E+00
 0.338299918561519E+00
 0.338508781824534E+00
 0.338963551215328E+00
 0.339097948245615E+00
 0.339479314756951E+00
 0.339579927201082E+00
 0.339872491406989E+00
 0.339891272977048E+00
 0.340107805937814E+00
 0.340088107027289E+00
 0.340214469575156E+00
 0.340111075819852E+00
 0.340161004034612E+00
 0.340016887484243E+00
 0.339977520710623E+00
 0.339753894091305E+00
 0.339640012629122E+00
 0.339375625826269E+00
 0.339175606086574E+00
 0.338841867392752E+00
 0.338571473759323E+00
 0.338198745444996E+00
 0.337847492582992E+00
 0.337420870938823E+00
 0.337010353999940E+00
 0.336542846638855E+00
 0.336065168551192E+00
 0.335556735747468E+00
 0.335010285862976E+00
 0.334482058566461E+00
 0.333869899509166E+00
 0.332871794083948E+00
 0.331949571346709E+00
 0.330907574050182E+00
 0.329975933605781E+00
 0.328882437879678E+00
 0.327427872478915E+00
 0.325628752835457E+00
 0.323502342633196E+00
 0.321066563971581E+00
 0.318339908797457E+00
 0.315341346578998E+00
 0.312090225552820E+00
 0.308606168971068E+00
 0.304908970470294E+00
 0.301018492199804E+00
 0.297355684208870E+00
 0.293665463213010E+00
 0.290066545155667E+00
 0.286290664513740E+00
 0.282357110300174E+00
 0.278284989906286E+00
 0.274093140381568E+00
 0.269800043973695E+00
 0.265423746098727E+00
 0.260981775720939E+00
 0.256491069703634E+00
 0.251967902397998E+00
 0.247427819901088E+00
 0.242885577055086E+00
 0.238355076136423E+00
 0.233849308990965E+00
 0.229800812898445E+00
 0.227241244134397E+00
 0.224786347881854E+00
 0.222397558593757E+00
 0.220386232603851E+00
 0.225550393567619E+00
 0.230652087466667E+00
 0.235677226679313E+00
 0.240611802809095E+00
 0.245441930400517E+00
 0.250153896748815E+00
 0.254734221264523E+00
 0.259169722882721E+00
 0.263447588600576E+00
 0.267555434595469E+00
 0.271481355210064E+00
 0.275213961572355E+00
 0.278742415927483E+00
 0.282056467508783E+00
 0.285146492644313E+00
 0.288003538927094E+00
 0.290619371874195E+00
 0.292986521513258E+00
 0.295098325012380E+00
 0.296948961008284E+00
 0.298533473322156E+00
 0.299847785738786E+00
 0.300888712640125E+00
 0.301653970231756E+00
 0.302142190440928E+00
 0.302352936770228E+00
 0.302286719960362E+00
 0.302196467412139E+00
 0.303492742062126E+00
 0.304511218198305E+00
 0.305249741928564E+00
 0.305707098654922E+00
 0.305883015292914E+00
 0.305778160353398E+00
 0.305394144555530E+00
 0.304733523403814E+00
 0.303799799971894E+00
 0.302597423198580E+00
 0.301131776988435E+00
 0.299409158650379E+00
 0.297436749238326E+00
 0.295222580330090E+00
 0.292775500992043E+00
 0.290105146556954E+00
 0.287221908919178E+00
 0.284136906619555E+00
 0.280861951844965E+00
 0.277439324991238E+00
 0.274072384924173E+00
 0.270799744776187E+00
 0.267614515580264E+00
 0.264507273057144E+00
 0.261468418768393E+00
 0.258499909426924E+00
 0.255614902494505E+00
 0.252780040142012E+00
 0.250011737903110E+00
 0.247302262241473E+00
 0.244649054896483E+00
 0.242046943176766E+00
 0.239480318723842E+00
 0.236949044028685E+00
 0.234434195401554E+00
 0.231999146505857E+00
 0.229600173503488E+00
 0.227210852132369E+00
 0.224830821265907E+00
 0.222516862586559E+00
 0.220232849722561E+00
 0.226642690928949E+00
 0.234348713990286E+00
 0.241254823852511E+00
 0.247341999954958E+00
 0.252594558130855E+00
 0.257000241689713E+00
 0.260550306581887E+00
 0.263239567622625E+00
 0.266021344216299E+00
 0.269620701965725E+00
 0.272322766193500E+00
 0.274126137867495E+00
 0.275033023716572E+00
 0.275049236147001E+00
 0.274184220144564E+00
 0.272451053153158E+00
 0.269866363081624E+00
 0.266490191391692E+00
 0.262985556010772E+00
 0.259557393367596E+00
 0.256255732351552E+00
 0.252990511120314E+00
 0.249807092203934E+00
 0.246727195869860E+00
 0.243758637226668E+00
 0.240893135896148E+00
 0.238107076283504E+00
 0.235368845588368E+00
 0.232636174692401E+00
 0.229929679712753E+00
 0.227521057989477E+00
 0.225054632266461E+00
 0.226150112780731E+00
 0.230416605420988E+00
 0.234696054761697E+00
 0.238974596679794E+00
 0.243238548011574E+00
 0.247474458372486E+00
 0.251669165193385E+00
 0.255809849246354E+00
 0.259884088058467E+00
 0.263879907098961E+00
 0.267785830097289E+00
 0.271590928189659E+00
 0.275284864528563E+00
 0.278857930388157E+00
 0.282301072363882E+00
 0.285605915348770E+00
 0.288764787939830E+00
 0.291770753667305E+00
 0.294617645366276E+00
 0.297300095801365E+00
 0.299813558201136E+00
 0.302154314779251E+00
 0.304319476292178E+00
 0.306306978185406E+00
 0.308115577920400E+00
 0.309744854720724E+00
 0.311195209427960E+00
 0.312467860558540E+00
 0.313564833855462E+00
 0.314488945470230E+00
 0.315243780898668E+00
 0.315833671218488E+00
 0.316263665883674E+00
 0.316539500115875E+00
 0.316667556689418E+00
 0.316654825327623E+00
 0.316508864432950E+00
 0.316237767184089E+00
 0.315850128819342E+00
 0.315355008618395E+00
 0.314761881833380E+00
 0.314080582476107E+00
 0.313321243006772E+00
 0.312494237719492E+00
 0.311610132784315E+00
 0.310679640724135E+00
 0.309713574351061E+00
 0.308722796342035E+00
 0.307718164228602E+00
 0.306710473684738E+00
 0.305710403456390E+00
 0.304728463133353E+00
 0.303774942332080E+00
 0.302859859240825E+00
 0.301992908614555E+00
 0.301183412267351E+00
 0.300440275775148E+00
 0.299771952110781E+00
 0.299186408419556E+00
 0.298691090217283E+00
 0.298292880262129E+00
 0.297998055217099E+00
 0.297812247126610E+00
 0.297740415281002E+00
 0.297786828421455E+00
 0.297955052134412E+00
 0.298247935673963E+00
 0.298667596249263E+00
 0.299215403375457E+00
 0.299891967506996E+00
 0.300697135158742E+00
 0.301629989458940E+00
 0.302688853553799E+00
 0.303871295548277E+00
 0.305174136268555E+00
 0.306593462561188E+00
 0.308124647626962E+00
 0.309762376772327E+00
 0.311500674444744E+00
 0.313332928866838E+00
 0.315251914193044E+00
 0.317249814352755E+00
 0.319318254117385E+00
 0.321448339924189E+00
 0.323630707702112E+00
 0.325855571588974E+00
 0.328112768749248E+00
 0.330391800282590E+00
 0.332681872327004E+00
 0.334971941578911E+00
 0.337250765958676E+00
 0.339506957543236E+00
 0.341729034383666E+00
 0.343905470474624E+00
 0.346024746074894E+00
 0.348075400877694E+00
 0.350046089893431E+00
 0.351925638762651E+00
 0.353703094464833E+00
 0.355367769915959E+00
 0.356909284920001E+00
 0.358317608258564E+00
 0.359583104401773E+00
 0.360696584131924E+00
 0.361649354310925E+00
 0.362433261208816E+00
 0.363040724986309E+00
 0.363464767691967E+00
 0.363699039752445E+00
 0.363737848410354E+00
 0.363576187406812E+00
 0.363209764120443E+00
 0.362635020936159E+00
 0.361849150953875E+00
 0.360850110854070E+00
 0.359636633170375E+00
 0.358208237015645E+00
 0.356565233721706E+00
 0.354708724607244E+00
 0.352640591775978E+00
 0.350363486285407E+00
 0.347880818122108E+00
 0.345196748879177E+00
 0.342316183588772E+00
 0.339244756299753E+00
 0.335988806163731E+00
 0.332555345358997E+00
 0.328952023721514E+00
 0.325187094891880E+00
 0.321269385340137E+00
 0.317208263606293E+00
 0.313013605667448E+00
 0.308695754470972E+00
 0.304265475294306E+00
 0.299733910408293E+00
 0.295112534955617E+00
 0.290413112638774E+00
 0.285647648104248E+00
 0.282167320710856E+00
 0.280193011633412E+00
 0.278251384435754E+00
 0.276313640224583E+00
 0.274438929539538E+00
 0.272621609742010E+00
 0.270784593288155E+00
 0.269024957498267E+00
 0.267292706705134E+00
 0.265554709575254E+00
 0.263883440428961E+00
 0.262200465044007E+00
 0.260562964550230E+00
 0.258945401654886E+00
 0.257354294945835E+00
 0.255805424777662E+00
 0.254271355832823E+00
 0.252783085199717E+00
 0.251270635835590E+00
 0.249837105773742E+00
 0.248347353147044E+00
 0.246902579311625E+00
 0.245487292372492E+00
 0.243995812290625E+00
 0.242658080514033E+00
 0.241186811055982E+00
 0.239790309554901E+00
 0.238414663137200E+00
 0.236905778574647E+00
 0.235610899397486E+00
 0.234145290721274E+00
 0.232736777783642E+00
 0.231376652521864E+00
 0.229840951030438E+00
 0.228533903846507E+00
 0.227060507354702E+00
 0.225605759080381E+00
 0.224235779597144E+00
 0.222704183162913E+00
 0.223627559181473E+00
 0.224338831027762E+00
 0.225105127427052E+00
 0.225939220744167E+00
 0.226543857923945E+00
 0.227086422670893E+00
 0.227607483850960E+00
 0.228078404453034E+00
 0.228549177825211E+00
 0.228986363245899E+00
 0.229394156669038E+00
 0.229774290911584E+00
 0.230123524745788E+00
 0.230489384839556E+00
 0.230879099472882E+00
 0.231213219894504E+00
 0.231550947022518E+00
 0.231796002354501E+00
 0.232074412941352E+00
 0.232213588688049E+00
 0.232439286297351E+00
 0.232490662606782E+00
 0.232651517468900E+00
 0.232598058454317E+00
 0.232941750692162E+00
 0.233306569587947E+00
 0.233545844407373E+00
 0.233665336581748E+00
 0.233670826908192E+00
 0.233568076432114E+00
 0.233362787421697E+00
 0.233060565084148E+00
 0.232666881188390E+00
 0.232187040366222E+00
 0.231626148625367E+00
 0.230989082470969E+00
 0.230280457066336E+00
 0.229504593290550E+00
 0.228950917864732E+00
 0.228313716354758E+00
 0.227892194330168E+00
 0.227217168266851E+00
 0.226728591708187E+00
 0.225940212112012E+00
 0.224856036954328E+00
 0.223563418936354E+00
 0.222426051122385E+00
 0.221161006490110E+00
 0.219964143026279E+00
 0.222192212594387E+00
 0.231598166509772E+00
 0.240939999652884E+00
 0.250170562332156E+00
 0.259242312114421E+00
 0.268107579515984E+00
 0.276718753120304E+00
 0.285028406675441E+00
 0.292989427157400E+00
 0.300555193864155E+00
 0.307679815906479E+00
 0.314318395497954E+00
 0.320427276788733E+00
 0.325964263679706E+00
 0.330888818086396E+00
 0.335162256155261E+00
 0.338747942134605E+00
 0.341611460366758E+00
 0.344464398088878E+00
 0.348034640169494E+00
 0.350852125135348E+00
 0.352883900333812E+00
 0.354099652209718E+00
 0.354471759415139E+00
 0.353975393631658E+00
 0.352588697084269E+00
 0.350293004659633E+00
 0.347073042640359E+00
 0.342917050843525E+00
 0.337820032331743E+00
 0.332399308731276E+00
 0.327153912720650E+00
 0.322140895564563E+00
 0.327389483009138E+00
 0.334047566210118E+00
 0.340841758199837E+00
 0.347761385296184E+00
 0.354795026987336E+00
 0.361930546232542E+00
 0.369155125162636E+00
 0.376455302771688E+00
 0.383817012456004E+00
 0.391225620608606E+00
 0.398665969724577E+00
 0.406122428373471E+00
 0.413578946716496E+00
 0.421019113150424E+00
 0.428426207959640E+00
 0.435783253534092E+00
 0.443073064846536E+00
 0.450278305072009E+00
 0.457381548432402E+00
 0.464365347764413E+00
 0.471212301576279E+00
 0.477905116552768E+00
 0.484426665441220E+00
 0.490760043676994E+00
 0.496888628310014E+00
 0.502796139945916E+00
 0.508466705229919E+00
 0.513884916662356E+00
 0.519035888656359E+00
 0.523905311520984E+00
 0.528479505747971E+00
 0.532745476879350E+00
 0.536690968294827E+00
 0.540304508330979E+00
 0.543575450352751E+00
 0.546494008048898E+00
 0.549051290215593E+00
 0.551239337789358E+00
 0.553051161935205E+00
 0.554480778692128E+00
 0.555523235644695E+00
 0.556174629333591E+00
 0.556432116073399E+00
 0.556293920494767E+00
 0.555759344419180E+00
 0.554828775256260E+00
 0.553503690837658E+00
 0.551786658115138E+00
 0.549681325620282E+00
 0.547192411596737E+00
 0.544325689505252E+00
 0.541087970601038E+00
 0.537487081642186E+00
 0.533531836311094E+00
 0.529232001337728E+00
 0.524598260425951E+00
 0.519642178792268E+00
 0.514376168356616E+00
 0.508813450526921E+00
 0.502968012680238E+00
 0.496854556687568E+00
 0.490488441501190E+00
 0.483885624139067E+00
 0.477062602690899E+00
 0.470036361944269E+00
 0.462824319288598E+00
 0.455444267815044E+00
 0.447914315212914E+00
 0.440252819511152E+00
 0.432580117948683E+00
 0.425124924028905E+00
 0.417890645405644E+00
 0.410875543624212E+00
 0.404050779805527E+00
 0.397435511394981E+00
 0.391893611985337E+00
 0.389561559132632E+00
 0.387315651578111E+00
 0.385165581353899E+00
 0.383069383909729E+00
 0.381071812525898E+00
 0.379098136981482E+00
 0.377239407906751E+00
 0.375375590317597E+00
 0.373616158707627E+00
 0.371866763415436E+00
 0.370149393476902E+00
 0.368533907645676E+00
 0.366851213443257E+00
 0.365346919698724E+00
 0.363711868119289E+00
 0.362232010167132E+00
 0.360679779861728E+00
 0.359125192384115E+00
 0.357726298249567E+00
 0.356156813218342E+00
 0.354771198384909E+00
 0.353251025082645E+00
 0.351739263704148E+00
 0.350364218755839E+00
 0.348794225764338E+00
 0.347402860437168E+00
 0.345879304116793E+00
 0.344305184397406E+00
 0.342930453646439E+00
 0.341320451576404E+00
 0.339848991025533E+00
 0.338300284665508E+00
 0.336653535133654E+00
 0.335204388034098E+00
 0.333537164487320E+00
 0.331946076883561E+00
 0.330360404092939E+00
 0.328647162314277E+00
 0.327090687667014E+00
 0.325367178631010E+00
 0.323662206322867E+00
 0.322038975842213E+00
 0.320354254957092E+00
 0.318695448709953E+00
 0.317079025239707E+00
 0.316583751807199E+00
 0.317445928601803E+00
 0.318501613778088E+00
 0.319269248753441E+00
 0.320274656523773E+00
 0.320930775223643E+00
 0.321874649426676E+00
 0.322446447658817E+00
 0.323310140371299E+00
 0.323793113536644E+00
 0.324557181042688E+00
 0.324978852434695E+00
 0.325626944817165E+00
 0.325953509718482E+00
 0.326500933571123E+00
 0.326759704306069E+00
 0.327191442565007E+00
 0.327355216835880E+00
 0.327687327265365E+00
 0.327780737757435E+00
 0.327999533856297E+00
 0.328004490496587E+00
 0.328126724208517E+00
 0.328061870395952E+00
 0.328090687897712E+00
 0.327934047041907E+00
 0.327877660868174E+00
 0.327647881103460E+00
 0.327485234092007E+00
 0.327199633604110E+00
 0.326933107083650E+00
 0.326604637259849E+00
 0.326242370567825E+00
 0.325432942524926E+00
 0.324186191057750E+00
 0.323183117759494E+00
 0.321865367298253E+00
 0.320846275812891E+00
 0.319448857807449E+00
 0.318085948022554E+00
 0.318073122702726E+00
 0.317515758283598E+00
 0.316420080779139E+00
 0.314793879140655E+00
 0.312646489530211E+00
 0.310527092581783E+00
 0.308346843090255E+00
 0.306317224905845E+00
 0.304091895562348E+00
 0.301369757810911E+00
 0.298163435830769E+00
 0.294486827065694E+00
 0.290355003472853E+00
 0.285784134232871E+00
 0.280791439727599E+00
 0.275395166497119E+00
 0.269614558324665E+00
 0.263595354594858E+00
 0.258001132684541E+00
 0.252502105514012E+00
 0.247077461628547E+00
 0.245010590116479E+00
 0.247535884066900E+00
 0.250205825193794E+00
 0.253019633480970E+00
 0.255975864880596E+00
 0.259072409996527E+00
 0.262306494904677E+00
 0.265674684404223E+00
 0.269172888531275E+00
 0.272796372686556E+00
 0.276539770831678E+00
 0.280397100897807E+00
 0.284361782248454E+00
 0.288426656148148E+00
 0.292584010609390E+00
 0.296825610130904E+00
 0.301142729230179E+00
 0.305526187593327E+00
 0.309966385079448E+00
 0.314453336510406E+00
 0.318976707864576E+00
 0.323525855849187E+00
 0.328089871585169E+00
 0.332657627320927E+00
 0.337217824140788E+00
 0.341759039203314E+00
 0.346269772484870E+00
 0.350738493991005E+00
 0.355153692129939E+00
 0.359503922821891E+00
 0.363777858124382E+00
 0.367964333512366E+00
 0.372052394150879E+00
 0.376031341367193E+00
 0.379890780128050E+00
 0.383620666845068E+00
 0.387211355484657E+00
 0.390653639957467E+00
 0.393938792241352E+00
 0.397058597543351E+00
 0.400005388570437E+00
 0.402772080050475E+00
 0.405352202778424E+00
 0.407739935147495E+00
 0.409930130352470E+00
 0.411918338917396E+00
 0.413700827607457E+00
 0.415274595990664E+00
 0.416637390901857E+00
 0.417787717898015E+00
 0.418724848624484E+00
 0.419448823996016E+00
 0.419960454264934E+00
 0.420261317210061E+00
 0.420353754552398E+00
 0.420240865227857E+00
 0.419926493678617E+00
 0.419415212416078E+00
 0.418712299974864E+00
 0.417823716526011E+00
 0.416756078903552E+00
 0.415516635025133E+00
 0.414113236069585E+00
 0.412554304566334E+00
 0.410848797829335E+00
 0.409006167817373E+00
 0.407036319191046E+00
 0.404949566632902E+00
 0.402756591180292E+00
 0.400468394639375E+00
 0.398096251690399E+00
 0.395651660470028E+00
 0.393146293023195E+00
 0.390591946373551E+00
 0.388000493582621E+00
 0.385383833337329E+00
 0.382753837211016E+00
 0.380122295419184E+00
 0.377500863273250E+00
 0.374901010424361E+00
 0.372333973404768E+00
 0.369810710162192E+00
 0.367341854669047E+00
 0.364937670694775E+00
 0.362608005563633E+00
 0.360362245772734E+00
 0.358209275974152E+00
 0.356157441514328E+00
 0.354214513680880E+00
 0.352387656879308E+00
 0.350683397928218E+00
 0.349107598488977E+00
 0.347665431466135E+00
 0.346361361141021E+00
 0.345199125848056E+00
 0.344181722167056E+00
 0.343311390909204E+00
 0.342589606563861E+00
 0.342017072093992E+00
 0.341593719687614E+00
 0.341318716235720E+00
 0.341190471372130E+00
 0.341206646616753E+00
 0.341364165904468E+00
 0.341659229137924E+00
 0.342087330350317E+00
 0.342643280798186E+00
 0.343321235981290E+00
 0.344114725271090E+00
 0.345016683598045E+00
 0.346019485619678E+00
 0.347114982993206E+00
 0.348294544638705E+00
 0.349549098964182E+00
 0.350869176902056E+00
 0.352244955534412E+00
 0.353666303316731E+00
 0.355122828315510E+00
 0.356603929941115E+00
 0.358098853006481E+00
 0.359596741878381E+00
 0.361086692914201E+00
 0.362557805005704E+00
 0.363999229607897E+00
 0.365400221909005E+00
 0.366750193660752E+00
 0.368038766649990E+00
 0.369255825109071E+00
 0.370391565954926E+00
 0.371436546909906E+00
 0.372381733174916E+00
 0.373218542907589E+00
 0.373938890846688E+00
 0.374535229025409E+00
 0.375000584122618E+00
 0.375328592107201E+00
 0.375513531384435E+00
 0.375550355020596E+00
 0.375434721202081E+00
 0.375163020023752E+00
 0.374732394936816E+00
 0.374140758637813E+00
 0.373386804768076E+00
 0.372470017299567E+00
 0.371390678545314E+00
 0.370149875138007E+00
 0.368749500347093E+00
 0.367192251457572E+00
 0.365481622184200E+00
 0.363621891107500E+00
 0.361618107077393E+00
 0.359476071644471E+00
 0.357202317829402E+00
 0.354804084724712E+00
 0.352289288386427E+00
 0.349666490254174E+00
 0.346944864085246E+00
 0.344134161192126E+00
 0.341244672640101E+00
 0.338287187037754E+00
 0.335272943786059E+00
 0.332213583223979E+00
 0.329121095785693E+00
 0.326007771535695E+00
 0.322886149875638E+00
 0.319768968053095E+00
 0.316669107205271E+00
 0.313599535853409E+00
 0.310573251997403E+00
 0.307603225262836E+00
 0.304702339804459E+00
 0.301883337667082E+00
 0.299158762010595E+00
 0.296540900267830E+00
 0.294041728229740E+00
 0.291672856261287E+00
 0.289445478017485E+00
 0.287370320836871E+00
 0.285457596549050E+00
 0.283716952260656E+00
 0.282157422185430E+00
 0.280787382525134E+00
 0.279614510974068E+00
 0.278645750923467E+00
 0.277887279061269E+00
 0.277344474852552E+00
 0.277021891420817E+00
 0.276923228715406E+00
 0.277051310443915E+00
 0.277408065689914E+00
 0.277994515023080E+00
 0.278810760245647E+00
 0.279855977234455E+00
 0.281128412244633E+00
 0.282625382608316E+00
 0.284343282370236E+00
 0.286277592332227E+00
 0.288422893197014E+00
 0.290772880801227E+00
 0.293320383674483E+00
 0.296057384340200E+00
 0.298975045840111E+00
 0.302063743770799E+00
 0.305313102585647E+00
 0.308712034260527E+00
 0.312248778134191E+00
 0.315910942171283E+00
 0.319685546860583E+00
 0.323559072729814E+00
 0.327517511352842E+00
 0.331546418763469E+00
 0.335630970166968E+00
 0.339756015659842E+00
 0.343906137484357E+00
 0.348065709350106E+00
 0.352218957510049E+00
 0.356350022350061E+00
 0.360443019137344E+00
 0.364482097492926E+00
 0.368451500404465E+00
 0.372335624113436E+00
 0.376119079479162E+00
 0.379786753957220E+00
 0.383323872291880E+00
 0.386716054253805E+00
 0.389949369060569E+00
 0.393010387427766E+00
 0.395886232479979E+00
 0.398564629880317E+00
 0.401033956361386E+00
 0.403283285392336E+00
 0.405302429301836E+00
 0.407081978150703E+00
 0.408613336051489E+00
 0.409888755085774E+00
 0.410901366011470E+00
 0.411645204535935E+00
 0.412115232549443E+00
 0.412307354932333E+00
 0.412218433352976E+00
 0.411846298131759E+00
 0.411189757956264E+00
 0.410248605994269E+00
 0.409023620761954E+00
 0.407516561137985E+00
 0.405730156365997E+00
 0.403668092634499E+00
 0.401334997347377E+00
 0.398736420999833E+00
 0.395878815710352E+00
 0.392769509613400E+00
 0.389416677226678E+00
 0.385829306647863E+00
 0.382017164304833E+00
 0.377990757151767E+00
 0.373774885127592E+00
 0.369572670283895E+00
 0.365453128030450E+00
 0.361414551017373E+00
 0.357441040672230E+00
 0.353536324773669E+00
 0.349697850055991E+00
 0.345921577178339E+00
 0.342205108696317E+00
 0.338548068498450E+00
 0.334935613691129E+00
 0.331360011276881E+00
 0.327838132175579E+00
 0.324366154158579E+00
 0.320932994552132E+00
 0.317507485781369E+00
 0.314149135172846E+00
 0.310814356602948E+00
 0.307486316193109E+00
 0.304208377567512E+00
 0.300952500353756E+00
 0.297739536917331E+00
 0.294531261200026E+00
 0.291371825734626E+00
 0.288192930636113E+00
 0.285086675773321E+00
 0.281935450572669E+00
 0.278860867666117E+00
 0.275744263907237E+00
 0.272683383894712E+00
 0.269618084529396E+00
 0.266548926221896E+00
 0.263545714625385E+00
 0.260456865109949E+00
 0.257514737754270E+00
 0.254430761880883E+00
 0.251524878931346E+00
 0.248472627702658E+00
 0.245580992382204E+00
 0.242564557743895E+00
 0.239691682274628E+00
 0.236716948686546E+00
 0.233867997313504E+00
 0.231829757523832E+00
 0.232619264672925E+00
 0.233681270099352E+00
 0.234879369123039E+00
 0.235494124306201E+00
 0.235546758548339E+00
 0.235802079680325E+00
 0.236261227793025E+00
 0.236588565530505E+00
 0.236866754937196E+00
 0.237113524472220E+00
 0.237466224061763E+00
 0.237682045440645E+00
 0.237949867393792E+00
 0.238019954763062E+00
 0.238205689727818E+00
 0.238149073847402E+00
 0.238239761931700E+00
 0.238040291529595E+00
 0.238044192796077E+00
 0.237730321591247E+00
 0.241454535060331E+00
 0.245209415436273E+00
 0.248956376984860E+00
 0.252687668379427E+00
 0.256396041732059E+00
 0.260074778463852E+00
 0.263717712050775E+00
 0.267319248124232E+00
 0.270874382083322E+00
 0.274378713405749E+00
 0.277828455265082E+00
 0.281220438690050E+00
 0.284552112066496E+00
 0.287821538048944E+00
 0.291027389764216E+00
 0.294168946531951E+00
 0.297246087402734E+00
 0.300259280097448E+00
 0.303209563964984E+00
 0.306098527551916E+00
 0.308928282822440E+00
 0.311701438023045E+00
 0.314421069912805E+00
 0.317090694725649E+00
 0.319714236821527E+00
 0.322295994601762E+00
 0.324840604100084E+00
 0.327353000839362E+00
 0.329838379963320E+00
 0.332302154065369E+00
 0.334749908391501E+00
 0.337187354234378E+00
 0.339620282430130E+00
 0.342054518798059E+00
 0.344495881888522E+00
 0.346950141527649E+00
 0.349422975858053E+00
 0.351919925594250E+00
 0.354446346339521E+00
 0.357007361463764E+00
 0.359607818034210E+00
 0.362252246760909E+00
 0.364944825132184E+00
 0.367689342171246E+00
 0.370489163854957E+00
 0.373347199411509E+00
 0.376265869377875E+00
 0.379247076040699E+00
 0.382292176235065E+00
 0.385401956300144E+00
 0.388576609602340E+00
 0.391815717846669E+00
 0.395118237441103E+00
 0.398482491063136E+00
 0.401906162983950E+00
 0.405386295930515E+00
 0.408919288127118E+00
 0.412500891198282E+00
 0.416126211354328E+00
 0.419789716373799E+00
 0.423485249241782E+00
 0.427206047139936E+00
 0.430944763384055E+00
 0.434693490515455E+00
 0.438443784362613E+00
 0.442186690141707E+00
 0.445912771729711E+00
 0.449612144419384E+00
 0.453274510736633E+00
 0.456889198944485E+00
 0.460445204434012E+00
 0.463931234460128E+00
 0.467335756053864E+00
 0.470647045786838E+00
 0.473853239419016E+00
 0.476942380132771E+00
 0.479902465806718E+00
 0.482721497378751E+00
 0.485387530495509E+00
 0.487888731069896E+00
 0.490213433122380E+00
 0.493449384843599E+00
 0.497179818351888E+00
 0.500759537687418E+00
 0.504176073603941E+00
 0.507417098591680E+00
 0.510470475510600E+00
 0.513324307352507E+00
 0.515966989323933E+00
 0.518387262611992E+00
 0.520574267652649E+00
 0.522517594613601E+00
 0.524207330138245E+00
 0.525634101078130E+00
 0.526789116709715E+00
 0.527664210373624E+00
 0.528251880264993E+00
 0.528545328327079E+00
 0.528538496396544E+00
 0.528226099508561E+00
 0.527603656703538E+00
 0.526667519294082E+00
 0.525414895742545E+00
 0.523843871982650E+00
 0.521953426747966E+00
 0.519743442830250E+00
 0.517214716057110E+00
 0.514368963273722E+00
 0.511208828940402E+00
 0.507737888342884E+00
 0.503960645143537E+00
 0.499882522355796E+00
 0.495509847805597E+00
 0.490849836283034E+00
 0.485910570125025E+00
 0.480700978423301E+00
 0.475230813710903E+00
 0.469719261155425E+00
 0.464349093826205E+00
 0.459118150764451E+00
 0.454004547237955E+00
 0.449012445804019E+00
 0.444152140131876E+00
 0.439392968830144E+00
 0.434742728475007E+00
 0.430185803791499E+00
 0.425735941044694E+00
 0.421379430982220E+00
 0.417108741643319E+00
 0.412900757031171E+00
 0.408746196788758E+00
 0.404707518253692E+00
 0.400734810310420E+00
 0.396767711301395E+00
 0.392914089469117E+00
 0.389119602903498E+00
 0.385310629491856E+00
 0.381619316216978E+00
 0.377960387492837E+00
 0.374292019798655E+00
 0.370726672635064E+00
 0.367161918875793E+00
 0.363637431317827E+00
 0.360154770329423E+00
 0.356676063449631E+00
 0.353254450118773E+00
 0.349867589603256E+00
 0.346531089775806E+00
 0.343202062410175E+00
 0.339908139705778E+00
 0.336630965929847E+00
 0.333347259352259E+00
 0.330153404299540E+00
 0.326896711973775E+00
 0.323761867611490E+00
 0.320539873656730E+00
 0.317428101421353E+00
 0.314257562258965E+00
 0.311142508688790E+00
 0.308051652133959E+00
 0.304910419496834E+00
 0.301922307239686E+00
 0.298795023893060E+00
 0.297525983029976E+00
 0.298447389887345E+00
 0.299337035601902E+00
 0.300172613624225E+00
 0.300966316329365E+00
 0.301730490590631E+00
 0.302417789665127E+00
 0.303069663835288E+00
 0.303662624087658E+00
 0.304266131755559E+00
 0.304773907544601E+00
 0.305295640271794E+00
 0.305686885198380E+00
 0.306129431731871E+00
 0.306407642696369E+00
 0.306763096383090E+00
 0.306907908489108E+00
 0.307188376436289E+00
 0.307212397936518E+00
 0.307401259472357E+00
 0.307308638261521E+00
 0.307396005594691E+00
 0.307189722220436E+00
 0.307180013347980E+00
 0.306870458323557E+00
 0.306745390908419E+00
 0.306338973958443E+00
 0.306106949329874E+00
 0.305598804924211E+00
 0.305256667795017E+00
 0.304664584741357E+00
 0.304214030077720E+00
 0.303532858799907E+00
 0.302973432297610E+00
 0.302215455571050E+00
 0.301555728189072E+00
 0.300704467835447E+00
 0.299960480616746E+00
 0.299013715423572E+00
 0.298206296428787E+00
 0.297158816108098E+00
 0.296300538519268E+00
 0.295157343007694E+00
 0.294255990834145E+00
 0.293028333678571E+00
 0.291690470045990E+00
 0.292254213166396E+00
 0.292849778328844E+00
 0.293378110426589E+00
 0.293888408173274E+00
 0.294401075028089E+00
 0.294816357719598E+00
 0.294769709052033E+00
 0.295107829057946E+00
 0.295055763021787E+00
 0.295303008167189E+00
 0.295032870810649E+00
 0.294247700191408E+00
 0.292951421907283E+00
 0.291149528442851E+00
 0.288849060244341E+00
 0.286729562949073E+00
 0.284390115151097E+00
 0.282388395263289E+00
 0.281107031156735E+00
 0.281556689398564E+00
 0.282114980281367E+00
 0.282792156585099E+00
 0.283598039269705E+00
 0.284541961839068E+00
 0.285632717190923E+00
 0.286878509344256E+00
 0.288286911087539E+00
 0.289864827031214E+00
 0.291618460498532E+00
 0.293553282472890E+00
 0.295674001346409E+00
 0.297984533178675E+00
 0.300487973240101E+00
 0.303186570468702E+00
 0.306609479365704E+00
 0.310105053400948E+00
 0.312853795105153E+00
 0.316117440993364E+00
 0.319624333181619E+00
 0.323491917884054E+00
 0.327545748987991E+00
 0.331781034137477E+00
 0.336192118084873E+00
 0.340772495847939E+00
 0.345514832850713E+00
 0.350410992325398E+00
 0.355452068475505E+00
 0.360628422890783E+00
 0.365929721889488E+00
 0.371344973626351E+00
 0.376862565293483E+00
 0.382470301870380E+00
 0.388155448243031E+00
 0.393904776073723E+00
 0.399704615799984E+00
 0.405540912946426E+00
 0.411399286954303E+00
 0.417265090329513E+00
 0.423123466285788E+00
 0.428959404148228E+00
 0.434757793191482E+00
 0.440503476701709E+00
 0.446181308295955E+00
 0.451776211685041E+00
 0.457273243447908E+00
 0.462657656768686E+00
 0.467914963315810E+00
 0.473030990953242E+00
 0.477991936520143E+00
 0.482784414686229E+00
 0.487395504976538E+00
 0.491812798968832E+00
 0.496024448556899E+00
 0.500019214684436E+00
 0.503786514801463E+00
 0.507316466908399E+00
 0.510599928461931E+00
 0.513628529362917E+00
 0.516394699363844E+00
 0.518891691167746E+00
 0.521113600944012E+00
 0.523055387759251E+00
 0.524712892504582E+00
 0.526082855574389E+00
 0.527162931371713E+00
 0.527951697306165E+00
 0.528448655655116E+00
 0.528654228257330E+00
 0.528569745731560E+00
 0.528197433831354E+00
 0.527540399130396E+00
 0.526602614705629E+00
 0.525388904712441E+00
 0.523904925693326E+00
 0.522157142611379E+00
 0.520152798722667E+00
 0.517899879802287E+00
 0.515407074245663E+00
 0.512683730879039E+00
 0.509739816013347E+00
 0.506585870605195E+00
 0.503232967553318E+00
 0.499692668322845E+00
 0.495976977484051E+00
 0.492098293694622E+00
 0.488069356369240E+00
 0.483903188632005E+00
 0.479613038545479E+00
 0.475212321259534E+00
 0.470714564123767E+00
 0.466133355163808E+00
 0.461482293517552E+00
 0.456774939508554E+00
 0.452024762529039E+00
 0.447245086472625E+00
 0.442449034130178E+00
 0.437649472814168E+00
 0.432858963199940E+00
 0.428089712359497E+00
 0.423353530895400E+00
 0.418661793416136E+00
 0.414888358656520E+00
 0.411182794475654E+00
 0.407519969340342E+00
 0.403874574920075E+00
 0.400265251126384E+00
 0.396677528602458E+00
 0.393110496475383E+00
 0.389562303159490E+00
 0.386045508153774E+00
 0.382513061499081E+00
 0.379049701687023E+00
 0.375551121665640E+00
 0.372088003069909E+00
 0.368651423746792E+00
 0.365183930985100E+00
 0.361757153655641E+00
 0.358354086240171E+00
 0.354930284022475E+00
 0.351496811758387E+00
 0.348133324152331E+00
 0.344763579594678E+00
 0.342217105053936E+00
 0.340275208597313E+00
 0.338459850609938E+00
 0.336766346056468E+00
 0.335189530553018E+00
 0.333723800106430E+00
 0.332363154853725E+00
 0.331101245083590E+00
 0.329931417197645E+00
 0.328846757890108E+00
 0.327840136460525E+00
 0.326904246837552E+00
 0.326031651500680E+00
 0.325214828644895E+00
 0.324446222220091E+00
 0.323718293017956E+00
 0.323023568630549E+00
 0.322354690886117E+00
 0.321704460560825E+00
 0.321065879952312E+00
 0.320432193983780E+00
 0.319796930203119E+00
 0.319153937837764E+00
 0.318497426095293E+00
 0.317822001844409E+00
 0.317122706317174E+00
 0.316395049648368E+00
 0.315635041535079E+00
 0.314839216693702E+00
 0.314004655123657E+00
 0.313128998679553E+00
 0.312210466057256E+00
 0.311247867510331E+00
 0.310240618911691E+00
 0.309188753305131E+00
 0.308092927818464E+00
 0.306954424823451E+00
 0.305775147730140E+00
 0.304557612767371E+00
 0.303304938044696E+00
 0.302020830447497E+00
 0.300709570233324E+00
 0.299375993047257E+00
 0.298025469303699E+00
 0.296663880972699E+00
 0.295297595477416E+00
 0.293933435954033E+00
 0.292578647167039E+00
 0.291240857211439E+00
 0.289928036336118E+00
 0.288648454874062E+00
 0.287410641722029E+00
 0.286223343311748E+00
 0.285095481578090E+00
 0.284036109095975E+00
 0.283054360568288E+00
 0.282159401457036E+00
 0.281360375620984E+00
 0.280666353701070E+00
 0.280086282958878E+00
 0.279628938219913E+00
 0.279302873243914E+00
 0.279116372261492E+00
 0.279077401978855E+00
 0.279193564459980E+00
 0.279472050916823E+00
 0.279919596110763E+00
 0.280542433337275E+00
 0.281346250789187E+00
 0.282336150789298E+00
 0.283516613207861E+00
 0.284891463245362E+00
 0.286463842419302E+00
 0.288236181081642E+00
 0.290210171571221E+00
 0.292386742635626E+00
 0.294766036907802E+00
 0.297347393167215E+00
 0.301223288493846E+00
 0.304745858546664E+00
 0.307489063043172E+00
 0.309651507788189E+00
 0.313204486864816E+00
 0.316938261983707E+00
 0.320846407719921E+00
 0.324921696637740E+00
 0.329156114974262E+00
 0.333540881434321E+00
 0.338066469758993E+00
 0.342722635958911E+00
 0.347498450441925E+00
 0.352382334113027E+00
 0.357362096810482E+00
 0.362424976834580E+00
 0.367557681616201E+00
 0.372746430785643E+00
 0.377977003079136E+00
 0.383234787517308E+00
 0.388504837901754E+00
 0.393771928971352E+00
 0.399020613000361E+00
 0.404235276717103E+00
 0.409400199208695E+00
 0.414499611355638E+00
 0.419517756557214E+00
 0.424438951871674E+00
 0.429247648810091E+00
 0.433928493749596E+00
 0.438466388529651E+00
 0.442846551615689E+00
 0.447054579317231E+00
 0.451076505686510E+00
 0.454898859702941E+00
 0.458508719299027E+00
 0.461893762997259E+00
 0.465042320422092E+00
 0.467943422297301E+00
 0.470586849246489E+00
 0.472963177822680E+00
 0.475063822402614E+00
 0.476881072670584E+00
 0.478408127449796E+00
 0.479639125784709E+00
 0.480569175414683E+00
 0.481194377875219E+00
 0.481511849259918E+00
 0.481519736335191E+00
 0.481217228578583E+00
 0.480604566968849E+00
 0.479683049724339E+00
 0.478455034222525E+00
 0.476923933927167E+00
 0.475094209731902E+00
 0.472971356276617E+00
 0.470561884572138E+00
 0.467873302026712E+00
 0.464914089893521E+00
 0.461693677135774E+00
 0.458222409575418E+00
 0.454511514045558E+00
 0.450573058377882E+00
 0.446419908503758E+00
 0.442065683407579E+00
 0.437524707683431E+00
 0.432811960924535E+00
 0.427943023587640E+00
 0.422934019930146E+00
 0.417801559224763E+00
 0.412562676136625E+00
 0.407234770167981E+00
 0.401835543317109E+00
 0.396382935270385E+00
 0.390895056449633E+00
 0.385390120238984E+00
 0.379886375871354E+00
 0.374402042631094E+00
 0.368955244912694E+00
 0.363563947180643E+00
 0.358245888377093E+00
 0.353018516358868E+00
 0.347898923628105E+00
 0.342903785401667E+00
 0.338049300185132E+00
 0.333351132280872E+00
 0.328824355719186E+00
 0.324483399883091E+00
 0.322206942884358E+00
 0.320600442206033E+00
 0.318982674505906E+00
 0.317315560558382E+00
 0.315673696640971E+00
 0.313950399261887E+00
 0.312192087893478E+00
 0.310471360179282E+00
 0.308638723355635E+00
 0.306831467634434E+00
 0.304961989689621E+00
 0.303005980775723E+00
 0.301132844576625E+00
 0.299111825726032E+00
 0.297049736983311E+00
 0.295066406142963E+00
 0.292896904250295E+00
 0.290787805974455E+00
 0.290402555595644E+00
 0.291476519007301E+00
 0.292830446591321E+00
 0.294457938288995E+00
 0.296351704042635E+00
 0.298503599900793E+00
 0.300904666022735E+00
 0.303545166772945E+00
 0.306414633896724E+00
 0.309501913669973E+00
 0.312795217959940E+00
 0.316282178071306E+00
 0.319949899917655E+00
 0.323785019670707E+00
 0.327773760041840E+00
 0.331901987911662E+00
 0.336155273749313E+00
 0.340518952492120E+00
 0.344978185010096E+00
 0.349518019407910E+00
 0.354123452021347E+00
 0.358779488417492E+00
 0.363471204539485E+00
 0.368183807471019E+00
 0.372902694745828E+00
 0.377613511253648E+00
 0.382302203592436E+00
 0.386955072582074E+00
 0.391558824866533E+00
 0.396100623861663E+00
 0.400568139238069E+00
 0.404949593485742E+00
 0.409233804386503E+00
 0.413410223190370E+00
 0.417468969194400E+00
 0.421400861605185E+00
 0.425197449001707E+00
 0.428851035970361E+00
 0.432354706189604E+00
 0.435702341552825E+00
 0.438888637433281E+00
 0.441909114377238E+00
 0.444760126201162E+00
 0.447438864021755E+00
 0.449943355688368E+00
 0.452272460604026E+00
 0.454425860659776E+00
 0.456404048347768E+00
 0.458208312704416E+00
 0.459840722803037E+00
 0.461304107746606E+00
 0.462602032107708E+00
 0.463738766567254E+00
 0.464719254552224E+00
 0.465549076228979E+00
 0.466234410930331E+00
 0.466781998275978E+00
 0.467199097542803E+00
 0.467493444724946E+00
 0.467673207131391E+00
 0.467746935838891E+00
 0.467723516447560E+00
 0.467612118386345E+00
 0.467422142843502E+00
 0.467163169562261E+00
 0.466844903169413E+00
 0.466477119981268E+00
 0.466069615988043E+00
 0.465632155998761E+00
 0.465174423215242E+00
 0.464705968355441E+00
 0.464236158052470E+00
 0.463774123255808E+00
 0.463328709085679E+00
 0.462908427544235E+00
 0.462521413706932E+00
 0.462175385043651E+00
 0.461877602985466E+00
 0.461634836028560E+00
 0.461453324299804E+00
 0.461338746084597E+00
 0.461296186991635E+00
 0.461330112258673E+00
 0.461444342498427E+00
 0.461642033154250E+00
 0.461925657985394E+00
 0.462296996767231E+00
 0.462757126966946E+00
 0.463306418673225E+00
 0.463944531932618E+00
 0.464670416103570E+00
 0.465482311678444E+00
 0.466377755708936E+00
 0.467353592007274E+00
 0.468405986595916E+00
 0.469530447840229E+00
 0.470721849948488E+00
 0.471974458501139E+00
 0.473281957343444E+00
 0.474637477078901E+00
 0.476033625976683E+00
 0.477462524081624E+00
 0.478915840842131E+00
 0.480384836036007E+00
 0.481860403460922E+00
 0.483333116766492E+00
 0.484793276772910E+00
 0.486230959570940E+00
 0.487636064757998E+00
 0.488998363509560E+00
 0.490307546773772E+00
 0.491553274376313E+00
 0.492725225827115E+00
 0.493813152995106E+00
 0.494806933858800E+00
 0.495696625812419E+00
 0.496472516968063E+00
 0.497125174594837E+00
 0.497645490883266E+00
 0.498024727025986E+00
 0.498254556730203E+00
 0.498327109701633E+00
 0.498235014743926E+00
 0.497971441422847E+00
 0.497530139075597E+00
 0.496905472262846E+00
 0.496092452273778E+00
 0.495086764733035E+00
 0.493884793649724E+00
 0.492483642449108E+00
 0.490881152630042E+00
 0.489075920553163E+00
 0.487067312366270E+00
 0.484855476343971E+00
 0.482441351363552E+00
 0.479826670281017E+00
 0.477013957708286E+00
 0.474006522771832E+00
 0.470808448254682E+00
 0.467424577621286E+00
 0.463860500747692E+00
 0.460122538109498E+00
 0.456217722300302E+00
 0.452153775521216E+00
 0.447939082184902E+00
 0.443582656702227E+00
 0.439094107358420E+00
 0.434483597551707E+00
 0.429761805502432E+00
 0.424939883067125E+00
 0.420029413779039E+00
 0.415042369814414E+00
 0.409991067268264E+00
 0.404888118978303E+00
 0.399746384327031E+00
 0.394578916086440E+00
 0.389398905267531E+00
 0.384219625622767E+00
 0.379054379447440E+00
 0.373916445532323E+00
 0.368819028933010E+00
 0.363775211302213E+00
 0.358797900387907E+00
 0.353899777993227E+00
 0.349093246834719E+00
 0.344390377726719E+00
 0.339802858876250E+00
 0.335341948660233E+00
 0.331018432339072E+00
 0.326842582232632E+00
 0.322824120374950E+00
 0.320031049310105E+00
 0.318641521173258E+00
 0.317238515642535E+00
 0.315790878884667E+00
 0.314366164912171E+00
 0.312887900294590E+00
 0.311350738594254E+00
 0.309873576754233E+00
 0.308309531347156E+00
 0.306670987474092E+00
 0.305125270362921E+00
 0.303467791931428E+00
 0.301716404082414E+00
 0.300088753631318E+00
 0.298331547395107E+00
 0.296458169811019E+00
 0.294738858601613E+00
 0.292874737103681E+00
 0.290874807255795E+00
 0.289058826128397E+00
 0.287079005594049E+00
 0.285143734244024E+00
 0.285795279924165E+00
 0.286620234239547E+00
 0.287610493161584E+00
 0.288757462774467E+00
 0.290052105721048E+00
 0.291484990144583E+00
 0.293046339536291E+00
 0.294726082033611E+00
 0.296513898514089E+00
 0.298399270040685E+00
 0.300371526190018E+00
 0.302419895890473E+00
 0.304533561460765E+00
 0.306701715076196E+00
 0.308913615730992E+00
 0.311158644520905E+00
 0.313426356787271E+00
 0.315706530889282E+00
 0.317989214482186E+00
 0.320264769705437E+00
 0.322523918473395E+00
 0.324757788280501E+00
 0.326957957964315E+00
 0.329116502124236E+00
 0.331226032628325E+00
 0.333279735882847E+00
 0.335271405157848E+00
 0.337195468080935E+00
 0.339047010228775E+00
 0.340821796273400E+00
 0.342516290040302E+00
 0.344127673956327E+00
 0.345653867010477E+00
 0.347093539246582E+00
 0.348446120669179E+00
 0.349711803439516E+00
 0.350891537816822E+00
 0.351987023562968E+00
 0.353000698836374E+00
 0.353935727923965E+00
 0.354795987972065E+00
 0.355586053782243E+00
 0.356311179161964E+00
 0.356977273411613E+00
 0.357590872196224E+00
 0.358159103019473E+00
 0.358689646421866E+00
 0.359190694532766E+00
 0.359670908547686E+00
 0.360139376109853E+00
 0.360605568636894E+00
 0.361079297650832E+00
 0.361570668535771E+00
 0.362090030250265E+00
 0.362647920497512E+00
 0.363255007354429E+00
 0.363922029597744E+00
 0.364659738184167E+00
 0.365478840362301E+00
 0.366389946285053E+00
 0.367403516681573E+00
 0.368529809792859E+00
 0.369778826401529E+00
 0.371160252927245E+00
 0.372683403653402E+00
 0.374357163823311E+00
 0.376189935439769E+00
 0.378189587117359E+00
 0.380363408415477E+00
 0.382718068038690E+00
 0.385259574546066E+00
 0.387993238093528E+00
 0.390923632320645E+00
 0.394054556577224E+00
 0.397388999850265E+00
 0.400929108499060E+00
 0.404676159816886E+00
 0.408630542406063E+00
 0.412791742771682E+00
 0.417158336211864E+00
 0.421727979777871E+00
 0.426497405993856E+00
 0.431462417615247E+00
 0.436617885047721E+00
 0.441957748482367E+00
 0.447475026277550E+00
 0.453161830057995E+00
 0.459009385908644E+00
 0.465008060244657E+00
 0.471147388618114E+00
 0.477416105989492E+00
 0.483802177839322E+00
 0.490292832657297E+00
 0.496874597316937E+00
 0.503533337126060E+00
 0.510254301746477E+00
 0.517022176932437E+00
 0.523821140679109E+00
 0.530634921498400E+00
 0.537446856581942E+00
 0.544239948633603E+00
 0.550996921737370E+00
 0.557700277982089E+00
 0.564332356940474E+00
 0.570875399271492E+00
 0.577311614167291E+00
 0.583623248966430E+00
 0.589792658670073E+00
 0.595802373432878E+00
 0.601635163012263E+00
 0.607274098218274E+00
 0.612702610310278E+00
 0.617904549813904E+00
 0.622864246153699E+00
 0.627566568694992E+00
 0.631996988482287E+00
 0.636141638741860E+00
 0.639987371739095E+00
 0.643521810144559E+00
 0.646733392414056E+00
 0.649611413186078E+00
 0.652146060660881E+00
 0.654328452917970E+00
 0.656150674134609E+00
 0.657605810114266E+00
 0.658687981159550E+00
 0.659392369839848E+00
 0.659715241871870E+00
 0.659653959773778E+00
 0.659206990392708E+00
 0.658373908173872E+00
 0.657155395939244E+00
 0.655553244200357E+00
 0.653570348996696E+00
 0.651210707225362E+00
 0.648479407697973E+00
 0.645382616067726E+00
 0.641927552537775E+00
 0.638122462705109E+00
 0.633976583349000E+00
 0.629500105650742E+00
 0.624704137840253E+00
 0.619600667869427E+00
 0.614202525136992E+00
 0.608523339281673E+00
 0.602577494040369E+00
 0.596380075116762E+00
 0.589946812512869E+00
 0.583294019181676E+00
 0.576438528509049E+00
 0.569397632712419E+00
 0.562189022985602E+00
 0.554830730779938E+00
 0.547341068664507E+00
 0.539738569075787E+00
 0.532041919872135E+00
 0.524269896669777E+00
 0.516441293132393E+00
 0.508574851340990E+00
 0.500689194647550E+00
 0.492802764718774E+00
 0.484933762972753E+00
 0.477100095011107E+00
 0.469319315829908E+00
 0.461608574017031E+00
 0.453984554553173E+00
 0.446463421459052E+00
 0.439060762592502E+00
 0.431791538986580E+00
 0.424670040269104E+00
 0.417709846285017E+00
 0.410923793622718E+00
 0.404323944924903E+00
 0.398776897833816E+00
 0.397137563501273E+00
 0.395606543445807E+00
 0.393974383193198E+00
 0.392297340827842E+00
 0.390789222812637E+00
 0.389077158194518E+00
 0.387445895459462E+00
 0.385795559486401E+00
 0.384005918730075E+00
 0.382365139068616E+00
 0.380576833621890E+00
 0.378689396702035E+00
 0.377003236929042E+00
 0.375077187535483E+00
 0.373138537009227E+00
 0.371317762371538E+00
 0.369259903583903E+00
 0.367269069737202E+00
 0.365278641710351E+00
 0.363091422108127E+00
 0.361033395314054E+00
 0.358870355915900E+00
 0.356561775896044E+00
 0.354427209855091E+00
 0.352099928161861E+00
 0.349681139594232E+00
 0.347459599403811E+00
 0.344985204753453E+00
 0.342546596181157E+00
 0.340151963348077E+00
 0.337556522171143E+00
 0.335104271690552E+00
 0.332538324175261E+00
 0.329856447383820E+00
 0.327167049871037E+00
 0.324492933345010E+00
 0.323167201977876E+00
 0.324350708561584E+00
 0.325584642658584E+00
 0.326859566326222E+00
 0.328166410381607E+00
 0.329496513400151E+00
 0.330841661115855E+00
 0.332194125361884E+00
 0.333546700569373E+00
 0.334892735442648E+00
 0.336226158027891E+00
 0.337541493771462E+00
 0.338833877672967E+00
 0.340099062570353E+00
 0.341333425576846E+00
 0.342533973804398E+00
 0.343698349156603E+00
 0.344824830684801E+00
 0.345912332292991E+00
 0.346960393804438E+00
 0.347969164546171E+00
 0.348939380170296E+00
 0.349872334645528E+00
 0.350769849639959E+00
 0.351634242849396E+00
 0.352468295683890E+00
 0.353275219713193E+00
 0.354058620767812E+00
 0.354822459682211E+00
 0.355571009274605E+00
 0.356308808114083E+00
 0.357040612614730E+00
 0.357771349568777E+00
 0.358506071027881E+00
 0.359249912480968E+00
 0.360008054004278E+00
 0.360785683073437E+00
 0.361587957419538E+00
 0.362419966711089E+00
 0.363286692720637E+00
 0.364192968655834E+00
 0.365143439135821E+00
 0.366142522538175E+00
 0.367194376975135E+00
 0.368302870182502E+00
 0.369471552636571E+00
 0.370703632759032E+00
 0.372001953263207E+00
 0.373368968249986E+00
 0.374806721159307E+00
 0.376316823909980E+00
 0.377900437578487E+00
 0.379558254925409E+00
 0.381290485038004E+00
 0.383096840312976E+00
 0.384976525991571E+00
 0.386928232562968E+00
 0.388950131575947E+00
 0.391039875597567E+00
 0.393194603034556E+00
 0.395410948203164E+00
 0.397685056461353E+00
 0.400012603524100E+00
 0.402388817388782E+00
 0.404808500799263E+00
 0.407266052206669E+00
 0.409755484049144E+00
 0.412270438820055E+00
 0.414804205240408E+00
 0.417349738029070E+00
 0.419899684656409E+00
 0.422446421086091E+00
 0.424982096426342E+00
 0.427498684351977E+00
 0.429988037652156E+00
 0.432441941567518E+00
 0.434852161806242E+00
 0.437210484280809E+00
 0.439508745551404E+00
 0.441738855356318E+00
 0.443892814929925E+00
 0.445962736441822E+00
 0.447940869251013E+00
 0.449819637363103E+00
 0.451591689547387E+00
 0.453249959694134E+00
 0.454787731414635E+00
 0.456198698954183E+00
 0.457477017018340E+00
 0.458617334999039E+00
 0.459614815379249E+00
 0.460465140428801E+00
 0.461164514361541E+00
 0.461709668947000E+00
 0.462097878776163E+00
 0.462326988355199E+00
 0.462395448153238E+00
 0.462302352421539E+00
 0.462047469707589E+00
 0.461631258371852E+00
 0.461054863691980E+00
 0.460320098759542E+00
 0.459429416184659E+00
 0.458385879695851E+00
 0.457193143166721E+00
 0.455855440043135E+00
 0.454377580557192E+00
 0.452764949947786E+00
 0.451023499895228E+00
 0.449159727697504E+00
 0.447180642025906E+00
 0.445093718366901E+00
 0.442906849800182E+00
 0.440628298861045E+00
 0.438266654167017E+00
 0.435830792216880E+00
 0.433329841588601E+00
 0.430773144959389E+00
 0.428170214822431E+00
 0.425530681504705E+00
 0.422864236052449E+00
 0.420180573901627E+00
 0.417489346123548E+00
 0.414800122497819E+00
 0.412122365380020E+00
 0.409465407520858E+00
 0.406838423562186E+00
 0.404250386042876E+00
 0.401710002512736E+00
 0.399225638503749E+00
 0.396805237973795E+00
 0.394456255229894E+00
 0.392185609206350E+00
 0.389999663820444E+00
 0.387904230027187E+00
 0.385904579189658E+00
 0.384005455298543E+00
 0.382211075700080E+00
 0.380525115373879E+00
 0.378950676687562E+00
 0.377490252782435E+00
 0.376145696237600E+00
 0.374918204092031E+00
 0.373808325682341E+00
 0.372815992544536E+00
 0.371940562297423E+00
 0.371180863617518E+00
 0.370535229096424E+00
 0.370001507527736E+00
 0.369577055770388E+00
 0.369258719786440E+00
 0.369042820845202E+00
 0.368925163006447E+00
 0.368901071048383E+00
 0.368965456433301E+00
 0.369112897593142E+00
 0.369337714917986E+00
 0.369634023273166E+00
 0.369995754890171E+00
 0.370416658876747E+00
 0.370890294591991E+00
 0.371410039901932E+00
 0.371969130080413E+00
 0.372560730865223E+00
 0.373178034890487E+00
 0.373814360248394E+00
 0.374463227635688E+00
 0.375118399522841E+00
 0.375773878487325E+00
 0.376423877023165E+00
 0.377062781830386E+00
 0.377685137484153E+00
 0.378285666591844E+00
 0.378859329080665E+00
 0.379401407858489E+00
 0.379907597784616E+00
 0.380374073423608E+00
 0.380797518476163E+00
 0.381175112766707E+00
 0.381504486257330E+00
 0.381783659186113E+00
 0.382010990331837E+00
 0.382185151121896E+00
 0.382305133485930E+00
 0.382370287252288E+00
 0.382380372436833E+00
 0.382335606452035E+00
 0.382236687812479E+00
 0.382084785621624E+00
 0.381881495084891E+00
 0.381628769581755E+00
 0.381328846036591E+00
 0.380984180730215E+00
 0.380597407642401E+00
 0.380171322974234E+00
 0.379708890603153E+00
 0.379213256682297E+00
 0.378687759238514E+00
 0.378135920841095E+00
 0.377561418218392E+00
 0.376968030197001E+00
 0.376359572316280E+00
 0.375739830885140E+00
 0.375112509610832E+00
 0.374481197766768E+00
 0.373849361201836E+00
 0.373220348966039E+00
 0.372597402462995E+00
 0.371983653680124E+00
 0.371382104701577E+00
 0.370795589946313E+00
 0.370226731072889E+00
 0.369677898278109E+00
 0.369151189250901E+00
 0.368648429904981E+00
 0.368171192837424E+00
 0.367720823895066E+00
 0.367298466183372E+00
 0.366905073908196E+00
 0.366541413535840E+00
 0.366208054494063E+00
 0.365905354433513E+00
 0.365633444609429E+00
 0.365392219883676E+00
 0.365181336131976E+00
 0.365000216126677E+00
 0.364848063471841E+00
 0.364723882923907E+00
 0.364626504580238E+00
 0.364554609251150E+00
 0.364506753015006E+00
 0.364481390227628E+00
 0.364476895430726E+00
 0.364491584957373E+00
 0.364523738312630E+00
 0.364571618072449E+00
 0.364633486053988E+00
 0.364707613779294E+00
 0.364792287067677E+00
 0.364885807304181E+00
 0.364986494133831E+00
 0.365092694506082E+00
 0.365202800416083E+00
 0.365315273103044E+00
 0.365428667017607E+00
 0.365541645125536E+00
 0.365652979586372E+00
 0.365761537905281E+00
 0.365866261597069E+00
 0.365966148724326E+00
 0.366060250907558E+00
 0.366147689447810E+00
 0.366227686450075E+00
 0.366299599117762E+00
 0.366362942242909E+00
 0.366417387020576E+00
 0.366462732716495E+00
 0.366498858167695E+00
 0.366525668351791E+00
 0.366543053822816E+00
 0.366550876405537E+00
 0.366548984714535E+00
 0.366537251644372E+00
 0.366515617563617E+00
 0.366484121032220E+00
 0.366442904318194E+00
 0.366392191590951E+00
 0.366332248972109E+00
 0.366263342895352E+00
 0.366185713536817E+00
 0.366099573532949E+00
 0.366005131715034E+00
 0.365902631425594E+00
 0.365792386964343E+00
 0.365674801929839E+00
 0.365550359579530E+00
 0.365419585730294E+00
 0.365282995627789E+00
 0.365141043547568E+00
 0.364994094357844E+00
 0.364842428871484E+00
 0.364686281807031E+00
 0.364525897688804E+00
 0.364361582019237E+00
 0.364193726536434E+00
 0.364022798120814E+00
 0.363849296313446E+00
 0.363673697486202E+00
 0.363496408552001E+00
 0.363317747811903E+00
 0.363137958042860E+00
 0.362957243315987E+00
 0.362775812295025E+00
 0.362593909953455E+00
 0.362411825950028E+00
 0.362229877808516E+00
 0.362048376510376E+00
 0.361867588177132E+00
 0.361687706780398E+00
 0.361508849095541E+00
 0.361331075278524E+00
 0.361154428615246E+00
 0.360978979571092E+00
 0.360804856029614E+00
 0.360632245861876E+00
 0.360461368829181E+00
 0.360292427960590E+00
 0.360125559954310E+00
 0.359960805157732E+00
 0.359798109507347E+00
 0.359637357146609E+00
 0.359478419635544E+00
 0.359321201516398E+00
 0.359165664893794E+00
 0.359011825638089E+00
 0.358859725796123E+00
 0.358709395468396E+00
 0.358560819705043E+00
 0.358413922056176E+00
 0.358268568924869E+00
 0.358124591171152E+00
 0.357981814054736E+00
 0.357840084736686E+00
 0.357699288164882E+00
 0.357559346496425E+00
 0.357420203014121E+00
 0.357281797078673E+00
 0.357144040107005E+00
 0.357006802359416E+00
 0.356869916142134E+00
 0.356733194281055E+00
 0.356596456202267E+00
 0.356459550719578E+00
 0.356322366417455E+00
 0.356184826628874E+00
 0.356046873400715E+00
 0.355908449635488E+00
 0.355769488281070E+00
 0.355629912431820E+00
 0.355489643693486E+00
 0.355348612125306E+00
 0.355206761702045E+00
 0.355064049562323E+00
 0.354920441985202E+00
 0.354775911799193E+00
 0.354630439891962E+00
 0.354484019616386E+00
 0.354336660318956E+00
 0.354188386811786E+00
 0.354039234628018E+00
 0.353889243782533E+00
 0.353738454299160E+00
 0.353586904858218E+00
 0.353434633482613E+00
 0.353281678381202E+00
 0.353128078389397E+00
 0.352973874283589E+00
 0.352819112390859E+00
 0.352663849692875E+00
 0.352508156779643E+00
 0.352352114434770E+00
 0.352195802816375E+00
 0.352039287528459E+00
 0.351882610439703E+00
 0.351725791612028E+00
 0.351568842348708E+00
 0.351411782194039E+00
 0.351254649828598E+00
 0.351097501511704E+00
 0.350940398577844E+00
 0.350783391999505E+00
 0.350626512783905E+00
 0.350469771980462E+00
 0.350313167551938E+00
 0.350156692203928E+00
 0.350000338156045E+00
 0.349844099178186E+00
 0.349687972699276E+00
 0.349531963286745E+00
 0.349376085140769E+00
 0.349220359488806E+00
 0.349064805350072E+00
 0.348909427487233E+00
 0.348754208984883E+00
 0.348599114195083E+00
 0.348444101339937E+00
 0.348289137477791E+00
 0.348134206911563E+00
 0.347979308836121E+00
 0.347824447506775E+00
 0.347669622707988E+00
 0.347514826541657E+00
 0.347360046421467E+00
 0.347205269064793E+00
 0.347050480528379E+00
 0.346895662432009E+00
 0.346740789563680E+00
 0.346585834092151E+00
 0.346430776088701E+00
 0.346275613587054E+00
 0.346120363900028E+00
 0.345965053386210E+00
 0.345809701417226E+00
 0.345654309117866E+00
 0.345498860430469E+00
 0.345343334309244E+00
 0.345187719117487E+00
 0.345032019495990E+00
 0.344876252413943E+00
 0.344720437371785E+00
 0.344564589173014E+00
 0.344408717957351E+00
 0.344252834005797E+00
 0.344096950663813E+00
 0.343941081195658E+00
 0.343785232095201E+00
 0.343629400026384E+00
 0.343473577491439E+00
 0.343317764810651E+00
 0.343161979446672E+00
 0.343006254219623E+00
 0.342850623886899E+00
 0.342695108819687E+00
 0.342539707463409E+00
 0.342384403168605E+00
 0.342229180427886E+00
 0.342074038839239E+00
 0.341918995408520E+00
 0.341764074979913E+00
 0.341609297131549E+00
 0.341454669197908E+00
 0.341300188820119E+00
 0.341145851394907E+00
 0.340991654794089E+00
 0.340837597780285E+00
 0.340683675431831E+00
 0.340529878090276E+00
 0.340376196860413E+00
 0.340222631706080E+00
 0.340069194255959E+00
 0.339915900663190E+00
 0.339762758068488E+00
 0.339609754527788E+00
 0.339456860918931E+00
 0.339304044780777E+00
 0.339151286861949E+00
 0.338998588786339E+00
 0.338845966727385E+00
 0.338693436219820E+00
 0.338540999172953E+00
 0.338388641419018E+00
 0.338236340498278E+00
 0.338084076142280E+00
 0.337931835616990E+00
 0.337779612047834E+00
 0.337627400203467E+00
 0.337475195341542E+00
 0.337322996151448E+00
 0.337170807393549E+00
 0.337018637061779E+00
 0.336866487883894E+00
 0.336714349281027E+00
 0.336562197465645E+00
 0.336410005965463E+00
 0.336257760450018E+00
 0.336105467298610E+00
 0.335953149038323E+00
 0.335800829186894E+00
 0.335648516896277E+00
 0.335496201871317E+00
 0.335343862280399E+00
 0.335191478983624E+00
 0.335039045706433E+00
 0.334886569220636E+00
 0.334734061902999E+00
 0.334581534146693E+00
 0.334428992223134E+00
 0.334276440867987E+00
 0.334123885331255E+00
 0.333971329037590E+00
 0.333818768693618E+00
 0.333666192840802E+00
 0.333513587982999E+00
 0.333360949641159E+00
 0.333208289985499E+00
 0.333055634658722E+00
 0.332903009101731E+00
 0.332750423222069E+00
 0.332597865493395E+00
 0.332445311232195E+00
 0.332292739507583E+00
 0.332140146878712E+00
 0.331987548784748E+00
 0.331834968736497E+00
 0.331682424058103E+00
 0.331529918254774E+00
 0.331377443720978E+00
 0.331224990224682E+00
 0.331072551275691E+00
 0.330920124255632E+00
 0.330767706922667E+00
 0.330615296154503E+00
 0.330462891671814E+00
 0.330310501225193E+00
 0.330158140648382E+00
 0.330005825780385E+00
 0.329853560800747E+00
 0.329701332235208E+00
 0.329549114959977E+00
 0.329396887609726E+00
 0.329244646946736E+00
 0.329092410633896E+00
 0.328940206023658E+00
 0.328788052807880E+00
 0.328635951675050E+00
 0.328483886232678E+00
 0.328331835445416E+00
 0.328179786677324E+00
 0.328027740418982E+00
 0.327875705404767E+00
 0.327723690328285E+00
 0.327571699639519E+00
