 0.369532884256062E-07
 0.576079125985966E-06
 0.282036221493931E-05
 0.857712029656385E-05
 0.200657421280641E-04
 0.397334039783799E-04
 0.701009143034421E-04
 0.113649190596195E-03
 0.172744055386048E-03
 0.249587723447361E-03
 0.346182476642277E-03
 0.464295730323948E-03
 0.605423472513069E-03
 0.770756967479710E-03
 0.961162066793218E-03
 0.117734770005760E-02
 0.142839329677749E-02
 0.170787686546524E-02
 0.204045571408728E-02
 0.240904244649015E-02
 0.282228336624660E-02
 0.327744401294935E-02
 0.377494285220024E-02
 0.432243049374136E-02
 0.491804453658749E-02
 0.556106414900595E-02
 0.624747565728852E-02
 0.697534396448905E-02
 0.774191368175499E-02
 0.854362125390316E-02
 0.937619981623235E-02
 0.102348914934697E-01
 0.111147661587678E-01
 0.120111268116091E-01
 0.129199636620325E-01
 0.138384061393732E-01
 0.147651180473535E-01
 0.157005877394492E-01
 0.166472816865657E-01
 0.176096528009201E-01
 0.185940192458516E-01
 0.196083496168569E-01
 0.206620017122337E-01
 0.217654621458613E-01
 0.229301230497286E-01
 0.241681130094361E-01
 0.254921771419679E-01
 0.269155817622320E-01
 0.284520078463693E-01
 0.301153980307361E-01
 0.319197345842414E-01
 0.338787472896694E-01
 0.360055738047928E-01
 0.383124126395147E-01
 0.408102134199281E-01
 0.435084378294254E-01
 0.464149007049770E-01
 0.495356729246187E-01
 0.528750071489581E-01
 0.564352432301387E-01
 0.602166647832161E-01
 0.642173063840098E-01
 0.684327401803772E-01
 0.728558883210473E-01
 0.774769054357346E-01
 0.822831543430691E-01
 0.872592678473943E-01
 0.923872637078481E-01
 0.976466699403031E-01
 0.103014627073691E+00
 0.108465957263591E+00
 0.113973215828030E+00
 0.119506757326040E+00
 0.125034849481363E+00
 0.130523855195377E+00
 0.135938482571960E+00
 0.141242084208823E+00
 0.146396976898142E+00
 0.151364753952646E+00
 0.156106572913578E+00
 0.160583416728496E+00
 0.164756340866611E+00
 0.168586727187293E+00
 0.172036564695486E+00
 0.175068767709076E+00
 0.177647526918498E+00
 0.179738674295129E+00
 0.181310035019378E+00
 0.182331742232016E+00
 0.182776502591599E+00
 0.182619816967025E+00
 0.181840173598328E+00
 0.180419234751418E+00
 0.178342030850901E+00
 0.175597162091497E+00
 0.172176993540463E+00
 0.168077822224332E+00
 0.163299996539255E+00
 0.157847977871902E+00
 0.151730346748742E+00
 0.144959765839166E+00
 0.137552916239414E+00
 0.129530420940328E+00
 0.120916761895823E+00
 0.116535210149345E+00
 0.116698218613071E+00
 0.116484200184531E+00
 0.115870271744087E+00
 0.115675703469779E+00
 0.115717647960800E+00
 0.115356593401592E+00
 0.114825797997505E+00
 0.115059822932599E+00
 0.114889135766635E+00
 0.114305056984974E+00
 0.114471551261992E+00
 0.114459682325322E+00
 0.114034168035067E+00
 0.114035433286148E+00
 0.114174339468638E+00
 0.113899969531562E+00
 0.113925623404271E+00
 0.114220276581688E+00
 0.114101371833052E+00
 0.122239756762275E+00
 0.132489582544888E+00
 0.142234049658688E+00
 0.151433420891034E+00
 0.160051126966464E+00
 0.168054002269614E+00
 0.175412485013167E+00
 0.182100774626831E+00
 0.188096947549094E+00
 0.193383038812017E+00
 0.197945098314184E+00
 0.201773228068135E+00
 0.204861602461584E+00
 0.207208469834661E+00
 0.208816131085576E+00
 0.209690889358317E+00
 0.209842964470620E+00
 0.209286367821481E+00
 0.208038738810666E+00
 0.206121150838512E+00
 0.203557899992335E+00
 0.200376288839932E+00
 0.196606410691693E+00
 0.192280929897229E+00
 0.187434847121284E+00
 0.182105239297594E+00
 0.176330971604801E+00
 0.170152388532805E+00
 0.163610997187149E+00
 0.156749155623834E+00
 0.149609773762415E+00
 0.142416828037272E+00
 0.138078365179344E+00
 0.133536076448948E+00
 0.128768165456247E+00
 0.125201865930408E+00
 0.125281303446135E+00
 0.125723509242408E+00
 0.125676895908172E+00
 0.125789201609212E+00
 0.125641987403484E+00
 0.125554050896376E+00
 0.125289390926623E+00
 0.124839887315058E+00
 0.124481233136870E+00
 0.126673571269574E+00
 0.131584141851902E+00
 0.136073500316266E+00
 0.140116828217163E+00
 0.143690979271922E+00
 0.146774635189210E+00
 0.149348465593826E+00
 0.151395282008604E+00
 0.152900179996539E+00
 0.153850663940668E+00
 0.154236745213584E+00
 0.154051002594286E+00
 0.153288600351188E+00
 0.151947274749321E+00
 0.150027315101846E+00
 0.148760734699092E+00
 0.147395727635273E+00
 0.145469243942061E+00
 0.144435399754013E+00
 0.143052258366034E+00
 0.141169819016849E+00
 0.140304449477392E+00
 0.138908598122230E+00
 0.136983416513787E+00
 0.136034945302923E+00
 0.134633641104286E+00
 0.132719313880765E+00
 0.130584792234167E+00
 0.128884823345163E+00
 0.127804377005554E+00
 0.126981374843494E+00
 0.125956401267268E+00
 0.124996422124152E+00
 0.124024665464897E+00
 0.122942222628843E+00
 0.122014640516821E+00
 0.120840033386813E+00
 0.119957440336715E+00
 0.118763993681470E+00
 0.117888451593229E+00
 0.116767844958014E+00
 0.115843064411477E+00
 0.114825231023964E+00
 0.113870580819434E+00
 0.112980229564004E+00
 0.111994591750041E+00
 0.111136593033286E+00
 0.116550831005518E+00
 0.122700204854631E+00
 0.128456416272976E+00
 0.133807665644394E+00
 0.138744657319965E+00
 0.143260604403828E+00
 0.147351233770519E+00
 0.151014814835995E+00
 0.154252204861830E+00
 0.158022813906103E+00
 0.161564627124513E+00
 0.164654061007973E+00
 0.167296263119966E+00
 0.169499067424854E+00
 0.171272903193755E+00
 0.172630638132194E+00
 0.173587409187665E+00
 0.174160485199337E+00
 0.174369167498051E+00
 0.174234699849729E+00
 0.173780152987834E+00
 0.173030271384341E+00
 0.172011297884855E+00
 0.170750799433035E+00
 0.169277497866071E+00
 0.167621083515314E+00
 0.165811985566771E+00
 0.163881102742074E+00
 0.161859537716009E+00
 0.159778389577213E+00
 0.157668621911202E+00
 0.155560964253963E+00
 0.153541667233936E+00
 0.151593725559585E+00
 0.149884425223708E+00
 0.148038452085134E+00
 0.146089546625154E+00
 0.144600998587931E+00
 0.143305099615578E+00
 0.142223075734316E+00
 0.141374231428874E+00
 0.140775793235548E+00
 0.140442768887899E+00
 0.140387832839252E+00
 0.140621224612404E+00
 0.141983340539991E+00
 0.143703974909871E+00
 0.145704163026579E+00
 0.147976458075042E+00
 0.150510871809739E+00
 0.153294862859174E+00
 0.156313354931844E+00
 0.159548815313429E+00
 0.162981395432642E+00
 0.166589100912497E+00
 0.170347944619261E+00
 0.174232056400084E+00
 0.178213764031645E+00
 0.182263688816793E+00
 0.186350892172771E+00
 0.190443073655155E+00
 0.194506788845250E+00
 0.198507654599147E+00
 0.202410535268299E+00
 0.206179727279876E+00
 0.209779157465590E+00
 0.213172588739035E+00
 0.216323812105594E+00
 0.219196814532146E+00
 0.221755938065804E+00
 0.223966060166364E+00
 0.225792812475390E+00
 0.227202824656836E+00
 0.231757381828731E+00
 0.236336585509824E+00
 0.240892823744041E+00
 0.245415994724978E+00
 0.249895302559511E+00
 0.254319272482576E+00
 0.258675789369625E+00
 0.262952151783674E+00
 0.267135128035292E+00
 0.271211006993797E+00
 0.275165647370375E+00
 0.278984534002468E+00
 0.282652844149836E+00
 0.286155517289723E+00
 0.289477318805527E+00
 0.292602895513581E+00
 0.295516832765573E+00
 0.298203727626250E+00
 0.300648284679898E+00
 0.302835425761139E+00
 0.304750394384834E+00
 0.306378838377582E+00
 0.307706868176384E+00
 0.308721102840897E+00
 0.309408720522635E+00
 0.309757522640192E+00
 0.309756008336781E+00
 0.309393448087358E+00
 0.308659947660323E+00
 0.307546502422565E+00
 0.308727400495559E+00
 0.315676293514310E+00
 0.322606739163856E+00
 0.329507076278381E+00
 0.336365223819978E+00
 0.343168701583462E+00
 0.349904657723526E+00
 0.356559911732712E+00
 0.363121016174749E+00
 0.369574331230703E+00
 0.375906098506258E+00
 0.382102500180576E+00
 0.388149697643372E+00
 0.394033855614054E+00
 0.399741165899981E+00
 0.405257884412464E+00
 0.410570386650709E+00
 0.415665236318433E+00
 0.420529255420804E+00
 0.425149584948277E+00
 0.429513731286716E+00
 0.433609600483187E+00
 0.437425526870711E+00
 0.440950303359279E+00
 0.444173219127734E+00
 0.448519196465835E+00
 0.452704576016192E+00
 0.456587993167076E+00
 0.460157519943138E+00
 0.463401781500150E+00
 0.466310005959216E+00
 0.468872060725037E+00
 0.471078480734840E+00
 0.472920495793725E+00
 0.474390063515547E+00
 0.475479911720691E+00
 0.476183589654259E+00
 0.476495522037756E+00
 0.476411056075631E+00
 0.475926491895113E+00
 0.475039092590805E+00
 0.473747078835736E+00
 0.472049620055463E+00
 0.469946834958415E+00
 0.467439807822792E+00
 0.464530616831124E+00
 0.461222362680023E+00
 0.457519184085280E+00
 0.453426252113693E+00
 0.448949744091087E+00
 0.444096805286794E+00
 0.438875509257141E+00
 0.433500993493059E+00
 0.428332243790351E+00
 0.423376747617142E+00
 0.418632302576169E+00
 0.414066457198860E+00
 0.409686177707107E+00
 0.405491465463212E+00
 0.401469362199486E+00
 0.397614950370553E+00
 0.393901528538414E+00
 0.390340144632560E+00
 0.386940735646649E+00
 0.383681817560451E+00
 0.380560564895428E+00
 0.377560891148311E+00
 0.374652397580557E+00
 0.371864008104269E+00
 0.369223314862100E+00
 0.366682725096133E+00
 0.364169114894036E+00
 0.361827789584921E+00
 0.359584408460400E+00
 0.357355261940000E+00
 0.355253187077335E+00
 0.354955590270670E+00
 0.354814131943119E+00
 0.354684144802251E+00
 0.354574275213926E+00
 0.354561019659070E+00
 0.354494815421155E+00
 0.354553991152852E+00
 0.354549776961254E+00
 0.354663398951296E+00
 0.354725976190775E+00
 0.354880951412756E+00
 0.355021062772579E+00
 0.355176879039605E+00
 0.355367369830631E+00
 0.355542387084878E+00
 0.355759824145971E+00
 0.355957131615475E+00
 0.356178567689517E+00
 0.356390560525472E+00
 0.356614435951979E+00
 0.356815087723011E+00
 0.357053408603656E+00
 0.357243460300194E+00
 0.357479910414620E+00
 0.357655794316958E+00
 0.357874859846102E+00
 0.358063174007640E+00
 0.358218103009642E+00
 0.358413080655354E+00
 0.358520498909083E+00
 0.358709736344091E+00
 0.358752850743821E+00
 0.358930083163790E+00
 0.358898051357078E+00
 0.359076051203204E+00
 0.358980387428821E+00
 0.359130175678661E+00
 0.359025928664978E+00
 0.359092937553410E+00
 0.358971970112328E+00
 0.358952361019036E+00
 0.358833694878605E+00
 0.358881450623250E+00
 0.360197520452567E+00
 0.361154170381923E+00
 0.362400551363868E+00
 0.363282241119014E+00
 0.364472116216216E+00
 0.365274280361379E+00
 0.366383835340716E+00
 0.367111784620282E+00
 0.368157757786469E+00
 0.368805942312982E+00
 0.369768851954197E+00
 0.370352883182577E+00
 0.371239690279132E+00
 0.371740484194435E+00
 0.372551785632858E+00
 0.372963858446710E+00
 0.373724862258697E+00
 0.374033089837118E+00
 0.374750435214234E+00
 0.374980717647682E+00
 0.375641564393926E+00
 0.375760103158544E+00
 0.375633477624824E+00
 0.375679917984460E+00
 0.375521754265310E+00
 0.375481509346401E+00
 0.374898657538529E+00
 0.373777130361195E+00
 0.372122481966745E+00
 0.369941859198453E+00
 0.367243966307793E+00
 0.364039023925402E+00
 0.360578673402491E+00
 0.357353939351168E+00
 0.354071392287323E+00
 0.350815238211597E+00
 0.347079838870887E+00
 0.342878724508772E+00
 0.338226758835947E+00
 0.333140087881408E+00
 0.327636085096163E+00
 0.321733289783125E+00
 0.315451334388026E+00
 0.308810858320108E+00
 0.301833411649123E+00
 0.294541357339246E+00
 0.286957781027483E+00
 0.281877032142134E+00
 0.286367893732988E+00
 0.290193147211111E+00
 0.293328089769216E+00
 0.295750729385405E+00
 0.299162409649384E+00
 0.302288093862873E+00
 0.304671129087437E+00
 0.306292002603684E+00
 0.307134104131878E+00
 0.307183781691825E+00
 0.306430490976363E+00
 0.304866986203106E+00
 0.302489476195680E+00
 0.299297691602815E+00
 0.295294855522733E+00
 0.290817058409197E+00
 0.286460996351965E+00
 0.282209690143510E+00
 0.278134556686263E+00
 0.274172445600635E+00
 0.270315452932314E+00
 0.266602692009605E+00
 0.262975899768220E+00
 0.259459671155954E+00
 0.259274642239368E+00
 0.263022922279100E+00
 0.266449134281139E+00
 0.269542813900198E+00
 0.272294585658209E+00
 0.274696176696446E+00
 0.276740426759181E+00
 0.278421304553580E+00
 0.279733932185605E+00
 0.281037665914026E+00
 0.287241206173424E+00
 0.293387939617997E+00
 0.299463831806377E+00
 0.305455001688832E+00
 0.311347786703975E+00
 0.317128800958879E+00
 0.322784984026483E+00
 0.328303641367607E+00
 0.333672480141130E+00
 0.338879645183476E+00
 0.343913759001084E+00
 0.348763967286709E+00
 0.353419988626876E+00
 0.357872164523524E+00
 0.362111504355238E+00
 0.366129720266478E+00
 0.369919249713929E+00
 0.373473267888615E+00
 0.376785696311224E+00
 0.379851214886870E+00
 0.382665281429423E+00
 0.385224156779818E+00
 0.387524928793668E+00
 0.389565527701987E+00
 0.391344728856499E+00
 0.392862144042984E+00
 0.394118206115020E+00
 0.395114152097901E+00
 0.395852007914076E+00
 0.396334575372626E+00
 0.396565420354100E+00
 0.396548860282424E+00
 0.398352472573540E+00
 0.400119052067335E+00
 0.401618866133949E+00
 0.402853611566957E+00
 0.403825739956633E+00
 0.404538433334880E+00
 0.404995581468927E+00
 0.405201760726166E+00
 0.405162213196005E+00
 0.404882824245447E+00
 0.404370096426449E+00
 0.403631117568863E+00
 0.402673521569018E+00
 0.401505442354586E+00
 0.400135464241428E+00
 0.398572573679037E+00
 0.396826116508411E+00
 0.394905761267035E+00
 0.392821464824806E+00
 0.390583434568458E+00
 0.388202082952398E+00
 0.385687974438149E+00
 0.383051768849992E+00
 0.380304166531934E+00
 0.377455858969303E+00
 0.374517485324667E+00
 0.371499592806068E+00
 0.368412598121446E+00
 0.365266748145342E+00
 0.362072079172776E+00
 0.358838374902095E+00
 0.355575123613472E+00
 0.352291475491815E+00
 0.348996201974228E+00
 0.345697659816977E+00
 0.342403762204451E+00
 0.339121957141774E+00
 0.335859210446004E+00
 0.332621988836072E+00
 0.329416239547807E+00
 0.326247366391660E+00
 0.323120206059594E+00
 0.320039010092999E+00
 0.317007436102518E+00
 0.314028547899126E+00
 0.311104820902937E+00
 0.308238148598804E+00
 0.305429847817637E+00
 0.302680663362677E+00
 0.299990774007758E+00
 0.297359801622710E+00
 0.294786824092157E+00
 0.292270392079251E+00
 0.289808549913641E+00
 0.287398861192595E+00
 0.285038439106640E+00
 0.282723979977351E+00
 0.280451797137769E+00
 0.278217852500508E+00
 0.276017785341830E+00
 0.273846940773787E+00
 0.271700401988859E+00
 0.269573029248758E+00
 0.267459505268055E+00
 0.265354383325601E+00
 0.263252133431769E+00
 0.261147183829653E+00
 0.259033958495492E+00
 0.256906913667352E+00
 0.254760576298709E+00
 0.253309957480626E+00
 0.252106075768824E+00
 0.250850027541978E+00
 0.249538105794049E+00
 0.248167096695049E+00
 0.246734308085666E+00
 0.245237588752470E+00
 0.243675341468563E+00
 0.242046534962008E+00
 0.240350718251219E+00
 0.238588036748732E+00
 0.236759246413967E+00
 0.234865722255678E+00
 0.232909460188332E+00
 0.230893074097162E+00
 0.228819790607809E+00
 0.226693442276268E+00
 0.224518457680371E+00
 0.222299846487091E+00
 0.220043179481217E+00
 0.217754565987968E+00
 0.215440631647100E+00
 0.213108497253732E+00
 0.210765756057557E+00
 0.208420445378897E+00
 0.206081010214610E+00
 0.203756260452688E+00
 0.201455326313703E+00
 0.199641269347182E+00
 0.199511142591555E+00
 0.199276002689895E+00
 0.199122018433280E+00
 0.198826731972684E+00
 0.198633689869891E+00
 0.198306118994217E+00
 0.198052109034591E+00
 0.197706670150004E+00
 0.206757504857240E+00
 0.216977490740907E+00
 0.226841035428051E+00
 0.236302108451992E+00
 0.245315692647578E+00
 0.253837989418470E+00
 0.261826614326585E+00
 0.269240784960125E+00
 0.276041502259135E+00
 0.282191726079529E+00
 0.287656546884934E+00
 0.292403356896012E+00
 0.296402022669789E+00
 0.299625055259344E+00
 0.302866508887330E+00
 0.306907848503499E+00
 0.310140407595657E+00
 0.312538762392085E+00
 0.314080587910351E+00
 0.314746775249036E+00
 0.314521494354370E+00
 0.313392236091839E+00
 0.311349867289010E+00
 0.308388707091752E+00
 0.304559424630138E+00
 0.300601752744669E+00
 0.296723149136851E+00
 0.292974034814040E+00
 0.289261251343555E+00
 0.285632008576706E+00
 0.282112815694739E+00
 0.278708661080030E+00
 0.275408719180436E+00
 0.272190073427408E+00
 0.269014880921922E+00
 0.265838927104785E+00
 0.262724352038254E+00
 0.259892563132631E+00
 0.264112897511327E+00
 0.269366977424392E+00
 0.274649017015479E+00
 0.279943411859472E+00
 0.285234337932002E+00
 0.290505810122249E+00
 0.295741742771891E+00
 0.300926010221361E+00
 0.306042505565628E+00
 0.311075197667546E+00
 0.316008188420316E+00
 0.320825772556422E+00
 0.325512500539204E+00
 0.330053242541737E+00
 0.334433250200686E+00
 0.338638213778609E+00
 0.342654314833626E+00
 0.346468276567046E+00
 0.350067414178468E+00
 0.353439685875336E+00
 0.356573743166771E+00
 0.359458978331377E+00
 0.362085567864697E+00
 0.364444512224287E+00
 0.366527672849798E+00
 0.368327806728918E+00
 0.369838597542582E+00
 0.371054682002135E+00
 0.371971670956813E+00
 0.372586166433708E+00
 0.372895776538273E+00
 0.372899129276319E+00
 0.372595884423702E+00
 0.371986741077850E+00
 0.371073438687375E+00
 0.369858751090796E+00
 0.368346475106288E+00
 0.366541416040407E+00
 0.364449371639716E+00
 0.362077114295143E+00
 0.359432370087690E+00
 0.356523793347199E+00
 0.353360936461890E+00
 0.349954215666532E+00
 0.346314873632743E+00
 0.342454939000377E+00
 0.338387182386242E+00
 0.334125068632774E+00
 0.329682706009206E+00
 0.325074793862854E+00
 0.320316569985466E+00
 0.315423757713161E+00
 0.310412511446494E+00
 0.305299358951346E+00
 0.300101139811935E+00
 0.294834941037628E+00
 0.289567892867183E+00
 0.284435138887968E+00
 0.279438763368276E+00
 0.274574789720716E+00
 0.269831331065771E+00
 0.265212864637599E+00
 0.260709456365069E+00
 0.256317054873864E+00
 0.252035735921636E+00
 0.251013176253761E+00
 0.250045637295332E+00
 0.249112048200015E+00
 0.248199481553604E+00
 0.247265639711329E+00
 0.246358307677537E+00
 0.245446677251510E+00
 0.244551722754030E+00
 0.243663701704991E+00
 0.242792653411669E+00
 0.241896874781865E+00
 0.241013655812073E+00
 0.240117216644572E+00
 0.241166383392521E+00
 0.248906750093993E+00
 0.255850876382358E+00
 0.261986826814410E+00
 0.267306024096165E+00
 0.271803257156721E+00
 0.275476686594399E+00
 0.278327832071596E+00
 0.282275753722120E+00
 0.285994496366637E+00
 0.288855608258647E+00
 0.290864476911239E+00
 0.292029860409595E+00
 0.292363824936924E+00
 0.291881691366657E+00
 0.290601977315537E+00
 0.288546309725806E+00
 0.285739291646944E+00
 0.282261564349561E+00
 0.278737178572775E+00
 0.275302606775923E+00
 0.271960420067310E+00
 0.268712898169302E+00
 0.265545515674271E+00
 0.262455580256515E+00
 0.259450855638563E+00
 0.256515075094032E+00
 0.253660592345035E+00
 0.250923892568940E+00
 0.248241926344431E+00
 0.245548272910436E+00
 0.242956745022210E+00
 0.244155840994500E+00
 0.248433314792445E+00
 0.252742870086759E+00
 0.257072003130767E+00
 0.261408466589643E+00
 0.265740317207241E+00
 0.270055963671975E+00
 0.274344213607480E+00
 0.278594318107300E+00
 0.282796012492706E+00
 0.286939552740685E+00
 0.291015747810594E+00
 0.295015988529228E+00
 0.298932273737322E+00
 0.302757234236221E+00
 0.306484154843344E+00
 0.310106994544167E+00
 0.313620404251338E+00
 0.317019741164883E+00
 0.320301078508389E+00
 0.323461209805877E+00
 0.326497647819917E+00
 0.329408619310897E+00
 0.332193057265030E+00
 0.334850591840014E+00
 0.337381540214348E+00
 0.339786894432001E+00
 0.342068305824746E+00
 0.344228064886023E+00
 0.346269076302278E+00
 0.348194829720263E+00
 0.350009367343058E+00
 0.351717249500099E+00
 0.353323519068499E+00
 0.354833665225193E+00
 0.356253586576080E+00
 0.357589553261824E+00
 0.358848167265638E+00
 0.360036320058517E+00
 0.361161147122321E+00
 0.362229979758912E+00
 0.363250295534576E+00
 0.364229669159093E+00
 0.365175725210887E+00
 0.366096093056943E+00
 0.366998363183731E+00
 0.367890043599074E+00
 0.368778515245870E+00
 0.369670986235309E+00
 0.370574445628119E+00
 0.371495618026623E+00
 0.372440920259184E+00
 0.373416421082080E+00
 0.374427804310074E+00
 0.375480335267662E+00
 0.376578830011114E+00
 0.377727626500078E+00
 0.378930556931409E+00
 0.380190920882525E+00
 0.381511459666182E+00
 0.382894333059149E+00
 0.384341099908797E+00
 0.385852703769792E+00
 0.387429463780121E+00
 0.389071069927849E+00
 0.390776581264159E+00
 0.392544425794677E+00
 0.394372401580926E+00
 0.396257679524033E+00
 0.398196808899235E+00
 0.400185726753536E+00
 0.402219771873555E+00
 0.404293703427184E+00
 0.406401723801016E+00
 0.408537504730265E+00
 0.410694215642635E+00
 0.412864553289868E+00
 0.415040772225368E+00
 0.417214716360970E+00
 0.419377852418753E+00
 0.421521306289349E+00
 0.423635902975016E+00
 0.425712210046693E+00
 0.427740583712007E+00
 0.429711216071232E+00
 0.431614182186819E+00
 0.433439486185404E+00
 0.435177106450341E+00
 0.436817040636709E+00
 0.438349351450008E+00
 0.439764213830265E+00
 0.441051963565173E+00
 0.442203146701944E+00
 0.443208568673612E+00
 0.444059341933322E+00
 0.444746931131650E+00
 0.445263195409102E+00
 0.445600428026884E+00
 0.445751394059740E+00
 0.445709366992511E+00
 0.445468164733175E+00
 0.445022184933225E+00
 0.444366438875950E+00
 0.443496582817468E+00
 0.442408945677942E+00
 0.441100552367169E+00
 0.439569142656567E+00
 0.437813186156960E+00
 0.435831894367306E+00
 0.433625230723151E+00
 0.431193919079060E+00
 0.428539450323698E+00
 0.425664086204683E+00
 0.422570859232921E+00
 0.419263567829525E+00
 0.415746766520634E+00
 0.412025751685537E+00
 0.408106543833268E+00
 0.403995867449748E+00
 0.399701129121748E+00
 0.395230394071792E+00
 0.390592360684769E+00
 0.385796332294747E+00
 0.380852185520882E+00
 0.375770334748511E+00
 0.370561692830314E+00
 0.365237628607298E+00
 0.359809922278597E+00
 0.354290719804653E+00
 0.348692487258878E+00
 0.343051952516218E+00
 0.337516839025113E+00
 0.332108677514373E+00
 0.326818634915621E+00
 0.321644114785134E+00
 0.316573302451154E+00
 0.311605349908287E+00
 0.306740074771329E+00
 0.301971678915549E+00
 0.297290016158579E+00
 0.292702491612800E+00
 0.288195368464726E+00
 0.283957212436306E+00
 0.283210603934744E+00
 0.282527862989731E+00
 0.281816947807342E+00
 0.281128582579791E+00
 0.280427534627195E+00
 0.279740027011490E+00
 0.279046244397892E+00
 0.278359589260927E+00
 0.277669044329360E+00
 0.276976984003344E+00
 0.276319055469776E+00
 0.275650100524573E+00
 0.274970040252452E+00
 0.274306987318477E+00
 0.273593643703562E+00
 0.272920630169692E+00
 0.272189746643018E+00
 0.271413683046118E+00
 0.270726914260700E+00
 0.269915674527477E+00
 0.269071562151993E+00
 0.268352523692012E+00
 0.267454059740107E+00
 0.266601081903488E+00
 0.265768050745754E+00
 0.264784018347409E+00
 0.263909287487567E+00
 0.262954139538189E+00
 0.261879368937290E+00
 0.260982093639443E+00
 0.259905156181745E+00
 0.258772160261529E+00
 0.257814349026124E+00
 0.256623765955385E+00
 0.255387286805418E+00
 0.254127182730833E+00
 0.252872796520629E+00
 0.251586474816497E+00
 0.250286090603845E+00
 0.248997875230343E+00
 0.247696905411765E+00
 0.246417608132244E+00
 0.245153687242431E+00
 0.243906842685205E+00
 0.242581920510692E+00
 0.243344524630019E+00
 0.244310603053323E+00
 0.245356623657317E+00
 0.246258951303138E+00
 0.247210609135214E+00
 0.248047473920911E+00
 0.248884115065990E+00
 0.249665803888684E+00
 0.250395479813073E+00
 0.251110609543152E+00
 0.251719709819559E+00
 0.252376608544442E+00
 0.252881838692923E+00
 0.253470044293073E+00
 0.253856659030676E+00
 0.254385495855389E+00
 0.254673458490573E+00
 0.255133107730985E+00
 0.255309509046644E+00
 0.255710159305405E+00
 0.255795297411243E+00
 0.256127745184630E+00
 0.256121955490902E+00
 0.255777932000424E+00
 0.255096880526764E+00
 0.254681521638528E+00
 0.253944416019881E+00
 0.253472611282270E+00
 0.252671587939379E+00
 0.251538135523986E+00
 0.250076619279180E+00
 0.248292663458902E+00
 0.246193111772582E+00
 0.243785929196973E+00
 0.241080089589876E+00
 0.238085504487046E+00
 0.234813016716577E+00
 0.231274432190318E+00
 0.227482534255858E+00
 0.234058716127767E+00
 0.245334722334527E+00
 0.256414760124751E+00
 0.267246409388945E+00
 0.277777584944674E+00
 0.287956802228220E+00
 0.297733413159124E+00
 0.307057804228931E+00
 0.315881577038076E+00
 0.324157739846692E+00
 0.331840922337498E+00
 0.338887600660887E+00
 0.345256307902430E+00
 0.350907815676473E+00
 0.355805294989418E+00
 0.359914477849000E+00
 0.363203832323704E+00
 0.366532214094040E+00
 0.370638562989621E+00
 0.373890400372534E+00
 0.376258293337718E+00
 0.377716025041082E+00
 0.378240695664106E+00
 0.377812780366776E+00
 0.376416182656782E+00
 0.374038314387568E+00
 0.370670201514524E+00
 0.366306584861748E+00
 0.360971931945015E+00
 0.355452581396681E+00
 0.350091767836274E+00
 0.344914495765306E+00
 0.339814447223625E+00
 0.334951806460880E+00
 0.338463725682559E+00
 0.345443409088694E+00
 0.352553704583350E+00
 0.359781055333393E+00
 0.367111261185764E+00
 0.374529523082561E+00
 0.382020488791588E+00
 0.389568300235407E+00
 0.397156643157829E+00
 0.404768800137747E+00
 0.412387707664300E+00
 0.419996017033717E+00
 0.427576157627425E+00
 0.435110400408546E+00
 0.442580919784433E+00
 0.449969853270235E+00
 0.457259359937828E+00
 0.464431679504194E+00
 0.471469193572666E+00
 0.478354489245281E+00
 0.485070423925795E+00
 0.491600189450732E+00
 0.497927373947696E+00
 0.504036020610494E+00
 0.509910683297773E+00
 0.515536479228455E+00
 0.520899139210188E+00
 0.525985056023827E+00
 0.530781331732211E+00
 0.535275824447010E+00
 0.539457194268840E+00
 0.543314947011303E+00
 0.546839473642829E+00
 0.550022083734499E+00
 0.552855032552708E+00
 0.555331543042716E+00
 0.557445824841252E+00
 0.559193092091049E+00
 0.560569580454902E+00
 0.561572562193518E+00
 0.562200357359002E+00
 0.562452339417526E+00
 0.562328934626182E+00
 0.561831615568092E+00
 0.560962889869622E+00
 0.559726285211824E+00
 0.558126331565250E+00
 0.556168541343367E+00
 0.553859387835576E+00
 0.551206281676683E+00
 0.548217544307705E+00
 0.544902376851869E+00
 0.541270823133562E+00
 0.537333726825802E+00
 0.533102684324039E+00
 0.528589995911978E+00
 0.523808617421511E+00
 0.518772113054186E+00
 0.513494608252082E+00
 0.507990740535233E+00
 0.502275606546622E+00
 0.496364704832383E+00
 0.490273875306871E+00
 0.484019237176535E+00
 0.477617127095233E+00
 0.471084038761517E+00
 0.464436564467356E+00
 0.457691338512748E+00
 0.450900676105943E+00
 0.444235424373812E+00
 0.437709645746118E+00
 0.431319938002461E+00
 0.425057434835263E+00
 0.418916615787773E+00
 0.412899299496112E+00
 0.406983733828807E+00
 0.401177999698020E+00
 0.395492364950080E+00
 0.389895425092892E+00
 0.384378463451851E+00
 0.378993991502185E+00
 0.373657598744003E+00
 0.368429132103044E+00
 0.363299652202186E+00
 0.358192811211016E+00
 0.353249627001757E+00
 0.348312842353132E+00
 0.343494391977944E+00
 0.338745854193599E+00
 0.334023173006000E+00
 0.329458481404018E+00
 0.325139126780260E+00
 0.324800779067669E+00
 0.324249628568866E+00
 0.323799945527283E+00
 0.323321846105030E+00
 0.322717507521319E+00
 0.322290793223499E+00
 0.321680758288676E+00
 0.321038710406437E+00
 0.320547486594487E+00
 0.319829112382754E+00
 0.319195137959398E+00
 0.318533331751278E+00
 0.317724704183354E+00
 0.317052724919206E+00
 0.316235566373394E+00
 0.315345861425140E+00
 0.314592860164967E+00
 0.313643828045971E+00
 0.312674381917168E+00
 0.311809178977341E+00
 0.310810938750343E+00
 0.309847288106572E+00
 0.308882807233566E+00
 0.307877662189911E+00
 0.306821310163331E+00
 0.305763598253934E+00
 0.304625119245199E+00
 0.303526380645900E+00
 0.302295743374038E+00
 0.301145443286103E+00
 0.299833739926774E+00
 0.298644095882959E+00
 0.297242109348048E+00
 0.296006064434613E+00
 0.294526512843314E+00
 0.293254509516914E+00
 0.291729033010021E+00
 0.290379894903739E+00
 0.288840813046730E+00
 0.287401887827207E+00
 0.285837784580488E+00
 0.284320428597584E+00
 0.282750703374262E+00
 0.281157297555446E+00
 0.279573223130021E+00
 0.278100024950054E+00
 0.278959080115121E+00
 0.280062774414377E+00
 0.280832890620993E+00
 0.281884255255436E+00
 0.282585068642129E+00
 0.283595449573707E+00
 0.284220423712534E+00
 0.285169173755879E+00
 0.285744465884163E+00
 0.286632015803036E+00
 0.287133082004159E+00
 0.287969225787045E+00
 0.288441620255365E+00
 0.289197976541172E+00
 0.289633062344544E+00
 0.290319909374823E+00
 0.290733887848289E+00
 0.291338770813806E+00
 0.291464422408212E+00
 0.291747328969902E+00
 0.291808110746812E+00
 0.292074541393112E+00
 0.292059011705631E+00
 0.291571776332390E+00
 0.290621819394765E+00
 0.289219428236200E+00
 0.287376133333544E+00
 0.285104622990880E+00
 0.283200344368583E+00
 0.280987862985399E+00
 0.279084984466408E+00
 0.276768160215915E+00
 0.274051337575612E+00
 0.270949388146105E+00
 0.267478033383103E+00
 0.263653778610465E+00
 0.260434256785406E+00
 0.259801406495469E+00
 0.258499084630948E+00
 0.259659596502856E+00
 0.263637258979339E+00
 0.267713554463118E+00
 0.271881420276614E+00
 0.276133196548023E+00
 0.280460650391091E+00
 0.284855000872847E+00
 0.289306945234523E+00
 0.293806686976856E+00
 0.298343966917664E+00
 0.302908098888410E+00
 0.307488011522662E+00
 0.312072296081601E+00
 0.316649258002571E+00
 0.321206968318964E+00
 0.325733311625381E+00
 0.330216029890269E+00
 0.334642764626398E+00
 0.339001101622607E+00
 0.343278621477519E+00
 0.347462956223203E+00
 0.351541849339470E+00
 0.355503215227224E+00
 0.359335195140247E+00
 0.363026208641502E+00
 0.366565001400147E+00
 0.369940690823906E+00
 0.373142810883229E+00
 0.376161357189838E+00
 0.378986833198392E+00
 0.381610297944976E+00
 0.384023414593437E+00
 0.386218497461375E+00
 0.388188554153142E+00
 0.389927320019003E+00
 0.391429284541197E+00
 0.394158666600733E+00
 0.396714521781901E+00
 0.399061506202767E+00
 0.401192574728018E+00
 0.403101386040343E+00
 0.404782339944448E+00
 0.406230610025525E+00
 0.407442168870179E+00
 0.408413804913969E+00
 0.409143132643153E+00
 0.409628599863753E+00
 0.409869495771986E+00
 0.409865961467528E+00
 0.409619001519563E+00
 0.409130492971431E+00
 0.408403187935468E+00
 0.407440707613692E+00
 0.406247528059488E+00
 0.404828959938662E+00
 0.403191125216236E+00
 0.401340933168539E+00
 0.399286056944395E+00
 0.397034910583466E+00
 0.394596625204564E+00
 0.391981022171936E+00
 0.389198580740819E+00
 0.386260398365998E+00
 0.383178143621504E+00
 0.379964003954221E+00
 0.376630632127332E+00
 0.373191095113822E+00
 0.369658827155908E+00
 0.366047585686780E+00
 0.362371406485295E+00
 0.358656239672226E+00
 0.354970989898414E+00
 0.351320921026822E+00
 0.347704151107969E+00
 0.344118139964733E+00
 0.340556296466215E+00
 0.337025958085703E+00
 0.333519368077103E+00
 0.330026565786426E+00
 0.326566216622826E+00
 0.323120048347157E+00
 0.319697417106462E+00
 0.316305070864481E+00
 0.312944667899997E+00
 0.309640750235078E+00
 0.306441834729916E+00
 0.303729044895619E+00
 0.301260233602502E+00
 0.298970833259011E+00
 0.296868888463701E+00
 0.294961676689778E+00
 0.293255673069280E+00
 0.291756516512695E+00
 0.290468981499715E+00
 0.289396958606905E+00
 0.288543444349706E+00
 0.287910538479680E+00
 0.287499445491290E+00
 0.287310477103414E+00
 0.287343053664565E+00
 0.287595704278708E+00
 0.288066067370311E+00
 0.288750894787435E+00
 0.289646062809950E+00
 0.290746592285914E+00
 0.292046677821169E+00
 0.293539723395225E+00
 0.295218380188731E+00
 0.297074582687745E+00
 0.299099581291881E+00
 0.301283972706414E+00
 0.303617731821433E+00
 0.306090249341872E+00
 0.308690377864191E+00
 0.311406486223987E+00
 0.314226519192339E+00
 0.317151876247859E+00
 0.320739484964410E+00
 0.324314768786736E+00
 0.327863475266096E+00
 0.331371541024780E+00
 0.334825144223712E+00
 0.338210761550630E+00
 0.341515230036696E+00
 0.344725811071521E+00
 0.347830252254955E+00
 0.350816842990688E+00
 0.353674461743960E+00
 0.356392615603189E+00
 0.358961474954386E+00
 0.361371906837789E+00
 0.363615509731233E+00
 0.365684650555314E+00
 0.367945306287187E+00
 0.370292466134714E+00
 0.372498783272344E+00
 0.374555945678002E+00
 0.376456356990466E+00
 0.378193159242297E+00
 0.379760251441581E+00
 0.381152307907829E+00
 0.382364798871403E+00
 0.383394013416941E+00
 0.384237082399860E+00
 0.384891997467585E+00
 0.385357622380475E+00
 0.385633694469881E+00
 0.385720816674254E+00
 0.385620443090153E+00
 0.385334862261778E+00
 0.384867181881200E+00
 0.384221316367833E+00
 0.383401975906121E+00
 0.382414653262596E+00
 0.381265604127272E+00
 0.379961818112764E+00
 0.378510980277383E+00
 0.376921425879423E+00
 0.375202092739148E+00
 0.373362475350207E+00
 0.371412582889024E+00
 0.369362900454979E+00
 0.367224350505143E+00
 0.365008250540313E+00
 0.362726263987302E+00
 0.360390343468169E+00
 0.358012668280353E+00
 0.355605579846980E+00
 0.353181519351306E+00
 0.350752970553177E+00
 0.348332408382926E+00
 0.345932251312496E+00
 0.343564813831089E+00
 0.341242255363843E+00
 0.338976523709938E+00
 0.336779293809039E+00
 0.334661905165837E+00
 0.332635302427799E+00
 0.330709982868058E+00
 0.328895952185040E+00
 0.327202687146653E+00
 0.325639101495475E+00
 0.324213511147559E+00
 0.322933596199289E+00
 0.321806359875947E+00
 0.320838087098136E+00
 0.320034306700364E+00
 0.319399760992838E+00
 0.318938384542369E+00
 0.318653291560386E+00
 0.318546769133238E+00
 0.318620272554727E+00
 0.318874419613215E+00
 0.319308982633756E+00
 0.319922879605226E+00
 0.320714167760319E+00
 0.321680043591251E+00
 0.323294631022665E+00
 0.325626096249260E+00
 0.328084567922579E+00
 0.330659654641805E+00
 0.333340380194581E+00
 0.336115228478266E+00
 0.338972186487618E+00
 0.341898787454187E+00
 0.344882157117016E+00
 0.347909065712035E+00
 0.350965986642749E+00
 0.354039160529249E+00
 0.357114661402771E+00
 0.360178461168881E+00
 0.363216489511737E+00
 0.366214688720283E+00
 0.369159065370762E+00
 0.372035742191493E+00
 0.374831013123277E+00
 0.377531402808617E+00
 0.380123729413668E+00
 0.382595167877453E+00
 0.384933310102373E+00
 0.387126219365161E+00
 0.389162477933316E+00
 0.391031228827899E+00
 0.392722214156753E+00
 0.394225812908705E+00
 0.395533080344121E+00
 0.396635789370710E+00
 0.397526472203884E+00
 0.398198459057362E+00
 0.398645910353516E+00
 0.398863840236179E+00
 0.398848131529112E+00
 0.398595544632375E+00
 0.398211017358616E+00
 0.398526339194742E+00
 0.398618491298489E+00
 0.398482722694028E+00
 0.398115107597533E+00
 0.397512566858477E+00
 0.396672880969039E+00
 0.395594694022811E+00
 0.394277510544610E+00
 0.392721688781683E+00
 0.390928434023713E+00
 0.388899793834315E+00
 0.386638654582133E+00
 0.384148736558376E+00
 0.381434584196665E+00
 0.378501548724550E+00
 0.375355762509818E+00
 0.372075611294746E+00
 0.368840976605454E+00
 0.365665575967438E+00
 0.362535973546172E+00
 0.359454916855305E+00
 0.356414511034593E+00
 0.353428336116261E+00
 0.350474808921852E+00
 0.347570215437422E+00
 0.344700851816517E+00
 0.341852934540866E+00
 0.339019177970270E+00
 0.336245682992130E+00
 0.333495343931068E+00
 0.330740563604923E+00
 0.328026885543999E+00
 0.325334782730693E+00
 0.322641681854640E+00
 0.319973756972073E+00
 0.317314298286129E+00
 0.314674096699829E+00
 0.312041091785750E+00
 0.309439111921637E+00
 0.306815522462576E+00
 0.304238588646207E+00
 0.301620652170236E+00
 0.299014042175309E+00
 0.296446996435022E+00
 0.293803530618124E+00
 0.291260314733326E+00
 0.288629907935107E+00
 0.286004100053574E+00
 0.283443605255074E+00
 0.280757389911541E+00
 0.278186051579329E+00
 0.275537136841524E+00
 0.272839293509919E+00
 0.270261175074591E+00
 0.267525516895402E+00
 0.264892559746413E+00
 0.262210749361170E+00
 0.259435212153844E+00
 0.256812515738672E+00
 0.254022256427249E+00
 0.251332594220682E+00
 0.248591753403167E+00
 0.245786262781235E+00
 0.243093927227763E+00
 0.240235317977170E+00
 0.237546450044428E+00
 0.234725430348418E+00
 0.231969168580028E+00
 0.229191244156721E+00
 0.226409935436064E+00
 0.228306029533292E+00
 0.230310080140706E+00
 0.232412996503227E+00
 0.234605648085248E+00
 0.236878907663662E+00
 0.239223697714272E+00
 0.241631040513643E+00
 0.244092110421896E+00
 0.246598285275062E+00
 0.249141193527774E+00
 0.251712755041372E+00
 0.254305215679344E+00
 0.256911178006529E+00
 0.259523631271455E+00
 0.262135983057492E+00
 0.264742093016374E+00
 0.267336307018010E+00
 0.269913488853356E+00
 0.272469046725521E+00
 0.274998952924116E+00
 0.277499756694424E+00
 0.279968591755000E+00
 0.282403180729083E+00
 0.284801838707906E+00
 0.287163477263741E+00
 0.289487608746993E+00
 0.291774349164199E+00
 0.294024417001419E+00
 0.296239125543192E+00
 0.298420367601472E+00
 0.300570593579225E+00
 0.302692785502475E+00
 0.304790430170107E+00
 0.306867493575749E+00
 0.308928396743800E+00
 0.310977991147677E+00
 0.313021530952572E+00
 0.315064639837398E+00
 0.317113271708970E+00
 0.319173666375262E+00
 0.321252302414885E+00
 0.323355849714488E+00
 0.325491123530000E+00
 0.327665040781827E+00
 0.329884578000332E+00
 0.332156729293695E+00
 0.334488462309581E+00
 0.336886670669407E+00
 0.339358122696972E+00
 0.341909407929699E+00
 0.344546884105504E+00
 0.347276627404576E+00
 0.350104387565359E+00
 0.353035547617505E+00
 0.356075086317279E+00
 0.359227540771994E+00
 0.362496967480033E+00
 0.365886901667069E+00
 0.369400316495184E+00
 0.373039584641002E+00
 0.376806444543213E+00
 0.380701972550702E+00
 0.384726560840564E+00
 0.388879899880060E+00
 0.393160963696231E+00
 0.397567996368467E+00
 0.402098498902312E+00
 0.406749216784161E+00
 0.411516129691809E+00
 0.416394445537107E+00
 0.421378600809278E+00
 0.426462268020216E+00
 0.431638369408622E+00
 0.436899094757276E+00
 0.442235920911390E+00
 0.447639631503181E+00
 0.453100336995732E+00
 0.458607496616510E+00
 0.464149944344488E+00
 0.469715920623121E+00
 0.475293110223227E+00
 0.480868685317221E+00
 0.486429351946442E+00
 0.491961397951384E+00
 0.497450741009919E+00
 0.502882976378462E+00
 0.508243424895255E+00
 0.513517182484712E+00
 0.518689172579681E+00
 0.523744202437513E+00
 0.528667023331526E+00
 0.533442393388306E+00
 0.538055140965439E+00
 0.542490226428093E+00
 0.546732801102223E+00
 0.550768263633287E+00
 0.554582315200572E+00
 0.558161015380376E+00
 0.561490839771547E+00
 0.564558739210664E+00
 0.567352199200621E+00
 0.569859297608701E+00
 0.572068758919073E+00
 0.573970004128472E+00
 0.575553196344955E+00
 0.576809282910820E+00
 0.577730035196647E+00
 0.578308087047036E+00
 0.578536972277984E+00
 0.578411160815195E+00
 0.577926092293128E+00
 0.577078205518444E+00
 0.575864962381146E+00
 0.574284865592251E+00
 0.572337470742886E+00
 0.570023394086133E+00
 0.567344317646449E+00
 0.564302992618892E+00
 0.560903240867802E+00
 0.557149953304619E+00
 0.553049083559346E+00
 0.548607635791304E+00
 0.543833646402942E+00
 0.538736160323749E+00
 0.533325203040204E+00
 0.527611749559878E+00
 0.523554556791042E+00
 0.519736304569516E+00
 0.515567352516969E+00
 0.511055841337962E+00
 0.506210878346478E+00
 0.501055084633722E+00
 0.495921722473154E+00
 0.490944537183549E+00
 0.486107458646349E+00
 0.481427565239030E+00
 0.476873324681304E+00
 0.472440014396568E+00
 0.468126486677358E+00
 0.463928151388814E+00
 0.459837425148626E+00
 0.455841360844802E+00
 0.451914088296207E+00
 0.448090983398508E+00
 0.444376592361149E+00
 0.440732487101737E+00
 0.437121499354125E+00
 0.433603772786076E+00
 0.430162004380449E+00
 0.426741780564952E+00
 0.423391364446280E+00
 0.420104746806155E+00
 0.416813788502769E+00
 0.413615090437151E+00
 0.410437071135506E+00
 0.407279819938491E+00
 0.404167081593613E+00
 0.401069228543264E+00
 0.398003318441261E+00
 0.394970581544849E+00
 0.391974277116776E+00
 0.388981241729032E+00
 0.386028811014244E+00
 0.383053022837290E+00
 0.380138768417612E+00
 0.377182365628545E+00
 0.374229082880451E+00
 0.371349712032906E+00
 0.368385051344150E+00
 0.365529642807510E+00
 0.362574177735390E+00
 0.359654545519192E+00
 0.356770243185733E+00
 0.353793198584239E+00
 0.350954298309920E+00
 0.347978200215767E+00
 0.345072551930618E+00
 0.342160104797946E+00
 0.339170238272770E+00
 0.336328998277910E+00
 0.333336843661853E+00
 0.330454143389782E+00
 0.327505594671199E+00
 0.324538641729813E+00
 0.321685422762643E+00
 0.318703894929189E+00
 0.315875077263001E+00
 0.312918070380844E+00
 0.310067803100731E+00
 0.307177086410745E+00
 0.304308435225443E+00
 0.302949299183514E+00
 0.304090933856716E+00
 0.305208799345476E+00
 0.306247654584999E+00
 0.307255137718784E+00
 0.308202727634736E+00
 0.309102705793444E+00
 0.309946575383077E+00
 0.310717421146090E+00
 0.311469960684544E+00
 0.312121606398514E+00
 0.312767564305506E+00
 0.313280787143104E+00
 0.313833478741063E+00
 0.314224365640869E+00
 0.314669535656072E+00
 0.314919025821675E+00
 0.315270863774253E+00
 0.315399263502142E+00
 0.315644581146695E+00
 0.315635001712667E+00
 0.315788791865674E+00
 0.315662987753774E+00
 0.315713182901697E+00
 0.315458890430653E+00
 0.315421079298506E+00
 0.315058400751345E+00
 0.315646853460439E+00
 0.316472355685598E+00
 0.317125117629191E+00
 0.317833878166250E+00
 0.318463803508461E+00
 0.319073901499481E+00
 0.319698734891254E+00
 0.320213962083602E+00
 0.320804011017094E+00
 0.321227665223644E+00
 0.321804793601267E+00
 0.322108297828137E+00
 0.322692568146092E+00
 0.322875079883185E+00
 0.323478327938798E+00
 0.323549556982318E+00
 0.323592681396262E+00
 0.323574317664004E+00
 0.323625858923675E+00
 0.323503575631323E+00
 0.322820608430088E+00
 0.321584045157289E+00
 0.319802541137308E+00
 0.318856158671719E+00
 0.319544576401835E+00
 0.320304534254929E+00
 0.321144915570325E+00
 0.322074277326927E+00
 0.323100800920861E+00
 0.324232243935928E+00
 0.325475894297647E+00
 0.326838528010450E+00
 0.328326371152790E+00
 0.329945066130682E+00
 0.331699641549321E+00
 0.333594484654333E+00
 0.335633315320265E+00
 0.337819161114593E+00
 0.340154333882759E+00
 0.342640409167979E+00
 0.345278210121242E+00
 0.348067797126950E+00
 0.351008463336319E+00
 0.354098735172545E+00
 0.357336376212874E+00
 0.360718392973789E+00
 0.364241041931797E+00
 0.367899838179354E+00
 0.371689566924761E+00
 0.375604299243976E+00
 0.379637413044093E+00
 0.383781619356098E+00
 0.388028993217296E+00
 0.392371007847178E+00
 0.396798570715428E+00
 0.401302060443118E+00
 0.405871364158859E+00
 0.410495915752304E+00
 0.415164736132972E+00
 0.419866476783860E+00
 0.424589467403772E+00
 0.429321767388703E+00
 0.434051219781687E+00
 0.438765505709244E+00
 0.443452197571698E+00
 0.448098810250044E+00
 0.452692850815816E+00
 0.457221868067297E+00
 0.461673503288475E+00
 0.466035542962586E+00
 0.470295973131553E+00
 0.474443034159064E+00
 0.478465274205775E+00
 0.482351599893396E+00
 0.486091323298205E+00
 0.489674205287495E+00
 0.493090495974136E+00
 0.496330973461821E+00
 0.499386981949163E+00
 0.502250469656499E+00
 0.504914026107260E+00
 0.507370917387086E+00
 0.509615117555353E+00
 0.511641334701970E+00
 0.513445031172718E+00
 0.515022438762694E+00
 0.516370570545833E+00
 0.517487231012251E+00
 0.518371025341590E+00
 0.519021367416934E+00
 0.519438485203396E+00
 0.519623421811950E+00
 0.519578031006789E+00
 0.519304966831705E+00
 0.518807668017757E+00
 0.518090338516923E+00
 0.517157925665333E+00
 0.516016097093694E+00
 0.514671216730663E+00
 0.513130319367743E+00
 0.511401082592733E+00
 0.509491794725618E+00
 0.507411317836676E+00
 0.505169045891582E+00
 0.502774859191141E+00
 0.500239077033678E+00
 0.497572410497149E+00
 0.494785916356859E+00
 0.491890951835266E+00
 0.488899128806781E+00
 0.485822265810401E+00
 0.482672336861032E+00
 0.479461417218067E+00
 0.476201627369400E+00
 0.472905077047235E+00
 0.469583810955664E+00
 0.466249757208012E+00
 0.462914678553930E+00
 0.459590125655554E+00
 0.456287391220756E+00
 0.453017463876722E+00
 0.449790981264396E+00
 0.446618182764240E+00
 0.443508863182758E+00
 0.440472329243411E+00
 0.437517360548874E+00
 0.434652175798555E+00
 0.431884403788838E+00
 0.429221057678382E+00
 0.426668510721732E+00
 0.424232472352481E+00
 0.421917964800814E+00
 0.419729301670886E+00
 0.417670070441901E+00
 0.415743120472428E+00
 0.413950557058656E+00
 0.412293740967833E+00
 0.410773292114509E+00
 0.409389095880922E+00
 0.408140310962528E+00
 0.407025378362932E+00
 0.406042032027039E+00
 0.405187312308146E+00
 0.404457583735146E+00
 0.403848558202107E+00
 0.403355323793068E+00
 0.402972378305315E+00
 0.402693665650170E+00
 0.402512613149626E+00
 0.402422168465432E+00
 0.402414836207017E+00
 0.402482715527950E+00
 0.402617540569600E+00
 0.402810725136344E+00
 0.403053411741048E+00
 0.403336523811403E+00
 0.403650819073304E+00
 0.403986942223380E+00
 0.404335475785521E+00
 0.404686989061748E+00
 0.405032085916463E+00
 0.405361452551549E+00
 0.405665906378552E+00
 0.405936446592526E+00
 0.406164306197427E+00
 0.406341004271755E+00
 0.406458396591280E+00
 0.406508722727435E+00
 0.406484648538299E+00
 0.406379304274723E+00
 0.406186319724086E+00
 0.405899858279962E+00
 0.405514651272087E+00
 0.405026032566345E+00
 0.404429972026675E+00
 0.403723105658737E+00
 0.402902760508507E+00
 0.401966973479779E+00
 0.400914504551534E+00
 0.399744845778634E+00
 0.398458227632390E+00
 0.397055623774094E+00
 0.395538754566025E+00
 0.393910088804309E+00
 0.392172842501416E+00
 0.390330973221595E+00
 0.388389168663982E+00
 0.386352828980147E+00
 0.384228043504777E+00
 0.382021563651087E+00
 0.379740774079825E+00
 0.377393663603138E+00
 0.374988795893888E+00
 0.372535278648821E+00
 0.370042729162479E+00
 0.367521234678828E+00
 0.364981307169836E+00
 0.362433833661626E+00
 0.359890024152518E+00
 0.357361359157865E+00
 0.354859538105735E+00
 0.352396428689460E+00
 0.349984016378137E+00
 0.347634352876297E+00
 0.345359502422561E+00
 0.343171485316085E+00
 0.341082218846862E+00
 0.339103456727484E+00
 0.337246728877870E+00
 0.335523283587677E+00
 0.333944033406291E+00
 0.332519504759196E+00
 0.331259789908253E+00
 0.330174499241498E+00
 0.329272712404417E+00
 0.328562928212370E+00
 0.328053014834695E+00
 0.327750162592900E+00
 0.327660841478978E+00
 0.327790764391611E+00
 0.328144855733609E+00
 0.328727224055982E+00
 0.329541137207662E+00
 0.330588998897388E+00
 0.331872326392010E+00
 0.333391729935641E+00
 0.335146895147124E+00
 0.337136569983705E+00
 0.339358557701986E+00
 0.341809716515862E+00
 0.344485965479288E+00
 0.347382294969481E+00
 0.350492779646318E+00
 0.353810592323331E+00
 0.357328018626733E+00
 0.361036473887091E+00
 0.364926524512481E+00
 0.368987915677857E+00
 0.373209605797374E+00
 0.377579806703158E+00
 0.382086027516455E+00
 0.386715120212365E+00
 0.391453325667206E+00
 0.396286320057241E+00
 0.401199262383747E+00
 0.406176844369111E+00
 0.411203343938725E+00
 0.416262683019808E+00
 0.421338489555305E+00
 0.426414162647209E+00
 0.431472938947876E+00
 0.436497958219492E+00
 0.441472326634819E+00
 0.446379177740044E+00
 0.451201732423667E+00
 0.455923359939765E+00
 0.460527641549215E+00
 0.464998436878580E+00
 0.469319951458320E+00
 0.473476802986785E+00
 0.477454084102746E+00
 0.481237420585335E+00
 0.484813025255409E+00
 0.488167748785477E+00
 0.491289128857354E+00
 0.494165438722387E+00
 0.496785735467496E+00
 0.499139907415534E+00
 0.501218719309019E+00
 0.503013853484641E+00
 0.504517945383696E+00
 0.505724612553618E+00
 0.506628477559352E+00
 0.507225186401245E+00
 0.507511424499689E+00
 0.507484931709549E+00
 0.507144516384462E+00
 0.506490066954950E+00
 0.505522558669244E+00
 0.504244053527778E+00
 0.502657692791166E+00
 0.500767682998978E+00
 0.498579277408243E+00
 0.496098754778345E+00
 0.493333396669950E+00
 0.490291463369935E+00
 0.486982167644045E+00
 0.483415644991627E+00
 0.479602919018049E+00
 0.475555860983380E+00
 0.471287143488417E+00
 0.466810189386218E+00
 0.462139117900826E+00
 0.457288690098366E+00
 0.452274255074840E+00
 0.447111696785528E+00
 0.441817380047097E+00
 0.436408093646048E+00
 0.430900989041430E+00
 0.425313514587591E+00
 0.419663346772322E+00
 0.413968320864342E+00
 0.408246363191389E+00
 0.402515426217035E+00
 0.396793426253387E+00
 0.391098182660285E+00
 0.385447357067157E+00
 0.379858391490347E+00
 0.374348444992766E+00
 0.368934329494132E+00
 0.363632446229760E+00
 0.358458724865465E+00
 0.353428567106856E+00
 0.348556795705351E+00
 0.343857608369568E+00
 0.339344534893070E+00
 0.335030395467591E+00
 0.330927258912560E+00
 0.327046401058738E+00
 0.323398264995989E+00
 0.319992425575133E+00
 0.316837560125185E+00
 0.313941426076062E+00
 0.311310844721536E+00
 0.308951689391899E+00
 0.307273786021284E+00
 0.306142134940621E+00
 0.304950374321941E+00
 0.303645246673566E+00
 0.302397625371442E+00
 0.301039482345753E+00
 0.300328287504644E+00
 0.300236024157413E+00
 0.300424593150298E+00
 0.300890333079095E+00
 0.301628717489829E+00
 0.302634382784027E+00
 0.303901156575595E+00
 0.305422088199113E+00
 0.307189483491214E+00
 0.309194945258804E+00
 0.311429419394114E+00
 0.313883245142508E+00
 0.316546207253292E+00
 0.319407587928484E+00
 0.322456217447125E+00
 0.325680523601086E+00
 0.329068581104244E+00
 0.332608162560608E+00
 0.336286792280955E+00
 0.340091803352236E+00
 0.344010397208559E+00
 0.348029703949434E+00
 0.352136841212172E+00
 0.356318969781443E+00
 0.360563345243334E+00
 0.364857366422299E+00
 0.369188622403341E+00
 0.373544940067989E+00
 0.377914433142814E+00
 0.382285552224048E+00
 0.386647133887230E+00
 0.390988446489964E+00
 0.395299230823866E+00
 0.399569735031116E+00
 0.403790744547989E+00
 0.407953608704535E+00
 0.412050265709371E+00
 0.416073267116858E+00
 0.420015801790102E+00
 0.423871718250427E+00
 0.427635543573172E+00
 0.431302496966712E+00
 0.434868496922617E+00
 0.438330162093863E+00
 0.441684807325564E+00
 0.444930436949524E+00
 0.448065737197300E+00
 0.451090068453997E+00
 0.454003456582657E+00
 0.456806581430402E+00
 0.459500760452731E+00
 0.462087926249474E+00
 0.464570598251727E+00
 0.466951850117968E+00
 0.469235274998149E+00
 0.471424950518948E+00
 0.473525404362946E+00
 0.475541580120018E+00
 0.477478802146214E+00
 0.479342737803474E+00
 0.481139355807084E+00
 0.482874880379451E+00
 0.484555742155191E+00
 0.486188527789422E+00
 0.487779930505640E+00
 0.489336703185925E+00
 0.490865614295732E+00
 0.492373405549958E+00
 0.493866749439361E+00
 0.495352204944093E+00
 0.496836170870242E+00
 0.498324837712350E+00
 0.499824140056086E+00
 0.501339711775326E+00
 0.502876845582036E+00
 0.504440457238345E+00
 0.506035053530698E+00
 0.507664702431534E+00
 0.509333003940031E+00
 0.511043060805502E+00
 0.512797449401496E+00
 0.514598192050034E+00
 0.516446732699983E+00
 0.518343917747417E+00
 0.520289982906071E+00
 0.522284545705555E+00
 0.524326602010477E+00
 0.526414524514917E+00
 0.528546061733099E+00
 0.530718337319708E+00
 0.532927850956467E+00
 0.535170482837103E+00
 0.537441503599242E+00
 0.539735590517250E+00
 0.542046849411743E+00
 0.544368840682156E+00
 0.546694607556493E+00
 0.549016705131241E+00
 0.551327229761291E+00
 0.553617849414042E+00
 0.555879836323628E+00
 0.558104103427040E+00
 0.560281245579441E+00
 0.562401585569530E+00
 0.564455223819488E+00
 0.566432089826731E+00
 0.568321993316278E+00
 0.570114673859364E+00
 0.571799849059718E+00
 0.573367262646830E+00
 0.574806734285307E+00
 0.576108212351706E+00
 0.577261829645207E+00
 0.578257960660719E+00
 0.579087278316049E+00
 0.579740808179758E+00
 0.580209979126127E+00
 0.580486670480621E+00
 0.580563256613969E+00
 0.580432650279664E+00
 0.580088345711456E+00
 0.579524461759685E+00
 0.578735784422381E+00
 0.577717807334632E+00
 0.576466768415898E+00
 0.574979681140478E+00
 0.573254359779577E+00
 0.571289439155606E+00
 0.569084390407379E+00
 0.566639534466297E+00
 0.563956054215712E+00
 0.561036004992284E+00
 0.557882321891124E+00
 0.554498821901537E+00
 0.550890199429251E+00
 0.547062014919278E+00
 0.543020677457522E+00
 0.538773422871596E+00
 0.534328288793701E+00
 0.529694087557428E+00
 0.524880377008993E+00
 0.519897428635757E+00
 0.514756192062375E+00
 0.509468255045122E+00
 0.504045798616876E+00
 0.498501547877915E+00
 0.492848719810254E+00
 0.487100970024739E+00
 0.481272340195913E+00
 0.475377207037860E+00
 0.469430232353770E+00
 0.463446312561999E+00
 0.457440525729299E+00
 0.451428074709013E+00
 0.445424226162966E+00
 0.439444246412456E+00
 0.433503335676977E+00
 0.427616562166776E+00
 0.421798796943749E+00
 0.416064649866642E+00
 0.410428406603347E+00
 0.404903966724595E+00
 0.399504783225724E+00
 0.394243804321123E+00
 0.389133418843454E+00
 0.384185406831008E+00
 0.379410896666673E+00
 0.374820329329845E+00
 0.370423429095162E+00
 0.366229178805728E+00
 0.362245797223866E+00
 0.358480716292701E+00
 0.354940557368652E+00
 0.351631107101942E+00
 0.348557294944537E+00
 0.345723174720661E+00
 0.343131912208180E+00
 0.340785779580717E+00
 0.338686156363766E+00
 0.336833535673315E+00
 0.335227534106137E+00
 0.333866903724554E+00
 0.332749545036394E+00
 0.331872520584713E+00
 0.331232069529092E+00
 0.330823624151722E+00
 0.330641829341713E+00
 0.330680565795631E+00
 0.330932977162623E+00
 0.331391500989483E+00
 0.332047903265310E+00
 0.332893316532551E+00
 0.333918281643500E+00
 0.335112793069767E+00
 0.336466347223660E+00
 0.337967992773496E+00
 0.339606381752710E+00
 0.341369820556336E+00
 0.343246320605631E+00
 0.345223649241282E+00
 0.347289381929384E+00
 0.349430956913975E+00
 0.351635733008842E+00
 0.353891050423350E+00
 0.356184293560079E+00
 0.358502953844806E+00
 0.360834690156104E+00
 0.363167384635475E+00
 0.365489192722908E+00
 0.367788587909420E+00
 0.370054403234761E+00
 0.372275872205711E+00
 0.374442671210730E+00
 0.376544963996912E+00
 0.378573447166394E+00
 0.380519394667569E+00
 0.382374699103692E+00
 0.384131908063834E+00
 0.385784254217690E+00
 0.387325678503872E+00
 0.388750846533021E+00
 0.390055159373937E+00
 0.391234760852989E+00
 0.392286543756189E+00
 0.393208156460875E+00
 0.393998009764257E+00
 0.394655281882031E+00
 0.395179918747159E+00
 0.395572627283715E+00
 0.395834860843626E+00
 0.395968797514296E+00
 0.395977312745766E+00
 0.395863947642846E+00
 0.395632873904644E+00
 0.395288856369027E+00
 0.394837214420286E+00
 0.394283783513150E+00
 0.393634877174482E+00
 0.392897248284243E+00
 0.392078047289578E+00
 0.391184775388728E+00
 0.390225232725900E+00
 0.389207464001656E+00
 0.388139704851992E+00
 0.387030331024656E+00
 0.385887809661828E+00
 0.384720649939969E+00
 0.383537350565703E+00
 0.382346344062388E+00
 0.381155940551655E+00
 0.379974274699684E+00
 0.378809257958220E+00
 0.377668535484971E+00
 0.376559445393538E+00
 0.375488978549786E+00
 0.374463739316167E+00
 0.373489909428672E+00
 0.372573216986387E+00
 0.371718910550079E+00
 0.370931736363848E+00
 0.370215916491132E+00
 0.369575127383848E+00
 0.369012480559538E+00
 0.368530507772930E+00
 0.368131151763028E+00
 0.367815761564237E+00
 0.367585090445680E+00
 0.367439295742612E+00
 0.367377942218534E+00
 0.367400011999331E+00
 0.367503922993864E+00
 0.367687554519202E+00
 0.367948275904644E+00
 0.368282973587040E+00
 0.368688075133712E+00
 0.369159572687743E+00
 0.369693050392144E+00
 0.370283718735254E+00
 0.370926454748500E+00
 0.371615843883435E+00
 0.372346219782009E+00
 0.373111701645407E+00
 0.373906232417390E+00
 0.374723621405125E+00
 0.375557591849540E+00
 0.376401830007451E+00
 0.377250030954326E+00
 0.378095938758580E+00
 0.378933382850627E+00
 0.379756314768096E+00
 0.380558847986877E+00
 0.381335299446680E+00
 0.382080228095841E+00
 0.382788466222819E+00
 0.383455143496660E+00
 0.384075708411802E+00
 0.384645953295948E+00
 0.385162045492767E+00
 0.385620560899744E+00
 0.386018511422146E+00
 0.386353358915833E+00
 0.386623014654592E+00
 0.386825830900700E+00
 0.386960594413542E+00
 0.387026528502009E+00
 0.387023303145572E+00
 0.386951046935539E+00
 0.386810353557128E+00
 0.386602278537977E+00
 0.386328325601654E+00
 0.385990423639133E+00
 0.385590895533679E+00
 0.385132421077482E+00
 0.384617998841911E+00
 0.384050914012827E+00
 0.383434717664976E+00
 0.382773216863479E+00
 0.382070467506207E+00
 0.381330758183022E+00
 0.380558576747362E+00
 0.379758560227437E+00
 0.378935437672391E+00
 0.378093978902185E+00
 0.377238957965890E+00
 0.376375131327955E+00
 0.375507223004460E+00
 0.374639906549393E+00
 0.373777777550578E+00
 0.372925316950773E+00
 0.372086850707811E+00
 0.371266512550070E+00
 0.370468214395512E+00
 0.369695625675282E+00
 0.368952160192016E+00
 0.368240967601636E+00
 0.367564925730849E+00
 0.366926629878132E+00
 0.366328376849512E+00
 0.365772145053587E+00
 0.365259576072924E+00
 0.364791965005640E+00
 0.364370264560597E+00
 0.363995102046069E+00
 0.363666802240721E+00
 0.363385406449163E+00
 0.363150680683659E+00
 0.362962112641124E+00
 0.362818904319171E+00
 0.362719970715929E+00
 0.362663952932413E+00
 0.362649247196595E+00
 0.362674043699643E+00
 0.362736365088242E+00
 0.362834096133874E+00
 0.362965001945715E+00
 0.363126738105930E+00
 0.363316858884195E+00
 0.363532828738065E+00
 0.363772039673995E+00
 0.364031834894539E+00
 0.364309537844464E+00
 0.364602484266129E+00
 0.364908052806998E+00
 0.365223688507821E+00
 0.365546915149132E+00
 0.365875337175535E+00
 0.366206637226648E+00
 0.366538577556861E+00
 0.366869011003222E+00
 0.367195901193662E+00
 0.367517346133999E+00
 0.367831597404075E+00
 0.368137069528506E+00
 0.368432338634326E+00
 0.368716133397870E+00
 0.368987322819887E+00
 0.369244904785103E+00
 0.369487998000796E+00
 0.369715838718446E+00
 0.369927782416901E+00
 0.370123308673288E+00
 0.370302024997637E+00
 0.370463664146945E+00
 0.370608071260445E+00
 0.370735182068316E+00
 0.370844998715991E+00
 0.370937571724178E+00
 0.371012993592361E+00
 0.371071403432390E+00
 0.371112996784748E+00
 0.371138033395130E+00
 0.371146838186483E+00
 0.371139794654607E+00
 0.371117333137702E+00
 0.371079917985407E+00
 0.371028037768782E+00
 0.370962201531413E+00
 0.370882941687991E+00
 0.370790821036499E+00
 0.370686438852675E+00
 0.370570430724128E+00
 0.370443459158342E+00
 0.370306196073761E+00
 0.370159302189940E+00
 0.370003410289639E+00
 0.369839118276297E+00
 0.369666993959767E+00
 0.369487588095207E+00
 0.369301448136073E+00
 0.369109125033436E+00
 0.368911169613910E+00
 0.368708121007951E+00
 0.368500493414898E+00
 0.368288767077774E+00
 0.368073385904011E+00
 0.367854760751264E+00
 0.367633275965047E+00
 0.367409296861622E+00
 0.367183176026265E+00
 0.366955256201706E+00
 0.366725868244631E+00
 0.366495324849694E+00
 0.366263913397026E+00
 0.366031892255595E+00
 0.365799493170454E+00
 0.365566929112548E+00
 0.365334404277073E+00
 0.365102122009729E+00
 0.364870287202043E+00
 0.364639101595925E+00
 0.364408753172609E+00
 0.364179403746989E+00
 0.363951180499626E+00
 0.363724175863098E+00
 0.363498456114373E+00
 0.363274074670289E+00
 0.363051084286769E+00
 0.362829543838341E+00
 0.362609518299800E+00
 0.362391072797191E+00
 0.362174262727209E+00
 0.361959122962980E+00
 0.361745660369856E+00
 0.361533853875893E+00
 0.361323663736599E+00
 0.361115047127313E+00
 0.360907973644488E+00
 0.360702434161216E+00
 0.360498439628245E+00
 0.360296010606486E+00
 0.360095161545632E+00
 0.359895885565682E+00
 0.359698145826487E+00
 0.359501877931895E+00
 0.359307003639387E+00
 0.359113450633034E+00
 0.358921169480624E+00
 0.358730139950460E+00
 0.358540364277007E+00
 0.358351851303222E+00
 0.358164599087601E+00
 0.357978583434308E+00
 0.357793757066893E+00
 0.357610060225008E+00
 0.357427438991670E+00
 0.357245863690647E+00
 0.357065338496020E+00
 0.356885896920483E+00
 0.356707585043350E+00
 0.356530440848300E+00
 0.356354479523181E+00
 0.356179690504891E+00
 0.356006045916578E+00
 0.355833515769732E+00
 0.355662083979937E+00
 0.355491759542240E+00
 0.355322578260334E+00
 0.355154593068513E+00
 0.354987855798088E+00
 0.354822398176031E+00
 0.354658221155646E+00
 0.354495297591899E+00
 0.354333586211890E+00
 0.354173049439047E+00
 0.354013666728143E+00
 0.353855437931720E+00
 0.353698375495276E+00
 0.353542488514577E+00
 0.353387765319531E+00
 0.353234162922402E+00
 0.353081609287650E+00
 0.352930017772579E+00
 0.352779305923326E+00
 0.352629408380649E+00
 0.352480277962247E+00
 0.352331876502255E+00
 0.352184161930472E+00
 0.352037077762480E+00
 0.351890548008247E+00
 0.351744478235563E+00
 0.351598762927207E+00
 0.351453298163953E+00
 0.351307995772339E+00
 0.351162792532186E+00
 0.351017649202564E+00
 0.350872539366796E+00
 0.350727433807683E+00
 0.350582288194163E+00
 0.350437039501181E+00
 0.350291612257057E+00
 0.350145931950856E+00
 0.349999940370426E+00
 0.349853606269040E+00
 0.349706925699041E+00
 0.349559910830259E+00
 0.349412572578163E+00
 0.349264906353741E+00
 0.349116888065044E+00
 0.348968480589855E+00
 0.348819645024392E+00
 0.348670350511840E+00
 0.348520580166597E+00
 0.348370333619648E+00
 0.348219626257705E+00
 0.348068483627736E+00
 0.347916930726771E+00
 0.347764980219750E+00
 0.347612626654055E+00
 0.347459851383492E+00
 0.347306636223624E+00
 0.347152978204214E+00
 0.346998897481724E+00
 0.346844434980919E+00
 0.346689641734555E+00
 0.346534565097754E+00
 0.346379237654617E+00
 0.346223673446286E+00
 0.346067873246219E+00
 0.345911836285620E+00
 0.345755572193287E+00
 0.345599106925828E+00
 0.345442480657186E+00
 0.345285740601151E+00
 0.345128933328404E+00
 0.344972098785674E+00
 0.344815265656680E+00
 0.344658448342273E+00
 0.344501648405635E+00
 0.344344863199489E+00
 0.344188099475411E+00
 0.344031383982537E+00
 0.343874762768407E+00
 0.343718287928549E+00
 0.343561999574814E+00
 0.343405914201505E+00
 0.343250025816800E+00
 0.343094317624476E+00
 0.342938776435569E+00
 0.342783402366938E+00
 0.342628210631449E+00
 0.342473226503195E+00
 0.342318476807832E+00
 0.342163981646101E+00
 0.342009749143352E+00
 0.341855774286103E+00
 0.341702041201605E+00
 0.341548527686959E+00
 0.341395211426945E+00
 0.341242077496074E+00
 0.341089125002293E+00
 0.340936368454533E+00
 0.340783830186110E+00
 0.340631525581533E+00
 0.340479449448453E+00
 0.340327573293935E+00
 0.340175856664192E+00
 0.340024265595238E+00
 0.339872785989920E+00
 0.339721423860036E+00
 0.339570194156122E+00
 0.339419107118508E+00
 0.339268160605579E+00
 0.339117340678277E+00
 0.338966626937048E+00
 0.338815997866526E+00
 0.338665434025372E+00
 0.338514919820433E+00
 0.338364445316488E+00
 0.338214008162053E+00
 0.338063613966559E+00
 0.337913273042783E+00
 0.337762993136375E+00
 0.337612771023472E+00
 0.337462588448374E+00
 0.337312416938892E+00
 0.337162230705383E+00
 0.337012020259973E+00
 0.336861797200449E+00
 0.336711585874561E+00
 0.336561407120779E+00
 0.336411265319754E+00
 0.336261147285743E+00
 0.336111032288672E+00
 0.335960904620642E+00
 0.335810759914595E+00
 0.335660603026331E+00
 0.335510442106448E+00
 0.335360284770462E+00
 0.335210138134398E+00
 0.335060009830150E+00
 0.334909906430005E+00
 0.334759829107687E+00
 0.334609770205843E+00
 0.334459714954862E+00
 0.334309649163972E+00
 0.334159568816026E+00
 0.334009484930372E+00
 0.333859419202640E+00
 0.333709391938904E+00
 0.333559409679214E+00
 0.333409461002962E+00
 0.333259523748082E+00
 0.333109578737219E+00
 0.332959620425071E+00
 0.332809657590209E+00
 0.332659705074571E+00
 0.332509773953130E+00
 0.332359867231995E+00
 0.332209982212685E+00
 0.332060114948092E+00
 0.331910261803425E+00
 0.331760417589670E+00
 0.331610574083295E+00
 0.331460722617531E+00
 0.331310860128327E+00
 0.331160993834756E+00
 0.331011139663351E+00
 0.330861313880883E+00
 0.330711522771962E+00
 0.330561757396945E+00
 0.330411997646574E+00
 0.330262223696425E+00
 0.330112427714403E+00
 0.329962618146094E+00
 0.329812813837686E+00
 0.329663032312838E+00
 0.329513280399937E+00
 0.329363553028764E+00
 0.329213839371134E+00
 0.329064130231328E+00
