 0.563905467927871E-08
 0.935154737335379E-07
 0.484345374902794E-06
 0.155120699147462E-05
 0.380597460528398E-05
 0.787557939116223E-05
 0.144753656633420E-04
 0.243848023963893E-04
 0.384272115012473E-04
 0.574515645185695E-04
 0.823122527445507E-04
 0.113842811615720E-03
 0.157497309891617E-03
 0.212074122846095E-03
 0.278610085954124E-03
 0.358183311188689E-03
 0.451722261996100E-03
 0.559959931909577E-03
 0.683387672710544E-03
 0.822212685243327E-03
 0.976322377779554E-03
 0.114525686357721E-02
 0.134955580695336E-02
 0.157779815158497E-02
 0.182574564274262E-02
 0.209228193671890E-02
 0.237584533316128E-02
 0.267442381754502E-02
 0.298555705783543E-02
 0.332351519342732E-02
 0.371012940675409E-02
 0.432106984930216E-02
 0.521458439731831E-02
 0.623184234876139E-02
 0.738101777806088E-02
 0.866972235535034E-02
 0.101048663465195E-01
 0.116925220764586E-01
 0.134377938138960E-01
 0.153446995540316E-01
 0.174160711868096E-01
 0.196534794712054E-01
 0.220571887596471E-01
 0.246261436303872E-01
 0.273579860723887E-01
 0.302490985672558E-01
 0.332946663267626E-01
 0.364887517614956E-01
 0.398243760367722E-01
 0.432936056605581E-01
 0.468876452544957E-01
 0.505969396993380E-01
 0.544112888625264E-01
 0.583199760667368E-01
 0.623119081751989E-01
 0.663757620433895E-01
 0.705001304633504E-01
 0.746736613096549E-01
 0.788851860980111E-01
 0.831238374322266E-01
 0.873791573514138E-01
 0.916411992884303E-01
 0.959006250233511E-01
 0.100148795468022E+00
 0.104377851714147E+00
 0.108580781723820E+00
 0.112751468782087E+00
 0.116884719888899E+00
 0.120976274590327E+00
 0.125022796337977E+00
 0.129021848881294E+00
 0.132971859670541E+00
 0.136872071385904E+00
 0.140722482042035E+00
 0.144523773827514E+00
 0.148277230780166E+00
 0.151984645352705E+00
 0.155648213818569E+00
 0.159270420422986E+00
 0.162853910363681E+00
 0.166401352146984E+00
 0.169915290529075E+00
 0.173397991996427E+00
 0.176851285491868E+00
 0.180276401824035E+00
 0.183673815809395E+00
 0.187043095455000E+00
 0.190382762114581E+00
 0.193690164431957E+00
 0.196961367288793E+00
 0.200191055523236E+00
 0.203372451586390E+00
 0.206497246927386E+00
 0.209555548488103E+00
 0.212535843394460E+00
 0.215424985694614E+00
 0.218208208123408E+00
 0.220869159484298E+00
 0.223389965309040E+00
 0.225751307377920E+00
 0.227932517549365E+00
 0.229911683305597E+00
 0.231665765516308E+00
 0.233170731544663E+00
 0.234401707534124E+00
 0.235333152017736E+00
 0.235939049583861E+00
 0.236193119781387E+00
 0.236069034464726E+00
 0.235540637467678E+00
 0.234582163863528E+00
 0.233168460937069E+00
 0.231275217314622E+00
 0.228879208247475E+00
 0.225958562347491E+00
 0.222493048236886E+00
 0.218464370574391E+00
 0.213856457055636E+00
 0.208655714591717E+00
 0.202851235865147E+00
 0.196434946434083E+00
 0.189401694819361E+00
 0.181749299594648E+00
 0.173478574627740E+00
 0.164593354110182E+00
 0.155100533137848E+00
 0.145010130039520E+00
 0.136833697836592E+00
 0.133778873094089E+00
 0.132795901265774E+00
 0.131504607756542E+00
 0.130602079301282E+00
 0.130197727759859E+00
 0.129492701374986E+00
 0.128563424271865E+00
 0.128603821943529E+00
 0.128346888207899E+00
 0.127779209005141E+00
 0.127634808792792E+00
 0.127707609836347E+00
 0.127472041508762E+00
 0.126991066923553E+00
 0.127318971261981E+00
 0.127339530061142E+00
 0.127039744381330E+00
 0.127006835401749E+00
 0.137847673733830E+00
 0.152622338509174E+00
 0.167063213724715E+00
 0.181113454653931E+00
 0.194717721285318E+00
 0.207823014220183E+00
 0.220379388906866E+00
 0.232340446378459E+00
 0.243663548257143E+00
 0.254309765337125E+00
 0.264243627333671E+00
 0.273432781730060E+00
 0.281847681978776E+00
 0.289461407598376E+00
 0.296249678062711E+00
 0.302191072400455E+00
 0.307267421651563E+00
 0.311464311580860E+00
 0.314771620629822E+00
 0.317184019054144E+00
 0.318701363382424E+00
 0.319328931429354E+00
 0.319077456601455E+00
 0.317962938701024E+00
 0.316006234827013E+00
 0.313232468410889E+00
 0.309670331732942E+00
 0.305351386718086E+00
 0.300309477220035E+00
 0.294580343816397E+00
 0.288201479986238E+00
 0.281212200103965E+00
 0.273653827854042E+00
 0.265569880907084E+00
 0.257006135508847E+00
 0.248010498293659E+00
 0.238632674052180E+00
 0.228923674791967E+00
 0.218935249680644E+00
 0.208719320266585E+00
 0.198327484270947E+00
 0.190614206817285E+00
 0.183425984235816E+00
 0.179879937588325E+00
 0.183446699428910E+00
 0.186959070566827E+00
 0.190409458806652E+00
 0.193789978453466E+00
 0.197092487065961E+00
 0.200308651860493E+00
 0.203430036113104E+00
 0.206448188649834E+00
 0.209354717217422E+00
 0.212141331238884E+00
 0.215351447898825E+00
 0.218541121139468E+00
 0.221619055345277E+00
 0.224576824424477E+00
 0.227405935704113E+00
 0.230097841542252E+00
 0.232643982364060E+00
 0.238356594933221E+00
 0.243671879783714E+00
 0.248835394760315E+00
 0.254583499438290E+00
 0.259606930237917E+00
 0.263879449882841E+00
 0.267377648614840E+00
 0.270081342561384E+00
 0.271973929262189E+00
 0.273042608738683E+00
 0.273278416958988E+00
 0.272676082577072E+00
 0.271233781655463E+00
 0.268989303599320E+00
 0.266553196601627E+00
 0.264130080563224E+00
 0.261791790054157E+00
 0.259454986911083E+00
 0.257163235516704E+00
 0.254941144954731E+00
 0.252797006677663E+00
 0.250709573001514E+00
 0.248652783128298E+00
 0.246583171006339E+00
 0.244446643924924E+00
 0.242470998038184E+00
 0.240542379525349E+00
 0.238465243042355E+00
 0.236482876326496E+00
 0.234609165098964E+00
 0.232492200794185E+00
 0.230679698017084E+00
 0.228746448849611E+00
 0.226735077590446E+00
 0.224990228171352E+00
 0.222882144733000E+00
 0.221268203726702E+00
 0.219312136899641E+00
 0.217613764316205E+00
 0.215796728343431E+00
 0.214048496121331E+00
 0.212350960184091E+00
 0.210584146198336E+00
 0.209025211519623E+00
 0.207224830065044E+00
 0.205690421898459E+00
 0.203969448273103E+00
 0.202474491700664E+00
 0.200811747463600E+00
 0.199329248875432E+00
 0.197744480229123E+00
 0.196292017174509E+00
 0.194763022885472E+00
 0.193315377873730E+00
 0.191861379085545E+00
 0.191067038388415E+00
 0.191592407577765E+00
 0.191974409909838E+00
 0.192312683375795E+00
 0.192876199728734E+00
 0.193156823185269E+00
 0.193738704115087E+00
 0.194198431871083E+00
 0.194530758801047E+00
 0.195171947622710E+00
 0.195517336304562E+00
 0.196048118889986E+00
 0.196570149727494E+00
 0.196848151018804E+00
 0.197502174799547E+00
 0.197895092131258E+00
 0.198286639728413E+00
 0.198854826816425E+00
 0.199160225519742E+00
 0.199649643321985E+00
 0.200072736084974E+00
 0.200346907084895E+00
 0.200859217293622E+00
 0.201168815989880E+00
 0.201424382100570E+00
 0.201666695022464E+00
 0.201916266357162E+00
 0.202138680919195E+00
 0.202341146342390E+00
 0.202534743503254E+00
 0.202726137476970E+00
 0.202917928690012E+00
 0.203108770594228E+00
 0.203293754026897E+00
 0.203464623045127E+00
 0.203609782341509E+00
 0.203715068231219E+00
 0.203842894135941E+00
 0.204019187416378E+00
 0.204750159120413E+00
 0.205621058657327E+00
 0.206384198210028E+00
 0.207088296484740E+00
 0.207899337057562E+00
 0.208573153916774E+00
 0.209291437873449E+00
 0.209979309146823E+00
 0.210567364792318E+00
 0.211280646350185E+00
 0.211812840501222E+00
 0.212465890844593E+00
 0.212970409415331E+00
 0.213539390768788E+00
 0.214026989976592E+00
 0.214506056385198E+00
 0.214978948984716E+00
 0.215371861040935E+00
 0.215830263586865E+00
 0.216144267715162E+00
 0.216159290810984E+00
 0.216407033685678E+00
 0.216402781327109E+00
 0.216573869224086E+00
 0.216356925285154E+00
 0.215752435939425E+00
 0.214762302319359E+00
 0.220594300774714E+00
 0.231928785713562E+00
 0.243056413463185E+00
 0.253924254838002E+00
 0.264480210474374E+00
 0.274673214982648E+00
 0.284453350257574E+00
 0.293771920503642E+00
 0.302581551947939E+00
 0.310836364372553E+00
 0.318492226305529E+00
 0.325507065679666E+00
 0.331841179934445E+00
 0.337457485832991E+00
 0.342321671289249E+00
 0.346402249781214E+00
 0.349670556146964E+00
 0.353038975201666E+00
 0.357123836497124E+00
 0.360361656792036E+00
 0.362726088561126E+00
 0.364193829662306E+00
 0.364744677824476E+00
 0.364361681217124E+00
 0.363031363066979E+00
 0.360743959920251E+00
 0.357493601041666E+00
 0.353278374646053E+00
 0.348123280784486E+00
 0.342785154889354E+00
 0.337599816508444E+00
 0.332598358800260E+00
 0.327746478341453E+00
 0.323012264392808E+00
 0.318496589818517E+00
 0.314067017831658E+00
 0.309800667898126E+00
 0.313267072806410E+00
 0.317915199309969E+00
 0.322177548235465E+00
 0.326039231988367E+00
 0.329486418167535E+00
 0.332506431850622E+00
 0.335087866468125E+00
 0.337220678310281E+00
 0.338896244921299E+00
 0.340107378947181E+00
 0.340848303207041E+00
 0.341114606286851E+00
 0.340903206062136E+00
 0.340212346295421E+00
 0.339041637071598E+00
 0.337392127921333E+00
 0.335266383293782E+00
 0.332668524164892E+00
 0.329604211234355E+00
 0.333255201451968E+00
 0.339554716285953E+00
 0.345632935197872E+00
 0.351476020802768E+00
 0.357070754764473E+00
 0.362404573002444E+00
 0.367465611636765E+00
 0.372242764453778E+00
 0.378886683838644E+00
 0.385897526030066E+00
 0.392661628052353E+00
 0.399165480710845E+00
 0.405396272844720E+00
 0.411341899271532E+00
 0.416990975588828E+00
 0.422332869954631E+00
 0.427357752750290E+00
 0.432056655303911E+00
 0.436421523899753E+00
 0.440445257580943E+00
 0.444121725865515E+00
 0.447445770569709E+00
 0.450413199997179E+00
 0.453020782594363E+00
 0.455266243120407E+00
 0.457148260986957E+00
 0.458666469550231E+00
 0.459821455846563E+00
 0.460614760276832E+00
 0.461048874006819E+00
 0.461127229758731E+00
 0.460854181814476E+00
 0.460234974570847E+00
 0.459275704010982E+00
 0.457983279252425E+00
 0.456365389358097E+00
 0.454430474876220E+00
 0.452187698220454E+00
 0.449646906087554E+00
 0.446818581407548E+00
 0.443713788609539E+00
 0.440344119550229E+00
 0.436721645745426E+00
 0.432858877045353E+00
 0.428768721755389E+00
 0.424464441937340E+00
 0.419959600578310E+00
 0.415268001838544E+00
 0.410403628487279E+00
 0.405380580641324E+00
 0.400213018214043E+00
 0.394915108075380E+00
 0.390181263136731E+00
 0.386075726460092E+00
 0.382112518281852E+00
 0.378290129265562E+00
 0.374599169001754E+00
 0.371037986080465E+00
 0.367606183944309E+00
 0.364289281122391E+00
 0.361081218746292E+00
 0.357986918568764E+00
 0.355007249438246E+00
 0.352092244280635E+00
 0.349316815859563E+00
 0.346579031111264E+00
 0.343980857946811E+00
 0.341424924530733E+00
 0.338964959591391E+00
 0.336576621178617E+00
 0.334240152798338E+00
 0.331991394430922E+00
 0.329777499654332E+00
 0.327637873182440E+00
 0.325544906237275E+00
 0.323482274393264E+00
 0.321514352348048E+00
 0.319490693391441E+00
 0.317655803337009E+00
 0.315677264095124E+00
 0.313929533543066E+00
 0.312025389136731E+00
 0.310302178193327E+00
 0.308486833352991E+00
 0.306743604649814E+00
 0.305039726174205E+00
 0.304259250505323E+00
 0.304163353251234E+00
 0.303974304507894E+00
 0.303718154980407E+00
 0.303686692162922E+00
 0.303426659332057E+00
 0.303298661635437E+00
 0.303117239602230E+00
 0.302845891436971E+00
 0.302759428727721E+00
 0.302480919671295E+00
 0.302256436371525E+00
 0.302108133853224E+00
 0.301936502189945E+00
 0.301835094177266E+00
 0.301599069020792E+00
 0.301516369406088E+00
 0.301204419713785E+00
 0.301128117081159E+00
 0.300828487716564E+00
 0.300675749540030E+00
 0.300369753885144E+00
 0.300141451449165E+00
 0.299845939210643E+00
 0.299529131026034E+00
 0.299221000092686E+00
 0.298827824441345E+00
 0.298520493093525E+00
 0.298039261483986E+00
 0.297717402352290E+00
 0.297165420809374E+00
 0.296832779026276E+00
 0.296221035783606E+00
 0.295850734497772E+00
 0.295240847749915E+00
 0.294785520857806E+00
 0.294160523564722E+00
 0.293636604330120E+00
 0.293008056592659E+00
 0.292436616538806E+00
 0.291771877354931E+00
 0.291744126630052E+00
 0.291836850159631E+00
 0.292142700011892E+00
 0.292173372616118E+00
 0.292446298395241E+00
 0.292467340268733E+00
 0.292662188628112E+00
 0.292689123745424E+00
 0.292811613184965E+00
 0.292537058054563E+00
 0.292341460065906E+00
 0.292014282959199E+00
 0.291812037476044E+00
 0.291424013148831E+00
 0.290657101212433E+00
 0.289524123205525E+00
 0.288038798732466E+00
 0.286215678935689E+00
 0.284070067629415E+00
 0.281617933137189E+00
 0.280098897745050E+00
 0.281490265348787E+00
 0.282190550405708E+00
 0.282180264340737E+00
 0.281442475366215E+00
 0.279963004638714E+00
 0.277730651668527E+00
 0.274737389519681E+00
 0.271113654246833E+00
 0.267481193709607E+00
 0.263976876002179E+00
 0.260488924806741E+00
 0.257159101959301E+00
 0.253899154025807E+00
 0.250700570312041E+00
 0.247560385806175E+00
 0.244466935007775E+00
 0.241516700106938E+00
 0.238648746283392E+00
 0.235836063325758E+00
 0.233069784407003E+00
 0.230325553197991E+00
 0.227718525982632E+00
 0.232377750260280E+00
 0.237492441601847E+00
 0.242610225713839E+00
 0.247717735555376E+00
 0.252801420067246E+00
 0.257847597009113E+00
 0.262842513661442E+00
 0.267772411263536E+00
 0.272623585886215E+00
 0.277382440035652E+00
 0.282035525019746E+00
 0.286569580198704E+00
 0.290971577457849E+00
 0.295228775970729E+00
 0.299328785752898E+00
 0.303259633062150E+00
 0.307009819844703E+00
 0.310568373222732E+00
 0.313924886297415E+00
 0.317069554545389E+00
 0.319993211422993E+00
 0.322687364223766E+00
 0.325144229679109E+00
 0.327356769437339E+00
 0.329318726813575E+00
 0.331024665512469E+00
 0.332470007759484E+00
 0.333651065840614E+00
 0.334565060950890E+00
 0.335210127793129E+00
 0.335585310041950E+00
 0.335690555939443E+00
 0.335526721724721E+00
 0.335095584119380E+00
 0.334399855909097E+00
 0.333443195305701E+00
 0.332230201964418E+00
 0.330766398317965E+00
 0.329058200404439E+00
 0.327112884619889E+00
 0.324938555459997E+00
 0.322544116235013E+00
 0.319939242230175E+00
 0.317134354736710E+00
 0.314140594063194E+00
 0.310969788987153E+00
 0.307634419215015E+00
 0.304147567685405E+00
 0.300522862214001E+00
 0.296774410386007E+00
 0.292916735053272E+00
 0.288964717437042E+00
 0.284933550152282E+00
 0.280838696089449E+00
 0.276695845072017E+00
 0.272520861074838E+00
 0.268329717753800E+00
 0.264138425786691E+00
 0.259962958734788E+00
 0.255819183615013E+00
 0.251932766372480E+00
 0.249829570324752E+00
 0.247771638261098E+00
 0.245750105410023E+00
 0.243749943239177E+00
 0.241779143082840E+00
 0.239856076748480E+00
 0.237955081206065E+00
 0.236056506387179E+00
 0.234198587107651E+00
 0.232361719918053E+00
 0.230531042472576E+00
 0.228723716242694E+00
 0.226934101941216E+00
 0.225174738078272E+00
 0.226326455374884E+00
 0.233197602065031E+00
 0.239262105350918E+00
 0.244503138623167E+00
 0.248907152835389E+00
 0.252463943907451E+00
 0.255166771913894E+00
 0.257449586240993E+00
 0.261059654592337E+00
 0.263780338780297E+00
 0.265608600387482E+00
 0.266545016130227E+00
 0.266593909746268E+00
 0.265763422809075E+00
 0.264065477982898E+00
 0.261515629240247E+00
 0.258182256162941E+00
 0.254745721996020E+00
 0.251387149589825E+00
 0.248141578145123E+00
 0.244934863232442E+00
 0.241809880568169E+00
 0.238789883378295E+00
 0.235881626228681E+00
 0.233883890128080E+00
 0.237487653924163E+00
 0.241199170253479E+00
 0.245005008833348E+00
 0.248891507526852E+00
 0.252844822043227E+00
 0.256850976955812E+00
 0.260895920479930E+00
 0.264965584246701E+00
 0.269045947633079E+00
 0.273123104335020E+00
 0.277183327422143E+00
 0.281213128962667E+00
 0.285199311978596E+00
 0.289129015513958E+00
 0.292989756489302E+00
 0.296769473073009E+00
 0.300456572740113E+00
 0.304039984768282E+00
 0.307509213537063E+00
 0.310854387513129E+00
 0.314066299912146E+00
 0.317136439924188E+00
 0.320057016413790E+00
 0.322820977701403E+00
 0.325422030884778E+00
 0.327854662612430E+00
 0.330114161171930E+00
 0.332196637999761E+00
 0.334099045723515E+00
 0.335819189811175E+00
 0.337355731855632E+00
 0.338708184275197E+00
 0.339876898238778E+00
 0.340863048112903E+00
 0.341668615894080E+00
 0.342296377651210E+00
 0.342749891477075E+00
 0.343033484024041E+00
 0.343152231657635E+00
 0.343111933241712E+00
 0.342919074129398E+00
 0.342580783738590E+00
 0.342104790663991E+00
 0.341499378874391E+00
 0.340773346553894E+00
 0.339935966765867E+00
 0.338996947555431E+00
 0.337966388902795E+00
 0.336854734856440E+00
 0.335672720579924E+00
 0.334431315380237E+00
 0.333141663739525E+00
 0.331815026771832E+00
 0.330462726217088E+00
 0.329096092020362E+00
 0.327726412996125E+00
 0.326364888677455E+00
 0.325022579925239E+00
 0.323710356603968E+00
 0.322438842357716E+00
 0.321218358411396E+00
 0.320058869400956E+00
 0.318969933915550E+00
 0.317960660869279E+00
 0.317039670847289E+00
 0.316215060247045E+00
 0.315494366016017E+00
 0.314884529948074E+00
 0.314391863069083E+00
 0.314022011742001E+00
 0.313779927324434E+00
 0.313669840682378E+00
 0.313695242063075E+00
 0.313858866107514E+00
 0.314162681236390E+00
 0.314607882287012E+00
 0.315194885239428E+00
 0.315923323329992E+00
 0.316792044781477E+00
 0.317799113378007E+00
 0.318941813579999E+00
 0.320216661430265E+00
 0.321619421308665E+00
 0.323145127296365E+00
 0.324788107247877E+00
 0.326542008009190E+00
 0.328399821347922E+00
 0.330353911416445E+00
 0.332396045243378E+00
 0.334517427501960E+00
 0.336708739845054E+00
 0.338960184021780E+00
 0.341261527381048E+00
 0.343602149435421E+00
 0.345971088698014E+00
 0.348357089638851E+00
 0.350748650085543E+00
 0.353134069671714E+00
 0.355501500022106E+00
 0.357838997169785E+00
 0.360134576125538E+00
 0.362376266673942E+00
 0.364552168776322E+00
 0.366650505923560E+00
 0.368659675582991E+00
 0.370568297153827E+00
 0.372365258851281E+00
 0.374039765064674E+00
 0.375581384891677E+00
 0.376980101227115E+00
 0.378226358721430E+00
 0.379311108667845E+00
 0.380225849494458E+00
 0.380962662633075E+00
 0.381514244529705E+00
 0.381873936026786E+00
 0.382035750203680E+00
 0.381994399215610E+00
 0.381745319995247E+00
 0.381284698050210E+00
 0.380609488102131E+00
 0.379717430120982E+00
 0.378607059633965E+00
 0.377277712119334E+00
 0.375729522538358E+00
 0.373963421957282E+00
 0.371981133142765E+00
 0.369785165886001E+00
 0.367378811222586E+00
 0.364766132595094E+00
 0.361951951983279E+00
 0.358941830035585E+00
 0.355742040626404E+00
 0.352359541290564E+00
 0.348801941259807E+00
 0.345077468429023E+00
 0.341194935865214E+00
 0.337163707769289E+00
 0.332993664267351E+00
 0.328695164078197E+00
 0.324279004024049E+00
 0.319756374640515E+00
 0.315138811884227E+00
 0.310438145987525E+00
 0.305666449408796E+00
 0.300835985992911E+00
 0.295959162602997E+00
 0.291048482949841E+00
 0.286116501989406E+00
 0.281175778915932E+00
 0.276254773936208E+00
 0.271429833444147E+00
 0.266705400218237E+00
 0.262076834161111E+00
 0.257540686683436E+00
 0.253357223949394E+00
 0.252385743090393E+00
 0.251478236164763E+00
 0.250531974405879E+00
 0.249633932882487E+00
 0.248718657859565E+00
 0.247819027154863E+00
 0.246954927877024E+00
 0.246092045978278E+00
 0.245269401873219E+00
 0.244405216975312E+00
 0.243538329190029E+00
 0.242738000196880E+00
 0.241849739498556E+00
 0.241037264882573E+00
 0.240167013608035E+00
 0.239233052061966E+00
 0.238457839848887E+00
 0.237518016932335E+00
 0.236615561914638E+00
 0.235763784396555E+00
 0.234752960171696E+00
 0.233884252681053E+00
 0.232923526180577E+00
 0.231852335588193E+00
 0.230988991433865E+00
 0.229921091844128E+00
 0.228878091727458E+00
 0.227908754172383E+00
 0.226745228446376E+00
 0.225731375023043E+00
 0.224630759959031E+00
 0.223392875758733E+00
 0.222387632181805E+00
 0.221160777500676E+00
 0.219981549790287E+00
 0.218848584738544E+00
 0.217528108760194E+00
 0.216196166435261E+00
 0.214873293814390E+00
 0.213546694010413E+00
 0.212820033728052E+00
 0.214990843178466E+00
 0.216981814068276E+00
 0.218795322699650E+00
 0.220434177604094E+00
 0.221901591469156E+00
 0.223201154518876E+00
 0.224336808473795E+00
 0.225312819094676E+00
 0.226133745169876E+00
 0.226804402811620E+00
 0.227329825589395E+00
 0.227715222481115E+00
 0.227965936157966E+00
 0.228087403584960E+00
 0.228085119712640E+00
 0.227964603767266E+00
 0.227731366782715E+00
 0.227390878736042E+00
 0.226948533928326E+00
 0.226409614001837E+00
 0.225779249060775E+00
 0.225062378490546E+00
 0.224263713816297E+00
 0.223886313123747E+00
 0.223889999880380E+00
 0.223842711654716E+00
 0.223787107443695E+00
 0.223669954628131E+00
 0.223547006489608E+00
 0.223119504636661E+00
 0.222390236201658E+00
 0.221576071737740E+00
 0.222016800883848E+00
 0.223245509551821E+00
 0.224523167997076E+00
 0.225857541158443E+00
 0.227382832218859E+00
 0.236208257750590E+00
 0.244945836817982E+00
 0.253549504814885E+00
 0.261972721571275E+00
 0.270168717636555E+00
 0.278090762267041E+00
 0.285692434540553E+00
 0.292927879998621E+00
 0.299752040647394E+00
 0.306120852342080E+00
 0.311991409067298E+00
 0.317322099463462E+00
 0.322072728471619E+00
 0.326204644756296E+00
 0.329680897497439E+00
 0.332466438502051E+00
 0.335063968775553E+00
 0.338524583199607E+00
 0.341265089205431E+00
 0.343251915928955E+00
 0.344453939992356E+00
 0.344842644083495E+00
 0.344392285224712E+00
 0.343080067146368E+00
 0.340886305910025E+00
 0.337794573279252E+00
 0.333791802814191E+00
 0.328868352881155E+00
 0.327035027269157E+00
 0.333073096512359E+00
 0.339267964815936E+00
 0.345611778534271E+00
 0.352095894531235E+00
 0.358710895915255E+00
 0.365446606962730E+00
 0.372292109789881E+00
 0.379235765525653E+00
 0.386265241997021E+00
 0.393367548794429E+00
 0.400529079320103E+00
 0.407735658127624E+00
 0.414972590775498E+00
 0.422224713074711E+00
 0.429476437541870E+00
 0.436711797047433E+00
 0.443914488181932E+00
 0.451067918341685E+00
 0.458155259908652E+00
 0.465159512287147E+00
 0.472063569334908E+00
 0.478850287700226E+00
 0.485502551836969E+00
 0.492003333702458E+00
 0.498335747944115E+00
 0.504483105258861E+00
 0.510428966893124E+00
 0.516157202257580E+00
 0.521652050132665E+00
 0.526898182529614E+00
 0.531880769160681E+00
 0.536585539761785E+00
 0.540998841469615E+00
 0.545107689413282E+00
 0.548899810598179E+00
 0.552363683329566E+00
 0.555488575703514E+00
 0.558264586204714E+00
 0.560682687244106E+00
 0.562734769626613E+00
 0.564413683984862E+00
 0.565713275201823E+00
 0.566628407727147E+00
 0.567154982387881E+00
 0.567289947388439E+00
 0.567031306774358E+00
 0.566378128713303E+00
 0.565330554250193E+00
 0.563889805566448E+00
 0.562058191712215E+00
 0.559839109392382E+00
 0.557237036654225E+00
 0.554257518278882E+00
 0.550907143260150E+00
 0.547193516527574E+00
 0.543125228210586E+00
 0.538711823467742E+00
 0.533963774101846E+00
 0.528892450652507E+00
 0.523510091740226E+00
 0.517829767189218E+00
 0.511865333001789E+00
 0.505631378734446E+00
 0.499143169950519E+00
 0.492416589233417E+00
 0.485468078549982E+00
 0.478314584088870E+00
 0.470973502904757E+00
 0.463462629466814E+00
 0.455823377585932E+00
 0.448333177156846E+00
 0.441062211824490E+00
 0.434000419040593E+00
 0.427137871852451E+00
 0.420470974210750E+00
 0.413985136723014E+00
 0.407677102162826E+00
 0.401544194767751E+00
 0.395578617310263E+00
 0.389755724365789E+00
 0.384105873303804E+00
 0.378613566605799E+00
 0.373223807940619E+00
 0.368012745016920E+00
 0.362944276870793E+00
 0.360858260152885E+00
 0.359730027890399E+00
 0.358700428223356E+00
 0.357680318437801E+00
 0.356673954672706E+00
 0.355711543040565E+00
 0.354753378513896E+00
 0.353825856507408E+00
 0.352926463820183E+00
 0.352047079051076E+00
 0.351173348405536E+00
 0.350305656336554E+00
 0.349454559248339E+00
 0.348574792391611E+00
 0.347735821563546E+00
 0.346842895372321E+00
 0.345946693095814E+00
 0.345078258200061E+00
 0.344148738097611E+00
 0.343263727105444E+00
 0.342299242499485E+00
 0.341313066538060E+00
 0.340380411678003E+00
 0.339347662300178E+00
 0.338339734233825E+00
 0.337300734569278E+00
 0.336196036986837E+00
 0.335150848550778E+00
 0.334011057984316E+00
 0.332945759238670E+00
 0.331832037151900E+00
 0.330688303913667E+00
 0.329557428184409E+00
 0.328334228659106E+00
 0.327191305773743E+00
 0.325878167102631E+00
 0.324718284234029E+00
 0.323340072511410E+00
 0.322147967652244E+00
 0.320761672322219E+00
 0.319472195366122E+00
 0.318098385328565E+00
 0.316697368335441E+00
 0.315323697249450E+00
 0.313826687358046E+00
 0.312464549751218E+00
 0.310871345689231E+00
 0.309505171041924E+00
 0.307904199155989E+00
 0.308186559049316E+00
 0.308981993150520E+00
 0.309933963715809E+00
 0.310680022532490E+00
 0.311514293215748E+00
 0.312185549685241E+00
 0.312917854356177E+00
 0.313531646132943E+00
 0.314148802992638E+00
 0.314688118188325E+00
 0.315213732689199E+00
 0.315682881166604E+00
 0.316121059867189E+00
 0.316498572229255E+00
 0.316838817007719E+00
 0.317155012691757E+00
 0.317380271341309E+00
 0.317649571369231E+00
 0.317762748179558E+00
 0.317991204949606E+00
 0.318004456177404E+00
 0.318101608087169E+00
 0.318773331643195E+00
 0.319817573879758E+00
 0.320398443182854E+00
 0.320835097387400E+00
 0.321345153616174E+00
 0.321750433831090E+00
 0.322174553234869E+00
 0.322045784246280E+00
 0.321368558369978E+00
 0.320148863664022E+00
 0.318394205615929E+00
 0.316113570371401E+00
 0.314306496514632E+00
 0.312100739933513E+00
 0.310256546740059E+00
 0.307899224127136E+00
 0.305039688706529E+00
 0.301690220159691E+00
 0.297864418940864E+00
 0.293577156991379E+00
 0.288844518557896E+00
 0.283683731859667E+00
 0.278113094528032E+00
 0.272151895467006E+00
 0.266342984773726E+00
 0.260575760523302E+00
 0.255254502047375E+00
 0.249663474620334E+00
 0.247891624596614E+00
 0.250202660589643E+00
 0.252662078484484E+00
 0.255269964589176E+00
 0.258025734207194E+00
 0.260928123344281E+00
 0.263975185157748E+00
 0.267164291304805E+00
 0.270492137874694E+00
 0.273954755112997E+00
 0.277547519792364E+00
 0.281265169094942E+00
 0.285101815418247E+00
 0.289050962474944E+00
 0.293105523972687E+00
 0.297257846477360E+00
 0.301499737500536E+00
 0.305822498642982E+00
 0.310216962419658E+00
 0.314673530851237E+00
 0.319182214286597E+00
 0.323732669925326E+00
 0.328314240535410E+00
 0.332915994410497E+00
 0.337526767561020E+00
 0.342135208691370E+00
 0.346729826962492E+00
 0.351299042024883E+00
 0.355831235355240E+00
 0.360314801595576E+00
 0.364738198550431E+00
 0.369089994933186E+00
 0.373358915842191E+00
 0.377533886935845E+00
 0.381604078817175E+00
 0.385558952839690E+00
 0.389388308469688E+00
 0.393082331024221E+00
 0.396631637760720E+00
 0.400027320375971E+00
 0.403260982902844E+00
 0.406324775243045E+00
 0.409211423508862E+00
 0.411914258593921E+00
 0.414427243984243E+00
 0.416745003060442E+00
 0.418862845361185E+00
 0.420776790686378E+00
 0.422483589623793E+00
 0.423980739176516E+00
 0.425266492724213E+00
 0.426339864501941E+00
 0.427200629810426E+00
 0.427849322784484E+00
 0.428287233333326E+00
 0.428516403810295E+00
 0.428539624538718E+00
 0.428360426250577E+00
 0.427983067369754E+00
 0.427412514978430E+00
 0.426654419783256E+00
 0.425715086711869E+00
 0.424601443320667E+00
 0.423321007807974E+00
 0.421881857375384E+00
 0.420292596471904E+00
 0.418562323566198E+00
 0.416700594800650E+00
 0.414717383245257E+00
 0.412623033369310E+00
 0.410428211515057E+00
 0.408143854193379E+00
 0.405781116488020E+00
 0.403351322456963E+00
 0.400865918212665E+00
 0.398336426823005E+00
 0.395774403023474E+00
 0.393191385572261E+00
 0.390598846053365E+00
 0.388008134605164E+00
 0.385430424625222E+00
 0.382876659226618E+00
 0.380357501773716E+00
 0.377883291450105E+00
 0.375464003162499E+00
 0.373109209886591E+00
 0.370828045282495E+00
 0.368629165099391E+00
 0.366520707225149E+00
 0.364510251681238E+00
 0.362604782868086E+00
 0.360810656538615E+00
 0.359133573208448E+00
 0.357578558242954E+00
 0.356149947252551E+00
 0.354851374366949E+00
 0.353685760964092E+00
 0.352655303568827E+00
 0.351761461441069E+00
 0.351004946025802E+00
 0.350385715156591E+00
 0.349902974332304E+00
 0.349555185768050E+00
 0.349340083986829E+00
 0.349254695334671E+00
 0.349295358567616E+00
 0.349457744641357E+00
 0.349736875565956E+00
 0.350127143902073E+00
 0.350622335452524E+00
 0.351215657562868E+00
 0.351899774266771E+00
 0.352666847775005E+00
 0.353508584197962E+00
 0.354416280556322E+00
 0.355380870437854E+00
 0.356392967019153E+00
 0.357442904052622E+00
 0.358520777017468E+00
 0.359616487221224E+00
 0.360719790911225E+00
 0.361820353701000E+00
 0.362907808600812E+00
 0.363971814562600E+00
 0.365002112325129E+00
 0.365988575532310E+00
 0.366921257069125E+00
 0.367790432442636E+00
 0.368586643005956E+00
 0.369300741472450E+00
 0.369923940676420E+00
 0.370447864574395E+00
 0.370864598891626E+00
 0.371166738252768E+00
 0.371347427301088E+00
 0.371400394917899E+00
 0.371319982552137E+00
 0.371101169096106E+00
 0.370739595106828E+00
 0.370231588294727E+00
 0.369574190418695E+00
 0.368765183785670E+00
 0.367803114307039E+00
 0.366687308089028E+00
 0.365417879850618E+00
 0.363995733510903E+00
 0.362422557174574E+00
 0.360700815641750E+00
 0.358833743085616E+00
 0.356825336900439E+00
 0.354680351660840E+00
 0.352404290571069E+00
 0.350003391403069E+00
 0.347484604864963E+00
 0.344855565163214E+00
 0.342124554424622E+00
 0.339300463845332E+00
 0.336392754481449E+00
 0.333411419512633E+00
 0.330366948048468E+00
 0.327270288811312E+00
 0.324132811024518E+00
 0.320966260005239E+00
 0.317782706286306E+00
 0.314594489049491E+00
 0.311414156406373E+00
 0.308257275091266E+00
 0.305140952103147E+00
 0.302068814267325E+00
 0.299046782417251E+00
 0.296087070394163E+00
 0.293212380166547E+00
 0.290444345825632E+00
 0.287785472070909E+00
 0.285247720243265E+00
 0.282842700954095E+00
 0.280581617562189E+00
 0.278475215272693E+00
 0.276533735603075E+00
 0.274766874440489E+00
 0.273183741229053E+00
 0.271792817207947E+00
 0.270601911917572E+00
 0.269618118913099E+00
 0.268847773091278E+00
 0.268296412608279E+00
 0.270792625357563E+00
 0.273958440368726E+00
 0.276257435149445E+00
 0.279968848170569E+00
 0.283159162302901E+00
 0.285446133331212E+00
 0.286812866318802E+00
 0.287246013209846E+00
 0.286735855346580E+00
 0.285276375013862E+00
 0.282865302117725E+00
 0.279595025998915E+00
 0.281996017427515E+00
 0.284600335681161E+00
 0.287400108074983E+00
 0.290386637595735E+00
 0.293550426629928E+00
 0.296881203479052E+00
 0.300367953971461E+00
 0.303998959770211E+00
 0.308449585123752E+00
 0.313124787844904E+00
 0.317814130873805E+00
 0.322501176355062E+00
 0.327169369212347E+00
 0.331802096561675E+00
 0.336382746917152E+00
 0.340894771099218E+00
 0.345321746185032E+00
 0.349647442593547E+00
 0.353855892916527E+00
 0.357931460007778E+00
 0.361858901665462E+00
 0.365623430159113E+00
 0.369210766519450E+00
 0.372607191174768E+00
 0.375799593375588E+00
 0.378775521453498E+00
 0.381523234481774E+00
 0.384801350235034E+00
 0.388060479240974E+00
 0.391135799710864E+00
 0.394014558599003E+00
 0.396684647962395E+00
 0.399134647086781E+00
 0.401353861068333E+00
 0.403332358215987E+00
 0.405061007865339E+00
 0.406531518592691E+00
 0.407736475197377E+00
 0.408669371965922E+00
 0.409324639993304E+00
 0.409697667503786E+00
 0.409784813596376E+00
 0.409583416998791E+00
 0.409091801833586E+00
 0.408309281996537E+00
 0.407236164729900E+00
 0.405873752738463E+00
 0.404224343205722E+00
 0.402291221715862E+00
 0.400078649564029E+00
 0.397591844116608E+00
 0.394836953313735E+00
 0.391821026458197E+00
 0.388551983582913E+00
 0.385038584804262E+00
 0.381290399540212E+00
 0.377367595344956E+00
 0.373500536933170E+00
 0.369712684644769E+00
 0.365995945179820E+00
 0.362349404027224E+00
 0.358772979885788E+00
 0.355256101093821E+00
 0.351803526222714E+00
 0.348397787773457E+00
 0.345060175200673E+00
 0.341768269820267E+00
 0.338520691941630E+00
 0.335299976271847E+00
 0.332134771511274E+00
 0.329008838775035E+00
 0.325915500667621E+00
 0.322865287004273E+00
 0.319827350559188E+00
 0.316846040574125E+00
 0.313859098234776E+00
 0.310923729380135E+00
 0.307981306299677E+00
 0.305072292631938E+00
 0.302188551686399E+00
 0.299271280503021E+00
 0.296461606259795E+00
 0.293552790504390E+00
 0.290773985316834E+00
 0.287891942329811E+00
 0.285098094593416E+00
 0.282263826401615E+00
 0.279423173276092E+00
 0.276660797698869E+00
 0.273762549748856E+00
 0.271052446922396E+00
 0.268176449066169E+00
 0.265433802461724E+00
 0.262601402227592E+00
 0.259807146869872E+00
 0.257032009466113E+00
 0.254178156156078E+00
 0.251460325995451E+00
 0.248569604663223E+00
 0.245893884015488E+00
 0.243034449276692E+00
 0.240962484026591E+00
 0.243141722523537E+00
 0.244679372438924E+00
 0.245592465696009E+00
 0.245900568601795E+00
 0.245625681949836E+00
 0.244792122332578E+00
 0.243426374074441E+00
 0.241556916600479E+00
 0.239214043189578E+00
 0.236447922302357E+00
 0.233627831842894E+00
 0.233386122537182E+00
 0.237012026251988E+00
 0.240713887235114E+00
 0.244480556109545E+00
 0.248301049294011E+00
 0.252164594163945E+00
 0.256060675408438E+00
 0.259979081944822E+00
 0.263909952771031E+00
 0.267843819731636E+00
 0.271771645518898E+00
 0.275684856215780E+00
 0.279575368936382E+00
 0.283435616109524E+00
 0.287258568231619E+00
 0.291037756324108E+00
 0.294767294109233E+00
 0.298441898626185E+00
 0.302056907265764E+00
 0.305608289367183E+00
 0.309092651512598E+00
 0.312507236995729E+00
 0.315849921012836E+00
 0.319119203475562E+00
 0.322314200878488E+00
 0.325434637625113E+00
 0.328480836082420E+00
 0.331453703859240E+00
 0.334354716690352E+00
 0.337185895902526E+00
 0.339949780511971E+00
 0.342649395123989E+00
 0.345288215502392E+00
 0.347870133634648E+00
 0.350399423339190E+00
 0.352880706279312E+00
 0.355318917194297E+00
 0.357719266716594E+00
 0.360087200521696E+00
 0.362428354586256E+00
 0.364748507543007E+00
 0.367053531974100E+00
 0.369349346608203E+00
 0.371641870748462E+00
 0.373936981159926E+00
 0.376240470571062E+00
 0.378558006346903E+00
 0.380895088009382E+00
 0.383257003054852E+00
 0.385648781624217E+00
 0.388075151551392E+00
 0.390540495727865E+00
 0.393048813377462E+00
 0.395603685867526E+00
 0.398208246511778E+00
 0.400865152971406E+00
 0.403576560715977E+00
 0.406344096619916E+00
 0.409168832851816E+00
 0.412051262269967E+00
 0.414991277103505E+00
 0.417988152537120E+00
 0.421040536006152E+00
 0.424146441895165E+00
 0.427303250384283E+00
 0.430507708800483E+00
 0.433755934168914E+00
 0.437043416579703E+00
 0.440365024092368E+00
 0.443715010703873E+00
 0.447087029036405E+00
 0.450474148775203E+00
 0.453868880763283E+00
 0.457263205534482E+00
 0.460648604448404E+00
 0.464016091761869E+00
 0.467356246844205E+00
 0.470659246904052E+00
 0.473914901506278E+00
 0.477112690416451E+00
 0.480241805824440E+00
 0.483291199001650E+00
 0.486249630369961E+00
 0.489105721245245E+00
 0.491848005446524E+00
 0.494464979561059E+00
 0.496945151689326E+00
 0.499277089537795E+00
 0.501449469326705E+00
 0.503451126841762E+00
 0.505271111105636E+00
 0.506898739936675E+00
 0.508323655649581E+00
 0.509535878818424E+00
 0.510525858537642E+00
 0.511284518747068E+00
 0.511803301403638E+00
 0.512074208022954E+00
 0.512089841054288E+00
 0.511843445750609E+00
 0.511328952040185E+00
 0.510541014918331E+00
 0.510384963973439E+00
 0.511202897139550E+00
 0.511749735432082E+00
 0.512018468641758E+00
 0.512002774698051E+00
 0.511697053262526E+00
 0.511096458965362E+00
 0.510196933457200E+00
 0.508995234739439E+00
 0.507488962163679E+00
 0.505676576073113E+00
 0.503557412020366E+00
 0.501131690415966E+00
 0.498400522963248E+00
 0.495365917134389E+00
 0.492030779299271E+00
 0.488398916202236E+00
 0.484475033665666E+00
 0.480264731028453E+00
 0.475774490083069E+00
 0.471011658086139E+00
 0.465999349892083E+00
 0.461018687652842E+00
 0.456169820844076E+00
 0.451450009024132E+00
 0.446844359310004E+00
 0.442365919953904E+00
 0.437994745054495E+00
 0.433719826005899E+00
 0.429545298740020E+00
 0.425450017121384E+00
 0.421437241374376E+00
 0.417529085567759E+00
 0.413711564025144E+00
 0.409959119190050E+00
 0.406230601839405E+00
 0.402609405046737E+00
 0.399062186774659E+00
 0.395524249675851E+00
 0.392054694408809E+00
 0.388668329360462E+00
 0.385259909633335E+00
 0.381946377391909E+00
 0.378672352980587E+00
 0.375374809973704E+00
 0.372179656033953E+00
 0.368965583391232E+00
 0.365800893091168E+00
 0.362663665713886E+00
 0.359524090043178E+00
 0.356430424171515E+00
 0.353332723426798E+00
 0.350263540313027E+00
 0.347215197699330E+00
 0.344197626352812E+00
 0.341204119584800E+00
 0.338209430308378E+00
 0.335253434107271E+00
 0.332279051621374E+00
 0.329302007055144E+00
 0.326396183431763E+00
 0.323419658001534E+00
 0.320546620336607E+00
 0.317583036547063E+00
 0.314691541547335E+00
 0.311777122915398E+00
 0.308825321599716E+00
 0.306005970002302E+00
 0.303051284337537E+00
 0.300247514068938E+00
 0.297321702307704E+00
 0.294494759041595E+00
 0.291635455180615E+00
 0.288760665192830E+00
 0.285996382328088E+00
 0.285876070427958E+00
 0.286845432121380E+00
 0.287796546158556E+00
 0.288698718363087E+00
 0.289554197064709E+00
 0.290382562073455E+00
 0.291219612085675E+00
 0.291928321185967E+00
 0.292696294897390E+00
 0.293283155532035E+00
 0.293975476863571E+00
 0.294449653903179E+00
 0.295047815788080E+00
 0.295404639743653E+00
 0.295904390922409E+00
 0.296149789217262E+00
 0.296550258737281E+00
 0.296688647519543E+00
 0.296973713976193E+00
 0.297019889994184E+00
 0.297188551615350E+00
 0.297136365403635E+00
 0.297181417961482E+00
 0.297040788020138E+00
 0.296972640945837E+00
 0.296742143439845E+00
 0.296549551368570E+00
 0.296236756212173E+00
 0.295936106780782E+00
 0.295540711583248E+00
 0.295122806865285E+00
 0.294647233897043E+00
 0.294133859337007E+00
 0.293567254175058E+00
 0.292965564334183E+00
 0.293414333865935E+00
 0.294341787994302E+00
 0.295149035408747E+00
 0.295841004686816E+00
 0.296423392936580E+00
 0.296902632541332E+00
 0.297285854038052E+00
 0.297580846597253E+00
 0.297796017225320E+00
 0.297940349011710E+00
 0.298023357903679E+00
 0.298055047026365E+00
 0.298045857672213E+00
 0.298006616662469E+00
 0.297948480531697E+00
 0.297882877569797E+00
 0.297821448956920E+00
 0.297775990011484E+00
 0.297758392073004E+00
 0.297780584983252E+00
 0.297854479727249E+00
 0.297991910680475E+00
 0.298204577097439E+00
 0.298503983890684E+00
 0.298901382246358E+00
 0.299407711025577E+00
 0.300033540036362E+00
 0.300789016032582E+00
 0.301683811766466E+00
 0.302727077825982E+00
 0.303927396630463E+00
 0.305292738024637E+00
 0.306830416349158E+00
 0.308547049415707E+00
 0.310448520183742E+00
 0.312539941971366E+00
 0.314825627777361E+00
 0.317309063909218E+00
 0.319992887772563E+00
 0.322878869484080E+00
 0.325967896951446E+00
 0.329259964192784E+00
 0.332754162881962E+00
 0.336448677325287E+00
 0.340340783226891E+00
 0.344426850635545E+00
 0.348702351365700E+00
 0.353161870963620E+00
 0.357799125004953E+00
 0.362606979272631E+00
 0.367577473295875E+00
 0.372701846884188E+00
 0.377970569584154E+00
 0.383373373241041E+00
 0.388899287905053E+00
 0.394536681168055E+00
 0.400273300778149E+00
 0.406096320212426E+00
 0.411992386853148E+00
 0.417947672454096E+00
 0.423947925613398E+00
 0.429978525957939E+00
 0.436024539733937E+00
 0.442070776539748E+00
 0.448101847031125E+00
 0.454102221523645E+00
 0.460056289448846E+00
 0.465948419557766E+00
 0.471763020623797E+00
 0.477484602235109E+00
 0.483097835165691E+00
 0.488587610834282E+00
 0.493939099497642E+00
 0.499137807000904E+00
 0.504169630024237E+00
 0.509020909779577E+00
 0.513678484064121E+00
 0.518129737534650E+00
 0.522362650041878E+00
 0.526365842807276E+00
 0.530128622101453E+00
 0.533641019950195E+00
 0.536893831378371E+00
 0.539878647884681E+00
 0.542587887161847E+00
 0.545014819359347E+00
 0.547153590260730E+00
 0.548999241573980E+00
 0.550547728214967E+00
 0.551795932170473E+00
 0.552741672398456E+00
 0.553383710314440E+00
 0.553721750685785E+00
 0.553756438098037E+00
 0.553489349427362E+00
 0.552922982842541E+00
 0.552060743750008E+00
 0.550906927856184E+00
 0.549466701258997E+00
 0.547746077279855E+00
 0.545751889662681E+00
 0.543491761842110E+00
 0.540974072245774E+00
 0.538207915998767E+00
 0.535203063781253E+00
 0.531969918736284E+00
 0.528519472109173E+00
 0.524863257805559E+00
 0.521013305545822E+00
 0.516982092046554E+00
 0.512782489795995E+00
 0.508427713421698E+00
 0.503931264159226E+00
 0.499306873301287E+00
 0.494568445600677E+00
 0.489730003393201E+00
 0.484805631784561E+00
 0.479809424779859E+00
 0.474755431920659E+00
 0.469657604962699E+00
 0.464529744382818E+00
 0.459385445934921E+00
 0.454238047914965E+00
 0.449100580082905E+00
 0.443985715204921E+00
 0.438905723875352E+00
 0.433872432729253E+00
 0.428897185580795E+00
 0.423990806707083E+00
 0.419163565634362E+00
 0.414425143328066E+00
 0.409784600357833E+00
 0.405250348052710E+00
 0.400830123668652E+00
 0.396530970186618E+00
 0.392359220754279E+00
 0.388320487237735E+00
 0.384419652063066E+00
 0.380660862593028E+00
 0.377047527666692E+00
 0.373582316473311E+00
 0.370267160405498E+00
 0.367103258731536E+00
 0.364091088753335E+00
 0.361230420644872E+00
 0.358520336581763E+00
 0.355959253298089E+00
 0.353544947028021E+00
 0.351274580000827E+00
 0.349144728205775E+00
 0.347151410806447E+00
 0.345290122038405E+00
 0.343555866410839E+00
 0.341943197528726E+00
 0.340446260107589E+00
 0.339058834147156E+00
 0.337774380044257E+00
 0.336586083700123E+00
 0.335486901236925E+00
 0.334469603520566E+00
 0.333526821067593E+00
 0.332651089967626E+00
 0.331834899166804E+00
 0.331070738937607E+00
 0.330351149808655E+00
 0.329668770875820E+00
 0.329016386419156E+00
 0.328386970114080E+00
 0.327773726703501E+00
 0.327170131557316E+00
 0.326569968854979E+00
 0.325967369037941E+00
 0.325356845699190E+00
 0.324733331401278E+00
 0.324092211367352E+00
 0.323429353866483E+00
 0.322741136497448E+00
 0.322024468266095E+00
 0.321276807990277E+00
 0.320496179852756E+00
 0.319681186777201E+00
 0.318831021862894E+00
 0.317945477607207E+00
 0.317024952264881E+00
 0.316070452553759E+00
 0.315083592059726E+00
 0.314066585086203E+00
 0.313022236211053E+00
 0.311953926255691E+00
 0.310865595541267E+00
 0.309761725116732E+00
 0.308647316169613E+00
 0.307527867283143E+00
 0.306409348835459E+00
 0.305298173831824E+00
 0.304201164847355E+00
 0.303125517374914E+00
 0.302078760427371E+00
 0.301068715455626E+00
 0.300103454412546E+00
 0.299191257264931E+00
 0.298340568730209E+00
 0.297559953750886E+00
 0.296858051292247E+00
 0.296243526353335E+00
 0.295725020452956E+00
 0.295311101168953E+00
 0.295010211503640E+00
 0.294830619870010E+00
 0.294780371303635E+00
 0.294867240132678E+00
 0.295098683922168E+00
 0.295481798253767E+00
 0.296023271958730E+00
 0.296729342779955E+00
 0.297605753923647E+00
 0.298657712327354E+00
 0.299889849534823E+00
 0.301306185797873E+00
 0.302910097556720E+00
 0.304704288017982E+00
 0.306690760366104E+00
 0.308870793279128E+00
 0.311244918763501E+00
 0.313812902662970E+00
 0.316573728363720E+00
 0.319525584179769E+00
 0.322665854741410E+00
 0.325991116518737E+00
 0.329497137427084E+00
 0.333178880284197E+00
 0.337030509760306E+00
 0.341045402468961E+00
 0.345216160041250E+00
 0.349534625338288E+00
 0.353991902203853E+00
 0.358578379169271E+00
 0.363283757267703E+00
 0.368097081736252E+00
 0.373006777094248E+00
 0.378000685028681E+00
 0.383066104690671E+00
 0.388189835282635E+00
 0.393358221029874E+00
 0.398557198675134E+00
 0.403772347511908E+00
 0.408988941778249E+00
 0.414192005086757E+00
 0.419366366526107E+00
 0.424496718101115E+00
 0.429567673207160E+00
 0.434563825829154E+00
 0.439469810158801E+00
 0.444270360395329E+00
 0.448950370620240E+00
 0.453494954714640E+00
 0.457889506220883E+00
 0.462119757853920E+00
 0.466171840180380E+00
 0.470032338954175E+00
 0.473688350753371E+00
 0.477127536783511E+00
 0.480338174832428E+00
 0.483309209308007E+00
 0.486030299130535E+00
 0.488491863124533E+00
 0.490685122558137E+00
 0.492602140600881E+00
 0.494235858617391E+00
 0.495580129280600E+00
 0.496629746434545E+00
 0.497380471514798E+00
 0.497829056248375E+00
 0.497973261383782E+00
 0.497811871335588E+00
 0.497344704771387E+00
 0.496572621221411E+00
 0.495497523735544E+00
 0.494122357530644E+00
 0.492451104560200E+00
 0.490488774011216E+00
 0.488241388804050E+00
 0.485715968149319E+00
 0.482920506114035E+00
 0.479863946085614E+00
 0.476556151110291E+00
 0.473007870307946E+00
 0.469230701779747E+00
 0.465237052464033E+00
 0.461040095217943E+00
 0.456653723126184E+00
 0.452092500853381E+00
 0.447371612887208E+00
 0.442506808747738E+00
 0.437514345527927E+00
 0.432410928320728E+00
 0.427213649092540E+00
 0.421939924408299E+00
 0.416607432211531E+00
 0.411234047726737E+00
 0.405837778524782E+00
 0.400436698838394E+00
 0.395048883277800E+00
 0.389692340164518E+00
 0.384384944809078E+00
 0.379144373215943E+00
 0.373988036829903E+00
 0.368933018912293E+00
 0.363996012889050E+00
 0.359193262645275E+00
 0.354540504478612E+00
 0.350052910456897E+00
 0.345745033255410E+00
 0.341630752975085E+00
 0.337723226704117E+00
 0.334034841536948E+00
 0.330577171457058E+00
 0.327360938108624E+00
 0.324395975215954E+00
 0.321691196351248E+00
 0.319254565876497E+00
 0.317093073100257E+00
 0.315212709896216E+00
 0.313618452166260E+00
 0.312314245573113E+00
 0.311302995907273E+00
 0.310586564279550E+00
 0.310165767054063E+00
 0.310040380131530E+00
 0.310209147005039E+00
 0.310669790083765E+00
 0.311419025133835E+00
 0.312452579149744E+00
 0.313765212263205E+00
 0.315350744213439E+00
 0.317202085468950E+00
 0.319311272552744E+00
 0.321669506779259E+00
 0.324267195617499E+00
 0.327093996189989E+00
 0.330138860804240E+00
 0.333390084702172E+00
 0.336835356311113E+00
 0.340461810193083E+00
 0.344256082671879E+00
 0.348204369837177E+00
 0.352292487355241E+00
 0.356505931340893E+00
 0.360829939544859E+00
 0.365249552321422E+00
 0.369749673214896E+00
 0.374315129391780E+00
 0.378930732347804E+00
 0.383581339188701E+00
 0.388251914339924E+00
 0.392927590998814E+00
 0.397593731307312E+00
 0.402235984297223E+00
 0.406840341103714E+00
 0.411393187498970E+00
 0.415881354165426E+00
 0.420292165151331E+00
 0.424613484684661E+00
 0.428833762145712E+00
 0.432942074687018E+00
 0.436928166832824E+00
 0.440782486409776E+00
 0.444496216344974E+00
 0.448061302181038E+00
 0.451470475516161E+00
 0.454717273845897E+00
 0.457796057328686E+00
 0.460702022765562E+00
 0.463431214657025E+00
 0.465980532775192E+00
 0.468347735494796E+00
 0.470531438296986E+00
 0.472531107345158E+00
 0.474347048600706E+00
 0.475980393302809E+00
 0.477433080594864E+00
 0.478707837682970E+00
 0.479808157399582E+00
 0.480738272697888E+00
 0.481503127569958E+00
 0.482108344126598E+00
 0.482560185946169E+00
 0.482865518140411E+00
 0.483031764805304E+00
 0.483066864580299E+00
 0.482979224909589E+00
 0.482777675302330E+00
 0.482471419517584E+00
 0.482069986317240E+00
 0.481583178395415E+00
 0.481021019359676E+00
 0.480393699104774E+00
 0.479711518363392E+00
 0.478984833415329E+00
 0.478224001775230E+00
 0.477439329228015E+00
 0.476641018064047E+00
 0.475839116048239E+00
 0.475043465699965E+00
 0.474263653826091E+00
 0.473508961726929E+00
 0.472788316833670E+00
 0.472110246592239E+00
 0.471482835203317E+00
 0.470913683491771E+00
 0.470409871851179E+00
 0.469977925984536E+00
 0.469623785093085E+00
 0.469352772279117E+00
 0.469169567209425E+00
 0.469078181439107E+00
 0.469081937056689E+00
 0.469183449326737E+00
 0.469384613731939E+00
 0.469686597364383E+00
 0.470089834199438E+00
 0.470594023608047E+00
 0.471198131609645E+00
 0.471900394762048E+00
 0.472698327024377E+00
 0.473588730185669E+00
 0.474567708388820E+00
 0.475630686930389E+00
 0.476772435065926E+00
 0.477987092223474E+00
 0.479268196959516E+00
 0.480608718166156E+00
 0.482001088331914E+00
 0.483437238933087E+00
 0.484908638198452E+00
 0.486406331507376E+00
 0.487920984539882E+00
 0.489442929021650E+00
 0.490962210582583E+00
 0.492468638014545E+00
 0.493951833201124E+00
 0.495401281230017E+00
 0.496806380580868E+00
 0.498156493616004E+00
 0.499440997715185E+00
 0.500649337226236E+00
 0.501771076031261E+00
 0.502795950135874E+00
 0.503713919473844E+00
 0.504515218192782E+00
 0.505190403008988E+00
 0.505730399618208E+00
 0.506126547416361E+00
 0.506370642801417E+00
 0.506454981124217E+00
 0.506372397067824E+00
 0.506116303003542E+00
 0.505680724772260E+00
 0.505060334380242E+00
 0.504250479256967E+00
 0.503247207963568E+00
 0.502047292498173E+00
 0.500648247515973E+00
 0.499048346770276E+00
 0.497246636866898E+00
 0.495242948103484E+00
 0.493037901907499E+00
 0.490632914339752E+00
 0.488030195335975E+00
 0.485232743727469E+00
 0.482244338436801E+00
 0.479069526411061E+00
 0.475713607750681E+00
 0.472182618177392E+00
 0.468483308638884E+00
 0.464623121665157E+00
 0.460610164165718E+00
 0.456453176627943E+00
 0.452161498986280E+00
 0.447745033634514E+00
 0.443214206096133E+00
 0.438579923782553E+00
 0.433853533112232E+00
 0.429046775079482E+00
 0.424171739194274E+00
 0.419240815631031E+00
 0.414266645495060E+00
 0.409262069350488E+00
 0.404240074463250E+00
 0.399213741438860E+00
 0.394196190943632E+00
 0.389200530968234E+00
 0.384239804734059E+00
 0.379326939041673E+00
 0.374474692778653E+00
 0.369695605491224E+00
 0.365001946284152E+00
 0.360405663650468E+00
 0.355918336961517E+00
 0.351551130206148E+00
 0.347314748251113E+00
 0.343219395585479E+00
 0.339274737355420E+00
 0.335489862522434E+00
 0.331873249122477E+00
 0.328432731782897E+00
 0.325175471819288E+00
 0.322107930355763E+00
 0.319235844943319E+00
 0.316564210036771E+00
 0.314097261427099E+00
 0.311838464407551E+00
 0.309790505241571E+00
 0.307955285529935E+00
 0.306333919346496E+00
 0.304926733386089E+00
 0.303733270636079E+00
 0.302752298087560E+00
 0.301981818726003E+00
 0.301419087620166E+00
 0.301060631578701E+00
 0.300902271741863E+00
 0.300939148654337E+00
 0.301165749699550E+00
 0.301575939069874E+00
 0.302162990559780E+00
 0.302919623385201E+00
 0.303838041033321E+00
 0.304909972924590E+00
 0.306126718473400E+00
 0.307479192993301E+00
 0.308957974853190E+00
 0.310553353409575E+00
 0.312255377516999E+00
 0.314053904744502E+00
 0.315938651617166E+00
 0.317899245117928E+00
 0.319925275338225E+00
 0.322006348731053E+00
 0.324132141133018E+00
 0.326292449740377E+00
 0.328477243537336E+00
 0.330676712114180E+00
 0.332881313148783E+00
 0.335081818893873E+00
 0.337269361802931E+00
 0.339435479075705E+00
 0.341572155601778E+00
 0.343671864658098E+00
 0.345727605786600E+00
 0.347732939468673E+00
 0.349682018444117E+00
 0.351569615745629E+00
 0.353391149696633E+00
 0.355142706183661E+00
 0.356821058391932E+00
 0.358423683885810E+00
 0.359948778555104E+00
 0.361395266745652E+00
 0.362762807003417E+00
 0.364051793262489E+00
 0.365263351796022E+00
 0.366399334565564E+00
 0.367462309590500E+00
 0.368455548644621E+00
 0.369383012156155E+00
 0.370249330868078E+00
 0.371059783754734E+00
 0.371820271891708E+00
 0.372537288316074E+00
 0.373217884229030E+00
 0.373869632067713E+00
 0.374500585982903E+00
 0.375119240142937E+00
 0.375734485090609E+00
 0.376355562150263E+00
 0.376992015677108E+00
 0.377653642860002E+00
 0.378350440929151E+00
 0.379092551981178E+00
 0.379890206065504E+00
 0.380753663439143E+00
 0.381693156819658E+00
 0.382718834071246E+00
 0.383840701262716E+00
 0.385068565710665E+00
 0.386411978630629E+00
 0.387880177338780E+00
 0.389482027404723E+00
 0.391225965542415E+00
 0.393119944195914E+00
 0.395171378693008E+00
 0.397387097560591E+00
 0.399773296226497E+00
 0.402335493980972E+00
 0.405078493825506E+00
 0.408006344766526E+00
 0.411122306261804E+00
 0.414428814888340E+00
 0.417927453764175E+00
 0.421618925621522E+00
 0.425503030488411E+00
 0.429578648616852E+00
 0.433843728737004E+00
 0.438295281211595E+00
 0.442929375480175E+00
 0.447741141390592E+00
 0.452724774453612E+00
 0.457873545444905E+00
 0.463179814888618E+00
 0.468635052727566E+00
 0.474229863026740E+00
 0.479954013075137E+00
 0.485796465952961E+00
 0.491745415651582E+00
 0.497788324191443E+00
 0.503911960774017E+00
 0.510102443628978E+00
 0.516345285646390E+00
 0.522625444931457E+00
 0.528927381018100E+00
 0.535235116716774E+00
 0.541532304690235E+00
 0.547802297163614E+00
 0.554028216944999E+00
 0.560193028242029E+00
 0.566279606462750E+00
 0.572270806985997E+00
 0.578149533477437E+00
 0.583898806536695E+00
 0.589501833263475E+00
 0.594942077799883E+00
 0.600203332167522E+00
 0.605269785956085E+00
 0.610126092896485E+00
 0.614757432350421E+00
 0.619149564430278E+00
 0.623288878715045E+00
 0.627162437938478E+00
 0.630758019043076E+00
 0.634064154188838E+00
 0.637070173589053E+00
 0.639766250706366E+00
 0.642143448898979E+00
 0.644193767551607E+00
 0.645910185313264E+00
 0.647286698251762E+00
 0.648318351292328E+00
 0.649001262002125E+00
 0.649332636502304E+00
 0.649310778022907E+00
 0.648935089326484E+00
 0.648206070756121E+00
 0.647125315776846E+00
 0.645695505425076E+00
 0.643920402141782E+00
 0.641804842369198E+00
 0.639354726468575E+00
 0.636577004304607E+00
 0.633479655347906E+00
 0.630071663208133E+00
 0.626362985729666E+00
 0.622364522619686E+00
 0.618088082528917E+00
 0.613546350351368E+00
 0.608752853552014E+00
 0.603721924394839E+00
 0.598468654041981E+00
 0.593008835271727E+00
 0.587358892852787E+00
 0.581535803458928E+00
 0.575557009199346E+00
 0.569440329619392E+00
 0.563203876479887E+00
 0.556865974462699E+00
 0.550445089867945E+00
 0.543959768489558E+00
 0.537428582730240E+00
 0.530870086152357E+00
 0.524302771158490E+00
 0.517745023251537E+00
 0.511215064618054E+00
 0.504730881518467E+00
 0.498310134107945E+00
 0.491970052778398E+00
 0.485727330215122E+00
 0.479598021403554E+00
 0.473597463618685E+00
 0.467740224628590E+00
 0.462040080568611E+00
 0.456510016801007E+00
 0.451162237949709E+00
 0.446008169799517E+00
 0.441058437783876E+00
 0.436322814525441E+00
 0.431810140155340E+00
 0.427528229792929E+00
 0.423483788160839E+00
 0.419682349276516E+00
 0.416128250426443E+00
 0.412824638415124E+00
 0.409773497756941E+00
 0.406975688600254E+00
 0.404430986544242E+00
 0.402138123520252E+00
 0.400094833896019E+00
 0.398297910000983E+00
 0.396743266676278E+00
 0.395426008227149E+00
 0.394340487049736E+00
 0.393480343709648E+00
 0.392838523559521E+00
 0.392407273152743E+00
 0.392178127612492E+00
 0.392141904644065E+00
 0.392288720048750E+00
 0.392608033320196E+00
 0.393088722226665E+00
 0.393719175877341E+00
 0.394487390636760E+00
 0.395381054967096E+00
 0.396387617533337E+00
 0.397494344144872E+00
 0.398688377772429E+00
 0.399956816975771E+00
 0.401286819917535E+00
 0.402665726751799E+00
 0.404081179354974E+00
 0.405521211530913E+00
 0.406974289194789E+00
 0.408429297154109E+00
 0.409875490048301E+00
 0.411302440420399E+00
 0.412700019321054E+00
 0.414058432383334E+00
 0.415368311777096E+00
 0.416620841436582E+00
 0.417807879472422E+00
 0.418922043478262E+00
 0.419956740240677E+00
 0.420906143534920E+00
 0.421765142136129E+00
 0.422529287316938E+00
 0.423194763317896E+00
 0.423758390015714E+00
 0.424217651803723E+00
 0.424570737014393E+00
 0.424816570598790E+00
 0.424954827566986E+00
 0.424985921999627E+00
 0.424910972814735E+00
 0.424731751523614E+00
 0.424450619415350E+00
 0.424070462873232E+00
 0.423594635822335E+00
 0.423026916586696E+00
 0.422371481846579E+00
 0.421632893726732E+00
 0.420816090027525E+00
 0.419926365461996E+00
 0.418969335073194E+00
 0.417950878475725E+00
 0.416877071683445E+00
 0.415754118437572E+00
 0.414588293326594E+00
 0.413385904981275E+00
 0.412153280841908E+00
 0.410896767181471E+00
 0.409622731024624E+00
 0.408337546748449E+00
 0.407047552375914E+00
 0.405758970492705E+00
 0.404477804273264E+00
 0.403209733831519E+00
 0.401960043743364E+00
 0.400733604025119E+00
 0.399534906250056E+00
 0.398368133138249E+00
 0.397237225491601E+00
 0.396145912158902E+00
 0.395097685889492E+00
 0.394095732121147E+00
 0.393142837980132E+00
 0.392241316892862E+00
 0.391392977919316E+00
 0.390599151639458E+00
 0.389860763128956E+00
 0.389178425115118E+00
 0.388552517168763E+00
 0.387983222619486E+00
 0.387470511877480E+00
 0.387014082598512E+00
 0.386613284988458E+00
 0.386267067215619E+00
 0.385973968697345E+00
 0.385732171068344E+00
 0.385539595364976E+00
 0.385394017810409E+00
 0.385293171416958E+00
 0.385234807491029E+00
 0.385216706305125E+00
 0.385236643285030E+00
 0.385292330010978E+00
 0.385381354820867E+00
 0.385501145707967E+00
 0.385648970417901E+00
 0.385821977548168E+00
 0.386017270338313E+00
 0.386231994400909E+00
 0.386463415243598E+00
 0.386708964039274E+00
 0.386966241193524E+00
 0.387232983404583E+00
 0.387507014604579E+00
 0.387786207821949E+00
 0.388068480279670E+00
 0.388351829541813E+00
 0.388634400031506E+00
 0.388914554315047E+00
 0.389190918605351E+00
 0.389462379845545E+00
 0.389728030328948E+00
 0.389987078032646E+00
 0.390238757004837E+00
 0.390482274102013E+00
 0.390716813854726E+00
 0.390941597891292E+00
 0.391155970719230E+00
 0.391359471712156E+00
 0.391551859983321E+00
 0.391733081208064E+00
 0.391903192229174E+00
 0.392062277175339E+00
 0.392210389531365E+00
 0.392347539062410E+00
 0.392473719925594E+00
 0.392588958563666E+00
 0.392693354891420E+00
 0.392787098015065E+00
 0.392870452084301E+00
 0.392943721024718E+00
 0.393007207778731E+00
 0.393061183486837E+00
 0.393105876723176E+00
 0.393141484957820E+00
 0.393168201975306E+00
 0.393186248272513E+00
 0.393195889205470E+00
 0.393197429991562E+00
 0.393191187128810E+00
 0.393177448180940E+00
 0.393156439712929E+00
 0.393128321311866E+00
 0.393093211903743E+00
 0.393051238614879E+00
 0.393002586803396E+00
 0.392947529033588E+00
 0.392886420990501E+00
 0.392819667701906E+00
 0.392747675658201E+00
 0.392670809977779E+00
 0.392589370697256E+00
 0.392503592959836E+00
 0.392413667340429E+00
 0.392319771402879E+00
 0.392222101833301E+00
 0.392120897348952E+00
 0.392016445921165E+00
 0.391909075714130E+00
 0.391799136142222E+00
 0.391686980313949E+00
 0.391572959496743E+00
 0.391457433421337E+00
 0.391340790483585E+00
 0.391223464693902E+00
 0.391105935879690E+00
 0.390988706581818E+00
 0.390872259730413E+00
 0.390757010275339E+00
 0.390643267448918E+00
 0.390531221151222E+00
 0.390420957765995E+00
 0.390312500696266E+00
 0.390205862295451E+00
 0.390101089252997E+00
 0.389998284579124E+00
 0.389897596596349E+00
 0.389799177294009E+00
 0.389703125070443E+00
 0.389609434689378E+00
 0.389517975631906E+00
 0.389428508504515E+00
 0.389340732737886E+00
 0.389254345611376E+00
 0.389169089216129E+00
 0.389084769310776E+00
 0.389001243283759E+00
 0.388918386525089E+00
 0.388836052615003E+00
 0.388754042365053E+00
 0.388672092287467E+00
 0.388589886890733E+00
 0.388507092194611E+00
 0.388423400447829E+00
 0.388338570032383E+00
 0.388252443399244E+00
 0.388164932446914E+00
 0.388075974201044E+00
 0.387985474373733E+00
 0.387893264378787E+00
 0.387799093065466E+00
 0.387702658702649E+00
 0.387603667303152E+00
 0.387501890628288E+00
 0.387397198074283E+00
 0.387289550326709E+00
 0.387178961305933E+00
 0.387065448601843E+00
 0.386948995254323E+00
 0.386829537956447E+00
 0.386706984022352E+00
 0.386581247973602E+00
 0.386452292090859E+00
 0.386320154623893E+00
 0.386184953953789E+00
 0.386046865717907E+00
 0.385906080594499E+00
 0.385762759301676E+00
 0.385617003906573E+00
 0.385468858286533E+00
 0.385318337494864E+00
 0.385165472061409E+00
 0.385010346091065E+00
 0.384853111307482E+00
 0.384693971153762E+00
 0.384533143361497E+00
 0.384370818833870E+00
 0.384207135112622E+00
 0.384042174836475E+00
 0.383875988011602E+00
 0.383708627139009E+00
 0.383540180001894E+00
 0.383370786914315E+00
 0.383200635767365E+00
 0.383029936595767E+00
 0.382858885005599E+00
 0.382687628369601E+00
 0.382516248389373E+00
 0.382344767776850E+00
 0.382173178956518E+00
 0.382001482804977E+00
 0.381829720405819E+00
 0.381657983629740E+00
 0.381486400081277E+00
 0.381315099841891E+00
 0.381144179588896E+00
 0.380973680302254E+00
 0.380803588028012E+00
 0.380633856590923E+00
 0.380464441595366E+00
 0.380295330478097E+00
 0.380126555450953E+00
 0.379958183889980E+00
 0.379790290823923E+00
 0.379622926271616E+00
 0.379456092545688E+00
 0.379289742007583E+00
 0.379123796188008E+00
 0.378958177267662E+00
 0.378792837478031E+00
 0.378627773558907E+00
 0.378463020908951E+00
 0.378298631492719E+00
 0.378134646296495E+00
 0.377971074348094E+00
 0.377807886243360E+00
 0.377645023382134E+00
 0.377482417962346E+00
 0.377320015401315E+00
 0.377157790775053E+00
 0.376995753467203E+00
 0.376833938519625E+00
 0.376672388102270E+00
 0.376511130638920E+00
 0.376350166624293E+00
 0.376189467684198E+00
 0.376028989362518E+00
 0.375868691179174E+00
 0.375708553564875E+00
 0.375548582940846E+00
 0.375388802807331E+00
 0.375229236417830E+00
 0.375069890862890E+00
 0.374910750823027E+00
 0.374751784224473E+00
 0.374592955480696E+00
 0.374434238702334E+00
 0.374275624483682E+00
 0.374117118043592E+00
 0.373958730749223E+00
 0.373800469314337E+00
 0.373642326970969E+00
 0.373484279645880E+00
 0.373326288577577E+00
 0.373168309055434E+00
 0.373010302833039E+00
 0.372852249612454E+00
 0.372694152101187E+00
 0.372536030911356E+00
 0.372377910070305E+00
 0.372219799144659E+00
 0.372061680775851E+00
 0.371903510567424E+00
 0.371745230276968E+00
 0.371586788384731E+00
 0.371428158289001E+00
 0.371269345718011E+00
 0.371110382430835E+00
 0.370951309645641E+00
 0.370792158626701E+00
 0.370632936114779E+00
 0.370473619603707E+00
 0.370314163659878E+00
 0.370154514981616E+00
 0.369994631273054E+00
 0.369834497492996E+00
 0.369674133160604E+00
 0.369513586846586E+00
 0.369352918695493E+00
 0.369192177245761E+00
 0.369031380221051E+00
 0.368870508051932E+00
 0.368709513485972E+00
 0.368548343246703E+00
 0.368386962159326E+00
 0.368225369354678E+00
 0.368063600253161E+00
 0.367901714523067E+00
 0.367739775718278E+00
 0.367577830639291E+00
 0.367415895539232E+00
 0.367253953423407E+00
 0.367091963193932E+00
 0.366929877887574E+00
 0.366767666080965E+00
 0.366605328566186E+00
 0.366442903054730E+00
 0.366280453782722E+00
 0.366118049389589E+00
 0.365955738269036E+00
 0.365793532359645E+00
 0.365631406648081E+00
 0.365469314250267E+00
 0.365307209760428E+00
 0.365145070314798E+00
 0.364982905784681E+00
 0.364820755081380E+00
 0.364658671558527E+00
 0.364496704219278E+00
 0.364334881898158E+00
 0.364173205502463E+00
 0.364011650191187E+00
 0.363850176197175E+00
 0.363688744445896E+00
 0.363527331549152E+00
 0.363365938666484E+00
 0.363204590636225E+00
 0.363043325503416E+00
 0.362882178750559E+00
 0.362721169037987E+00
 0.362560291504400E+00
 0.362399520908621E+00
 0.362238822243591E+00
 0.362078163550126E+00
 0.361917525800061E+00
 0.361756907116506E+00
 0.361596321278190E+00
 0.361435791951809E+00
 0.361275344421278E+00
 0.361114996695418E+00
 0.360954752363472E+00
 0.360794597912783E+00
 0.360634506365902E+00
 0.360474446688248E+00
 0.360314395500682E+00
 0.360154346033872E+00
 0.359994310228846E+00
 0.359834313079158E+00
 0.359674381960659E+00
 0.359514535788420E+00
 0.359354778394012E+00
 0.359195098100172E+00
 0.359035472671673E+00
 0.358875877105944E+00
 0.358716291531666E+00
 0.358556707182730E+00
 0.358397129116338E+00
 0.358237574778259E+00
 0.358078068189749E+00
 0.357918630966015E+00
 0.357759273219037E+00
 0.357599988354782E+00
 0.357440754651307E+00
 0.357281543439735E+00
 0.357122330388415E+00
 0.356963104872835E+00
 0.356803873563939E+00
 0.356644657260834E+00
 0.356485482788653E+00
 0.356326373181081E+00
 0.356167339338107E+00
 0.356008375621783E+00
 0.355849460916686E+00
 0.355690565392441E+00
 0.355531661318562E+00
 0.355372734227152E+00
 0.355213789685370E+00
 0.355054852053342E+00
 0.354895954884727E+00
 0.354737126647577E+00
 0.354578378040036E+00
 0.354419696770527E+00
 0.354261052301802E+00
 0.354102408426845E+00
