 0.416843614146020E-07
 0.666095424963641E-06
 0.334312908225296E-05
 0.104208795670389E-04
 0.249816532241196E-04
 0.506785764624940E-04
 0.915823826444318E-04
 0.152055983220147E-03
 0.236659035960416E-03
 0.350072002567698E-03
 0.497023629972979E-03
 0.682208633714544E-03
 0.910191287404015E-03
 0.118530099202740E-02
 0.151153287052240E-02
 0.189246707669497E-02
 0.233266824350591E-02
 0.285162704441317E-02
 0.343928942336377E-02
 0.414285247161832E-02
 0.494272483629174E-02
 0.585650444282083E-02
 0.687063694632863E-02
 0.800747912730297E-02
 0.926360267140156E-02
 0.106501256706914E-01
 0.121525476652075E-01
 0.137667562885362E-01
 0.154857856576361E-01
 0.172995564442370E-01
 0.191947464409429E-01
 0.211548292404315E-01
 0.231603001441891E-01
 0.251890831623333E-01
 0.272170857674496E-01
 0.292188449621918E-01
 0.311681949185484E-01
 0.330388866735933E-01
 0.348051046433373E-01
 0.364418500218808E-01
 0.379251915720117E-01
 0.392324126252556E-01
 0.403421025433767E-01
 0.412342469280906E-01
 0.418903623127696E-01
 0.422937003671054E-01
 0.424295193200243E-01
 0.422853937554772E-01
 0.418515157058357E-01
 0.411209357792964E-01
 0.400897049459316E-01
 0.387569027424033E-01
 0.371245684669973E-01
 0.351975779794266E-01
 0.329835200826948E-01
 0.304926177496828E-01
 0.296933148922704E-01
 0.301479292874670E-01
 0.304593202372139E-01
 0.309270785110832E-01
 0.313447749787146E-01
 0.317852201207292E-01
 0.323114580221049E-01
 0.327135587763788E-01
 0.333562505920125E-01
 0.338474178353106E-01
 0.345005495931504E-01
 0.351217936621219E-01
 0.357825634961894E-01
 0.365441368741600E-01
 0.372405438921161E-01
 0.381530481116883E-01
 0.389079588093991E-01
 0.399615045523704E-01
 0.408672472576390E-01
 0.419938183893538E-01
 0.444348297680597E-01
 0.465432801660619E-01
 0.482964866313314E-01
 0.496740312435100E-01
 0.506579623326893E-01
 0.512330064046703E-01
 0.513867606508883E-01
 0.511098342900116E-01
 0.508536573512392E-01
 0.515282881874451E-01
 0.521000436378898E-01
 0.526671349967843E-01
 0.532688148513331E-01
 0.538986872601130E-01
 0.545754463749074E-01
 0.553861128008869E-01
 0.564245321255085E-01
 0.576247307860471E-01
 0.589008575700485E-01
 0.600484522624513E-01
 0.613033565771184E-01
 0.623747401115186E-01
 0.634878816346477E-01
 0.644589026759723E-01
 0.655169370721077E-01
 0.663665001935844E-01
 0.671544981542981E-01
 0.678687787007791E-01
 0.686080906030088E-01
 0.691751454253448E-01
 0.695691214878993E-01
 0.699812509421050E-01
 0.703609588649330E-01
 0.733207571030235E-01
 0.795792210183636E-01
 0.856759459086590E-01
 0.915863876134609E-01
 0.972877499603497E-01
 0.102759163983912E+00
 0.107981849431822E+00
 0.112939236206575E+00
 0.117617030685481E+00
 0.122003224343015E+00
 0.126088054236365E+00
 0.129863931980060E+00
 0.133325357907832E+00
 0.136468831410013E+00
 0.139292760236591E+00
 0.141797364722962E+00
 0.143984570490310E+00
 0.145857886410273E+00
 0.147422272166908E+00
 0.148684007783300E+00
 0.149650581055251E+00
 0.150330604266947E+00
 0.150733758699981E+00
 0.150870748361156E+00
 0.150753229950184E+00
 0.150393681363643E+00
 0.149805180309939E+00
 0.149001087632357E+00
 0.147994661148680E+00
 0.146798655170493E+00
 0.145424976642920E+00
 0.143884462309394E+00
 0.142186811438990E+00
 0.140340664089951E+00
 0.138353771115296E+00
 0.136233174955064E+00
 0.133985319123865E+00
 0.131616028968700E+00
 0.129130348161457E+00
 0.126532261604826E+00
 0.123824372914029E+00
 0.121007623129149E+00
 0.118081131359330E+00
 0.115042208563825E+00
 0.112239730819877E+00
 0.115533361091711E+00
 0.118618862168060E+00
 0.121490050545524E+00
 0.124142063784102E+00
 0.126571520369781E+00
 0.128776665161064E+00
 0.130757465795589E+00
 0.132515628594480E+00
 0.134054521069502E+00
 0.135379018884064E+00
 0.136495323863488E+00
 0.137410809695926E+00
 0.138133936747333E+00
 0.138674245658942E+00
 0.139042407920189E+00
 0.139250292964551E+00
 0.139311007816561E+00
 0.139238873051468E+00
 0.139049314822931E+00
 0.138758676038937E+00
 0.138383976534423E+00
 0.137942672149276E+00
 0.137452464171985E+00
 0.136931189572218E+00
 0.136396787369589E+00
 0.135867303834880E+00
 0.135360883189956E+00
 0.134895695888659E+00
 0.134489779063962E+00
 0.134160794310978E+00
 0.133925736802137E+00
 0.133800647801981E+00
 0.133800383495767E+00
 0.133977694277129E+00
 0.134951908557567E+00
 0.136092990151192E+00
 0.137406257301346E+00
 0.138895265153399E+00
 0.140561561393325E+00
 0.148153864582260E+00
 0.155587191828928E+00
 0.162731964191900E+00
 0.169556600094345E+00
 0.176030466964102E+00
 0.182124078732199E+00
 0.187809280359117E+00
 0.193059415763437E+00
 0.197849483319510E+00
 0.202156291435557E+00
 0.205958630920752E+00
 0.209237479115744E+00
 0.211976243494816E+00
 0.214161040439720E+00
 0.215780989233737E+00
 0.216828485200617E+00
 0.217299405584490E+00
 0.217193204532965E+00
 0.216512873152204E+00
 0.215264773378233E+00
 0.214344565699739E+00
 0.219087127792606E+00
 0.223795818367337E+00
 0.228462423723524E+00
 0.233078286350914E+00
 0.237634326481627E+00
 0.242121078792800E+00
 0.246528739811250E+00
 0.250847215212900E+00
 0.255066153209583E+00
 0.259174952688217E+00
 0.263162743306043E+00
 0.267018347226765E+00
 0.270730243591080E+00
 0.274286561142228E+00
 0.277675118042409E+00
 0.280883512218360E+00
 0.283899246849583E+00
 0.286709861969941E+00
 0.289303040485799E+00
 0.291666666299962E+00
 0.293788829892515E+00
 0.295657795952397E+00
 0.297261961496551E+00
 0.298589836461071E+00
 0.299630070829834E+00
 0.300371536038139E+00
 0.300803449855543E+00
 0.300915519970070E+00
 0.300698077280143E+00
 0.300142175316031E+00
 0.299239644136442E+00
 0.297983101505992E+00
 0.296365936082843E+00
 0.295882400447314E+00
 0.302327583303979E+00
 0.308726643361452E+00
 0.315071037987652E+00
 0.321351861535148E+00
 0.327559811772440E+00
 0.333685175854824E+00
 0.339717845804108E+00
 0.345647362739927E+00
 0.351462979372733E+00
 0.357153725470148E+00
 0.362708462789617E+00
 0.368721241120981E+00
 0.375013407406673E+00
 0.381173527406797E+00
 0.387190228527645E+00
 0.393051914147356E+00
 0.398746780465591E+00
 0.404262853730591E+00
 0.409588046405452E+00
 0.414710224552014E+00
 0.419617276312267E+00
 0.424297172701510E+00
 0.428738015572010E+00
 0.432928072149082E+00
 0.436855800137745E+00
 0.440509871347112E+00
 0.443879203894255E+00
 0.446953011820377E+00
 0.449720875694247E+00
 0.452172829822523E+00
 0.454299454347735E+00
 0.456091957451108E+00
 0.457542235861101E+00
 0.458642909600806E+00
 0.459387335775928E+00
 0.459769612397206E+00
 0.459784584672202E+00
 0.459427863138269E+00
 0.458695857242474E+00
 0.457585821668639E+00
 0.456095907661479E+00
 0.454225209097064E+00
 0.451973793895236E+00
 0.449342715598316E+00
 0.446334006415607E+00
 0.442950659418419E+00
 0.439196611063767E+00
 0.435076733888971E+00
 0.430596843196450E+00
 0.425763713342071E+00
 0.420585092687110E+00
 0.415353896874147E+00
 0.410346255175526E+00
 0.405525632135330E+00
 0.400908668627273E+00
 0.396480683554540E+00
 0.392245007915516E+00
 0.388188870324555E+00
 0.384257101862937E+00
 0.380470892506840E+00
 0.376916863188086E+00
 0.373445286050616E+00
 0.370101319670697E+00
 0.366973919158523E+00
 0.363830396993782E+00
 0.360972762629933E+00
 0.358081090215868E+00
 0.355432899986844E+00
 0.352796914339374E+00
 0.351745181311182E+00
 0.351250184661620E+00
 0.350580221921503E+00
 0.350181072064614E+00
 0.349674272281240E+00
 0.349290669131382E+00
 0.349007493872787E+00
 0.348605530996682E+00
 0.348517524978263E+00
 0.348224270396864E+00
 0.348110635281433E+00
 0.348009589438037E+00
 0.347795414707067E+00
 0.347909914168751E+00
 0.347780029019117E+00
 0.347797017432615E+00
 0.347866101848067E+00
 0.347767535926259E+00
 0.347970356674309E+00
 0.347956601879692E+00
 0.347965167961494E+00
 0.348189208029184E+00
 0.348142160208115E+00
 0.348312794995227E+00
 0.348399718304505E+00
 0.348346175452116E+00
 0.348602554349008E+00
 0.348587593733870E+00
 0.348595671016472E+00
 0.348782598032176E+00
 0.348701491953226E+00
 0.348801795792980E+00
 0.348820948732104E+00
 0.348700842390628E+00
 0.348832401311502E+00
 0.348718682236337E+00
 0.348552038096871E+00
 0.348358993126178E+00
 0.348193172647671E+00
 0.347985827464901E+00
 0.347759336397990E+00
 0.347747930057260E+00
 0.348860366594893E+00
 0.349914404540192E+00
 0.351034754314396E+00
 0.352147613073736E+00
 0.353174403867515E+00
 0.354205825550629E+00
 0.355233876068658E+00
 0.356269070220197E+00
 0.357199559744063E+00
 0.358192699222500E+00
 0.359034189152933E+00
 0.359975244084147E+00
 0.360726073151090E+00
 0.361602527789972E+00
 0.362267122251319E+00
 0.363083021030528E+00
 0.363666924605722E+00
 0.364403442212453E+00
 0.364896563142118E+00
 0.365575412709219E+00
 0.365961178335646E+00
 0.366590091704793E+00
 0.366866945437079E+00
 0.367458617101433E+00
 0.367621900818898E+00
 0.368180421733850E+00
 0.368263577932405E+00
 0.368761938025644E+00
 0.368723643661488E+00
 0.368459237086471E+00
 0.368345286104233E+00
 0.368050695961405E+00
 0.367847003200789E+00
 0.367106676294866E+00
 0.365834029047441E+00
 0.364035047343584E+00
 0.361717366353782E+00
 0.358890238646402E+00
 0.355564492253566E+00
 0.352054138612868E+00
 0.348705597086536E+00
 0.345387540589443E+00
 0.342005279505108E+00
 0.338153134587511E+00
 0.333845335146209E+00
 0.329097448155196E+00
 0.323926312513429E+00
 0.318349972975557E+00
 0.312387614058690E+00
 0.306059491967073E+00
 0.299386860031863E+00
 0.293829656669507E+00
 0.300935913990435E+00
 0.307416804811569E+00
 0.313236256001527E+00
 0.318360310350561E+00
 0.322757425304656E+00
 0.326398846736806E+00
 0.329258961172656E+00
 0.332759571495642E+00
 0.336397426874940E+00
 0.339221135878634E+00
 0.341207687732542E+00
 0.342337664709985E+00
 0.342595262948011E+00
 0.341968208057153E+00
 0.340447627679062E+00
 0.338027941712631E+00
 0.334706815400489E+00
 0.330485198344894E+00
 0.325542053740126E+00
 0.320636957982458E+00
 0.315906869431369E+00
 0.311291281710099E+00
 0.306850535277860E+00
 0.302531244114029E+00
 0.298303443830679E+00
 0.294255190728677E+00
 0.290285294210711E+00
 0.287860004254365E+00
 0.292129561975866E+00
 0.296040571188410E+00
 0.299580501476751E+00
 0.302737951059311E+00
 0.305502675342752E+00
 0.307865611155120E+00
 0.309818904468280E+00
 0.311355945110237E+00
 0.312471405659624E+00
 0.313161277072249E+00
 0.313422892728753E+00
 0.313254935448702E+00
 0.314230006891088E+00
 0.320879293322007E+00
 0.327407238776523E+00
 0.333798997586428E+00
 0.340040076773445E+00
 0.346116374532101E+00
 0.352014220072415E+00
 0.357720420112832E+00
 0.363222313127247E+00
 0.368507827221836E+00
 0.373565534694529E+00
 0.378384697685331E+00
 0.382955303484970E+00
 0.387268091863775E+00
 0.391314578059383E+00
 0.395087074162004E+00
 0.398578710302423E+00
 0.401783456289238E+00
 0.404696143670008E+00
 0.407312486829095E+00
 0.409629100100674E+00
 0.411643507471685E+00
 0.413955220942603E+00
 0.418096805325687E+00
 0.421942821105730E+00
 0.425487782305196E+00
 0.428727060787745E+00
 0.431656909084339E+00
 0.434274477870492E+00
 0.436577822003809E+00
 0.438565893346026E+00
 0.440238523560777E+00
 0.441596402854858E+00
 0.442641060257104E+00
 0.443374848464268E+00
 0.443800933102240E+00
 0.443923283556051E+00
 0.443746660879658E+00
 0.443276598143796E+00
 0.442519370211414E+00
 0.441481953014211E+00
 0.440171975760693E+00
 0.438597671613287E+00
 0.436767832222263E+00
 0.434691769108672E+00
 0.432379281188037E+00
 0.429840624206714E+00
 0.427086476097507E+00
 0.424127893297241E+00
 0.420976256700945E+00
 0.417643210436464E+00
 0.414140599601197E+00
 0.410480412944710E+00
 0.406674733595977E+00
 0.402735697239422E+00
 0.398675454524542E+00
 0.394506133596730E+00
 0.390239799054133E+00
 0.385888404938264E+00
 0.381463741588602E+00
 0.376977379195342E+00
 0.372440613545482E+00
 0.367864419976919E+00
 0.363259418929374E+00
 0.358635851717104E+00
 0.354003560890533E+00
 0.349371968299494E+00
 0.344750046383631E+00
 0.340150567274380E+00
 0.335618293837457E+00
 0.331161493836584E+00
 0.326777881271808E+00
 0.322463334549632E+00
 0.318222400762202E+00
 0.314045508679994E+00
 0.309919556296997E+00
 0.305872578860693E+00
 0.301870006570794E+00
 0.297934654389748E+00
 0.295420700909767E+00
 0.294157792357710E+00
 0.292696754662178E+00
 0.291416450141297E+00
 0.290049668222928E+00
 0.288692103075123E+00
 0.287430834102798E+00
 0.285981937117209E+00
 0.284797510605169E+00
 0.283422078750039E+00
 0.282121138793957E+00
 0.280848037370065E+00
 0.279399280939101E+00
 0.278206633345555E+00
 0.276820562718383E+00
 0.275478880257813E+00
 0.274191510426144E+00
 0.272729155889313E+00
 0.271463746358128E+00
 0.270064930515217E+00
 0.268627947935761E+00
 0.267327661340255E+00
 0.265848666287151E+00
 0.264481375089276E+00
 0.263074826694644E+00
 0.261562032454305E+00
 0.260221878942019E+00
 0.258803080841355E+00
 0.257380304110489E+00
 0.256058992153775E+00
 0.254646211283629E+00
 0.253272033519891E+00
 0.251854520018387E+00
 0.250435306663209E+00
 0.249702883603936E+00
 0.249877586686416E+00
 0.250040007129584E+00
 0.250147592423227E+00
 0.250283266181455E+00
 0.250314466030254E+00
 0.250405318790100E+00
 0.250371353467420E+00
 0.250426443161395E+00
 0.250319688712558E+00
 0.250326585078205E+00
 0.250162976072899E+00
 0.250123390245766E+00
 0.249908466845521E+00
 0.249805984260802E+00
 0.249568314607099E+00
 0.249387109774273E+00
 0.249130789232962E+00
 0.248869578235122E+00
 0.248564178200965E+00
 0.248274809553432E+00
 0.247883231933773E+00
 0.247575044008585E+00
 0.247103846279606E+00
 0.246779965236759E+00
 0.246242855959863E+00
 0.245907634395954E+00
 0.246425933148528E+00
 0.253642344556678E+00
 0.260376285994231E+00
 0.266589668234110E+00
 0.272245783617584E+00
 0.277309538917188E+00
 0.281747741202274E+00
 0.285529387363281E+00
 0.288625902064692E+00
 0.291807837797515E+00
 0.295624982419885E+00
 0.298727654204176E+00
 0.301088917518089E+00
 0.302684626786328E+00
 0.303493504621014E+00
 0.303497183811002E+00
 0.302680246117448E+00
 0.301030279196311E+00
 0.298537960840306E+00
 0.295197172049122E+00
 0.291321043921926E+00
 0.287531509196494E+00
 0.283792332132711E+00
 0.280212387841763E+00
 0.276705467641882E+00
 0.273268629946181E+00
 0.269910853254852E+00
 0.266625077360505E+00
 0.263390343482252E+00
 0.260178046736559E+00
 0.257158854681720E+00
 0.254250896918764E+00
 0.251334595067865E+00
 0.251237559728813E+00
 0.256452279777953E+00
 0.261698685360967E+00
 0.266962429325784E+00
 0.272228921439442E+00
 0.277483373195612E+00
 0.282710839153907E+00
 0.287896260787883E+00
 0.293024518155423E+00
 0.298080491280123E+00
 0.303049128759419E+00
 0.307915517959634E+00
 0.312664950664677E+00
 0.317282980354393E+00
 0.321755471227740E+00
 0.326068642701924E+00
 0.330209114637141E+00
 0.334163957331382E+00
 0.337920747257065E+00
 0.341467626291226E+00
 0.344793360287346E+00
 0.347887392729174E+00
 0.350739890526467E+00
 0.353341781139550E+00
 0.355684782596680E+00
 0.357761429931612E+00
 0.359565102225808E+00
 0.361090053107273E+00
 0.362331444508345E+00
 0.363285380170037E+00
 0.363948933672336E+00
 0.364320166714435E+00
 0.364398136466472E+00
 0.364182894373344E+00
 0.363675480992142E+00
 0.362877921310446E+00
 0.361793222746512E+00
 0.360425374857450E+00
 0.358779347230161E+00
 0.356861081305884E+00
 0.354677473249948E+00
 0.352236347594763E+00
 0.349546423849364E+00
 0.346617279465996E+00
 0.343459312236866E+00
 0.340083703860866E+00
 0.336502384737062E+00
 0.332727998456101E+00
 0.328773863309058E+00
 0.324653927888775E+00
 0.320382718975926E+00
 0.315975282261645E+00
 0.311447119034202E+00
 0.306814123255829E+00
 0.302092522532430E+00
 0.297298823700388E+00
 0.292449760648442E+00
 0.287562240288931E+00
 0.282653283184174E+00
 0.277739957824961E+00
 0.272839310576507E+00
 0.267968295285376E+00
 0.263143706535309E+00
 0.258382118696465E+00
 0.253699830337613E+00
 0.250642909160588E+00
 0.249436703794158E+00
 0.248222388510488E+00
 0.246997201486969E+00
 0.245818979288867E+00
 0.244600411545240E+00
 0.243430242574833E+00
 0.242248822700950E+00
 0.241057952892974E+00
 0.239876555730735E+00
 0.238688579713991E+00
 0.237520456345427E+00
 0.236354768172316E+00
 0.242264814674231E+00
 0.249742831300201E+00
 0.256399022522991E+00
 0.262218681588133E+00
 0.267190561161045E+00
 0.271306848928151E+00
 0.274563151533341E+00
 0.277033160516171E+00
 0.281215508744005E+00
 0.284501036619805E+00
 0.286889142954712E+00
 0.288382736638357E+00
 0.288988254170707E+00
 0.288715688618458E+00
 0.287578598306512E+00
 0.285594061553829E+00
 0.282782559559471E+00
 0.279242033296623E+00
 0.275661374393086E+00
 0.272175629715368E+00
 0.268760476863153E+00
 0.265408678321153E+00
 0.262211976821222E+00
 0.259076791107777E+00
 0.256029200940906E+00
 0.253056434478261E+00
 0.250178511760243E+00
 0.247413730970522E+00
 0.245701456400431E+00
 0.249842745290593E+00
 0.254054510235788E+00
 0.258322810475831E+00
 0.262633717825936E+00
 0.266973382655529E+00
 0.271328098463933E+00
 0.275684361885042E+00
 0.280028925935966E+00
 0.284348846036117E+00
 0.288631520623459E+00
 0.292864730296166E+00
 0.297036680012179E+00
 0.301136047060899E+00
 0.305152033716868E+00
 0.309074419632811E+00
 0.312893607483727E+00
 0.316600657273907E+00
 0.320187309074571E+00
 0.323645998240388E+00
 0.326969868975308E+00
 0.330152790758136E+00
 0.333189378781236E+00
 0.336075016251174E+00
 0.338805874660638E+00
 0.341378928234122E+00
 0.343791960012939E+00
 0.346043558699611E+00
 0.348133107058377E+00
 0.350060764277369E+00
 0.351827445949966E+00
 0.353434805542089E+00
 0.354885219721626E+00
 0.356181776870985E+00
 0.357328264789493E+00
 0.358329151951253E+00
 0.359189558010894E+00
 0.359915213122223E+00
 0.360512409952561E+00
 0.360987954549628E+00
 0.361349121226257E+00
 0.361603613189660E+00
 0.361759526932024E+00
 0.361825316389496E+00
 0.361809753138215E+00
 0.361721880601758E+00
 0.361570962147813E+00
 0.361366424367556E+00
 0.361117797810177E+00
 0.360834658190980E+00
 0.360526571361449E+00
 0.360203044499682E+00
 0.359873483755439E+00
 0.359547155666406E+00
 0.359233147635229E+00
 0.358940323107388E+00
 0.358677270035690E+00
 0.358452245294296E+00
 0.358273120567501E+00
 0.358147335190654E+00
 0.358081858578755E+00
 0.358083161064438E+00
 0.358157189400583E+00
 0.358309342981065E+00
 0.358544448468659E+00
 0.358866732556839E+00
 0.359279793954077E+00
 0.359786576306563E+00
 0.360389344206021E+00
 0.361089664864192E+00
 0.361888397917655E+00
 0.362785694411141E+00
 0.363781003370204E+00
 0.364873081814105E+00
 0.366060003354931E+00
 0.367339162553497E+00
 0.368707276056194E+00
 0.370160384979132E+00
 0.371693863946503E+00
 0.373302440125996E+00
 0.374980221921555E+00
 0.376720733924425E+00
 0.378516953833771E+00
 0.380361348292720E+00
 0.382245906663373E+00
 0.384162173354057E+00
 0.386101279997793E+00
 0.388053979035239E+00
 0.390010680586652E+00
 0.391961494692519E+00
 0.393896280269371E+00
 0.395804700046979E+00
 0.397676278095846E+00
 0.399500455042605E+00
 0.401266637107208E+00
 0.402964238479376E+00
 0.404582720353896E+00
 0.406111631778059E+00
 0.407540656200199E+00
 0.408859664173393E+00
 0.410058769309874E+00
 0.411128383211644E+00
 0.412059266052060E+00
 0.412842571568860E+00
 0.413469886926915E+00
 0.413933268552628E+00
 0.414225275067225E+00
 0.414338998609611E+00
 0.414268096250300E+00
 0.414006823127790E+00
 0.413550067613661E+00
 0.412893386437962E+00
 0.412033035686536E+00
 0.410965993571174E+00
 0.409689973367503E+00
 0.408203428606252E+00
 0.406505555164468E+00
 0.404596294671657E+00
 0.402476340866421E+00
 0.400147147149313E+00
 0.397610931715282E+00
 0.394870677113636E+00
 0.391930122974468E+00
 0.388793752353220E+00
 0.385466772762671E+00
 0.381955092821789E+00
 0.378265295492462E+00
 0.374404609488968E+00
 0.370380880970438E+00
 0.366202546993308E+00
 0.361878610122023E+00
 0.357418611161737E+00
 0.352832595994573E+00
 0.348131074046639E+00
 0.343324969303268E+00
 0.338425567912371E+00
 0.333444467234034E+00
 0.328393529253575E+00
 0.323284837999770E+00
 0.318130658171891E+00
 0.312974376736486E+00
 0.307916259450240E+00
 0.302960828698563E+00
 0.298100614451363E+00
 0.293336943022981E+00
 0.288656061640602E+00
 0.284058959725427E+00
 0.279541696115263E+00
 0.275099483777416E+00
 0.270731495128747E+00
 0.266432517068424E+00
 0.263510369207892E+00
 0.262857908087078E+00
 0.262202553707614E+00
 0.261553180834385E+00
 0.260917372976184E+00
 0.260296020655035E+00
 0.259675127686994E+00
 0.259078455411990E+00
 0.258438231394586E+00
 0.257801276198210E+00
 0.257192456876716E+00
 0.256505830573051E+00
 0.255885234126742E+00
 0.255209556312997E+00
 0.254458048569903E+00
 0.253839208027510E+00
 0.253084790146358E+00
 0.252262814287526E+00
 0.251625874559538E+00
 0.250783037881151E+00
 0.249947497253251E+00
 0.249213557155648E+00
 0.248278740359940E+00
 0.247423461548904E+00
 0.246577483106954E+00
 0.245543644897632E+00
 0.244667612466385E+00
 0.243701004382888E+00
 0.242576776640316E+00
 0.241670641213762E+00
 0.240577208930450E+00
 0.239410241295612E+00
 0.238432304802019E+00
 0.237216437193415E+00
 0.235931430278614E+00
 0.234637597744547E+00
 0.233336836588896E+00
 0.232029398721106E+00
 0.230707003853728E+00
 0.229380977267517E+00
 0.228067369656981E+00
 0.226824180048920E+00
 0.225560859932492E+00
 0.224315262785986E+00
 0.225012885496951E+00
 0.226009731679572E+00
 0.226966313702318E+00
 0.227917736217628E+00
 0.228759783113395E+00
 0.229653795395841E+00
 0.230363809284307E+00
 0.231207542342526E+00
 0.231805763442135E+00
 0.232588070156939E+00
 0.233073260961779E+00
 0.233780911832183E+00
 0.234206099198307E+00
 0.234803316084611E+00
 0.235162630027650E+00
 0.235639519307755E+00
 0.235942229301839E+00
 0.236311826122213E+00
 0.236548695975364E+00
 0.236806019939802E+00
 0.236987099297125E+00
 0.237145994927784E+00
 0.237262832341576E+00
 0.237068732368786E+00
 0.236564746045467E+00
 0.235921415512558E+00
 0.235365117530805E+00
 0.234671935973671E+00
 0.234055906375857E+00
 0.233134088134212E+00
 0.231910456456469E+00
 0.230390090013808E+00
 0.228579143623042E+00
 0.226484825649423E+00
 0.224130430828281E+00
 0.230544055108230E+00
 0.240998704063282E+00
 0.251327792522044E+00
 0.261481106248302E+00
 0.271408296676951E+00
 0.281059111437716E+00
 0.290383629319929E+00
 0.299332493755995E+00
 0.307857142298650E+00
 0.315910031960548E+00
 0.323444858435602E+00
 0.330416762856392E+00
 0.336782518288372E+00
 0.342500693610529E+00
 0.347531802980949E+00
 0.351838457660404E+00
 0.355385536479901E+00
 0.358140380328606E+00
 0.361982693164443E+00
 0.365505025018509E+00
 0.368201809201910E+00
 0.370042344772366E+00
 0.370998925327139E+00
 0.371046987066318E+00
 0.370165224554614E+00
 0.368335681005498E+00
 0.365543825223603E+00
 0.361778625390618E+00
 0.357032623072398E+00
 0.351500948917056E+00
 0.346032460671990E+00
 0.340756905861078E+00
 0.335637234742334E+00
 0.340489158923510E+00
 0.347282983559374E+00
 0.354219335121337E+00
 0.361286377062809E+00
 0.368471544398485E+00
 0.375761571070363E+00
 0.383142521525657E+00
 0.390599829606783E+00
 0.398118346224810E+00
 0.405682394646016E+00
 0.413275829773404E+00
 0.420882096885945E+00
 0.428484286543048E+00
 0.436065185213861E+00
 0.443607324149776E+00
 0.451093030519582E+00
 0.458504484172696E+00
 0.465823781106480E+00
 0.473033002094859E+00
 0.480114283234770E+00
 0.487049884930154E+00
 0.493822256832377E+00
 0.500414097872100E+00
 0.506808412159561E+00
 0.512988562784509E+00
 0.518938326097690E+00
 0.524641948640122E+00
 0.530084207452677E+00
 0.535250472441759E+00
 0.540126767657863E+00
 0.544699827726576E+00
 0.548957146741346E+00
 0.552887019290959E+00
 0.556478575795532E+00
 0.559721815667391E+00
 0.562607641317845E+00
 0.565127894027811E+00
 0.567275390300628E+00
 0.569043955726320E+00
 0.570428453239148E+00
 0.571424803768200E+00
 0.572029998961252E+00
 0.572242107173270E+00
 0.572060274819281E+00
 0.571484725365290E+00
 0.570516757684060E+00
 0.569158744330566E+00
 0.567414128775067E+00
 0.565287419318366E+00
 0.562784176965993E+00
 0.559910995344797E+00
 0.556675472577234E+00
 0.553086177045504E+00
 0.549152610157080E+00
 0.544885168952540E+00
 0.540295109835929E+00
 0.535394512688145E+00
 0.530196243157935E+00
 0.524713910652714E+00
 0.518961820453331E+00
 0.512954919890760E+00
 0.506708739929628E+00
 0.500239334302286E+00
 0.493563218387477E+00
 0.486697309451252E+00
 0.479658868880320E+00
 0.472465445885721E+00
 0.465230854163218E+00
 0.458172395715941E+00
 0.451290491295493E+00
 0.444573210389347E+00
 0.438017806423472E+00
 0.431618964031038E+00
 0.425361342004665E+00
 0.419246240969952E+00
 0.413267708359883E+00
 0.407412988681044E+00
 0.401692992261716E+00
 0.396100237435404E+00
 0.390600093104761E+00
 0.385242310865579E+00
 0.379980311690827E+00
 0.374813412264100E+00
 0.369780873189297E+00
 0.364784035172546E+00
 0.359958024419699E+00
 0.355179425624991E+00
 0.350503201686267E+00
 0.345941679438209E+00
 0.343128343986785E+00
 0.342610944741709E+00
 0.342163034815311E+00
 0.341603110249655E+00
 0.341195561554438E+00
 0.340648892416353E+00
 0.340097884576467E+00
 0.339670891340073E+00
 0.339062005398309E+00
 0.338574276839989E+00
 0.337996868902672E+00
 0.337329814765031E+00
 0.336835022846571E+00
 0.336134544631116E+00
 0.335434163452465E+00
 0.334835023145940E+00
 0.334037480713200E+00
 0.333325285297220E+00
 0.332551744246214E+00
 0.331667781716269E+00
 0.330902095883179E+00
 0.329979324311472E+00
 0.328998883594557E+00
 0.328152724570245E+00
 0.327112423622554E+00
 0.326126522078483E+00
 0.325192231075956E+00
 0.324173843976093E+00
 0.323139473675042E+00
 0.322077191287465E+00
 0.320953963054765E+00
 0.319857765121580E+00
 0.318631778547062E+00
 0.317494858655356E+00
 0.316180238396455E+00
 0.315010082709023E+00
 0.313599744440213E+00
 0.312388474447568E+00
 0.310916064606831E+00
 0.309650175149754E+00
 0.308146508128922E+00
 0.306787849308870E+00
 0.305279982378265E+00
 0.303817778428261E+00
 0.302294644434604E+00
 0.300743003176283E+00
 0.299223054332088E+00
 0.297591812907065E+00
 0.296055929040008E+00
 0.296088710988167E+00
 0.297234289759922E+00
 0.298526407217690E+00
 0.299605280985289E+00
 0.300824762643800E+00
 0.301868199734551E+00
 0.302996826301076E+00
 0.303977050367305E+00
 0.305030316588194E+00
 0.305974421297229E+00
 0.306935155639264E+00
 0.307825105559654E+00
 0.308712962812165E+00
 0.309564865088231E+00
 0.310367631746437E+00
 0.311172736022447E+00
 0.311891593384688E+00
 0.312673657265475E+00
 0.313303260278191E+00
 0.313496765243876E+00
 0.314056670623996E+00
 0.314233522998018E+00
 0.314709592912198E+00
 0.314656808361829E+00
 0.314081282144831E+00
 0.312990579804058E+00
 0.311393680574972E+00
 0.309300935064045E+00
 0.307218543439091E+00
 0.305095841898346E+00
 0.303095807309819E+00
 0.300932077917817E+00
 0.298298268642137E+00
 0.295207692892116E+00
 0.291674835074897E+00
 0.287715286467762E+00
 0.283345676819518E+00
 0.278583602174835E+00
 0.273447549084481E+00
 0.267956815475602E+00
 0.262131429044491E+00
 0.256352627301132E+00
 0.254783879978174E+00
 0.258314180149935E+00
 0.261950110234012E+00
 0.265686616501291E+00
 0.269518014460309E+00
 0.273438000811907E+00
 0.277439669573272E+00
 0.281515534406623E+00
 0.285657557654090E+00
 0.289857184779566E+00
 0.294105381773789E+00
 0.298392673114320E+00
 0.302709178950507E+00
 0.307044651658637E+00
 0.311388513055077E+00
 0.315729893947931E+00
 0.320057677361513E+00
 0.324360545959751E+00
 0.328627033230258E+00
 0.332845577102993E+00
 0.337004574082187E+00
 0.341092431920189E+00
 0.345097619542127E+00
 0.349008714233410E+00
 0.352814447508262E+00
 0.356503751837713E+00
 0.360065809997920E+00
 0.363490107297283E+00
 0.366766485108910E+00
 0.369885192975955E+00
 0.372836936708548E+00
 0.375612921234078E+00
 0.378204888719198E+00
 0.380605153717172E+00
 0.383745046450856E+00
 0.387064091058895E+00
 0.390225054375306E+00
 0.393219182134459E+00
 0.396038251418254E+00
 0.398674612368714E+00
 0.401121225316323E+00
 0.403371692496734E+00
 0.405420284856099E+00
 0.407261965306271E+00
 0.408892409940253E+00
 0.410308028275264E+00
 0.411505982837089E+00
 0.412484207581355E+00
 0.413241423940959E+00
 0.413777152882295E+00
 0.414091721471451E+00
 0.414186263218124E+00
 0.414062712695702E+00
 0.413723796095212E+00
 0.413173019817092E+00
 0.412414658603632E+00
 0.411453743316581E+00
 0.410296047007296E+00
 0.408948067204106E+00
 0.407417002720407E+00
 0.405710724508127E+00
 0.403837741456122E+00
 0.401807162880836E+00
 0.399628659475643E+00
 0.397312423838272E+00
 0.394869130806705E+00
 0.392309897090914E+00
 0.389646239272015E+00
 0.386890029163453E+00
 0.384053445771338E+00
 0.381148923661817E+00
 0.378189098384762E+00
 0.375186750454245E+00
 0.372154749805937E+00
 0.369106002273709E+00
 0.366053398488877E+00
 0.363009764247572E+00
 0.359987810585629E+00
 0.357000082046075E+00
 0.354058902794557E+00
 0.351176321651315E+00
 0.348364057979679E+00
 0.345633450304512E+00
 0.342995408707577E+00
 0.340460371002987E+00
 0.338038261949600E+00
 0.335738454522224E+00
 0.333569732452588E+00
 0.331540253665042E+00
 0.329657514733964E+00
 0.327928317022505E+00
 0.326358735638401E+00
 0.324954092562016E+00
 0.323718935028337E+00
 0.322657019420368E+00
 0.321771299848836E+00
 0.321063919825340E+00
 0.320536205496740E+00
 0.320188659862207E+00
 0.320020958731910E+00
 0.320031950117884E+00
 0.320219658727594E+00
 0.320581296323284E+00
 0.321113277512309E+00
 0.321811239729415E+00
 0.322670066081472E+00
 0.323683910185904E+00
 0.324846222744035E+00
 0.326149780050537E+00
 0.327586714898553E+00
 0.329148550476160E+00
 0.330826237873849E+00
 0.332610197620343E+00
 0.334490365139046E+00
 0.336456239283203E+00
 0.338496932523075E+00
 0.340601221328093E+00
 0.342757595956374E+00
 0.344954309940610E+00
 0.347179430433558E+00
 0.349420890700964E+00
 0.351666545323108E+00
 0.353904227528943E+00
 0.356121807230653E+00
 0.358307248217565E+00
 0.360448663548435E+00
 0.362534368974306E+00
 0.364552934739973E+00
 0.366493236193001E+00
 0.368344503464111E+00
 0.370096370327768E+00
 0.371738922261121E+00
 0.373262743544323E+00
 0.374658962874172E+00
 0.375919296532413E+00
 0.377036087994517E+00
 0.378002343233019E+00
 0.378811761764572E+00
 0.379458764273243E+00
 0.379938517919307E+00
 0.380246960014286E+00
 0.380380819860496E+00
 0.380337637759224E+00
 0.380115779957906E+00
 0.379714448725696E+00
 0.379133687493227E+00
 0.378374381580838E+00
 0.377438255179508E+00
 0.376327865020693E+00
 0.375046590888928E+00
 0.373598623028081E+00
 0.371988946522635E+00
 0.370223322673571E+00
 0.368308267118829E+00
 0.366251024146194E+00
 0.364059536649787E+00
 0.361742411659228E+00
 0.359308882106979E+00
 0.356768766014019E+00
 0.354132424192066E+00
 0.351410716914377E+00
 0.348614959217655E+00
 0.345756874061072E+00
 0.342848542711245E+00
 0.339902352280534E+00
 0.336930940930752E+00
 0.333947141542504E+00
 0.330963924583854E+00
 0.327998419783347E+00
 0.325066297634618E+00
 0.322171861785383E+00
 0.319321013199773E+00
 0.316526275795657E+00
 0.313806815424423E+00
 0.311189679220496E+00
 0.308675721926373E+00
 0.306275881880835E+00
 0.304001391754045E+00
 0.301863007740294E+00
 0.299870960774273E+00
 0.298034911249663E+00
 0.296363906592888E+00
 0.294866340819765E+00
 0.293549915579507E+00
 0.292421602847437E+00
 0.291487609937373E+00
 0.290753347640808E+00
 0.290223402129876E+00
 0.289901510998551E+00
 0.289790543610330E+00
 0.289892485762313E+00
 0.290208428478901E+00
 0.290738560499567E+00
 0.291482163857871E+00
 0.292437612062816E+00
 0.293602370868211E+00
 0.294973002267750E+00
 0.297809661911992E+00
 0.300901470538602E+00
 0.304138432453728E+00
 0.307508934336540E+00
 0.311000727807762E+00
 0.314600978086170E+00
 0.318296315101486E+00
 0.322072886150457E+00
 0.325916409489605E+00
 0.329812229083940E+00
 0.333745371422886E+00
 0.337700605236956E+00
 0.341662504048301E+00
 0.345615510377732E+00
 0.349543999912013E+00
 0.353432344371688E+00
 0.357264972872889E+00
 0.361026432493673E+00
 0.364701448950089E+00
 0.368274987745266E+00
 0.371732315376407E+00
 0.375059059746774E+00
 0.378241269037986E+00
 0.381265468679005E+00
 0.384118716251931E+00
 0.386788654011528E+00
 0.389263558419976E+00
 0.391532386158181E+00
 0.393584816640401E+00
 0.395411291772297E+00
 0.397003053915999E+00
 0.398352182408723E+00
 0.399451627845543E+00
 0.400295242495406E+00
 0.400877805342155E+00
 0.401195041298637E+00
 0.401243635405819E+00
 0.401021243445270E+00
 0.400526500027608E+00
 0.400694570943693E+00
 0.400961111586416E+00
 0.400968607965267E+00
 0.400713769901704E+00
 0.400194233748603E+00
 0.399408569900007E+00
 0.398356284958992E+00
 0.397037819684282E+00
 0.395454544048163E+00
 0.393608750214230E+00
 0.391503643352580E+00
 0.389143329513386E+00
 0.386532799642914E+00
 0.383677909200658E+00
 0.380585353370358E+00
 0.377262638218912E+00
 0.373871498788810E+00
 0.370541777280827E+00
 0.367266109460111E+00
 0.364047744168829E+00
 0.360890745198856E+00
 0.357776300641851E+00
 0.354710320395992E+00
 0.351680553184411E+00
 0.348688451627674E+00
 0.345747613015221E+00
 0.342845079578688E+00
 0.339976657079224E+00
 0.337109181899324E+00
 0.334297991576014E+00
 0.331513721935444E+00
 0.328724145647409E+00
 0.325978820546398E+00
 0.323252852065737E+00
 0.320519722752330E+00
 0.317832153906838E+00
 0.315149687811401E+00
 0.312493224736273E+00
 0.309818124611784E+00
 0.307191491538449E+00
 0.304534951805805E+00
 0.301879220136654E+00
 0.299281436791654E+00
 0.296602880417173E+00
 0.294025118801400E+00
 0.291355240403563E+00
 0.288716430311781E+00
 0.286108333579029E+00
 0.283388162551828E+00
 0.280815622749062E+00
 0.278110718065413E+00
 0.275448362686676E+00
 0.272805649638692E+00
 0.270026698014020E+00
 0.267431188707338E+00
 0.264670286195000E+00
 0.261981348031071E+00
 0.259275619010844E+00
 0.256464854694704E+00
 0.253816373236179E+00
 0.250984056428551E+00
 0.248301570881601E+00
 0.245507681460430E+00
 0.242747255210753E+00
 0.240002858537480E+00
 0.237172347144870E+00
 0.234478381084335E+00
 0.231613144341590E+00
 0.228956721222355E+00
 0.226125484044110E+00
 0.227409441363519E+00
 0.229957638047544E+00
 0.232617635748140E+00
 0.235379514396685E+00
 0.238233352110150E+00
 0.241169272171703E+00
 0.244177491386610E+00
 0.247248369306728E+00
 0.250372456466733E+00
 0.253540539549002E+00
 0.256743682494892E+00
 0.259973264183601E+00
 0.263221014215577E+00
 0.266479047962381E+00
 0.269739900810588E+00
 0.272996560485399E+00
 0.276242496260555E+00
 0.279471684624458E+00
 0.282678631754500E+00
 0.285858393215833E+00
 0.289006590672497E+00
 0.292119424819206E+00
 0.295193683945342E+00
 0.298226748515230E+00
 0.301216593066250E+00
 0.304161786664778E+00
 0.307061491969085E+00
 0.309915461490196E+00
 0.312724029126762E+00
 0.315488096007004E+00
 0.318209111443191E+00
 0.320889051044254E+00
 0.323530393801340E+00
 0.326136098503839E+00
 0.328709578367274E+00
 0.331254672404922E+00
 0.333775612993552E+00
 0.336276990354314E+00
 0.338763715177009E+00
 0.341240980034223E+00
 0.343714219267925E+00
 0.346189066722217E+00
 0.348671311414156E+00
 0.351166852314474E+00
 0.353681653747670E+00
 0.356221702015790E+00
 0.358792962340835E+00
 0.361401334399901E+00
 0.364052605423938E+00
 0.366752401631527E+00
 0.369506140285748E+00
 0.372318984662810E+00
 0.375195802670695E+00
 0.378141127971080E+00
 0.381159121706120E+00
 0.384253533819994E+00
 0.387427664648193E+00
 0.390684328490490E+00
 0.394025820505112E+00
 0.397453886970974E+00
 0.400969698040457E+00
 0.404573822399712E+00
 0.408266204408986E+00
 0.412046145088907E+00
 0.415912287826064E+00
 0.419862608185978E+00
 0.423894406060564E+00
 0.428004298712119E+00
 0.432188215023375E+00
 0.436441393054252E+00
 0.440758383309593E+00
 0.445133058570289E+00
 0.449558628892771E+00
 0.454027659191252E+00
 0.458532087578251E+00
 0.463063244659915E+00
 0.467611875594756E+00
 0.472168166695602E+00
 0.476721776889700E+00
 0.481261872834798E+00
 0.485777166220514E+00
 0.490255952841406E+00
 0.494686154249431E+00
 0.499055362889611E+00
 0.503350890406098E+00
 0.507559817410325E+00
 0.511669042864312E+00
 0.515665332725910E+00
 0.519535369485095E+00
 0.523265804947523E+00
 0.526843317282945E+00
 0.530254670871530E+00
 0.533486775807123E+00
 0.536526744419694E+00
 0.539361944469730E+00
 0.541980050915437E+00
 0.544369098623975E+00
 0.546517536878430E+00
 0.548414284434074E+00
 0.550048782956333E+00
 0.551411047517630E+00
 0.552491714440020E+00
 0.553282087550317E+00
 0.553774183161619E+00
 0.553960772631770E+00
 0.553835420737059E+00
 0.553392519153312E+00
 0.552627316287286E+00
 0.551535945799062E+00
 0.550115455220168E+00
 0.548363833629751E+00
 0.546280035316714E+00
 0.543863996462963E+00
 0.541116644187449E+00
 0.538039900052810E+00
 0.534636681226812E+00
 0.530910901143886E+00
 0.526867468931370E+00
 0.522512285164287E+00
 0.519855060159907E+00
 0.517311725389695E+00
 0.514424340986734E+00
 0.511196257093887E+00
 0.507631804430300E+00
 0.503736283562079E+00
 0.499515952900800E+00
 0.494978015536848E+00
 0.490130603340759E+00
 0.485089320500414E+00
 0.480180697793298E+00
 0.475408308250454E+00
 0.470778407825505E+00
 0.466265518257661E+00
 0.461875637718320E+00
 0.457596870116628E+00
 0.453433655953330E+00
 0.449368884643143E+00
 0.445415332246351E+00
 0.441550948103890E+00
 0.437764555660347E+00
 0.434035018545902E+00
 0.430399802238072E+00
 0.426855525794348E+00
 0.423360018370106E+00
 0.419891705155490E+00
 0.416531859765172E+00
 0.413209984504725E+00
 0.409901355863230E+00
 0.406688731212594E+00
 0.403473679284096E+00
 0.400316690186864E+00
 0.397203706599597E+00
 0.394083981892721E+00
 0.391028313476041E+00
 0.387966586146891E+00
 0.384945337326132E+00
 0.381945092256277E+00
 0.378958374870672E+00
 0.376001318501068E+00
 0.373070566082098E+00
 0.370141889568650E+00
 0.367248830984164E+00
 0.364338868748519E+00
 0.361423170123313E+00
 0.358573620027239E+00
 0.355655296482148E+00
 0.352822502223118E+00
 0.349914499964963E+00
 0.347018423739273E+00
 0.344182581830420E+00
 0.341247198993792E+00
 0.338442749026355E+00
 0.335514744631207E+00
 0.332642000127830E+00
 0.329781554175544E+00
 0.326834048445549E+00
 0.324040306866348E+00
 0.321094430246429E+00
 0.318259251771048E+00
 0.315361732041482E+00
 0.312446166125475E+00
 0.309647312841360E+00
 0.306708297814072E+00
 0.303943878953628E+00
 0.301034837311453E+00
 0.298250822090705E+00
 0.296374170715783E+00
 0.297483292100712E+00
 0.298689544134206E+00
 0.299685739617424E+00
 0.300815021555801E+00
 0.301705632049250E+00
 0.302732208458599E+00
 0.303515385455842E+00
 0.304443321585181E+00
 0.305113118067830E+00
 0.305927224028893E+00
 0.306496650268825E+00
 0.307195284123157E+00
 0.307661022941957E+00
 0.308224664343176E+00
 0.308597543823470E+00
 0.309034629458715E+00
 0.309305123764228E+00
 0.309602357625874E+00
 0.309783425553956E+00
 0.309952939279690E+00
 0.310034114687005E+00
 0.310065693070265E+00
 0.310059388913210E+00
 0.309968886915611E+00
 0.309866483116512E+00
 0.309646301186643E+00
 0.309463180618936E+00
 0.309126364420639E+00
 0.308849468848493E+00
 0.308399557730621E+00
 0.308035870141766E+00
 0.307491299963957E+00
 0.307037961271953E+00
 0.307851045553522E+00
 0.308684482580437E+00
 0.309413568978330E+00
 0.310044603404690E+00
 0.310584541306999E+00
 0.311040954699880E+00
 0.311421989618628E+00
 0.311736320674555E+00
 0.311993102341494E+00
 0.312201917879043E+00
 0.312372727832685E+00
 0.312515819586586E+00
 0.312641757554226E+00
 0.312761331757051E+00
 0.312885502409546E+00
 0.313025340039291E+00
 0.313191963271527E+00
 0.313396477729584E+00
 0.313649918559505E+00
 0.313963196650275E+00
 0.314347046543707E+00
 0.314811973743926E+00
 0.315368200592513E+00
 0.316025611725792E+00
 0.316793700935250E+00
 0.317681520633304E+00
 0.318697633944759E+00
 0.319850068917026E+00
 0.321146274915434E+00
 0.322593082234444E+00
 0.324196666140840E+00
 0.325962515493374E+00
 0.327895404526376E+00
 0.329999365763863E+00
 0.332277663136155E+00
 0.334732766543342E+00
 0.337366330675190E+00
 0.340179180545382E+00
 0.343171304117301E+00
 0.346341850151318E+00
 0.349689128641649E+00
 0.353210612345221E+00
 0.356902939864397E+00
 0.360761921966935E+00
 0.364782552555736E+00
 0.368959024485625E+00
 0.373284749470664E+00
 0.377752381380909E+00
 0.382353842989493E+00
 0.387080356735179E+00
 0.391922479638948E+00
 0.396870141427882E+00
 0.401912684181483E+00
 0.407038902271856E+00
 0.412237082895214E+00
 0.417495048976894E+00
 0.422800206432614E+00
 0.428139596362637E+00
 0.433499950695699E+00
 0.438867748609732E+00
 0.444229271609333E+00
 0.449570656944434E+00
 0.454877950680593E+00
 0.460137162011174E+00
 0.465334319357814E+00
 0.470455527508719E+00
 0.475487024585104E+00
 0.480415238170649E+00
 0.485226840705056E+00
 0.489908804343322E+00
 0.494448454794011E+00
 0.498833522907311E+00
 0.503052192857190E+00
 0.507093146813716E+00
 0.510945607283550E+00
 0.514599378749952E+00
 0.518044889383253E+00
 0.521273231943984E+00
 0.524276201737606E+00
 0.527046329540561E+00
 0.529576908779513E+00
 0.531862017927472E+00
 0.533896539892075E+00
 0.535676179632922E+00
 0.537197479931545E+00
 0.538457834253410E+00
 0.539455495672177E+00
 0.540189581601138E+00
 0.540660074710461E+00
 0.540867820290442E+00
 0.540814519693099E+00
 0.540502719167636E+00
 0.539935793943997E+00
 0.539117928489856E+00
 0.538054094527917E+00
 0.536750027949404E+00
 0.535212204401458E+00
 0.533447812049541E+00
 0.531464719799684E+00
 0.529271440302927E+00
 0.526877088630897E+00
 0.524291338532421E+00
 0.521524378023531E+00
 0.518586864954501E+00
 0.515489881996302E+00
 0.512244890014694E+00
 0.508863679235295E+00
 0.505358318420477E+00
 0.501741102743212E+00
 0.498024500862502E+00
 0.494221101261328E+00
 0.490343557842751E+00
 0.486404535312530E+00
 0.482416655521990E+00
 0.478392445943732E+00
 0.474344290542491E+00
 0.470284382075705E+00
 0.466224674315621E+00
 0.462176833366935E+00
 0.458152188732642E+00
 0.454161685984322E+00
 0.450215842968079E+00
 0.446324710435097E+00
 0.442497836624575E+00
 0.438744234565396E+00
 0.435072351073691E+00
 0.431490037260270E+00
 0.428004521129138E+00
 0.424622383059261E+00
 0.421349534656569E+00
 0.418191201083388E+00
 0.415151906923176E+00
 0.412235465905911E+00
 0.409444974980109E+00
 0.406782812861936E+00
 0.404250642399956E+00
 0.401849415485739E+00
 0.399579379470152E+00
 0.397440085152033E+00
 0.395430397646287E+00
 0.393548511835790E+00
 0.391791973282649E+00
 0.390157703986516E+00
 0.388642031298490E+00
 0.387240718334318E+00
 0.385948995207487E+00
 0.384761591506037E+00
 0.383672770917743E+00
 0.382676368624637E+00
 0.381765831470922E+00
 0.380934260494249E+00
 0.380174455395089E+00
 0.379478960682604E+00
 0.378840113227899E+00
 0.378250090660658E+00
 0.377700959719141E+00
 0.377184723728168E+00
 0.376693369018670E+00
 0.376218910994122E+00
 0.375753441016464E+00
 0.375289174823162E+00
 0.374818501963091E+00
 0.374334034574219E+00
 0.373828653595255E+00
 0.373295551411200E+00
 0.372728271315596E+00
 0.372120745033514E+00
 0.371467329364882E+00
 0.370762842092412E+00
 0.370002596443064E+00
 0.369182433157474E+00
 0.368298749543340E+00
 0.367348525285953E+00
 0.366329344891977E+00
 0.365239416509786E+00
 0.364077586847491E+00
 0.362843352232519E+00
 0.361536866378658E+00
 0.360158945714885E+00
 0.358711072824831E+00
 0.357195397700338E+00
 0.355614735641988E+00
 0.353972560399521E+00
 0.352272991833939E+00
 0.350520778640734E+00
 0.348721277666708E+00
 0.346880431380377E+00
 0.345004744111992E+00
 0.343101256479624E+00
 0.341177516825175E+00
 0.339241548818309E+00
 0.337301815225360E+00
 0.335367178470800E+00
 0.333446858680234E+00
 0.331550389612613E+00
 0.329687572734086E+00
 0.327868429844116E+00
 0.326103154873280E+00
 0.324402065336150E+00
 0.322775553364224E+00
 0.321234035639037E+00
 0.319787901425471E+00
 0.318447458500426E+00
 0.317222877784458E+00
 0.316124138260916E+00
 0.315160973749355E+00
 0.314342822232559E+00
 0.313678777249840E+00
 0.313177540143105E+00
 0.312847372154367E+00
 0.312696046337957E+00
 0.312730800254584E+00
 0.312958290778896E+00
 0.313384551956983E+00
 0.314014956164380E+00
 0.314854178415446E+00
 0.315906163723492E+00
 0.317174097587346E+00
 0.318660379605208E+00
 0.320366599902306E+00
 0.322293517909338E+00
 0.324441043397668E+00
 0.326808220441666E+00
 0.329393215570133E+00
 0.332193311243606E+00
 0.335204904912730E+00
 0.338423512808466E+00
 0.341843777012472E+00
 0.345459474653775E+00
 0.349263529076739E+00
 0.353248023873516E+00
 0.357404221109381E+00
 0.361722584658432E+00
 0.366192808645403E+00
 0.370803850194995E+00
 0.375543965480942E+00
 0.380400748401058E+00
 0.385361171652440E+00
 0.390411630165209E+00
 0.395537986790600E+00
 0.400725620151754E+00
 0.405959474854660E+00
 0.411224114604070E+00
 0.416503778709382E+00
 0.421782441785212E+00
 0.427043875505537E+00
 0.432271710760799E+00
 0.437449498957900E+00
 0.442560772300285E+00
 0.447589103963502E+00
 0.452518169429647E+00
 0.457331809672519E+00
 0.462014095813082E+00
 0.466549393977917E+00
 0.470922428875224E+00
 0.475118345063056E+00
 0.479122765629334E+00
 0.482921848556186E+00
 0.486502341173232E+00
 0.489851632937113E+00
 0.492957806589758E+00
 0.495809687680256E+00
 0.498396892347047E+00
 0.500709872937045E+00
 0.502739960532625E+00
 0.504479403160744E+00
 0.505921398796194E+00
 0.507060123237402E+00
 0.507890753956643E+00
 0.508409491363966E+00
 0.508613578272611E+00
 0.508501317129216E+00
 0.508072083599044E+00
 0.507326334980848E+00
 0.506265612647322E+00
 0.504892538722739E+00
 0.503210807910400E+00
 0.501225175494088E+00
 0.498941442193505E+00
 0.496366436080845E+00
 0.493507991413308E+00
 0.490374924050450E+00
 0.486977003020844E+00
 0.483324917734399E+00
 0.479430240404288E+00
 0.475305383610534E+00
 0.470963553613943E+00
 0.466418700708871E+00
 0.461685468092101E+00
 0.456779140127712E+00
 0.451715589745666E+00
 0.446511223736984E+00
 0.441182924584607E+00
 0.435747988310737E+00
 0.430224059068171E+00
 0.424629062053424E+00
 0.418981136328802E+00
 0.413298568476370E+00
 0.407599727202254E+00
 0.401902998504708E+00
 0.396226720905537E+00
 0.390589120363535E+00
 0.385008244689348E+00
 0.379501897554192E+00
 0.374087572580958E+00
 0.368782388470542E+00
 0.363603026426691E+00
 0.358565671026859E+00
 0.353685955041579E+00
 0.348978907757651E+00
 0.344458905619177E+00
 0.340139623967245E+00
 0.336033989459520E+00
 0.332154133964342E+00
 0.328511351607295E+00
 0.325116060645279E+00
 0.321977770989510E+00
 0.319105057079888E+00
 0.316505535101847E+00
 0.314185843513929E+00
 0.312151626307348E+00
 0.310407518945843E+00
 0.308957137306992E+00
 0.307803070191017E+00
 0.306946876154534E+00
 0.306389085482397E+00
 0.306129207837624E+00
 0.306165745465944E+00
 0.306496211022164E+00
 0.307117148587059E+00
 0.308024156620255E+00
 0.309211912439339E+00
 0.310674198903099E+00
 0.312403934691380E+00
 0.314393209476904E+00
 0.316633324399607E+00
 0.319114837079639E+00
 0.321827609610063E+00
 0.324760857960894E+00
 0.327903201896023E+00
 0.331242715362649E+00
 0.334766977878921E+00
 0.338463127567377E+00
 0.342317916317345E+00
 0.346317767301623E+00
 0.350448834741779E+00
 0.354697065338234E+00
 0.359048260230534E+00
 0.363488136044437E+00
 0.368002383851021E+00
 0.372576725725443E+00
 0.377196969625564E+00
 0.381849063896794E+00
 0.386519152465747E+00
 0.391193630830023E+00
 0.395859201825957E+00
 0.400502929480844E+00
 0.405112289366712E+00
 0.409675214652932E+00
 0.414180138042090E+00
 0.418616030453067E+00
 0.422972437420383E+00
 0.427239513800914E+00
 0.431408056825510E+00
 0.435469537066153E+00
 0.439416126581205E+00
 0.443240723318181E+00
 0.446936970838579E+00
 0.450499272736567E+00
 0.453922801821394E+00
 0.457203504985414E+00
 0.460338105185517E+00
 0.463324101713866E+00
 0.466159768972187E+00
 0.468844152838474E+00
 0.471377063107857E+00
 0.473759060747440E+00
 0.475991439632311E+00
 0.478076203471059E+00
 0.480016039251954E+00
 0.481814288527210E+00
 0.483474917338888E+00
 0.485002484905932E+00
 0.486402110647974E+00
 0.487679438872642E+00
 0.488840600493051E+00
 0.489892171395611E+00
 0.490841127492168E+00
 0.491694797027039E+00
 0.492460811248629E+00
 0.493147054838392E+00
 0.493761617241387E+00
 0.494312745228945E+00
 0.494808796011685E+00
 0.495258189616634E+00
 0.495669359470947E+00
 0.496050701095876E+00
 0.496410519925227E+00
 0.496756979872806E+00
 0.497098054107825E+00
 0.497441478775214E+00
 0.497794709589220E+00
 0.498164880707780E+00
 0.498558765170206E+00
 0.498982736362209E+00
 0.499442730328672E+00
 0.499944209193361E+00
 0.500492126386577E+00
 0.501090894706753E+00
 0.501744358290992E+00
 0.502455769224340E+00
 0.503227768816080E+00
 0.504062372775013E+00
 0.504960959038067E+00
 0.505924257183187E+00
 0.506952339181961E+00
 0.508044612290157E+00
 0.509199815516160E+00
 0.510416020957606E+00
 0.511690640473604E+00
 0.513020437189658E+00
 0.514401540751437E+00
 0.515829465244821E+00
 0.517299129100484E+00
 0.518804876792752E+00
 0.520340502540994E+00
 0.521899276503572E+00
 0.523473974114508E+00
 0.525056909164687E+00
 0.526639970869993E+00
 0.528214664537808E+00
 0.529772154790653E+00
 0.531303309981992E+00
 0.532798746678442E+00
 0.534248873830582E+00
 0.535643937156614E+00
 0.536974064834378E+00
 0.538229315497062E+00
 0.539399728784480E+00
 0.540475377726449E+00
 0.541446421575750E+00
 0.542303157695281E+00
 0.543036071648857E+00
 0.543635885355651E+00
 0.544093603668379E+00
 0.544400559901834E+00
 0.544548460770111E+00
 0.544529431001911E+00
 0.544336057594529E+00
 0.543961433211583E+00
 0.543399197741556E+00
 0.542643576793209E+00
 0.541689416158557E+00
 0.540532212001194E+00
 0.539168137379934E+00
 0.537594066224420E+00
 0.535807595747253E+00
 0.533807067571784E+00
 0.531591586956347E+00
 0.529161038880475E+00
 0.526516099736918E+00
 0.523658243927696E+00
 0.520589745470790E+00
 0.517313675363261E+00
 0.513833895648837E+00
 0.510155050921777E+00
 0.506282557581097E+00
 0.502222590739698E+00
 0.497982068369157E+00
 0.493568632029504E+00
 0.488990623464119E+00
 0.484257056576134E+00
 0.479377584895790E+00
 0.474362465391526E+00
 0.469222519958356E+00
 0.463969095796003E+00
 0.458614025179007E+00
 0.453169584212413E+00
 0.447648449574394E+00
 0.442063652281343E+00
 0.436428528114954E+00
 0.430756665180112E+00
 0.425061849705825E+00
 0.419358011389359E+00
 0.413659169291244E+00
 0.407979378707695E+00
 0.402332678860029E+00
 0.396733040868962E+00
 0.391194315400219E+00
 0.385730179536809E+00
 0.380354082787511E+00
 0.375079192625673E+00
 0.369918340461809E+00
 0.364883969274433E+00
 0.359988084012957E+00
 0.355242205277865E+00
 0.350657325931962E+00
 0.346243869679780E+00
 0.342011650654518E+00
 0.337969833682449E+00
 0.334126895778423E+00
 0.330490590067350E+00
 0.327067913423228E+00
 0.323865078695364E+00
 0.321338171996594E+00
 0.320274088106448E+00
 0.319139371753020E+00
 0.317965462385044E+00
 0.316826416099995E+00
 0.315570978602580E+00
 0.314267034461905E+00
 0.313035704392049E+00
 0.311652319904045E+00
 0.310207989039635E+00
 0.308870997282156E+00
 0.307352544186595E+00
 0.305763300456222E+00
 0.304312250097605E+00
 0.303858681021461E+00
 0.304330660672650E+00
 0.304999684817623E+00
 0.305857416589495E+00
 0.306894921457314E+00
 0.308102714448337E+00
 0.309470810180383E+00
 0.310988774471293E+00
 0.312645776670853E+00
 0.314430642459025E+00
 0.316331907408034E+00
 0.318337871924302E+00
 0.320436658177807E+00
 0.322616269297387E+00
 0.324864650563721E+00
 0.327169751746523E+00
 0.329519589310448E+00
 0.331902307115464E+00
 0.334306234532009E+00
 0.336719941522846E+00
 0.339132291006805E+00
 0.341532489392854E+00
 0.343910136254105E+00
 0.346255273614699E+00
 0.348558434485360E+00
 0.350810689554406E+00
 0.353003690693140E+00
 0.355129710222330E+00
 0.357181675443887E+00
 0.359153198410114E+00
 0.361038601082191E+00
 0.362832935959109E+00
 0.364532002111001E+00
 0.366132356483619E+00
 0.367631320422278E+00
 0.369026981585295E+00
 0.370318191715597E+00
 0.371504561003413E+00
 0.372586449862946E+00
 0.373564958752885E+00
 0.374441916185463E+00
 0.375219864407549E+00
 0.375902041612548E+00
 0.376492359203398E+00
 0.376995372787550E+00
 0.377416246323201E+00
 0.377760710000851E+00
 0.378035013643191E+00
 0.378245878151811E+00
 0.378400447493177E+00
 0.378506242922915E+00
 0.379014342452146E+00
 0.382637444725639E+00
 0.385300838409800E+00
 0.386965914605798E+00
 0.387599538368576E+00
 0.387174462361624E+00
 0.385669147342072E+00
 0.383067111778092E+00
 0.379356101830370E+00
 0.378721467617776E+00
 0.378852193482365E+00
 0.379037816386880E+00
 0.379286566809528E+00
 0.379606366615503E+00
 0.380004781585028E+00
 0.380488973413626E+00
 0.381065650556200E+00
 0.381741019093438E+00
 0.382520736621750E+00
 0.383409873056452E+00
 0.384412881558868E+00
 0.385533580555452E+00
 0.386775144704072E+00
 0.388140099843332E+00
 0.389630315646139E+00
 0.391246990632518E+00
 0.392990627256232E+00
 0.394860998934226E+00
 0.396857114615189E+00
 0.398977188456386E+00
 0.401218621819479E+00
 0.403578002396404E+00
 0.406051121685892E+00
 0.408633008239689E+00
 0.411317970924249E+00
 0.414099644542814E+00
 0.416971030001041E+00
 0.419924523011048E+00
 0.422951928980991E+00
 0.426044466599776E+00
 0.429192767539816E+00
 0.432386883122784E+00
 0.435616309198207E+00
 0.438870037004874E+00
 0.442136630867473E+00
 0.445404325233305E+00
 0.448661126825378E+00
 0.451894905454460E+00
 0.455093460644579E+00
 0.458244559744489E+00
 0.461335953629437E+00
 0.464355384524096E+00
 0.467290603569869E+00
 0.470129412114153E+00
 0.472859731523040E+00
 0.475469695168579E+00
 0.477947747744984E+00
 0.480282734977120E+00
 0.482463972150757E+00
 0.484481290327228E+00
 0.486325069677183E+00
 0.487986274889723E+00
 0.489456505210461E+00
 0.490728062331087E+00
 0.491794027625355E+00
 0.492648332015578E+00
 0.493285801398854E+00
 0.493702168567612E+00
 0.493894055258569E+00
 0.493858939355850E+00
 0.493595127057883E+00
 0.493101745967271E+00
 0.492378764572213E+00
 0.491427031191034E+00
 0.490248316280339E+00
 0.488845339525750E+00
 0.487221768130805E+00
 0.485382183320113E+00
 0.483332024376345E+00
 0.481077528689788E+00
 0.478625688100766E+00
 0.475984234545047E+00
 0.473161653777811E+00
 0.470167210415841E+00
 0.467010957710740E+00
 0.463703706433844E+00
 0.460256939572400E+00
 0.456682678741621E+00
 0.452993326699562E+00
 0.449201520595138E+00
 0.445320028219829E+00
 0.441361705027733E+00
 0.437339508113062E+00
 0.433266542520927E+00
 0.429156102949230E+00
 0.425021674835616E+00
 0.420876872939347E+00
 0.416735317837356E+00
 0.412610473156920E+00
 0.408515480657916E+00
 0.404463031202165E+00
 0.400465296879580E+00
 0.396533927882229E+00
 0.392680095290477E+00
 0.388914546195735E+00
 0.385247635856198E+00
 0.381689312856791E+00
 0.378249052273023E+00
 0.374935750659313E+00
 0.371757608344250E+00
 0.368722025995827E+00
 0.365835535226171E+00
 0.363103771460910E+00
 0.360531485942906E+00
 0.358122585540633E+00
 0.355880185109482E+00
 0.353806657457003E+00
 0.351903669837136E+00
 0.350172202117284E+00
 0.348612548426316E+00
 0.347224309028192E+00
 0.346006380852609E+00
 0.344956953465614E+00
 0.344073513620964E+00
 0.343352857868930E+00
 0.342791110655715E+00
 0.342383745694391E+00
 0.342125610928424E+00
 0.342010961012736E+00
 0.342033503950176E+00
 0.342186468082302E+00
 0.342462690662934E+00
 0.342854720613361E+00
 0.343354919322504E+00
 0.343955539403600E+00
 0.344648765678112E+00
 0.345426715055331E+00
 0.346281407856350E+00
 0.347204735602332E+00
 0.348188453440337E+00
 0.349224217158775E+00
 0.350303667978225E+00
 0.351418549567064E+00
 0.352560828635728E+00
 0.353722788473547E+00
 0.354897074825609E+00
 0.356076691406341E+00
 0.357254960668784E+00
 0.358425476870887E+00
 0.359582079081691E+00
 0.360718862391554E+00
 0.361830230690353E+00
 0.362910979459683E+00
 0.363956386456249E+00
 0.364962284433422E+00
 0.365925094036193E+00
 0.366841806097613E+00
 0.367709918159582E+00
 0.368527345280375E+00
 0.369292334142158E+00
 0.370003407834767E+00
 0.370659356477249E+00
 0.371259270944763E+00
 0.371802600906473E+00
 0.372289210477974E+00
 0.372719407294694E+00
 0.373093931502682E+00
 0.373413905230886E+00
 0.373680755638845E+00
 0.373896132181947E+00
 0.374061839666267E+00
 0.374179802920365E+00
 0.374252067948215E+00
 0.374280831311232E+00
 0.374268478549684E+00
 0.374217608040147E+00
 0.374131021252057E+00
 0.374011672899541E+00
 0.373862590316610E+00
 0.373686783860239E+00
 0.373487173600668E+00
 0.373266550197801E+00
 0.373027572970732E+00
 0.372772792740178E+00
 0.372504678312499E+00
 0.372225627233748E+00
 0.371937952042844E+00
 0.371643846809295E+00
 0.371345348534453E+00
 0.371044310018136E+00
 0.370742395287420E+00
 0.370441099108600E+00
 0.370141782732388E+00
 0.369845712037808E+00
 0.369554083206579E+00
 0.369268025239237E+00
 0.368988577066288E+00
 0.368716647175146E+00
 0.368452971534730E+00
 0.368198087134165E+00
 0.367952332154986E+00
 0.367715872311598E+00
 0.367488742043624E+00
 0.367270884645433E+00
 0.367062178994969E+00
 0.366862449499446E+00
 0.366671464820812E+00
 0.366488935413580E+00
 0.366314518655146E+00
 0.366147835155120E+00
 0.365988493663230E+00
 0.365836117307822E+00
 0.365690362072370E+00
 0.365550919991818E+00
 0.365417504303718E+00
 0.365289820451821E+00
 0.365167533005867E+00
 0.365050241435740E+00
 0.364937475476243E+00
 0.364828713914999E+00
 0.364723421617553E+00
 0.364621092162489E+00
 0.364521280762425E+00
 0.364423615492946E+00
 0.364327783120122E+00
 0.364233495839321E+00
 0.364140452965300E+00
 0.364048313733799E+00
 0.363956692776851E+00
 0.363865180242324E+00
 0.363773377904153E+00
 0.363680935503523E+00
 0.363587571134936E+00
 0.363493066107097E+00
 0.363397235700005E+00
 0.363299887976882E+00
 0.363200788638138E+00
 0.363099648168827E+00
 0.362996138797765E+00
 0.362889936665382E+00
 0.362780774177891E+00
 0.362668483125964E+00
 0.362553012452087E+00
 0.362434414014890E+00
 0.362312801416538E+00
 0.362188296473155E+00
 0.362060981985328E+00
 0.361930877057226E+00
 0.361797943398888E+00
 0.361662120365177E+00
 0.361523376198060E+00
 0.361381756419494E+00
 0.361237410300294E+00
 0.361090583751782E+00
 0.360941579897055E+00
 0.360790702054559E+00
 0.360638201781896E+00
 0.360484252773804E+00
 0.360328960154029E+00
 0.360172399245752E+00
 0.360014665643953E+00
 0.359855914940598E+00
 0.359696376694097E+00
 0.359536339360025E+00
 0.359376114808128E+00
 0.359215997677928E+00
 0.359056234378665E+00
 0.358897010671352E+00
 0.358738458996625E+00
 0.358580680263327E+00
 0.358423771249071E+00
 0.358267848030208E+00
 0.358113057378797E+00
 0.357959571647454E+00
 0.357807568227869E+00
 0.357657201075076E+00
 0.357508576253788E+00
 0.357361742810854E+00
 0.357216703515312E+00
 0.357073440014455E+00
 0.356931939342337E+00
 0.356792208211093E+00
 0.356654268543040E+00
 0.356518137962988E+00
 0.356383806381030E+00
 0.356251220502016E+00
 0.356120282609179E+00
 0.355990862205026E+00
 0.355862813501076E+00
 0.355735990699067E+00
 0.355610255939507E+00
 0.355485479192786E+00
 0.355361532626984E+00
 0.355238282964318E+00
 0.355115584699273E+00
 0.354993276233426E+00
 0.354871180647479E+00
 0.354749112224120E+00
 0.354626887803887E+00
 0.354504338856490E+00
 0.354381318055753E+00
 0.354257695767615E+00
 0.354133347418136E+00
 0.354008138963003E+00
 0.353881920011955E+00
 0.353754530304666E+00
 0.353625817376818E+00
 0.353495656533123E+00
 0.353363962905840E+00
 0.353230689863914E+00
 0.353095815170301E+00
 0.352959321903757E+00
 0.352821182782552E+00
 0.352681354220707E+00
 0.352539782000430E+00
 0.352396415998336E+00
 0.352251228487121E+00
 0.352104229702208E+00
 0.351955475333968E+00
 0.351805062788618E+00
 0.351653116092399E+00
 0.351499763033861E+00
 0.351345111860952E+00
 0.351189236786414E+00
 0.351032179554827E+00
 0.350873967866546E+00
 0.350714643135395E+00
 0.350554284652415E+00
 0.350393018448396E+00
 0.350231006662109E+00
 0.350068422638260E+00
 0.349905422960354E+00
 0.349742127497412E+00
 0.349578613544288E+00
 0.349414923733232E+00
 0.349251082654178E+00
 0.349087115272172E+00
 0.348923060943304E+00
 0.348758979159237E+00
 0.348594946124548E+00
 0.348431044055544E+00
 0.348267347075021E+00
 0.348103908452286E+00
 0.347940753556783E+00
 0.347777881122409E+00
 0.347615272382766E+00
 0.347452904287187E+00
 0.347290761141991E+00
 0.347128840134583E+00
 0.346967149921061E+00
 0.346805705318800E+00
 0.346644522384079E+00
 0.346483616138207E+00
 0.346323000031673E+00
 0.346162684768786E+00
 0.346002675351661E+00
 0.345842967585846E+00
 0.345683546505647E+00
 0.345524388376350E+00
 0.345365466119489E+00
 0.345206756578662E+00
 0.345048247409484E+00
 0.344889941176372E+00
 0.344731854446112E+00
 0.344574010896530E+00
 0.344416429965115E+00
 0.344259115297555E+00
 0.344102048350868E+00
 0.343945190849960E+00
 0.343788496041961E+00
 0.343631924715340E+00
 0.343475459538428E+00
 0.343319111376065E+00
 0.343162914023985E+00
 0.343006908631215E+00
 0.342851124176018E+00
 0.342695562965589E+00
 0.342540198118471E+00
 0.342384983942667E+00
 0.342229873619869E+00
 0.342074835744036E+00
 0.341919863351818E+00
 0.341764973731864E+00
 0.341610200889279E+00
 0.341455583568685E+00
 0.341301151609538E+00
 0.341146914047320E+00
 0.340992853538508E+00
 0.340838931069240E+00
 0.340685100950094E+00
 0.340531330360951E+00
 0.340377614108077E+00
 0.340223976822683E+00
 0.340070461097180E+00
 0.339917107355386E+00
 0.339763935375822E+00
 0.339610936219402E+00
 0.339458077748218E+00
 0.339305320049799E+00
 0.339152632516373E+00
 0.339000004400329E+00
 0.338847445069536E+00
 0.338694975977827E+00
 0.338542619834817E+00
 0.338390391866085E+00
 0.338238294954181E+00
 0.338086318110333E+00
 0.337934437905160E+00
 0.337782623756531E+00
 0.337630847452642E+00
 0.337479094117603E+00
 0.337327368658668E+00
 0.337175692389971E+00
 0.337024089968404E+00
 0.336872573497982E+00
 0.336721133348530E+00
 0.336569741363650E+00
 0.336418364253011E+00
 0.336266978695610E+00
 0.336115579282139E+00
 0.335964175722228E+00
 0.335812782659648E+00
 0.335661409268738E+00
 0.335510054498784E+00
 0.335358709050381E+00
 0.335207360706112E+00
 0.335055998559436E+00
 0.334904614167748E+00
 0.334753201062658E+00
 0.334601755220199E+00
 0.334450277099180E+00
 0.334298772887531E+00
 0.334147251979610E+00
 0.333995720650319E+00
 0.333844175999135E+00
 0.333692605461186E+00
 0.333540993651660E+00
 0.333389332452221E+00
 0.333237626991659E+00
 0.333085892643855E+00
 0.332934144762761E+00
 0.332782388431591E+00
 0.332630615576454E+00
 0.332478811325044E+00
 0.332326964776231E+00
 0.332175076489149E+00
 0.332023157902799E+00
 0.331871223995403E+00
 0.331719285013931E+00
 0.331567342856672E+00
 0.331415393390123E+00
 0.331263431414218E+00
 0.331111453817683E+00
 0.330959459247126E+00
 0.330807446471396E+00
 0.330655414841512E+00
 0.330503367632476E+00
 0.330351315109256E+00
 0.330199272903712E+00
 0.330047254524307E+00
 0.329895262202801E+00
 0.329743283100615E+00
 0.329591295161184E+00
 0.329439280153933E+00
 0.329287235790381E+00
 0.329135178737504E+00
 0.328983136198485E+00
 0.328831131271061E+00
 0.328679171137354E+00
 0.328527244799105E+00
 0.328375330614624E+00
 0.328223408073336E+00
 0.328071466824216E+00
 0.327919509143168E+00
 0.327767546722565E+00
 0.327615595309510E+00
 0.327463670012305E+00
 0.327311781716784E+00
 0.327159933804446E+00
 0.327008119462142E+00
