 0.535982968212189E-08
 0.821790299491368E-07
 0.394031294839349E-06
 0.117140571467447E-05
 0.267746853879934E-05
 0.519680824282624E-05
 0.945683304389227E-05
 0.158362353067686E-04
 0.248901882819368E-04
 0.372402340816948E-04
 0.534233517422436E-04
 0.742732528922480E-04
 0.100243202819376E-03
 0.131857582838983E-03
 0.169900888655090E-03
 0.214754601976289E-03
 0.266566798704689E-03
 0.325508306368376E-03
 0.392350568767247E-03
 0.466332742892749E-03
 0.547112310288588E-03
 0.634166369638147E-03
 0.726792067562593E-03
 0.824109113466108E-03
 0.925063674943471E-03
 0.102852770638803E-02
 0.113581682888043E-02
 0.124778221335176E-02
 0.136398520008896E-02
 0.150135627139279E-02
 0.167079911711976E-02
 0.185240801032942E-02
 0.203996454774027E-02
 0.223548495484902E-02
 0.243641998828763E-02
 0.264404775212748E-02
 0.291732665802406E-02
 0.320797180328463E-02
 0.351552152600272E-02
 0.383921936672619E-02
 0.422513301603585E-02
 0.463935719789828E-02
 0.507908482207442E-02
 0.554356952839125E-02
 0.603166939877352E-02
 0.654181144019109E-02
 0.707195927281914E-02
 0.761958540189382E-02
 0.818699827455844E-02
 0.885724369749578E-02
 0.955328779778585E-02
 0.102720455983741E-01
 0.110098653573858E-01
 0.117625229100874E-01
 0.125252204579491E-01
 0.132925915804283E-01
 0.141148667462299E-01
 0.150407155118207E-01
 0.159779928405534E-01
 0.169204621666246E-01
 0.178612307191600E-01
 0.194209856540033E-01
 0.227527046619591E-01
 0.263627830271637E-01
 0.302542996491908E-01
 0.344284926121796E-01
 0.388846456141531E-01
 0.436199859256434E-01
 0.486295929786841E-01
 0.539063181815137E-01
 0.594407183179638E-01
 0.652210060960525E-01
 0.712330215112735E-01
 0.774602266055728E-01
 0.838837243132190E-01
 0.904823000529851E-01
 0.972324832669686E-01
 0.104108625740358E+00
 0.111082994413885E+00
 0.118125878219452E+00
 0.125205710545169E+00
 0.132289210422001E+00
 0.139341545733373E+00
 0.146326520440883E+00
 0.153206785343932E+00
 0.159944069085922E+00
 0.166499424006396E+00
 0.172833480820321E+00
 0.178906707231862E+00
 0.184679668036570E+00
 0.190113287092774E+00
 0.195169113673876E+00
 0.199809596364275E+00
 0.203998366624238E+00
 0.207700531812659E+00
 0.210882974589625E+00
 0.213514653058880E+00
 0.215566894391596E+00
 0.217013674299175E+00
 0.217831875543073E+00
 0.218001520344286E+00
 0.217505973579775E+00
 0.216332115511259E+00
 0.214470484102341E+00
 0.211915387589333E+00
 0.208664987968446E+00
 0.204721355726895E+00
 0.200090495840335E+00
 0.194782345086215E+00
 0.188810741174637E+00
 0.182193364886391E+00
 0.174951656956593E+00
 0.167110711536819E+00
 0.158699147692418E+00
 0.149748959844114E+00
 0.140295347703886E+00
 0.130376526165048E+00
 0.124776196917922E+00
 0.123411114657412E+00
 0.122068926247797E+00
 0.120327659788648E+00
 0.119640465727823E+00
 0.118543311781173E+00
 0.117405250552847E+00
 0.116915200361376E+00
 0.116017229592590E+00
 0.115374940492227E+00
 0.115053237796084E+00
 0.114326303570256E+00
 0.114139944204447E+00
 0.113971054366709E+00
 0.113404910976679E+00
 0.113684225372937E+00
 0.113661671179805E+00
 0.113503415986245E+00
 0.114015079710133E+00
 0.114134265419024E+00
 0.114496812473925E+00
 0.115130365970089E+00
 0.115883419807962E+00
 0.122743968704000E+00
 0.128999723957427E+00
 0.134637705432081E+00
 0.139648810627277E+00
 0.144027716031573E+00
 0.147772805155961E+00
 0.150886148766637E+00
 0.153373537898104E+00
 0.155244543227426E+00
 0.156512554874950E+00
 0.157194751740584E+00
 0.157311960954489E+00
 0.156888392200250E+00
 0.155951261137548E+00
 0.154530342598348E+00
 0.152657510722553E+00
 0.150366325328289E+00
 0.147691710172540E+00
 0.144669741466912E+00
 0.141337530292767E+00
 0.137733150426085E+00
 0.133895544974027E+00
 0.129864349508757E+00
 0.125691658947655E+00
 0.125975392737193E+00
 0.126329235340771E+00
 0.126429557459812E+00
 0.126700600420595E+00
 0.126527516563934E+00
 0.126703683541026E+00
 0.126445806741968E+00
 0.126412436887761E+00
 0.126050312519258E+00
 0.125705905004607E+00
 0.125259382764935E+00
 0.124756845167850E+00
 0.124213377457805E+00
 0.126498327087833E+00
 0.129199185355266E+00
 0.131825955619910E+00
 0.134372879883420E+00
 0.136834425203359E+00
 0.139205294383530E+00
 0.141480429447320E+00
 0.143655018087465E+00
 0.145724512041410E+00
 0.148117830140794E+00
 0.150690633268423E+00
 0.153163680123417E+00
 0.155531649804495E+00
 0.157789531242975E+00
 0.159932657626925E+00
 0.161956731018166E+00
 0.163857837925263E+00
 0.165632459750294E+00
 0.167277483611573E+00
 0.168790218552771E+00
 0.170168419823456E+00
 0.171410320597389E+00
 0.172514667334535E+00
 0.173480753108321E+00
 0.174308443336599E+00
 0.174998190507318E+00
 0.175551037911675E+00
 0.175968615726993E+00
 0.176253134599269E+00
 0.176407381325197E+00
 0.176434718549219E+00
 0.176339086831156E+00
 0.176125004730412E+00
 0.175797562034991E+00
 0.175362403209340E+00
 0.174825701599615E+00
 0.174194128227729E+00
 0.173474820517145E+00
 0.172675355258133E+00
 0.171803726957695E+00
 0.170868328828894E+00
 0.169877930803125E+00
 0.168841648416646E+00
 0.167768898540460E+00
 0.166669341863934E+00
 0.165552816232930E+00
 0.164429267774863E+00
 0.163308687243742E+00
 0.164109611840647E+00
 0.166318503772243E+00
 0.168033494998558E+00
 0.170862894179742E+00
 0.173008614184773E+00
 0.174453610228356E+00
 0.175184378858949E+00
 0.175191128861087E+00
 0.174467863072448E+00
 0.173012377388136E+00
 0.170826204056879E+00
 0.167914536813019E+00
 0.164938679608611E+00
 0.162753594489092E+00
 0.159867553266057E+00
 0.157529853577715E+00
 0.155352102797125E+00
 0.154496936973910E+00
 0.156257048281945E+00
 0.158161482088970E+00
 0.160206442076982E+00
 0.162387295228595E+00
 0.164698608487153E+00
 0.167134200741275E+00
 0.169687199724292E+00
 0.172350092545432E+00
 0.175114761502271E+00
 0.177972502770720E+00
 0.180914032717853E+00
 0.183929492540521E+00
 0.187008464407840E+00
 0.190140009973758E+00
 0.193312735488396E+00
 0.196514879152868E+00
 0.199734409288716E+00
 0.202959119274828E+00
 0.206176707995535E+00
 0.209374841260083E+00
 0.212541197249667E+00
 0.215663504507495E+00
 0.218729582635724E+00
 0.221727393746660E+00
 0.224645108129104E+00
 0.227471182310017E+00
 0.230194443379688E+00
 0.232804171325026E+00
 0.235290171742411E+00
 0.237642834419960E+00
 0.239853177812909E+00
 0.241912883786751E+00
 0.243814329592132E+00
 0.245550623876691E+00
 0.247115650617334E+00
 0.248504120190174E+00
 0.249711622139450E+00
 0.250734671444480E+00
 0.251570740460862E+00
 0.252218272229875E+00
 0.252676676162103E+00
 0.252946312044819E+00
 0.253028470859465E+00
 0.252925359993089E+00
 0.252640096469993E+00
 0.252176706427408E+00
 0.251540124398861E+00
 0.250736183975398E+00
 0.249771592998148E+00
 0.248653891081353E+00
 0.247391393159946E+00
 0.245993127463219E+00
 0.244468777764961E+00
 0.242828637130561E+00
 0.241083574509684E+00
 0.239245008662160E+00
 0.237324878911864E+00
 0.235335601422948E+00
 0.233290003793213E+00
 0.231201238311607E+00
 0.229082682045412E+00
 0.226947836486324E+00
 0.224810238709175E+00
 0.222683390373048E+00
 0.220580703232650E+00
 0.218515453719333E+00
 0.216500737087027E+00
 0.214549413899685E+00
 0.212674046587548E+00
 0.210886828919475E+00
 0.209199514463989E+00
 0.207623350534350E+00
 0.211222592093988E+00
 0.214977990654241E+00
 0.217921998294639E+00
 0.220037840445699E+00
 0.221432416579922E+00
 0.224400044446646E+00
 0.226507042822586E+00
 0.227739900000303E+00
 0.228088939569882E+00
 0.227548411520637E+00
 0.226116472316570E+00
 0.223795072845562E+00
 0.220613605750604E+00
 0.217226322440248E+00
 0.214246477566891E+00
 0.211195367681745E+00
 0.208101944863381E+00
 0.206962759385602E+00
 0.208677069906205E+00
 0.210567070798121E+00
 0.212626905679911E+00
 0.214849923774359E+00
 0.217228694359001E+00
 0.219755017953804E+00
 0.222419940191543E+00
 0.225213775527699E+00
 0.228126145917262E+00
 0.231146034849812E+00
 0.234261851706248E+00
 0.237461497886598E+00
 0.240732426415172E+00
 0.244061690812282E+00
 0.247435985048521E+00
 0.250841681453086E+00
 0.254264875057097E+00
 0.257691440242378E+00
 0.261107100043979E+00
 0.264497502716537E+00
 0.267848296914120E+00
 0.271145197415863E+00
 0.274374037247513E+00
 0.277520807394594E+00
 0.280571689864161E+00
 0.283513092097408E+00
 0.286331690168348E+00
 0.289014485144417E+00
 0.291548872246135E+00
 0.293922717256226E+00
 0.296124430678037E+00
 0.298143029249951E+00
 0.299968177672645E+00
 0.301590210160713E+00
 0.303000139059531E+00
 0.304189662645401E+00
 0.305151183632167E+00
 0.305877843728386E+00
 0.306363570667649E+00
 0.306603126896607E+00
 0.306592147193666E+00
 0.306327156771408E+00
 0.305805569533046E+00
 0.305025673898325E+00
 0.303986617268686E+00
 0.302688398457007E+00
 0.301131871761912E+00
 0.299318759906611E+00
 0.297251668574725E+00
 0.294934093971587E+00
 0.292370416359381E+00
 0.289565875846178E+00
 0.286526531013930E+00
 0.283259205603855E+00
 0.279771432409188E+00
 0.276071405059709E+00
 0.272167945869396E+00
 0.268129775948374E+00
 0.264212947749784E+00
 0.260439462249982E+00
 0.256793031265302E+00
 0.253291340000982E+00
 0.249902329295325E+00
 0.246634436044109E+00
 0.243484836011458E+00
 0.240441397693875E+00
 0.237504846202723E+00
 0.234672023577907E+00
 0.231934182262783E+00
 0.229285167558200E+00
 0.226735519772654E+00
 0.224285497293304E+00
 0.221897401143223E+00
 0.219616782734627E+00
 0.217401569187253E+00
 0.215255510850726E+00
 0.213984725350960E+00
 0.213751342401309E+00
 0.213519892059107E+00
 0.213327108800185E+00
 0.213165055714883E+00
 0.213030314853018E+00
 0.212929859858484E+00
 0.212825051232205E+00
 0.212771331557739E+00
 0.212695745204970E+00
 0.212612155320418E+00
 0.212614134305340E+00
 0.212536029962428E+00
 0.212537386039419E+00
 0.212484062549497E+00
 0.212395148839383E+00
 0.212436382085416E+00
 0.212332885991203E+00
 0.212300712827086E+00
 0.212253235297649E+00
 0.212109782184572E+00
 0.212111821241982E+00
 0.211967239286699E+00
 0.211805962208710E+00
 0.211763271399652E+00
 0.211543379707710E+00
 0.211415043988665E+00
 0.211231807380522E+00
 0.210957040684392E+00
 0.210818724286625E+00
 0.210519192117896E+00
 0.210211865203786E+00
 0.210002140744516E+00
 0.209754671345518E+00
 0.209531356522680E+00
 0.209301591666380E+00
 0.209005815811816E+00
 0.208784639437622E+00
 0.208404477864399E+00
 0.208180205112777E+00
 0.208642528017961E+00
 0.209714137370375E+00
 0.210656521707407E+00
 0.211668417375446E+00
 0.212538153004667E+00
 0.213472770441168E+00
 0.214277293509323E+00
 0.215150610659282E+00
 0.215875628261504E+00
 0.216666952946547E+00
 0.217320807155065E+00
 0.218051407462382E+00
 0.218620758315654E+00
 0.219269003151130E+00
 0.219763269300578E+00
 0.220352901366220E+00
 0.220759780342940E+00
 0.221271312342268E+00
 0.221601506987054E+00
 0.222057650421567E+00
 0.222299894125491E+00
 0.222686685004260E+00
 0.222852898256678E+00
 0.223188518774925E+00
 0.223271493406749E+00
 0.223547633119300E+00
 0.223553965188932E+00
 0.223787066099838E+00
 0.223710412480471E+00
 0.223269637847354E+00
 0.223124536829882E+00
 0.222668652170003E+00
 0.223313911433502E+00
 0.228957434251631E+00
 0.234440767383552E+00
 0.239723515679863E+00
 0.244765298618000E+00
 0.249525930271353E+00
 0.253965575962738E+00
 0.258044915537510E+00
 0.261725337081405E+00
 0.264969160047384E+00
 0.267739865166452E+00
 0.270002308338680E+00
 0.271722913210438E+00
 0.273738127736588E+00
 0.275964191606585E+00
 0.277626446989647E+00
 0.278691928350914E+00
 0.279129582032908E+00
 0.278910489733009E+00
 0.278008081619779E+00
 0.276398302478306E+00
 0.274059721524837E+00
 0.271854319883264E+00
 0.277145020150374E+00
 0.282282111357697E+00
 0.287246919624332E+00
 0.292020725918846E+00
 0.296584816881792E+00
 0.301276392663139E+00
 0.307131253349345E+00
 0.313075999421991E+00
 0.319102597730873E+00
 0.325202338192517E+00
 0.331365850082852E+00
 0.337583128203143E+00
 0.343843566783504E+00
 0.350135994163111E+00
 0.356448702226378E+00
 0.362769470865800E+00
 0.369085594262809E+00
 0.375383917020081E+00
 0.381650882940907E+00
 0.387872591671911E+00
 0.394034854516420E+00
 0.400123243404596E+00
 0.406123133821866E+00
 0.412019747854764E+00
 0.417798203386702E+00
 0.423443570590241E+00
 0.428940931766007E+00
 0.434275439565487E+00
 0.439432372090664E+00
 0.444397187645324E+00
 0.449155582773208E+00
 0.453693553711299E+00
 0.457997456789053E+00
 0.462054062191372E+00
 0.465850599527888E+00
 0.469374799794723E+00
 0.472614941288067E+00
 0.475559903851371E+00
 0.478199228614519E+00
 0.480523174759997E+00
 0.482522765365987E+00
 0.484189820658328E+00
 0.485516984079761E+00
 0.486497749026483E+00
 0.487126490444786E+00
 0.487992837950848E+00
 0.490686502192746E+00
 0.493023149303480E+00
 0.494994322484847E+00
 0.496592434803109E+00
 0.497810806229207E+00
 0.498643692043338E+00
 0.499086304137710E+00
 0.499134828551965E+00
 0.498786441839757E+00
 0.498039326708197E+00
 0.496892685747966E+00
 0.495346752045344E+00
 0.493402796430097E+00
 0.491063131583875E+00
 0.488331112445790E+00
 0.485211131107365E+00
 0.481708604326807E+00
 0.477829953704084E+00
 0.473582581348237E+00
 0.468974845247313E+00
 0.464016036988640E+00
 0.458716360714399E+00
 0.453086908900911E+00
 0.447153600745745E+00
 0.441286132269319E+00
 0.435635984774151E+00
 0.430201649973381E+00
 0.424953103308785E+00
 0.419914434224342E+00
 0.415051731860237E+00
 0.410358742418758E+00
 0.405830369100750E+00
 0.401467036171205E+00
 0.397252506636013E+00
 0.393183425764632E+00
 0.389241213460802E+00
 0.385424775447765E+00
 0.381745924861983E+00
 0.378189230278734E+00
 0.374743909856534E+00
 0.371387991240054E+00
 0.368148621230925E+00
 0.365002807720700E+00
 0.361944136829408E+00
 0.358984121710741E+00
 0.356106633754915E+00
 0.353320218930468E+00
 0.350588628329066E+00
 0.347955763770989E+00
 0.345355760633621E+00
 0.342858588110715E+00
 0.340372959736198E+00
 0.339498495707066E+00
 0.339432896318024E+00
 0.339461708939981E+00
 0.339499085376046E+00
 0.339527281373490E+00
 0.339616579785959E+00
 0.339665178650603E+00
 0.339779856170884E+00
 0.339860421454252E+00
 0.339977355233671E+00
 0.340082022277277E+00
 0.340192147781856E+00
 0.340300027202113E+00
 0.340403493180061E+00
 0.340496264833983E+00
 0.340588320415183E+00
 0.340667362227389E+00
 0.340724804696010E+00
 0.340804329731025E+00
 0.340827325810057E+00
 0.340877037752586E+00
 0.340852176965604E+00
 0.340876269564124E+00
 0.340777933812251E+00
 0.340790625405466E+00
 0.340657313002486E+00
 0.340610727883266E+00
 0.340458024147089E+00
 0.340329752711528E+00
 0.340163749225327E+00
 0.339936822518196E+00
 0.339743457338237E+00
 0.339424302523522E+00
 0.339214218176637E+00
 0.338798020486422E+00
 0.338551387633433E+00
 0.338047434364918E+00
 0.337770406196770E+00
 0.337170665355900E+00
 0.336853778070550E+00
 0.336235458576744E+00
 0.335814454903596E+00
 0.335166129112950E+00
 0.334643510102625E+00
 0.334210532126285E+00
 0.335188595921691E+00
 0.336232489735919E+00
 0.337118539802030E+00
 0.338114691148905E+00
 0.338902457652032E+00
 0.339829847846197E+00
 0.340544070309601E+00
 0.341399742400218E+00
 0.342014677612266E+00
 0.342809289455275E+00
 0.343311795860885E+00
 0.344072607043343E+00
 0.344449590081421E+00
 0.345189263948498E+00
 0.345482705727303E+00
 0.346162727502383E+00
 0.346311198901797E+00
 0.346155533512058E+00
 0.346218465653984E+00
 0.346030733024610E+00
 0.345995462650887E+00
 0.345434864508931E+00
 0.344355350347960E+00
 0.342764889674758E+00
 0.340672968512541E+00
 0.338090547673798E+00
 0.335030021073367E+00
 0.331505169752038E+00
 0.327531106394015E+00
 0.323986939271566E+00
 0.320295331058621E+00
 0.316735506321623E+00
 0.312745225805873E+00
 0.308341060127140E+00
 0.303540716073073E+00
 0.298362958504912E+00
 0.292827531811962E+00
 0.286955082107536E+00
 0.280767077344566E+00
 0.274285722255118E+00
 0.267533868078789E+00
 0.260534919704596E+00
 0.259922383367577E+00
 0.263797335356719E+00
 0.267055205957597E+00
 0.269672909086971E+00
 0.271986244204184E+00
 0.275253202876130E+00
 0.277852766683419E+00
 0.279763985135822E+00
 0.280968749089487E+00
 0.281451930188072E+00
 0.281201510745167E+00
 0.280208662892108E+00
 0.278467762103202E+00
 0.275976358070436E+00
 0.272735144992158E+00
 0.268780478944919E+00
 0.264720665324571E+00
 0.260773255412887E+00
 0.256937913149142E+00
 0.258986384930389E+00
 0.263835368685594E+00
 0.268804728322942E+00
 0.273885097930295E+00
 0.279066566855353E+00
 0.284338715081790E+00
 0.289690649154457E+00
 0.295111040921401E+00
 0.300588172427447E+00
 0.306109988055531E+00
 0.311664150789400E+00
 0.317238096647179E+00
 0.322819082560053E+00
 0.328394227807671E+00
 0.333950554166407E+00
 0.339475031394145E+00
 0.344954631398597E+00
 0.350376388818506E+00
 0.355727461880035E+00
 0.360995187863904E+00
 0.366167131517640E+00
 0.371231128931214E+00
 0.376175330729114E+00
 0.380988246550438E+00
 0.385658789957693E+00
 0.390176321794944E+00
 0.394530691282645E+00
 0.398712276053344E+00
 0.402712022552057E+00
 0.406521486112815E+00
 0.410132867367155E+00
 0.413539041096746E+00
 0.416733576288247E+00
 0.419710750324607E+00
 0.422465562751866E+00
 0.424993752744892E+00
 0.427291819993804E+00
 0.429357044392666E+00
 0.431187498773207E+00
 0.432782051700008E+00
 0.434140361827964E+00
 0.435262868208680E+00
 0.436150780397559E+00
 0.436806069202326E+00
 0.437231456131788E+00
 0.437430399160854E+00
 0.437407074165749E+00
 0.437166353257901E+00
 0.436713781331334E+00
 0.436055550417581E+00
 0.435198469772949E+00
 0.434149929956208E+00
 0.432917861630341E+00
 0.431510692495448E+00
 0.429937306238468E+00
 0.428207004948898E+00
 0.426329472789976E+00
 0.424314736626870E+00
 0.422173120433908E+00
 0.419915193787184E+00
 0.417551717965127E+00
 0.415093593812592E+00
 0.412551813349857E+00
 0.409937414035850E+00
 0.407261433023363E+00
 0.404534859635497E+00
 0.401768586536053E+00
 0.398973361576425E+00
 0.396159741854284E+00
 0.393338049748694E+00
 0.390518329425628E+00
 0.387710302848528E+00
 0.384923326264569E+00
 0.382166349681483E+00
 0.379447881457186E+00
 0.376775957925268E+00
 0.374158115738552E+00
 0.371601364230492E+00
 0.369112156955419E+00
 0.366696364189931E+00
 0.364359249451217E+00
 0.362105452040375E+00
 0.359938975180341E+00
 0.357863177488727E+00
 0.355880765694260E+00
 0.353993788355441E+00
 0.352203632212959E+00
 0.350511023145159E+00
 0.348916032317452E+00
 0.347418086289487E+00
 0.346015979150555E+00
 0.344707885745101E+00
 0.343491376815570E+00
 0.342363437874164E+00
 0.341320492964992E+00
 0.340358432761996E+00
 0.339472645143056E+00
 0.338658046580590E+00
 0.337909114162345E+00
 0.337219919472364E+00
 0.336584165679495E+00
 0.335995227937208E+00
 0.335446195743909E+00
 0.334929915566936E+00
 0.334439033107112E+00
 0.333966036108678E+00
 0.333503299219859E+00
 0.333043131499759E+00
 0.332577825470117E+00
 0.332099705534427E+00
 0.331601174038687E+00
 0.331074754889219E+00
 0.330513136188459E+00
 0.329909213621915E+00
 0.329256135183086E+00
 0.328547346206026E+00
 0.327776632821573E+00
 0.326938162399903E+00
 0.326026520766294E+00
 0.325036746915405E+00
 0.323964365923525E+00
 0.322805420008510E+00
 0.321556497075219E+00
 0.320214756253940E+00
 0.318777950704431E+00
 0.317244448480185E+00
 0.315613251846116E+00
 0.313884014295279E+00
 0.312057053576365E+00
 0.310133359248585E+00
 0.308114594667115E+00
 0.306003094914455E+00
 0.303801862815185E+00
 0.301514564307689E+00
 0.299145522718961E+00
 0.296699710141319E+00
 0.294182734043808E+00
 0.291600818382153E+00
 0.288960779888393E+00
 0.286270000956917E+00
 0.283536400294946E+00
 0.280768401746688E+00
 0.277974901160902E+00
 0.275165231178169E+00
 0.272349124073790E+00
 0.269536672774166E+00
 0.266738289701511E+00
 0.263964662626925E+00
 0.261226706879116E+00
 0.258535514268601E+00
 0.255902300364581E+00
 0.253338352312955E+00
 0.250854978621755E+00
 0.248463460644844E+00
 0.246175004004622E+00
 0.244000687959230E+00
 0.241951411895928E+00
 0.240037839881239E+00
 0.238270345348287E+00
 0.236658957914994E+00
 0.239270523630028E+00
 0.248412423147333E+00
 0.256987419496215E+00
 0.264953597806913E+00
 0.272271011316218E+00
 0.278901930211677E+00
 0.284811065481045E+00
 0.289965735516626E+00
 0.294335965384969E+00
 0.297894543536104E+00
 0.300617085514514E+00
 0.304742201430374E+00
 0.308326544696714E+00
 0.311039575143864E+00
 0.312859566772352E+00
 0.313767948531781E+00
 0.313749457503220E+00
 0.312792323547846E+00
 0.310888431644589E+00
 0.308033420887133E+00
 0.304258837678607E+00
 0.300283813852746E+00
 0.296381395106634E+00
 0.292649030510505E+00
 0.288947790864414E+00
 0.285324372855370E+00
 0.281804991990440E+00
 0.278397298759577E+00
 0.281011910813055E+00
 0.285516233455694E+00
 0.290139497234441E+00
 0.294868071227753E+00
 0.299687799088515E+00
 0.304584048628676E+00
 0.309541760597233E+00
 0.314545497631282E+00
 0.319579495569752E+00
 0.324627719141635E+00
 0.329673922504579E+00
 0.334701713171105E+00
 0.339694616732401E+00
 0.344636140090593E+00
 0.349509832279647E+00
 0.354299343415457E+00
 0.358988483035381E+00
 0.363561278912366E+00
 0.368002036802562E+00
 0.372295401027605E+00
 0.376426415455611E+00
 0.380380584132333E+00
 0.384143930372896E+00
 0.387703052766916E+00
 0.391045176741820E+00
 0.394158201318849E+00
 0.397030742120277E+00
 0.399652172674177E+00
 0.402012665835972E+00
 0.404103235660088E+00
 0.405915778147263E+00
 0.407443108157150E+00
 0.408678990133756E+00
 0.409618161886271E+00
 0.410256352468867E+00
 0.410590296152188E+00
 0.410617744197228E+00
 0.410337475069541E+00
 0.409749302662934E+00
 0.408854081558863E+00
 0.407653708310920E+00
 0.406151117893686E+00
 0.404350274611825E+00
 0.402256157068694E+00
 0.399874737462562E+00
 0.397212956414693E+00
 0.394278695208006E+00
 0.391080747116017E+00
 0.387628788284479E+00
 0.383933346980973E+00
 0.380005768966761E+00
 0.375858177016760E+00
 0.371503424129146E+00
 0.366955041819255E+00
 0.362227185970701E+00
 0.357334582455440E+00
 0.352292473454315E+00
 0.347120368087744E+00
 0.341986139717933E+00
 0.336972025338314E+00
 0.332073736764720E+00
 0.327277704622806E+00
 0.322590143473344E+00
 0.317998718523697E+00
 0.313498110954029E+00
 0.309088721872293E+00
 0.304765146047753E+00
 0.300523457945618E+00
 0.296366037668331E+00
 0.292274661338912E+00
 0.288257032822014E+00
 0.284331643960822E+00
 0.280421196864587E+00
 0.276637432924629E+00
 0.272886975453325E+00
 0.269188003743433E+00
 0.265590602373557E+00
 0.261971749746131E+00
 0.258513279047847E+00
 0.255021960673248E+00
 0.251646948358287E+00
 0.248308535366666E+00
 0.244987531023099E+00
 0.241798807027063E+00
 0.238539025524650E+00
 0.238456613025514E+00
 0.245252967291509E+00
 0.251478935999298E+00
 0.256931913307515E+00
 0.261608698539204E+00
 0.265509374120733E+00
 0.268637187235137E+00
 0.272040729404694E+00
 0.276000120450827E+00
 0.279152602627316E+00
 0.281505144379627E+00
 0.283067920335962E+00
 0.283854184473572E+00
 0.283880161558422E+00
 0.283164958222888E+00
 0.281730486297392E+00
 0.279601386671524E+00
 0.276804938170692E+00
 0.273450357490093E+00
 0.270081285520366E+00
 0.266881897674473E+00
 0.263705623685795E+00
 0.260602235409327E+00
 0.257643280626931E+00
 0.254691295930857E+00
 0.251808195004000E+00
 0.249066450971263E+00
 0.246302398090743E+00
 0.244219285878965E+00
 0.247939405587915E+00
 0.251737999254507E+00
 0.255603098911544E+00
 0.259522867533056E+00
 0.263485646820641E+00
 0.267480002631250E+00
 0.271494768813179E+00
 0.275519089947332E+00
 0.279542463162957E+00
 0.283554778963765E+00
 0.287546360765814E+00
 0.291508002488186E+00
 0.295431003145729E+00
 0.299307197291531E+00
 0.303128980623714E+00
 0.306889331024628E+00
 0.310581826236882E+00
 0.314200659677725E+00
 0.317740655275143E+00
 0.321197281002833E+00
 0.324566659742338E+00
 0.327845575858311E+00
 0.331031476537969E+00
 0.334122468032405E+00
 0.337117307764753E+00
 0.340015393452843E+00
 0.342816750038379E+00
 0.345522014710830E+00
 0.348132419961546E+00
 0.350649774420448E+00
 0.353076441076059E+00
 0.355415312324958E+00
 0.357669781307554E+00
 0.359843709366563E+00
 0.361941390180258E+00
 0.363967511815976E+00
 0.365927118146598E+00
 0.367825570547633E+00
 0.369668509786162E+00
 0.371461817116523E+00
 0.373211573365519E+00
 0.374924015360627E+00
 0.376605490059492E+00
 0.378262407565135E+00
 0.379901194420281E+00
 0.381528248165180E+00
 0.383149893478594E+00
 0.384772339707932E+00
 0.386401639399749E+00
 0.388043647470191E+00
 0.389703980751476E+00
 0.391387977796337E+00
 0.393100659117958E+00
 0.394846688508307E+00
 0.396630336504946E+00
 0.398455447126572E+00
 0.400325408489885E+00
 0.402243127052054E+00
 0.404211004495066E+00
 0.406230916148130E+00
 0.408304190425408E+00
 0.410431589683651E+00
 0.412613293618593E+00
 0.414848886427199E+00
 0.417137348467992E+00
 0.419477052398125E+00
 0.421865763177254E+00
 0.424300641140776E+00
 0.426778247519321E+00
 0.429294552116681E+00
 0.431844943181798E+00
 0.434424239771259E+00
 0.437026707106552E+00
 0.439646075532568E+00
 0.442275563543742E+00
 0.444907904875822E+00
 0.447535378998326E+00
 0.450149843846139E+00
 0.452742769660906E+00
 0.455305273440305E+00
 0.457828154376272E+00
 0.460301931259680E+00
 0.462716882769764E+00
 0.465063090907857E+00
 0.467330486996431E+00
 0.469508899121495E+00
 0.471588099878789E+00
 0.473557853690747E+00
 0.475407963503872E+00
 0.477128317097192E+00
 0.478708933422930E+00
 0.480140009376039E+00
 0.481411967196963E+00
 0.482515502381514E+00
 0.483441631549701E+00
 0.484181739340138E+00
 0.484727623255144E+00
 0.485071535653666E+00
 0.485206222743682E+00
 0.485124961164832E+00
 0.484821593143377E+00
 0.484290560960829E+00
 0.483526940697341E+00
 0.482526474340803E+00
 0.481285598912840E+00
 0.479801471496625E+00
 0.478071989778773E+00
 0.476095808493173E+00
 0.473872352583039E+00
 0.471401827856318E+00
 0.468685229539476E+00
 0.465724348666310E+00
 0.462521775839383E+00
 0.459080901651162E+00
 0.455405913003981E+00
 0.451501784782317E+00
 0.447374266815881E+00
 0.443029866695725E+00
 0.438475829490451E+00
 0.433720115461182E+00
 0.428771376380148E+00
 0.423638930215095E+00
 0.418332733194393E+00
 0.412863348062062E+00
 0.407247367059210E+00
 0.401674807760553E+00
 0.396230397659121E+00
 0.390916582557796E+00
 0.385712784407378E+00
 0.380621594902710E+00
 0.375646222932339E+00
 0.370765470533836E+00
 0.365983394808455E+00
 0.361285265201302E+00
 0.356677320409782E+00
 0.352166364364000E+00
 0.347730557524991E+00
 0.343369525838066E+00
 0.339070773483700E+00
 0.334844784485915E+00
 0.330687338160884E+00
 0.326589071345098E+00
 0.322557584809823E+00
 0.318593334782727E+00
 0.314674097658832E+00
 0.310830740165149E+00
 0.307007974795980E+00
 0.303279997434343E+00
 0.299545537970795E+00
 0.295928503607660E+00
 0.292274792019756E+00
 0.288763464626663E+00
 0.285186528631071E+00
 0.281776726201497E+00
 0.278274436533197E+00
 0.277380945953125E+00
 0.277668756031177E+00
 0.277958962840104E+00
 0.278213982965851E+00
 0.278470899535623E+00
 0.278698510350526E+00
 0.278898509318001E+00
 0.279082648324182E+00
 0.279234588583469E+00
 0.279352906526868E+00
 0.279424508220604E+00
 0.279497366427581E+00
 0.279494228452417E+00
 0.279443577265447E+00
 0.279425445504135E+00
 0.279292644824436E+00
 0.279112989899757E+00
 0.278995773333329E+00
 0.278728731046031E+00
 0.278416136447017E+00
 0.278058980458343E+00
 0.277665208898110E+00
 0.277223299489448E+00
 0.276743791913800E+00
 0.276233144490526E+00
 0.275695818230957E+00
 0.275137476263997E+00
 0.274613677585887E+00
 0.273967349007016E+00
 0.273379375367618E+00
 0.272643518011739E+00
 0.272001577318953E+00
 0.271182739922019E+00
 0.270475378300677E+00
 0.269576859489376E+00
 0.268814002326894E+00
 0.267834021240224E+00
 0.267012464510592E+00
 0.265959756718438E+00
 0.265086381962549E+00
 0.263963230159851E+00
 0.263032831960155E+00
 0.261878505587840E+00
 0.260867254518782E+00
 0.259673827484375E+00
 0.258591174354000E+00
 0.257379810583545E+00
 0.256217480426467E+00
 0.254984960112851E+00
 0.253760784194384E+00
 0.252514714336369E+00
 0.251215080408006E+00
 0.249966899624758E+00
 0.248592506496868E+00
 0.247358057153914E+00
 0.245911047895291E+00
 0.245062498016745E+00
 0.245457428421390E+00
 0.245825070537633E+00
 0.245825442665851E+00
 0.245458918221766E+00
 0.244727145004115E+00
 0.243633035900434E+00
 0.242180755103060E+00
 0.240375700233261E+00
 0.238224481035159E+00
 0.235734895679609E+00
 0.234433152578726E+00
 0.234639453925181E+00
 0.234909461767817E+00
 0.235255021689767E+00
 0.235687872515381E+00
 0.236219583002633E+00
 0.236861488377328E+00
 0.237624628973188E+00
 0.238519692588414E+00
 0.245286046188084E+00
 0.256352289880853E+00
 0.267120708593792E+00
 0.277539721813032E+00
 0.287558800522247E+00
 0.297128665826277E+00
 0.306201425966044E+00
 0.314730681169874E+00
 0.322671642497323E+00
 0.329981303185989E+00
 0.336618671482335E+00
 0.342545039256531E+00
 0.347724241214189E+00
 0.352122865613109E+00
 0.355710402776537E+00
 0.358459344571409E+00
 0.362848592369975E+00
 0.366414947083451E+00
 0.369107368215317E+00
 0.370900743705104E+00
 0.371773302503086E+00
 0.371706670624377E+00
 0.370685912616508E+00
 0.368699579244308E+00
 0.365739779154568E+00
 0.361802275276109E+00
 0.356886583393393E+00
 0.351453155108868E+00
 0.346820307397168E+00
 0.353229619955527E+00
 0.359733708742105E+00
 0.366318204503488E+00
 0.372968186257232E+00
 0.379668229577608E+00
 0.386402456275249E+00
 0.393154587501607E+00
 0.399908001620635E+00
 0.406645796831852E+00
 0.413350857142982E+00
 0.420005919471653E+00
 0.426593639702290E+00
 0.433096656357525E+00
 0.439497651790227E+00
 0.445779411963766E+00
 0.451924886513450E+00
 0.457917250609689E+00
 0.463739969201637E+00
 0.469376862858699E+00
 0.474812173228688E+00
 0.480030625675133E+00
 0.485017487217678E+00
 0.489758619257065E+00
 0.494240526073594E+00
 0.498450401007171E+00
 0.502376172128779E+00
 0.506006548193665E+00
 0.509331064258350E+00
 0.512340125206564E+00
 0.515025045030959E+00
 0.517378080167782E+00
 0.519392456252033E+00
 0.521062388912971E+00
 0.522678582913684E+00
 0.526525868157226E+00
 0.530058992043982E+00
 0.533269730301537E+00
 0.536150774551313E+00
 0.538695759031522E+00
 0.540899282737072E+00
 0.542756925963360E+00
 0.544265261054274E+00
 0.545421858002352E+00
 0.546225286112985E+00
 0.546675113014542E+00
 0.546771901835752E+00
 0.546517206546113E+00
 0.545913564602936E+00
 0.544964485563335E+00
 0.543674434464141E+00
 0.542048809516216E+00
 0.540093914658812E+00
 0.537816928289921E+00
 0.535225869671749E+00
 0.532329564064923E+00
 0.529137606837585E+00
 0.525660326022205E+00
 0.521908742369396E+00
 0.517894525995942E+00
 0.513629949180533E+00
 0.509127835543259E+00
 0.504401506514898E+00
 0.499464726415812E+00
 0.494331647443326E+00
 0.489016755384163E+00
 0.483534816100263E+00
 0.477900822114507E+00
 0.472129938291910E+00
 0.466298187669937E+00
 0.460574273838417E+00
 0.454955931761795E+00
 0.449444410858564E+00
 0.444030807391404E+00
 0.438713807302197E+00
 0.433472624564371E+00
 0.428322814813841E+00
 0.423264472191405E+00
 0.418254548609241E+00
 0.413339017806276E+00
 0.408494169340979E+00
 0.403681487653297E+00
 0.398976857124693E+00
 0.394263925402107E+00
 0.389683634173108E+00
 0.385066411995172E+00
 0.380591936456448E+00
 0.376065837036280E+00
 0.371678863140454E+00
 0.367238973957895E+00
 0.362923191914183E+00
 0.358571572926582E+00
 0.354306400189802E+00
 0.350041985355092E+00
 0.345813439014527E+00
 0.341630615079181E+00
 0.337433485685269E+00
 0.333326332476442E+00
 0.329160255328548E+00
 0.325122903194890E+00
 0.320991465044783E+00
 0.317018609538939E+00
 0.312938112943563E+00
 0.309015451139981E+00
 0.304990692740373E+00
 0.301119278122475E+00
 0.297146841538559E+00
 0.293339912724699E+00
 0.289443016720798E+00
 0.285689762812422E+00
 0.285079907728124E+00
 0.285168400439781E+00
 0.285345859785634E+00
 0.285316258997710E+00
 0.285323735871897E+00
 0.285331056024885E+00
 0.285259483054982E+00
 0.285253395880920E+00
 0.285126569951896E+00
 0.285043393389523E+00
 0.284831295395832E+00
 0.284659224920071E+00
 0.284343569281151E+00
 0.284092991417479E+00
 0.283688728768621E+00
 0.283348951135673E+00
 0.282836805307287E+00
 0.282418496518763E+00
 0.281818710069394E+00
 0.281312311946049E+00
 0.280606382493659E+00
 0.280022976871799E+00
 0.279234029611926E+00
 0.278565159720618E+00
 0.277677729005343E+00
 0.276934950070759E+00
 0.275972072658949E+00
 0.275147922577405E+00
 0.274110817096890E+00
 0.273206108889375E+00
 0.272138801078279E+00
 0.271123647255726E+00
 0.270004049158204E+00
 0.268920732717019E+00
 0.267717190933106E+00
 0.266602147140535E+00
 0.265296155572943E+00
 0.264154947901025E+00
 0.262959849910563E+00
 0.263421758217642E+00
 0.264108687734375E+00
 0.264523129914105E+00
 0.265155065175409E+00
 0.265505687675903E+00
 0.266089800667722E+00
 0.266360684340737E+00
 0.266928533002187E+00
 0.267156295536383E+00
 0.267671571874088E+00
 0.267886275210634E+00
 0.268325843316127E+00
 0.268333903736886E+00
 0.268439041542333E+00
 0.268388698184557E+00
 0.268484792696668E+00
 0.268365664413231E+00
 0.267825564957873E+00
 0.266874636541914E+00
 0.265524086644357E+00
 0.263786131396096E+00
 0.266289533414957E+00
 0.269127308378452E+00
 0.272114768861269E+00
 0.275250666530664E+00
 0.278533055340337E+00
 0.281959284631581E+00
 0.285525995527842E+00
 0.289229120766929E+00
 0.293063888185976E+00
 0.297024827818620E+00
 0.301105782236284E+00
 0.305299919721106E+00
 0.309599750208782E+00
 0.313997144428696E+00
 0.318483356870610E+00
 0.323049052884024E+00
 0.327684339542743E+00
 0.332378799367490E+00
 0.337121526018868E+00
 0.341901161661619E+00
 0.346705936413514E+00
 0.351523710566254E+00
 0.356342019884468E+00
 0.361148123569658E+00
 0.365929054003128E+00
 0.370671667504013E+00
 0.375362695877820E+00
 0.379988798970696E+00
 0.384536618414107E+00
 0.388992832341582E+00
 0.393344210517494E+00
 0.397577669368267E+00
 0.401680326766189E+00
 0.405639556694971E+00
 0.409443043820717E+00
 0.413078837577466E+00
 0.416535405032094E+00
 0.419801681851887E+00
 0.422867121149291E+00
 0.425721740476563E+00
 0.428356167390356E+00
 0.430761683670344E+00
 0.432930267696473E+00
 0.434854634102066E+00
 0.436528269929747E+00
 0.437945467058822E+00
 0.439101351248154E+00
 0.439991908320629E+00
 0.440614007692110E+00
 0.440965422916868E+00
 0.441044848633826E+00
 0.440851913463952E+00
 0.440387188825526E+00
 0.439652193896722E+00
 0.438649396856159E+00
 0.437382212250223E+00
 0.435854994234133E+00
 0.434073025674824E+00
 0.432042503475390E+00
 0.429770520604712E+00
 0.427265045026282E+00
 0.424534895237381E+00
 0.421589711867491E+00
 0.418439924988621E+00
 0.415096717335373E+00
 0.411571984137607E+00
 0.407878290395244E+00
 0.404028826112721E+00
 0.400037359494923E+00
 0.395918187738134E+00
 0.391686085059521E+00
 0.387356247960438E+00
 0.382944238145824E+00
 0.378465923729624E+00
 0.373937419249687E+00
 0.369375024764820E+00
 0.364795164175613E+00
 0.360214322997212E+00
 0.355648985954165E+00
 0.351115574723466E+00
 0.346630385884822E+00
 0.342469743952068E+00
 0.339845025318111E+00
 0.337257880570843E+00
 0.334677394666924E+00
 0.332055566283136E+00
 0.329476739609754E+00
 0.326881026469099E+00
 0.324259393978200E+00
 0.321655539160578E+00
 0.319005796416102E+00
 0.316374744543282E+00
 0.313700229031206E+00
 0.311031135605712E+00
 0.308333677997946E+00
 0.305613796259589E+00
 0.302873531573346E+00
 0.300125045886414E+00
 0.297351574640212E+00
 0.294573654368940E+00
 0.291745681205872E+00
 0.288900664371801E+00
 0.287753806979590E+00
 0.287751230944399E+00
 0.288013166040273E+00
 0.288537560361161E+00
 0.289321378561896E+00
 0.290360618151023E+00
 0.291650329082218E+00
 0.293184636259077E+00
 0.294956765130863E+00
 0.296959070896464E+00
 0.299183071741127E+00
 0.301619486135976E+00
 0.304258273837994E+00
 0.307088680051932E+00
 0.310099282260548E+00
 0.313278039371297E+00
 0.316612342952713E+00
 0.320089070404388E+00
 0.323694639938418E+00
 0.327415067278937E+00
 0.331236024024631E+00
 0.335142897638755E+00
 0.339120852958741E+00
 0.343154894897453E+00
 0.347229931706518E+00
 0.351330837999386E+00
 0.355442516895020E+00
 0.359549961123424E+00
 0.363638313422385E+00
 0.367692926671108E+00
 0.371699423836614E+00
 0.375643757229829E+00
 0.379512266218680E+00
 0.383291732647788E+00
 0.386969433611277E+00
 0.390533191568631E+00
 0.393971421872442E+00
 0.397273177660928E+00
 0.400428191965703E+00
 0.403426916908437E+00
 0.406260559938909E+00
 0.408921117060079E+00
 0.411401402838296E+00
 0.413695076794702E+00
 0.415796665678015E+00
 0.417701581252249E+00
 0.419406133589028E+00
 0.420907540263756E+00
 0.422203932052151E+00
 0.423294355522036E+00
 0.424178772394217E+00
 0.424858055061771E+00
 0.425333977593502E+00
 0.425609201982634E+00
 0.425687260006087E+00
 0.425572531367374E+00
 0.425270218621333E+00
 0.424786318969489E+00
 0.424127592788039E+00
 0.423301528878308E+00
 0.422316306696683E+00
 0.421180755885798E+00
 0.419904313198363E+00
 0.418496976632452E+00
 0.416969256615918E+00
 0.415332124460975E+00
 0.413596958788167E+00
 0.411775490813299E+00
 0.409879749128292E+00
 0.407922004051512E+00
 0.405914711150556E+00
 0.403870453477627E+00
 0.401801882461442E+00
 0.399721658007517E+00
 0.397642388750743E+00
 0.395576573301887E+00
 0.393536542826593E+00
 0.391534404806304E+00
 0.389581987748154E+00
 0.387690786949092E+00
 0.385871911794838E+00
 0.384136035082181E+00
 0.382493344487880E+00
 0.380953495984824E+00
 0.379525569136558E+00
 0.378218024736146E+00
 0.377038665688645E+00
 0.375994601886593E+00
 0.375092219126814E+00
 0.374337151414418E+00
 0.373734255877285E+00
 0.373287590070919E+00
 0.373000392236593E+00
 0.372875065478940E+00
 0.372913166580105E+00
 0.373115399498623E+00
 0.373481613021375E+00
 0.374010801931556E+00
 0.374701111421928E+00
 0.375549844964847E+00
 0.376553476032002E+00
 0.377707663798039E+00
 0.379007272527157E+00
 0.380446394176078E+00
 0.382018374057448E+00
 0.383715839916510E+00
 0.385530734928325E+00
 0.387454354632174E+00
 0.389477387011353E+00
 0.391589954518708E+00
 0.393781657288292E+00
 0.396041617764378E+00
 0.398358527690689E+00
 0.400720698209459E+00
 0.403116112873006E+00
 0.405532482460335E+00
 0.407957300336234E+00
 0.410377897727996E+00
 0.412781499112051E+00
 0.415155278221718E+00
 0.417486414836621E+00
 0.419762151902705E+00
 0.421969852230994E+00
 0.424097054269990E+00
 0.426131526972132E+00
 0.428061324060001E+00
 0.429874837725985E+00
 0.431560851149555E+00
 0.433108588757558E+00
 0.434507763379660E+00
 0.435748620312710E+00
 0.436821979155058E+00
 0.437719274354025E+00
 0.438432594554959E+00
 0.438954719694599E+00
 0.439279154309180E+00
 0.439400156160270E+00
 0.439312760500025E+00
 0.439012801077425E+00
 0.438496928718198E+00
 0.437762627332016E+00
 0.436808226445411E+00
 0.435632909474092E+00
 0.434236717728190E+00
 0.432620550790390E+00
 0.430786163815017E+00
 0.428736161601257E+00
 0.426473988705200E+00
 0.424003914983710E+00
 0.421331016770497E+00
 0.418461154716411E+00
 0.415400949459373E+00
 0.412157755539878E+00
 0.408739632882135E+00
 0.405155314590511E+00
 0.401414170286013E+00
 0.397526165435664E+00
 0.393501818172961E+00
 0.389352155129088E+00
 0.385088666772311E+00
 0.380723261550609E+00
 0.376268217768505E+00
 0.371736132868857E+00
 0.367139870905761E+00
 0.362492509446911E+00
 0.357807286565423E+00
 0.353097547611544E+00
 0.348376691099228E+00
 0.343658113683567E+00
 0.338955155227813E+00
 0.334281045346145E+00
 0.329648852114575E+00
 0.325071432419605E+00
 0.321770057577769E+00
 0.319898109235432E+00
 0.318076154719358E+00
 0.316201692401690E+00
 0.314358247776094E+00
 0.312472639969805E+00
 0.310605019835124E+00
 0.308700881734465E+00
 0.306812443267810E+00
 0.304932965799627E+00
 0.303018548515899E+00
 0.301089156634948E+00
 0.299185992664201E+00
 0.297208584430810E+00
 0.295259483664364E+00
 0.293275992958454E+00
 0.291224211070246E+00
 0.289243953265393E+00
 0.287173036887840E+00
 0.285034916840237E+00
 0.283013918305894E+00
 0.280848244166922E+00
 0.278642199170223E+00
 0.276547498736168E+00
 0.274280822983869E+00
 0.272036583623376E+00
 0.269829615032995E+00
 0.267457769227557E+00
 0.265178480917441E+00
 0.262853022021644E+00
 0.260381314549327E+00
 0.258544199181225E+00
 0.259487067423753E+00
 0.260577917991213E+00
 0.261808797601574E+00
 0.263171440885889E+00
 0.264657316548923E+00
 0.266257675300910E+00
 0.267963598577621E+00
 0.269766046712458E+00
 0.271655905980589E+00
 0.273624035234962E+00
 0.275661313512071E+00
 0.277758689275006E+00
 0.279907230362626E+00
 0.282098172567531E+00
 0.284322965090906E+00
 0.286573312679433E+00
 0.288841215739753E+00
 0.291119009947097E+00
 0.293399405744767E+00
 0.295675526713649E+00
 0.297940945252684E+00
 0.300189714659022E+00
 0.302416397814046E+00
 0.304616093259117E+00
 0.306784459067162E+00
 0.308917734048695E+00
 0.311012755343674E+00
 0.313066971843757E+00
 0.315078453861400E+00
 0.317045900152827E+00
 0.318968643117033E+00
 0.320846651840537E+00
 0.322680531548998E+00
 0.324471517964340E+00
 0.326221466253658E+00
 0.327932835820409E+00
 0.329608672851855E+00
 0.331252591726070E+00
 0.332868754775886E+00
 0.334461848867014E+00
 0.336037057610884E+00
 0.337600029382868E+00
 0.339156842413231E+00
 0.340713968161442E+00
 0.342278233199596E+00
 0.343856778963158E+00
 0.345457018806632E+00
 0.347086592691367E+00
 0.348753320628536E+00
 0.350465155913204E+00
 0.352230138254197E+00
 0.354056345936315E+00
 0.355951846009710E+00
 0.357924642380964E+00
 0.359982622942068E+00
 0.362133507535193E+00
 0.364384798054462E+00
 0.366743730660783E+00
 0.369217228939548E+00
 0.371811856769509E+00
 0.374533770741161E+00
 0.377388673271707E+00
 0.380381768018388E+00
 0.383517718459137E+00
 0.386800609316861E+00
 0.390233909961859E+00
 0.393820439482017E+00
 0.397562334133350E+00
 0.401461018303941E+00
 0.405517179489687E+00
 0.409730746695746E+00
 0.414100871207645E+00
 0.418625909312949E+00
 0.423303407756066E+00
 0.428130093411342E+00
 0.433101868236478E+00
 0.438213809349844E+00
 0.443460173024524E+00
 0.448834401295742E+00
 0.454329130752057E+00
 0.459936204211493E+00
 0.465646686507499E+00
 0.471450885160853E+00
 0.477338375685722E+00
 0.483298030507372E+00
 0.489318050560563E+00
 0.495385999450224E+00
 0.501488840804536E+00
 0.507612979402615E+00
 0.513744305835386E+00
 0.519868243655573E+00
 0.525969798020356E+00
 0.532033605757605E+00
 0.538043987737147E+00
 0.543985004455867E+00
 0.549840514737247E+00
 0.555594236262405E+00
 0.561229806329851E+00
 0.566730842048453E+00
 0.572081000380275E+00
 0.577264039047858E+00
 0.582263878880721E+00
 0.587064667160241E+00
 0.591650840792465E+00
 0.596007188216492E+00
 0.600118909665256E+00
 0.603971676094408E+00
 0.607551687223619E+00
 0.610845728635622E+00
 0.613841227214488E+00
 0.616526303982478E+00
 0.618889823859017E+00
 0.620921442650691E+00
 0.622611651975413E+00
 0.623951822393779E+00
 0.624934244069520E+00
 0.625552163654904E+00
 0.625799816428759E+00
 0.625672453789690E+00
 0.625166367101863E+00
 0.624278908815229E+00
 0.623008510826660E+00
 0.621354699099134E+00
 0.619318103454044E+00
 0.616900462225055E+00
 0.614104622358511E+00
 0.610934535783063E+00
 0.607395252339813E+00
 0.603492908842151E+00
 0.599234713594404E+00
 0.594628926118669E+00
 0.589684832520090E+00
 0.584412717283082E+00
 0.578823832051204E+00
 0.572930361306809E+00
 0.566745384352080E+00
 0.560282833043395E+00
 0.553557445364844E+00
 0.546584715678980E+00
 0.539380842744180E+00
 0.531962676088892E+00
 0.524347660480740E+00
 0.516553777775629E+00
 0.508599485810978E+00
 0.500503654891262E+00
 0.492285502988984E+00
 0.483964530520433E+00
 0.475560454728836E+00
 0.467093143131242E+00
 0.458582545710951E+00
 0.450048626325679E+00
 0.441511294385340E+00
 0.438400975203259E+00
 0.435678981290010E+00
 0.433101136028160E+00
 0.430557477447259E+00
 0.427983043674202E+00
 0.425541284687471E+00
 0.423099785985351E+00
 0.420666543809176E+00
 0.418306879040675E+00
 0.415905815350071E+00
 0.413586743570318E+00
 0.411243826493122E+00
 0.408936222991241E+00
 0.406647061970224E+00
 0.404331267409648E+00
 0.402058985545981E+00
 0.399757621585778E+00
 0.397478535859925E+00
 0.395206139664776E+00
 0.392944899234608E+00
 0.390660205625119E+00
 0.388391640550682E+00
 0.386080826290963E+00
 0.383741233087241E+00
 0.381460224739417E+00
 0.379084865806426E+00
 0.376764226976256E+00
 0.374372854261132E+00
 0.371940223071404E+00
 0.369576497315443E+00
 0.367098541119860E+00
 0.364630810378697E+00
 0.362168552193968E+00
 0.359618887213432E+00
 0.357136373401478E+00
 0.354547135196836E+00
 0.351931062172401E+00
 0.349394873361900E+00
 0.346727950518035E+00
 0.344121948611454E+00
 0.341451639053731E+00
 0.338752975328325E+00
 0.336105103655435E+00
 0.333437968739086E+00
 0.330775744300929E+00
 0.328070552583741E+00
 0.325434055405027E+00
 0.322659387267978E+00
 0.320037871577961E+00
 0.317304833592115E+00
 0.314600771791913E+00
 0.311926869642582E+00
 0.309139754498393E+00
 0.306528386599611E+00
 0.303771824121060E+00
 0.301104384239739E+00
 0.300093383171282E+00
 0.301265380701824E+00
 0.302193059104078E+00
 0.303379031267678E+00
 0.304298525072671E+00
 0.306597208234886E+00
 0.309075571890288E+00
 0.311499734866977E+00
 0.313862732883940E+00
 0.316158314603467E+00
 0.318380960859972E+00
 0.320525900112136E+00
 0.322589119579880E+00
 0.324567372078850E+00
 0.326458179091366E+00
 0.328259830634222E+00
 0.329971381987514E+00
 0.331592646831531E+00
 0.333124186322004E+00
 0.334567294134609E+00
 0.335923978027004E+00
 0.337196938501564E+00
 0.338389544706790E+00
 0.339505807261699E+00
 0.340550347669816E+00
 0.341528364403811E+00
 0.342445596195077E+00
 0.343308283180294E+00
 0.344123126297970E+00
 0.344897244945868E+00
 0.345638132696600E+00
 0.346353610952163E+00
 0.347051780730403E+00
 0.347740973114544E+00
 0.348429699025607E+00
 0.349126598774616E+00
 0.349840391443470E+00
 0.350579823869507E+00
 0.351353619146413E+00
 0.352170425018763E+00
 0.353038762910927E+00
 0.353966978217639E+00
 0.354963191973181E+00
 0.356035253601500E+00
 0.357190694547195E+00
 0.358436683102149E+00
 0.359779981158215E+00
 0.361226903523911E+00
 0.362783279945838E+00
 0.364454419556875E+00
 0.366245077497391E+00
 0.368159423838832E+00
 0.370201015291502E+00
 0.372372770203614E+00
 0.374676947083597E+00
 0.377115126550706E+00
 0.379688196466763E+00
 0.382396340092238E+00
 0.385239027361972E+00
 0.388215009617294E+00
 0.391322318170780E+00
 0.394558266830258E+00
 0.397919458111112E+00
 0.401401792643121E+00
 0.405000481461032E+00
 0.408710061325995E+00
 0.412524413526923E+00
 0.416436786432119E+00
 0.420439821538790E+00
 0.424525582394397E+00
 0.428685585892866E+00
 0.432910835926652E+00
 0.437191859701549E+00
 0.441518746867837E+00
 0.445881191158456E+00
 0.450268533914771E+00
 0.454669808998644E+00
 0.459073788980918E+00
 0.463469032779402E+00
 0.467843934863648E+00
 0.472186775832298E+00
 0.476485773856807E+00
 0.480729136375602E+00
 0.484905111563898E+00
 0.489002039408794E+00
 0.493008402505317E+00
 0.496912876750523E+00
 0.500704381860598E+00
 0.504372131230299E+00
 0.507905680436057E+00
 0.511294973876539E+00
 0.514530389495055E+00
 0.517602781810438E+00
 0.520503523318665E+00
 0.523224543895409E+00
 0.525758367600313E+00
 0.528098146522624E+00
 0.530237691782698E+00
 0.532171502023989E+00
 0.533894789462939E+00
 0.535403503073722E+00
 0.536694348250842E+00
 0.537764802533319E+00
 0.538613127468932E+00
 0.539238377040633E+00
 0.539640403049401E+00
 0.539819857539387E+00
 0.539778192013567E+00
 0.539517653030074E+00
 0.539041273868094E+00
 0.538352862250497E+00
 0.537456984433064E+00
 0.536358946096347E+00
 0.535064770304131E+00
 0.533581172476076E+00
 0.531915532178019E+00
 0.530075861733301E+00
 0.528070772012087E+00
 0.525909435871990E+00
 0.523601549433675E+00
 0.521157290960260E+00
 0.518587277039167E+00
 0.515902516194752E+00
 0.513114360630656E+00
 0.510234456980149E+00
 0.507274696557010E+00
 0.504247164996402E+00
 0.501164090870964E+00
 0.498037793068373E+00
 0.494880627190992E+00
 0.491704931596753E+00
 0.488522973738476E+00
 0.485346897246211E+00
 0.482188669929647E+00
 0.479060032714610E+00
 0.475972449534773E+00
 0.472937058345614E+00
 0.469964623585261E+00
 0.467065490417843E+00
 0.464249540919536E+00
 0.461526152179859E+00
 0.458904156343909E+00
 0.456391802954429E+00
 0.453996724265413E+00
 0.451725904107684E+00
 0.449585650349783E+00
 0.447581570437816E+00
 0.445718549430564E+00
 0.444000730460599E+00
 0.442431498200314E+00
 0.441013466133623E+00
 0.439748468082242E+00
 0.438637553867138E+00
 0.437680988671458E+00
 0.436878255763110E+00
 0.436228062514715E+00
 0.435728349831057E+00
 0.435376305063851E+00
 0.435168378370750E+00
 0.435100302403150E+00
 0.435167115238244E+00
 0.435363186568411E+00
 0.435682247239541E+00
 0.436117422181049E+00
 0.436661266530966E+00
 0.437305804423977E+00
 0.438042569743817E+00
 0.438862648375110E+00
 0.439756722039189E+00
 0.440715114235754E+00
 0.441727838718902E+00
 0.442784650329396E+00
 0.443875097375094E+00
 0.444988574616889E+00
 0.446114376335549E+00
 0.447241749492321E+00
 0.448359947184048E+00
 0.449458282370861E+00
 0.450526181553858E+00
 0.451553238023551E+00
 0.452529264475667E+00
 0.453444344931548E+00
 0.454288885809792E+00
 0.455053665743627E+00
 0.455729883556151E+00
 0.456309203857742E+00
 0.456783800003593E+00
 0.457146394499340E+00
 0.457390297177950E+00
 0.457509441427760E+00
 0.457498418390477E+00
 0.457352508552714E+00
 0.457067709881193E+00
 0.456640761863842E+00
 0.456069165408806E+00
 0.455351199071122E+00
 0.454485932118484E+00
 0.453473234541400E+00
 0.452313783686915E+00
 0.451009067136680E+00
 0.449561381724208E+00
 0.447973828819662E+00
 0.446250305934077E+00
 0.444395494440380E+00
 0.442414843139184E+00
 0.440314547686474E+00
 0.438101526334367E+00
 0.435783392635846E+00
 0.433368425557054E+00
 0.430865536993428E+00
 0.428284236322719E+00
 0.425634591570487E+00
 0.422927187025629E+00
 0.420173077580891E+00
 0.417383740464183E+00
 0.414571025151831E+00
 0.411747102019869E+00
 0.408924409837855E+00
 0.406115601871526E+00
 0.403333490390261E+00
 0.400590989705103E+00
 0.397901058158161E+00
 0.395276639487879E+00
 0.392730603800559E+00
 0.390275688309766E+00
 0.387924438219512E+00
 0.385689148401622E+00
 0.383581806480481E+00
 0.381614037500437E+00
 0.379797049849452E+00
 0.378141581992786E+00
 0.376657849950470E+00
 0.375355496021462E+00
 0.374243539585385E+00
 0.373330330716326E+00
 0.372623506965119E+00
 0.372129953277599E+00
 0.371855764803468E+00
 0.371806212365743E+00
 0.371985710564416E+00
 0.372397788770203E+00
 0.373045065463217E+00
 0.373929226366999E+00
 0.375051006659329E+00
 0.376410177385065E+00
 0.378005536177242E+00
 0.379834902426186E+00
 0.381895116927281E+00
 0.384182045755757E+00
 0.386690587911524E+00
 0.389414686442951E+00
 0.392347343272046E+00
 0.395480638400574E+00
 0.398805754149516E+00
 0.402313004544155E+00
 0.405991869311866E+00
 0.409831031670847E+00
 0.413818419273674E+00
 0.417941248079016E+00
 0.422186069241857E+00
 0.426538819219627E+00
 0.430984873257367E+00
 0.435509102316482E+00
 0.440095933349882E+00
 0.444729412597764E+00
 0.449393271347082E+00
 0.454070993455033E+00
 0.458745883919312E+00
 0.463401137874788E+00
 0.468019909612164E+00
 0.472585381550576E+00
 0.477080833441654E+00
 0.481489712189823E+00
 0.485795702352702E+00
 0.489982796754800E+00
 0.494035366129629E+00
 0.497938226686648E+00
 0.501676704969820E+00
 0.505236699930729E+00
 0.508604742367191E+00
 0.511768051716766E+00
 0.514714589914375E+00
 0.517433111894245E+00
 0.519913212357722E+00
 0.522145368488943E+00
 0.524120978309953E+00
 0.525832394426456E+00
 0.527272953138096E+00
 0.528436999215449E+00
 0.529319906875605E+00
 0.529918097452736E+00
 0.530229053954975E+00
 0.530251332245820E+00
 0.529984568146101E+00
 0.529429479494711E+00
 0.528587862307984E+00
 0.527462580703512E+00
 0.526057551007171E+00
 0.524377721011786E+00
 0.522429045333075E+00
 0.520218457230491E+00
 0.517753836547272E+00
 0.515043973057342E+00
 0.512098524664164E+00
 0.508927970406239E+00
 0.505543558820024E+00
 0.501957252751604E+00
 0.498181672130015E+00
 0.494230036367346E+00
 0.490116107715714E+00
 0.485854136049287E+00
 0.481458804477632E+00
 0.476945174485803E+00
 0.472328629327528E+00
 0.467624815126034E+00
 0.462849580146124E+00
 0.458018913490241E+00
 0.453148884701914E+00
 0.448255585342516E+00
 0.443355072704495E+00
 0.438463314828231E+00
 0.433596135403776E+00
 0.428769157315745E+00
 0.423997744474674E+00
 0.419296942700675E+00
 0.414681421193818E+00
 0.410165416188261E+00
 0.405762677774381E+00
 0.401486419897084E+00
 0.397349272636206E+00
 0.393363235512860E+00
 0.389539631099005E+00
 0.385889059604051E+00
 0.382421356731584E+00
 0.379145557890116E+00
 0.376069871014403E+00
 0.373201657957699E+00
 0.370547421794531E+00
 0.368112795862621E+00
 0.365902530777228E+00
 0.363920477727369E+00
 0.362169569117417E+00
 0.360651799937944E+00
 0.359368214365518E+00
 0.358318901706169E+00
 0.357503004072568E+00
 0.356918735694317E+00
 0.356563411331005E+00
 0.356433479637960E+00
 0.356524556882828E+00
 0.356831457074435E+00
 0.357348216143211E+00
 0.358068110148444E+00
 0.358983670311737E+00
 0.360086700284155E+00
 0.361368302319554E+00
 0.362818917965462E+00
 0.364428385403486E+00
 0.366186010755300E+00
 0.368080646327359E+00
 0.370100766593956E+00
 0.372234533619384E+00
 0.374469847454772E+00
 0.376794382691733E+00
 0.379195617956735E+00
 0.381660868573773E+00
 0.384177332297322E+00
 0.386732153620510E+00
 0.389312505074075E+00
 0.391905676822247E+00
 0.394499161670671E+00
 0.397080723330586E+00
 0.399638441593054E+00
 0.402160736981448E+00
 0.404636385870649E+00
 0.407054541123469E+00
 0.409404770707211E+00
 0.411677118219171E+00
 0.413862178476961E+00
 0.415951173325990E+00
 0.417936011316363E+00
 0.419809320441533E+00
 0.421564452905338E+00
 0.423195470341407E+00
 0.424697123040779E+00
 0.426064835823354E+00
 0.427294707261122E+00
 0.428383521093249E+00
 0.429328762454047E+00
 0.430128629491972E+00
 0.430782033554892E+00
 0.431288586740912E+00
 0.431648581488808E+00
 0.431862970355745E+00
 0.431933353680585E+00
 0.431861978466462E+00
 0.431651744983649E+00
 0.431306210823431E+00
 0.430829578415589E+00
 0.430226653774370E+00
 0.429502772020249E+00
 0.428663696860008E+00
 0.427715512130797E+00
 0.426664528596512E+00
 0.425517225297077E+00
 0.424280232654403E+00
 0.422960348905356E+00
 0.421564568801569E+00
 0.420100099200524E+00
 0.418574341765221E+00
 0.416994835802159E+00
 0.415369168885988E+00
 0.413704873858559E+00
 0.412009334702262E+00
 0.410289720216863E+00
 0.408552955209958E+00
 0.406805727080215E+00
 0.405054514654600E+00
 0.403305619234935E+00
 0.401565177508641E+00
 0.399839142927331E+00
 0.398133234291052E+00
 0.396452863056542E+00
 0.394803059021321E+00
 0.393188414010495E+00
 0.391613055207706E+00
 0.390080647801543E+00
 0.388594416418775E+00
 0.387157170900038E+00
 0.385771325301917E+00
 0.384438906756749E+00
 0.383161558337232E+00
 0.381940543704899E+00
 0.380776760215246E+00
 0.379670762961907E+00
 0.378622797361190E+00
 0.377632833893196E+00
 0.376700596213680E+00
 0.375825573766063E+00
 0.375007013469324E+00
 0.374243892643757E+00
 0.373534885303596E+00
 0.372878341727615E+00
 0.372272301540092E+00
 0.371714550984774E+00
 0.371202718504495E+00
 0.370734386405036E+00
 0.370307188132289E+00
 0.369918864652487E+00
 0.369567267898788E+00
 0.369250317906021E+00
 0.368965935560757E+00
 0.368711979563983E+00
 0.368486212943633E+00
 0.368286313527974E+00
 0.368109928304582E+00
 0.367954757812568E+00
 0.367818647225321E+00
 0.367699658225881E+00
 0.367596101474928E+00
 0.367506522496196E+00
 0.367429650239785E+00
 0.367364331191385E+00
 0.367309476660297E+00
 0.367264044286952E+00
 0.367227059651166E+00
 0.367197667050884E+00
 0.367175187471969E+00
 0.367159160591767E+00
 0.367149355500315E+00
 0.367145747073157E+00
 0.367148466129043E+00
 0.367157737987146E+00
 0.367173824933964E+00
 0.367196984659909E+00
 0.367227450849699E+00
 0.367265435423488E+00
 0.367311145710911E+00
 0.367364805549480E+00
 0.367426668592835E+00
 0.367497015930226E+00
 0.367576137403334E+00
 0.367664303511867E+00
 0.367761738699847E+00
 0.367868605224767E+00
 0.367985001132991E+00
 0.368110969665909E+00
 0.368246513742259E+00
 0.368391608615650E+00
 0.368546207056401E+00
 0.368710233219084E+00
 0.368883563913195E+00
 0.369066000074233E+00
 0.369257236272151E+00
 0.369456839435269E+00
 0.369664246482961E+00
 0.369878783425828E+00
 0.370099698629520E+00
 0.370326195699957E+00
 0.370557451365703E+00
 0.370792611569741E+00
 0.371030770989486E+00
 0.371270951013467E+00
 0.371512093308630E+00
 0.371753079052695E+00
 0.371992771310057E+00
 0.372230066669194E+00
 0.372463938058257E+00
 0.372693455185554E+00
 0.372917778975078E+00
 0.373136136160657E+00
 0.373347785890596E+00
 0.373551991115006E+00
 0.373748005132081E+00
 0.373935079187608E+00
 0.374112490645899E+00
 0.374279583532306E+00
 0.374435806761193E+00
 0.374580734163883E+00
 0.374714057085806E+00
 0.374835552978267E+00
 0.374945045794805E+00
 0.375042378930596E+00
 0.375127415483225E+00
 0.375200066550101E+00
 0.375260333628947E+00
 0.375308343765448E+00
 0.375344359484530E+00
 0.375368757292003E+00
 0.375381982002982E+00
 0.375384492728196E+00
 0.375376717170299E+00
 0.375359025680316E+00
 0.375331729299387E+00
 0.375295099728621E+00
 0.375249404304469E+00
 0.375194944976109E+00
 0.375132087657401E+00
 0.375061269684939E+00
 0.374982980479589E+00
 0.374897722244636E+00
 0.374805967775445E+00
 0.374708134505074E+00
 0.374604585298832E+00
 0.374495651578077E+00
 0.374381661921748E+00
 0.374262956907918E+00
 0.374139879881767E+00
 0.374012747878074E+00
 0.373881818356942E+00
 0.373747269530632E+00
 0.373609204618846E+00
 0.373467678424419E+00
 0.373322734798586E+00
 0.373174440097338E+00
 0.373022900786658E+00
 0.372868260198210E+00
 0.372710676880851E+00
 0.372550293018970E+00
 0.372387205013605E+00
 0.372221448617759E+00
 0.372053006917834E+00
 0.371881840976454E+00
 0.371707932650144E+00
 0.371531321846841E+00
 0.371352120962342E+00
 0.371170498548696E+00
 0.370986638460084E+00
 0.370800692571360E+00
 0.370612748377446E+00
 0.370422825737625E+00
 0.370230903583019E+00
 0.370036964393124E+00
 0.369841037557797E+00
 0.369643224518348E+00
 0.369443696942307E+00
 0.369242669987864E+00
 0.369040361783103E+00
 0.368836954764231E+00
 0.368632573360567E+00
 0.368427286155100E+00
 0.368221131128361E+00
 0.368014153329497E+00
 0.367806439180117E+00
 0.367598133179167E+00
 0.367389430665375E+00
 0.367180550915657E+00
 0.366971703088881E+00
 0.366763059500374E+00
 0.366554745963105E+00
 0.366346850461152E+00
 0.366139443741205E+00
 0.365932601884084E+00
 0.365726422158871E+00
 0.365521027620201E+00
 0.365316560400751E+00
 0.365113166866589E+00
 0.364910979575820E+00
 0.364710101721003E+00
 0.364510599334018E+00
 0.364312504304803E+00
 0.364115827106314E+00
 0.363920573596419E+00
 0.363726758168250E+00
 0.363534407734644E+00
 0.363343556568153E+00
 0.363154237224247E+00
 0.362966474021297E+00
 0.362780282198006E+00
 0.362595670841785E+00
 0.362412645015032E+00
 0.362231204014641E+00
 0.362051336687958E+00
 0.361873017707976E+00
 0.361696208390710E+00
 0.361520862554718E+00
 0.361346934614400E+00
 0.361174385908662E+00
 0.361003186707923E+00
 0.360833314054451E+00
 0.360664747561453E+00
 0.360497465329534E+00
 0.360331440654358E+00
 0.360166638868707E+00
 0.360003014006084E+00
 0.359840506848418E+00
 0.359679047292953E+00
 0.359518562619110E+00
 0.359358989170644E+00
 0.359200281185463E+00
 0.359042410730973E+00
 0.358885357809928E+00
 0.358729096258863E+00
 0.358573583888987E+00
 0.358418762039797E+00
 0.358264563015652E+00
 0.358110919177530E+00
 0.357957768128362E+00
 0.357805053032782E+00
 0.357652721179857E+00
 0.357500724164533E+00
 0.357349020082471E+00
 0.357197575141070E+00
 0.357046361776447E+00
 0.356895352766412E+00
 0.356744513851081E+00
 0.356593798808585E+00
 0.356443149954731E+00
 0.356292504347835E+00
 0.356141803143123E+00
 0.355991000110668E+00
 0.355840066039358E+00
 0.355688987981910E+00
 0.355537764426152E+00
 0.355386398185939E+00
 0.355234888322111E+00
 0.355083222233077E+00
 0.354931370133631E+00
 0.354779285355827E+00
 0.354626912914036E+00
 0.354474204686447E+00
 0.354321134667888E+00
 0.354167706059108E+00
 0.354013945601518E+00
 0.353859887526874E+00
 0.353705555079995E+00
 0.353550948276401E+00
 0.353396042619527E+00
 0.353240798073666E+00
 0.353085173768004E+00
 0.352929142714914E+00
 0.352772701569371E+00
 0.352615872269502E+00
 0.352458694965987E+00
 0.352301214665733E+00
 0.352143466558463E+00
 0.351985465822577E+00
 0.351827206170348E+00
 0.351668667948947E+00
 0.351509832583230E+00
 0.351350697172270E+00
 0.351191282604149E+00
 0.351031631295460E+00
 0.350871795680005E+00
 0.350711823275862E+00
 0.350551745652661E+00
 0.350391575908093E+00
 0.350231314305968E+00
 0.350070957974786E+00
 0.349910510067667E+00
 0.349749985680054E+00
 0.349589413690457E+00
 0.349428834255680E+00
 0.349268291910941E+00
 0.349107825646608E+00
 0.348947459741792E+00
 0.348787200292311E+00
 0.348627040286380E+00
 0.348466971375248E+00
 0.348306996267023E+00
 0.348147135000476E+00
 0.347987421763200E+00
 0.347827894159269E+00
 0.347668580727558E+00
 0.347509493050013E+00
 0.347350626010268E+00
 0.347191965380058E+00
 0.347033498310341E+00
 0.346875221366588E+00
 0.346717142789777E+00
 0.346559279140157E+00
 0.346401649018314E+00
 0.346244266816849E+00
 0.346087138155151E+00
 0.345930257610259E+00
 0.345773609428306E+00
 0.345617172040416E+00
 0.345460925873534E+00
 0.345304861329161E+00
 0.345148982224966E+00
 0.344993301708344E+00
 0.344837832216995E+00
 0.344682575210721E+00
 0.344527516786353E+00
 0.344372631500332E+00
 0.344217891624282E+00
 0.344063276264859E+00
 0.343908775776734E+00
 0.343754390311950E+00
 0.343600124547904E+00
 0.343445981837554E+00
 0.343291960192759E+00
 0.343138050828782E+00
 0.342984238782376E+00
 0.342830504962706E+00
 0.342676829480442E+00
 0.342523196181301E+00
 0.342369597325404E+00
 0.342216035945527E+00
 0.342062523302914E+00
 0.341909071205429E+00
 0.341755682719531E+00
 0.341602347009718E+00
 0.341449042241891E+00
 0.341295745371597E+00
 0.341142442918824E+00
 0.340989136211085E+00
 0.340835838482338E+00
 0.340682566462213E+00
 0.340529331781056E+00
 0.340376136320754E+00
 0.340222972417775E+00
 0.340069826389470E+00
 0.339916683417291E+00
 0.339763532494385E+00
 0.339610370495392E+00
 0.339457204096846E+00
 0.339304048125544E+00
 0.339150919887122E+00
 0.338997831095530E+00
 0.338844781043185E+00
 0.338691755084182E+00
 0.338538730442759E+00
 0.338385687372464E+00
 0.338232619950922E+00
 0.338079540020155E+00
 0.337926471237048E+00
 0.337773436187254E+00
 0.337620444055727E+00
 0.337467486055774E+00
 0.337314540776030E+00
 0.337161585492979E+00
 0.337008606626063E+00
 0.336855604339659E+00
 0.336702590591232E+00
 0.336549583170311E+00
 0.336396598789046E+00
 0.336243647126705E+00
 0.336090726894783E+00
 0.335937825138365E+00
 0.335784921019830E+00
 0.335631993938166E+00
 0.335479033216821E+00
 0.335326044560994E+00
 0.335173049004896E+00
 0.335020073567011E+00
 0.334867137620599E+00
 0.334714242152671E+00
 0.334561368277793E+00
 0.334408486501886E+00
 0.334255571942014E+00
 0.334102616994421E+00
 0.333949634440341E+00
 0.333796649834176E+00
