 0.897320555009212E-09
 0.134147300710000E-07
 0.658035573999482E-07
 0.196491618969174E-06
 0.435848558783301E-06
 0.798242713377684E-06
 0.127825568980759E-05
 0.205007507274325E-05
 0.348644834161012E-05
 0.562426319867763E-05
 0.864897550232217E-05
 0.127771523863187E-04
 0.183266877872226E-04
 0.255723602838672E-04
 0.347726578837040E-04
 0.462291287283782E-04
 0.605990045398159E-04
 0.779941851790291E-04
 0.987286136067030E-04
 0.123091205909476E-03
 0.152042115223235E-03
 0.185510285826056E-03
 0.223573218835394E-03
 0.266334258670105E-03
 0.313801945521309E-03
 0.365881043678263E-03
 0.422367600047723E-03
 0.482947463977772E-03
 0.547560035904557E-03
 0.616846978823317E-03
 0.690817540515362E-03
 0.769408143580971E-03
 0.852406283515360E-03
 0.939700806699434E-03
 0.103131963990180E-02
 0.112830767960578E-02
 0.123146601735796E-02
 0.133867135648495E-02
 0.144984069633859E-02
 0.156475037069959E-02
 0.168313096732185E-02
 0.180475870818766E-02
 0.193488160293852E-02
 0.207441179035209E-02
 0.238080921945203E-02
 0.274110617104651E-02
 0.316398937041838E-02
 0.365904618551381E-02
 0.423678649541350E-02
 0.490866484892394E-02
 0.568710195605826E-02
 0.658550195102471E-02
 0.761826046449848E-02
 0.880075876092638E-02
 0.101493408952953E-01
 0.116812736030246E-01
 0.134146918522618E-01
 0.153685357558254E-01
 0.175624856589202E-01
 0.200169006430039E-01
 0.227527613148969E-01
 0.257916119611819E-01
 0.291554924845033E-01
 0.328668495073337E-01
 0.369484196561742E-01
 0.414230850933636E-01
 0.463137087877515E-01
 0.516429613863328E-01
 0.574331507919622E-01
 0.637060600185713E-01
 0.704827912378125E-01
 0.777836078226527E-01
 0.856277645144923E-01
 0.940333192660070E-01
 0.103016927065879E+00
 0.112593622940621E+00
 0.122776605422108E+00
 0.133577031723264E+00
 0.145003832223968E+00
 0.157063546431796E+00
 0.169760177455705E+00
 0.183095058951855E+00
 0.197066728469388E+00
 0.211670804097459E+00
 0.226899865946793E+00
 0.242743347847075E+00
 0.259187445267746E+00
 0.276215042094306E+00
 0.293805653417829E+00
 0.311935377761246E+00
 0.330576853519723E+00
 0.349699221189314E+00
 0.369268101960333E+00
 0.389245609561049E+00
 0.409590412359899E+00
 0.430257856454602E+00
 0.451200150306299E+00
 0.472366600572848E+00
 0.493703879418970E+00
 0.515156297293052E+00
 0.536666053930168E+00
 0.558173446642878E+00
 0.579617029943896E+00
 0.600933741531557E+00
 0.622059029480419E+00
 0.642927025019938E+00
 0.663470798328199E+00
 0.683622711973491E+00
 0.703314856101796E+00
 0.722479523290921E+00
 0.741049669730857E+00
 0.758959317396481E+00
 0.776143875725649E+00
 0.792540391686378E+00
 0.808087762770122E+00
 0.822726959254919E+00
 0.836401295752881E+00
 0.849056769318090E+00
 0.860642449878790E+00
 0.871110880446102E+00
 0.880418432053025E+00
 0.888525569285700E+00
 0.895397013925739E+00
 0.901001832845578E+00
 0.905313502868920E+00
 0.908310006002796E+00
 0.909973983116735E+00
 0.910292936568527E+00
 0.909259441507551E+00
 0.906871314457412E+00
 0.903131696852644E+00
 0.898049031881303E+00
 0.891636935913657E+00
 0.883913986723381E+00
 0.874903469049955E+00
 0.864633130880276E+00
 0.853135002866041E+00
 0.840445310078957E+00
 0.826604461494286E+00
 0.811657055682044E+00
 0.795651817630970E+00
 0.778641399448403E+00
 0.760682031160361E+00
 0.741833068004547E+00
 0.722156513625451E+00
 0.701716589014077E+00
 0.680579377437131E+00
 0.658812534507828E+00
 0.636485031516329E+00
 0.613666899910553E+00
 0.590428951769078E+00
 0.566842455540602E+00
 0.542978753109806E+00
 0.518908824687791E+00
 0.494702841756802E+00
 0.470429775413979E+00
 0.446157121731989E+00
 0.421950758800964E+00
 0.397874884064314E+00
 0.373991935828374E+00
 0.362027807513195E+00
 0.352050553449130E+00
 0.342525127097773E+00
 0.333489157003826E+00
 0.324823139996960E+00
 0.316719712994723E+00
 0.308648781472820E+00
 0.301485649441774E+00
 0.293874711452427E+00
 0.287663809828462E+00
 0.280851307090841E+00
 0.275164239675190E+00
 0.269298885915580E+00
 0.263862725127674E+00
 0.258926468878433E+00
 0.253607765421214E+00
 0.249560368135111E+00
 0.244929106793797E+00
 0.241000062719931E+00
 0.237200054144302E+00
 0.233001844635933E+00
 0.229971291311066E+00
 0.226352754291810E+00
 0.222161323979461E+00
 0.217415175689740E+00
 0.213592471677535E+00
 0.209444018951955E+00
 0.204901395083439E+00
 0.200644748824004E+00
 0.196730579333044E+00
 0.193215993220065E+00
 0.189959900383983E+00
 0.193794344154731E+00
 0.207805895562768E+00
 0.221368198479693E+00
 0.234436107894523E+00
 0.246966643608349E+00
 0.258919086297880E+00
 0.270255019835608E+00
 0.280938366175886E+00
 0.290935456635146E+00
 0.300215177545208E+00
 0.308749208207171E+00
 0.316512328717792E+00
 0.323482729724120E+00
 0.329642236617638E+00
 0.334976388650038E+00
 0.339474378514868E+00
 0.343128921008896E+00
 0.345936140832015E+00
 0.347895538534388E+00
 0.349010034240443E+00
 0.349286039996775E+00
 0.348733498654633E+00
 0.347365847723923E+00
 0.345199899184492E+00
 0.342255650669860E+00
 0.338556054812947E+00
 0.335013412700187E+00
 0.331982410500964E+00
 0.328217324232702E+00
 0.323743635388104E+00
 0.320233293808809E+00
 0.316483707003620E+00
 0.312315107900481E+00
 0.309272942648022E+00
 0.305542429744707E+00
 0.301147644839771E+00
 0.296115367886548E+00
 0.290474822153968E+00
 0.284505472924156E+00
 0.278526809732052E+00
 0.272583430366562E+00
 0.266646203458346E+00
 0.260790982672642E+00
 0.255078773721372E+00
 0.249484715882399E+00
 0.244034581620174E+00
 0.238742066675050E+00
 0.233609948685058E+00
 0.228628676795870E+00
 0.223851814827137E+00
 0.219304564725719E+00
 0.214886636312946E+00
 0.210558344475280E+00
 0.206319379114942E+00
 0.202403105401267E+00
 0.198503646677572E+00
 0.194594313472407E+00
 0.191055611898066E+00
 0.187451738679050E+00
 0.183937507500874E+00
 0.180637792881996E+00
 0.177208627004586E+00
 0.174134024464198E+00
 0.170970996243982E+00
 0.167945165826769E+00
 0.165038696166325E+00
 0.162077629069595E+00
 0.159416820157181E+00
 0.156560874779391E+00
 0.154102987550004E+00
 0.151455330682692E+00
 0.149087196357717E+00
 0.146623741490136E+00
 0.144353350066291E+00
 0.141811489208378E+00
 0.139290510059084E+00
 0.136835035473506E+00
 0.134461685260549E+00
 0.132133676558007E+00
 0.129892973664036E+00
 0.127700745722281E+00
 0.125566994555359E+00
 0.123498768328703E+00
 0.121500439606537E+00
 0.119574487606644E+00
 0.117721443676721E+00
 0.115940407146071E+00
 0.114229181905901E+00
 0.112584124379232E+00
 0.111000431853402E+00
 0.109471195068945E+00
 0.107986477289278E+00
 0.106552375658332E+00
 0.105242617112323E+00
 0.103951608020879E+00
 0.102655664055613E+00
 0.101435527575182E+00
 0.100274797007128E+00
 0.990653831182026E-01
 0.979490652398563E-01
 0.968460910444297E-01
 0.956807537272982E-01
 0.946761624593629E-01
 0.934734862400763E-01
 0.920576108857783E-01
 0.904359109222002E-01
 0.886165738544801E-01
 0.930633232536432E-01
 0.998664364597160E-01
 0.106882618139399E+00
 0.114085338367019E+00
 0.121446013215990E+00
 0.128934136901368E+00
 0.136517363465252E+00
 0.144161549451921E+00
 0.151830837166581E+00
 0.159487871890722E+00
 0.167094178601088E+00
 0.174610616960577E+00
 0.181997768706519E+00
 0.189216142126383E+00
 0.196226185620156E+00
 0.202988212238107E+00
 0.209462378583419E+00
 0.215608817717081E+00
 0.221387937815068E+00
 0.226760826128177E+00
 0.231689674679186E+00
 0.236138161421532E+00
 0.240071747330791E+00
 0.243457865479344E+00
 0.246265988598772E+00
 0.248467587561192E+00
 0.250036041667827E+00
 0.250946608600920E+00
 0.251176564487920E+00
 0.250705557286140E+00
 0.249516102446578E+00
 0.247594054598714E+00
 0.244928878187399E+00
 0.242480564128337E+00
 0.240534321623394E+00
 0.237866444196054E+00
 0.234470110441180E+00
 0.232438293203581E+00
 0.229787887061846E+00
 0.226834058195855E+00
 0.224878160786092E+00
 0.222248977130693E+00
 0.218939965387261E+00
 0.215049628448687E+00
 0.211200788273665E+00
 0.207512930585508E+00
 0.204016307788904E+00
 0.200630624705567E+00
 0.197362449650750E+00
 0.194229028580519E+00
 0.191233679431339E+00
 0.188368827170906E+00
 0.185617987511350E+00
 0.182956273902216E+00
 0.180352233611245E+00
 0.177768423209683E+00
 0.175408292563712E+00
 0.173096715666902E+00
 0.170721680208242E+00
 0.168502007645665E+00
 0.166330718322386E+00
 0.163993660019619E+00
 0.161970323871394E+00
 0.159632211528246E+00
 0.157587111964710E+00
 0.156164409708093E+00
 0.166200647007599E+00
 0.179552503834155E+00
 0.192375486012339E+00
 0.204623410047111E+00
 0.216251652338431E+00
 0.227217123549756E+00
 0.237478493775894E+00
 0.246996642950389E+00
 0.255735216471565E+00
 0.263661125884470E+00
 0.270744860427129E+00
 0.276960551746739E+00
 0.282285827264057E+00
 0.286701560921616E+00
 0.290191658568793E+00
 0.292742992763788E+00
 0.294345538842818E+00
 0.294992682463752E+00
 0.294681596321677E+00
 0.293413548368878E+00
 0.291194023626899E+00
 0.288032612586940E+00
 0.284191054241493E+00
 0.281934151626440E+00
 0.278762663343589E+00
 0.274689958230154E+00
 0.271740137153152E+00
 0.268585257012962E+00
 0.264559860115170E+00
 0.262252353532759E+00
 0.259119524670796E+00
 0.255144970650243E+00
 0.250344686863240E+00
 0.245116138752525E+00
 0.240055446973374E+00
 0.235153405313264E+00
 0.230370649654645E+00
 0.225786848616824E+00
 0.221315508462396E+00
 0.216962275926139E+00
 0.212719026615860E+00
 0.208568982602050E+00
 0.204483235255031E+00
 0.200674553686808E+00
 0.196934021604126E+00
 0.193217529594955E+00
 0.189479387073251E+00
 0.186091657384863E+00
 0.182690157356650E+00
 0.179194278158243E+00
 0.176056007837798E+00
 0.172867813022751E+00
 0.169619367222881E+00
 0.166729385689519E+00
 0.163637342305118E+00
 0.160802239256491E+00
 0.157959622831394E+00
 0.155102535192574E+00
 0.153674639322724E+00
 0.161960806272594E+00
 0.169451670149224E+00
 0.176121527214299E+00
 0.181948177461702E+00
 0.186913108819590E+00
 0.191001606184042E+00
 0.194202765993241E+00
 0.196509431377224E+00
 0.197918094215273E+00
 0.198428821176888E+00
 0.198045243083314E+00
 0.196774608764809E+00
 0.194627866013976E+00
 0.193661296279383E+00
 0.192354354299347E+00
 0.190197005118694E+00
 0.188269545073482E+00
 0.186941930015200E+00
 0.184793042474300E+00
 0.183194297703682E+00
 0.181851920367360E+00
 0.179715574204551E+00
 0.176984528823502E+00
 0.174340616947682E+00
 0.171764792466397E+00
 0.169378109143605E+00
 0.167050240434282E+00
 0.164807821873967E+00
 0.162666273862973E+00
 0.160626261135649E+00
 0.158675406535289E+00
 0.156791016904571E+00
 0.154941249682912E+00
 0.153086304525174E+00
 0.151495193768071E+00
 0.149893425304615E+00
 0.148210092018255E+00
 0.146738145855636E+00
 0.145596777179386E+00
 0.144786290284967E+00
 0.143645462359429E+00
 0.142016884325847E+00
 0.139998652723108E+00
 0.138401369560857E+00
 0.136340215021670E+00
 0.134205956139885E+00
 0.139285965780871E+00
 0.146604327761058E+00
 0.153237930105541E+00
 0.159160238267870E+00
 0.164348000796674E+00
 0.168781212489860E+00
 0.172443125417202E+00
 0.175320329784985E+00
 0.177402885869317E+00
 0.178684467486906E+00
 0.179162480437482E+00
 0.178838132248162E+00
 0.177716438461791E+00
 0.175806155576808E+00
 0.173119642203177E+00
 0.171584171920775E+00
 0.169672786083057E+00
 0.167007927178011E+00
 0.164970142832597E+00
 0.163073546642852E+00
 0.160449165877430E+00
 0.158841409740014E+00
 0.156963084002663E+00
 0.154380640324022E+00
 0.151289951444953E+00
 0.148245481057298E+00
 0.145284583630480E+00
 0.142403330673774E+00
 0.139568396634914E+00
 0.136808071023128E+00
 0.134135977807724E+00
 0.131550588079746E+00
 0.129041264856963E+00
 0.126586900645528E+00
 0.124160009350685E+00
 0.121729040157784E+00
 0.119412245610215E+00
 0.117218345503657E+00
 0.114972365287881E+00
 0.112715855184844E+00
 0.110705780887033E+00
 0.108582699272176E+00
 0.106509795215346E+00
 0.104599679762365E+00
 0.102513533944172E+00
 0.104325287969121E+00
 0.111243792226024E+00
 0.117523818266399E+00
 0.123132616320700E+00
 0.128040305058099E+00
 0.132219952952776E+00
 0.135647657662858E+00
 0.138302634703181E+00
 0.140167339258461E+00
 0.141227632977578E+00
 0.141472969670257E+00
 0.140896537059731E+00
 0.139495291022692E+00
 0.138512261064852E+00
 0.137900717636831E+00
 0.136488091541079E+00
 0.134779315421645E+00
 0.134142682925508E+00
 0.132732019364061E+00
 0.131254797326499E+00
 0.130599057323218E+00
 0.129194368334331E+00
 0.127446168090946E+00
 0.125781067000355E+00
 0.124218910430899E+00
 0.122707524673843E+00
 0.121246285473687E+00
 0.119861635987644E+00
 0.118564641138525E+00
 0.117352800939028E+00
 0.116211865524516E+00
 0.115183610702113E+00
 0.114744569778176E+00
 0.114394335312706E+00
 0.113860758949479E+00
 0.113742407339818E+00
 0.113314125000819E+00
 0.120320442799613E+00
 0.130748976516367E+00
 0.140942824988398E+00
 0.150861394391461E+00
 0.160465353898441E+00
 0.172436471516347E+00
 0.184927558002112E+00
 0.197016494791219E+00
 0.208656372712593E+00
 0.219802248322515E+00
 0.230411288319098E+00
 0.240442869416503E+00
 0.249858650933171E+00
 0.258622663561453E+00
 0.266701460556209E+00
 0.274064344119710E+00
 0.280683626297810E+00
 0.286534846932105E+00
 0.291596881206532E+00
 0.295851924602666E+00
 0.299285408553923E+00
 0.301885931505099E+00
 0.303645266898561E+00
 0.304558450291372E+00
 0.304623894908565E+00
 0.303843472062935E+00
 0.302222520678882E+00
 0.299769790307184E+00
 0.296497343712243E+00
 0.292420440062861E+00
 0.288863793019436E+00
 0.285598505757739E+00
 0.281552903446923E+00
 0.277157912191105E+00
 0.273925244998227E+00
 0.269939501606843E+00
 0.266334121120847E+00
 0.263137366488102E+00
 0.259212956101353E+00
 0.254578209681921E+00
 0.249257314183615E+00
 0.243782160777036E+00
 0.238485187540163E+00
 0.233338786711509E+00
 0.228391269970382E+00
 0.223566504994124E+00
 0.218883208971637E+00
 0.214347049334904E+00
 0.209951559134086E+00
 0.205679393017464E+00
 0.201506631810770E+00
 0.197403325494890E+00
 0.193427660911996E+00
 0.189673230658428E+00
 0.185941590274124E+00
 0.182192646679534E+00
 0.178718253156324E+00
 0.175293020200142E+00
 0.171786039624638E+00
 0.168606395048589E+00
 0.165391424459979E+00
 0.162159862319623E+00
 0.159224857542420E+00
 0.156117748196438E+00
 0.153303545322673E+00
 0.150440072394637E+00
 0.147641449431040E+00
 0.145012486096499E+00
 0.142250656322540E+00
 0.139848087932776E+00
 0.137205027121708E+00
 0.134954337670283E+00
 0.136554901389899E+00
 0.140322245322001E+00
 0.143517053916906E+00
 0.146149151858505E+00
 0.148231060441615E+00
 0.149777992348250E+00
 0.150807834760533E+00
 0.151341072730197E+00
 0.151400622412052E+00
 0.151011589057303E+00
 0.150201008371472E+00
 0.149359371370616E+00
 0.148913395334651E+00
 0.148058264972604E+00
 0.146822222282983E+00
 0.145879530709043E+00
 0.144992719189540E+00
 0.143738087369428E+00
 0.142961393382853E+00
 0.142049229069412E+00
 0.140781296734490E+00
 0.139185915765337E+00
 0.137401910438746E+00
 0.135697234456220E+00
 0.134104385759503E+00
 0.132588330067010E+00
 0.131169370384369E+00
 0.129815041277303E+00
 0.128530027906158E+00
 0.127312772217203E+00
 0.126155500907706E+00
 0.125044335763765E+00
 0.124324671603505E+00
 0.124029206265766E+00
 0.123683282767649E+00
 0.123357190434767E+00
 0.122774896724306E+00
 0.122431762831917E+00
 0.121842366045193E+00
 0.121022237639654E+00
 0.119988533033159E+00
 0.118759326039524E+00
 0.117353496070704E+00
 0.116015060040012E+00
 0.114636454038979E+00
 0.113105705537304E+00
 0.117080312373957E+00
 0.121810547720325E+00
 0.126907889820687E+00
 0.132350950846711E+00
 0.138115572686207E+00
 0.144175001543149E+00
 0.150500097423003E+00
 0.157059521162195E+00
 0.163819858881070E+00
 0.170745687925724E+00
 0.177799630181631E+00
 0.184942450040383E+00
 0.192133229177858E+00
 0.199329608126945E+00
 0.206488054618744E+00
 0.213564117739805E+00
 0.220512649076984E+00
 0.227287996416919E+00
 0.233844185357423E+00
 0.240135099078491E+00
 0.246114659404008E+00
 0.251737014344956E+00
 0.256956746175748E+00
 0.261729116206173E+00
 0.266010347396373E+00
 0.269757919319890E+00
 0.272930831516962E+00
 0.275489799306360E+00
 0.277397380573407E+00
 0.278618071616144E+00
 0.279118427115706E+00
 0.278867240828701E+00
 0.277835781982341E+00
 0.275998045947088E+00
 0.273330969678334E+00
 0.269814584140125E+00
 0.266581333279835E+00
 0.263916123680134E+00
 0.260427041146900E+00
 0.256180623355112E+00
 0.253538242556448E+00
 0.250100819588040E+00
 0.246543941517588E+00
 0.243927510752405E+00
 0.240543105464790E+00
 0.236375834031043E+00
 0.231745152382539E+00
 0.227293955962879E+00
 0.223044858126471E+00
 0.218959524368402E+00
 0.215004630943446E+00
 0.211291549357983E+00
 0.207713837004567E+00
 0.204259150240894E+00
 0.200918827302666E+00
 0.197805096351009E+00
 0.194804437701189E+00
 0.191877466890859E+00
 0.188978806950789E+00
 0.186187149881943E+00
 0.183624360072750E+00
 0.180992310047004E+00
 0.178389288043612E+00
 0.176014514961834E+00
 0.187544747449011E+00
 0.204318135925829E+00
 0.220850468324294E+00
 0.237090993737572E+00
 0.255331484763949E+00
 0.276145265454077E+00
 0.296583520145393E+00
 0.316583257330038E+00
 0.336082426563957E+00
 0.355020162617469E+00
 0.373337076434095E+00
 0.390975560430704E+00
 0.407880069801138E+00
 0.423997356944309E+00
 0.439276659478742E+00
 0.453669858165768E+00
 0.467131623320265E+00
 0.479619562009651E+00
 0.491094372320596E+00
 0.501520008622394E+00
 0.510863858950481E+00
 0.519096927088646E+00
 0.526193999334045E+00
 0.532133769052062E+00
 0.536898900671513E+00
 0.540476038047909E+00
 0.542855786663990E+00
 0.544032707767000E+00
 0.544005347931915E+00
 0.542776298630359E+00
 0.540352255947197E+00
 0.536744045264168E+00
 0.531966590102640E+00
 0.526038826465330E+00
 0.519064400724884E+00
 0.514252931420396E+00
 0.508326421675222E+00
 0.501307352648118E+00
 0.494850727478996E+00
 0.488971533183236E+00
 0.482038695714143E+00
 0.476840107490600E+00
 0.471014662928050E+00
 0.464172106776245E+00
 0.456337341630122E+00
 0.447538722169812E+00
 0.437908201001523E+00
 0.428389203248860E+00
 0.419177412666645E+00
 0.410273988701641E+00
 0.401603577632724E+00
 0.393307568546269E+00
 0.385242109877604E+00
 0.377405729577802E+00
 0.369782633094126E+00
 0.362344988971139E+00
 0.355217561139236E+00
 0.348349870717781E+00
 0.341626597514979E+00
 0.334995197074957E+00
 0.328523420603986E+00
 0.322458842212399E+00
 0.316401938143459E+00
 0.310333427019127E+00
 0.304806445402622E+00
 0.299191076961339E+00
 0.293653506846552E+00
 0.288511809196038E+00
 0.283189947897598E+00
 0.278276151348576E+00
 0.273367876216874E+00
 0.268496265534535E+00
 0.263981005336014E+00
 0.259195730623052E+00
 0.255039213229090E+00
 0.250595254477030E+00
 0.246545057810776E+00
 0.242424297255806E+00
 0.238491522197899E+00
 0.234663664774969E+00
 0.230863658026591E+00
 0.227293995518394E+00
 0.223642524905769E+00
 0.219854113740865E+00
 0.216178005434184E+00
 0.212593321309751E+00
 0.209100479538072E+00
 0.205722548355483E+00
 0.202444686108020E+00
 0.199242548928614E+00
 0.196127476921291E+00
 0.193105829263612E+00
 0.190179830530078E+00
 0.187348366413719E+00
 0.184607176720607E+00
 0.181949773441205E+00
 0.180474209655051E+00
 0.179231781526006E+00
 0.177360150538591E+00
 0.175158450495077E+00
 0.173039019997626E+00
 0.171021439422895E+00
 0.169067828039021E+00
 0.167168583402630E+00
 0.165376220055368E+00
 0.163652998799171E+00
 0.161977120424808E+00
 0.160417310367743E+00
 0.158919603945364E+00
 0.157457518127617E+00
 0.155997316553373E+00
 0.154498653389736E+00
 0.153238631066680E+00
 0.151913162009663E+00
 0.150461857796264E+00
 0.149302180022547E+00
 0.148572818777503E+00
 0.147442257658596E+00
 0.145930152076338E+00
 0.144134297129939E+00
 0.142645966418492E+00
 0.141011511005456E+00
 0.139484070226369E+00
 0.137923363146964E+00
 0.136066644526546E+00
 0.134476827344412E+00
 0.132533600027783E+00
 0.130552041428894E+00
 0.128622462343066E+00
 0.126622696991122E+00
 0.124652515081740E+00
 0.122704319307373E+00
 0.120801182546086E+00
 0.118907215007966E+00
 0.117037362108184E+00
 0.115221897496164E+00
 0.113428200275753E+00
 0.111655774492378E+00
 0.109920507229122E+00
 0.108234511984468E+00
 0.106576255445761E+00
 0.106889305347206E+00
 0.114814418654705E+00
 0.122835999123089E+00
 0.130909950971415E+00
 0.138991502615511E+00
 0.147035425346222E+00
 0.154996285407526E+00
 0.162828709931587E+00
 0.170487638243525E+00
 0.177928539436563E+00
 0.185107598289335E+00
 0.191981888936161E+00
 0.198509556986991E+00
 0.204650017160349E+00
 0.210364157880941E+00
 0.215614539561222E+00
 0.220365580897503E+00
 0.224583737309017E+00
 0.228237676557081E+00
 0.231298447598248E+00
 0.233739629619043E+00
 0.235537449659226E+00
 0.236670870267868E+00
 0.237121663214704E+00
 0.236874489023920E+00
 0.235916990931808E+00
 0.234239893477026E+00
 0.231837083712822E+00
 0.228705655865819E+00
 0.226996614009087E+00
 0.224592656120976E+00
 0.221481956289149E+00
 0.218814217112604E+00
 0.216429139950790E+00
 0.213362035232862E+00
 0.211207076006836E+00
 0.208844488933303E+00
 0.205823032967265E+00
 0.202175771612396E+00
 0.198486774019801E+00
 0.194967758150602E+00
 0.191575907594609E+00
 0.188391339298653E+00
 0.185318266924482E+00
 0.182373900650283E+00
 0.179562450078298E+00
 0.176876610251155E+00
 0.174299869627252E+00
 0.171807374604363E+00
 0.169367119355462E+00
 0.167074973309519E+00
 0.164925755646313E+00
 0.162761930416825E+00
 0.160564694720206E+00
 0.158649767756159E+00
 0.156830107748670E+00
 0.155104041591835E+00
 0.152973955186694E+00
 0.150739893769799E+00
 0.148735727688548E+00
 0.146596827427998E+00
 0.144630593326128E+00
 0.149744507362994E+00
 0.160638593066195E+00
 0.170998802235654E+00
 0.180791517641366E+00
 0.189985526136849E+00
 0.198552143203973E+00
 0.206465348337873E+00
 0.213701917381395E+00
 0.220241535824224E+00
 0.226066887070632E+00
 0.231163721222508E+00
 0.235520912991824E+00
 0.239130510855683E+00
 0.241987771019903E+00
 0.244091167803399E+00
 0.245442378947084E+00
 0.246046254381245E+00
 0.245910781382824E+00
 0.245047053180362E+00
 0.243469235512584E+00
 0.241194516031964E+00
 0.238243023035426E+00
 0.236042105802471E+00
 0.233745023104480E+00
 0.230791772184983E+00
 0.227800034594110E+00
 0.225502107803198E+00
 0.222570857124073E+00
 0.220114992635808E+00
 0.217821715789389E+00
 0.214916346691040E+00
 0.211420371790959E+00
 0.207371287231352E+00
 0.203226275429452E+00
 0.199209457294828E+00
 0.195299861400215E+00
 0.191517811742203E+00
 0.187820033563554E+00
 0.184221345761148E+00
 0.180724495322115E+00
 0.177323305376773E+00
 0.174003470812862E+00
 0.170744444225534E+00
 0.167521236268660E+00
 0.164455388121109E+00
 0.161488686485453E+00
 0.158519823220390E+00
 0.155546989903202E+00
 0.152833291101361E+00
 0.150065919893443E+00
 0.147287037508997E+00
 0.144754821784824E+00
 0.142113733182106E+00
 0.139606190673993E+00
 0.137170911846249E+00
 0.134637750329511E+00
 0.132398449511757E+00
 0.129983690631072E+00
 0.127810185572142E+00
 0.125571075605195E+00
 0.123419930946479E+00
 0.121354180962657E+00
 0.119240940432642E+00
 0.117344479987725E+00
 0.115281992247702E+00
 0.113545754092512E+00
 0.111577997936599E+00
 0.109953474511556E+00
 0.108112136611737E+00
 0.106557441873322E+00
 0.104706562071488E+00
 0.102764749118047E+00
 0.100892765443238E+00
 0.990763947357347E-01
 0.973126654025077E-01
 0.956258788798205E-01
 0.939922149243079E-01
 0.924049113359267E-01
 0.908713921701409E-01
 0.893962159993889E-01
 0.879816137790750E-01
 0.901828950276619E-01
 0.956806173862352E-01
 0.101008973647920E+00
 0.106896161894865E+00
 0.113827558761392E+00
 0.120541133216243E+00
 0.126992035795645E+00
 0.133136332289420E+00
 0.138931224403664E+00
 0.144335278709657E+00
 0.149308651040012E+00
 0.153813289775543E+00
 0.157813110101078E+00
 0.161274147107926E+00
 0.164164706561065E+00
 0.166455528793410E+00
 0.168119965208063E+00
 0.169134150638201E+00
 0.169477151294460E+00
 0.169131079455500E+00
 0.168081181988333E+00
 0.166315916713009E+00
 0.163827024201063E+00
 0.160901303385185E+00
 0.159146491401381E+00
 0.156689221478147E+00
 0.153525052343981E+00
 0.151699667615244E+00
 0.149290571834676E+00
 0.146554641472294E+00
 0.144849985580525E+00
 0.142489388828739E+00
 0.139485386818721E+00
 0.136341662348655E+00
 0.133303468065378E+00
 0.130325419549201E+00
 0.127494664115779E+00
 0.124724918795921E+00
 0.122030870701315E+00
 0.119414208795471E+00
 0.116865691715055E+00
 0.114367315513446E+00
 0.111895263453783E+00
 0.109576535130161E+00
 0.107342994303183E+00
 0.105098179224437E+00
 0.102805903431166E+00
 0.100787695557591E+00
 0.107481088709465E+00
 0.117592358769374E+00
 0.130937918202637E+00
 0.143999361093770E+00
 0.156721023563443E+00
 0.169048090986260E+00
 0.180926814385575E+00
 0.192304709805436E+00
 0.203130761671428E+00
 0.213355644652132E+00
 0.222931961860411E+00
 0.231814482943040E+00
 0.239960363646891E+00
 0.247329338901564E+00
 0.253883895001260E+00
 0.259589432144522E+00
 0.264414422861276E+00
 0.268330561465332E+00
 0.271312895417892E+00
 0.273339935977736E+00
 0.274393756311707E+00
 0.274460088651128E+00
 0.273528422727989E+00
 0.271592092777713E+00
 0.268648333739413E+00
 0.266528134958764E+00
 0.264550460808379E+00
 0.261594962601499E+00
 0.258268338809336E+00
 0.256270519230300E+00
 0.253328567143366E+00
 0.250522823644551E+00
 0.248512600513885E+00
 0.245589704418592E+00
 0.241755920616709E+00
 0.237565931451882E+00
 0.233538627190429E+00
 0.229727755535450E+00
 0.225982781862559E+00
 0.222408783755339E+00
 0.219008514683300E+00
 0.215715463018963E+00
 0.212519807396292E+00
 0.209440403713867E+00
 0.206572332263908E+00
 0.203788680708628E+00
 0.201043400903374E+00
 0.198283599008448E+00
 0.195755021320993E+00
 0.193321328236683E+00
 0.190766304800502E+00
 0.188412636340653E+00
 0.186104718988351E+00
 0.183577346510391E+00
 0.181456107344606E+00
 0.179910161049540E+00
 0.191987830758877E+00
 0.206866322457891E+00
 0.222680175826805E+00
 0.237881236758191E+00
 0.252416552855218E+00
 0.266235615752962E+00
 0.279290542115298E+00
 0.291536256467049E+00
 0.302930678191976E+00
 0.313434901748243E+00
 0.323013353575979E+00
 0.331633916835149E+00
 0.339268030323122E+00
 0.345890777930138E+00
 0.351480980824246E+00
 0.356021289299449E+00
 0.359498257929162E+00
 0.361902388086200E+00
 0.363228135877995E+00
 0.363473899023973E+00
 0.362641999927944E+00
 0.360738671511011E+00
 0.357774037174224E+00
 0.353762069730266E+00
 0.348720521027937E+00
 0.345705949090418E+00
 0.341696690911355E+00
 0.336689122125701E+00
 0.332553507963274E+00
 0.328578429039391E+00
 0.323639906884026E+00
 0.320356648099058E+00
 0.316420245629540E+00
 0.311552780539943E+00
 0.305774698463365E+00
 0.299291876315603E+00
 0.292930667017157E+00
 0.286765508394241E+00
 0.280774628401121E+00
 0.274913499586268E+00
 0.269319842511556E+00
 0.263862663093021E+00
 0.258536398818146E+00
 0.253329544375084E+00
 0.248385491891833E+00
 0.243571290074327E+00
 0.238847111062196E+00
 0.234167346766854E+00
 0.229599540691524E+00
 0.225346798626164E+00
 0.221068260682764E+00
 0.216735038103872E+00
 0.212864648345429E+00
 0.208883810571859E+00
 0.204922845098857E+00
 0.201307432183701E+00
 0.197496623537028E+00
 0.194010726072561E+00
 0.190514880802872E+00
 0.187013846622142E+00
 0.183815703636124E+00
 0.180333056107398E+00
 0.181212279004687E+00
 0.190899344643194E+00
 0.199832982751751E+00
 0.207998703969737E+00
 0.215385413937152E+00
 0.221985416791162E+00
 0.227794406710810E+00
 0.232811453597965E+00
 0.237038977878241E+00
 0.240482702841929E+00
 0.243151577984854E+00
 0.245057679584947E+00
 0.246216103888773E+00
 0.246644865181002E+00
 0.246364797582470E+00
 0.245399446563197E+00
 0.243774934528149E+00
 0.241519795986982E+00
 0.239945318343045E+00
 0.238274729260973E+00
 0.235992413796530E+00
 0.233272135609873E+00
 0.231574581393728E+00
 0.229286579319705E+00
 0.226991624974190E+00
 0.225274037856395E+00
 0.222985776869852E+00
 0.220155333782520E+00
 0.216813013576611E+00
 0.213211921503351E+00
 0.209753857069347E+00
 0.206488645002985E+00
 0.203342710572731E+00
 0.200373442387024E+00
 0.197518091739904E+00
 0.194782391408214E+00
 0.192162330831236E+00
 0.189644955058513E+00
 0.187209549098042E+00
 0.184827897545926E+00
 0.182580010316165E+00
 0.180445524370189E+00
 0.178305339702589E+00
 0.176136174748071E+00
 0.174201040159115E+00
 0.172152550065658E+00
 0.170150027377257E+00
 0.168193654887199E+00
 0.166121480114103E+00
 0.164165416073044E+00
 0.162049189637693E+00
 0.159965739327215E+00
 0.157827547230719E+00
 0.155460347557197E+00
 0.153319336252051E+00
 0.150877185805048E+00
 0.148400774072596E+00
 0.145990435081656E+00
 0.143526200278519E+00
 0.141106045341554E+00
 0.138726757125407E+00
 0.136395247579726E+00
 0.134086545289163E+00
 0.131848099738410E+00
 0.129648361404991E+00
 0.127485686032729E+00
 0.125360351784417E+00
 0.123270395522796E+00
 0.121210832022533E+00
 0.119216916828343E+00
 0.117275975228058E+00
 0.115362294750983E+00
 0.113464336964683E+00
 0.111570062834463E+00
 0.109801847561353E+00
 0.108045003955523E+00
 0.106287700275490E+00
 0.104609189971234E+00
 0.102979277510675E+00
 0.101337657267597E+00
 0.997321329685570E-01
 0.982287144453629E-01
 0.967193947708541E-01
 0.952197654334091E-01
 0.938677952571584E-01
 0.925066938093189E-01
 0.911391695035536E-01
 0.899268960175947E-01
 0.886846796516498E-01
 0.874604317251525E-01
 0.863247537885170E-01
 0.851283532242056E-01
 0.839899770005716E-01
 0.828786553312244E-01
 0.817143358759125E-01
 0.806820252483431E-01
 0.796176574429381E-01
 0.785576595394131E-01
 0.777484904693306E-01
 0.775350302444571E-01
 0.773435021775056E-01
 0.771656779571536E-01
 0.771853096533723E-01
 0.772133107757702E-01
 0.794357150529291E-01
 0.904200729854739E-01
 0.101601540093557E+00
 0.112945342099984E+00
 0.124415370054354E+00
 0.135974456079433E+00
 0.147584622633985E+00
 0.159207272592536E+00
 0.170803305122071E+00
 0.182333168723455E+00
 0.196668594531402E+00
 0.211273752522645E+00
 0.225790168569403E+00
 0.240166885454692E+00
 0.254352677174056E+00
 0.268296266184591E+00
 0.281946567275318E+00
 0.295252945080562E+00
 0.308165462832588E+00
 0.320635104536711E+00
 0.332613968827150E+00
 0.344055449060056E+00
 0.354914419204132E+00
 0.365147436018432E+00
 0.374712952719718E+00
 0.383571529477603E+00
 0.391686027487459E+00
 0.399021782225614E+00
 0.405546759020346E+00
 0.411231694956512E+00
 0.416050227568839E+00
 0.419979008968053E+00
 0.422997807206957E+00
 0.425089601650203E+00
 0.426240679500151E+00
 0.426440733425537E+00
 0.425682949379531E+00
 0.423964067516923E+00
 0.421284403726231E+00
 0.417647833241820E+00
 0.413061752409085E+00
 0.407537039909166E+00
 0.402861929425616E+00
 0.398282164637001E+00
 0.392792679802341E+00
 0.386867972061716E+00
 0.382329642924531E+00
 0.376913994574275E+00
 0.372051302314074E+00
 0.367559326512371E+00
 0.362220240140097E+00
 0.356047898646711E+00
 0.349059278681638E+00
 0.341384908273899E+00
 0.333841560378478E+00
 0.326542932111602E+00
 0.319474175454898E+00
 0.312616576225349E+00
 0.306043294720045E+00
 0.299654374286260E+00
 0.293447272323867E+00
 0.287407121430692E+00
 0.281509185134064E+00
 0.275887688984292E+00
 0.270450314240503E+00
 0.265117366685395E+00
 0.259844362645232E+00
 0.254757377750216E+00
 0.249938342523506E+00
 0.245106019260806E+00
 0.240345371292476E+00
 0.235935061550225E+00
 0.231430963813456E+00
 0.227103609569566E+00
 0.222973003296687E+00
 0.218673857586414E+00
 0.214856725789646E+00
 0.210883448725147E+00
 0.207094402539544E+00
 0.203432472376779E+00
 0.199696206988311E+00
 0.196333207420062E+00
 0.192712157616617E+00
 0.189592588606030E+00
 0.186235576446944E+00
 0.183208587842827E+00
 0.180091870516529E+00
 0.182439823411266E+00
 0.185677342332314E+00
 0.188078944571955E+00
 0.189654305031616E+00
 0.190416602764247E+00
 0.190382440150498E+00
 0.189571759143702E+00
 0.188187532238373E+00
 0.188063800178473E+00
 0.187185968379119E+00
 0.185576912929199E+00
 0.184540390169717E+00
 0.183611301000038E+00
 0.181975996002621E+00
 0.181119777343812E+00
 0.180148378368518E+00
 0.178493914769136E+00
 0.176250385758805E+00
 0.173979659910619E+00
 0.171829150250594E+00
 0.169750488173633E+00
 0.167791959053544E+00
 0.165894619247814E+00
 0.164071588091633E+00
 0.162323476202807E+00
 0.160640017644097E+00
 0.159002157319563E+00
 0.157382956443553E+00
 0.155841948015225E+00
 0.154436228847770E+00
 0.153000729366828E+00
 0.151485243183551E+00
 0.150201208850918E+00
 0.148847515206226E+00
 0.148077299258217E+00
 0.147115327791834E+00
 0.145736462703875E+00
 0.143957118133864E+00
 0.142380813070880E+00
 0.140634398184927E+00
 0.138796753405043E+00
 0.137376684460519E+00
 0.135547955522006E+00
 0.133894445344930E+00
 0.132043156557369E+00
 0.129948242193324E+00
 0.128081642334234E+00
 0.126058770948338E+00
 0.124067026149612E+00
 0.122117198414673E+00
 0.120197496639784E+00
 0.118312662784639E+00
 0.116445466977810E+00
 0.114606060542013E+00
 0.112800283011005E+00
 0.111029609031411E+00
 0.109291971593117E+00
 0.107582285028495E+00
 0.105892688876511E+00
 0.104212939223564E+00
 0.102530953909266E+00
 0.100960894472207E+00
 0.106826923108765E+00
 0.118209511828503E+00
 0.129809969120847E+00
 0.141567433213052E+00
 0.153428570113455E+00
 0.165339019783591E+00
 0.177243603459467E+00
 0.189086548493311E+00
 0.200811731246904E+00
 0.212362932919452E+00
 0.223684102578776E+00
 0.234719622643224E+00
 0.245414570832065E+00
 0.255714969598575E+00
 0.265568013853172E+00
 0.274922274288683E+00
 0.283727885115340E+00
 0.291936733944110E+00
 0.299502670025214E+00
 0.306381733741641E+00
 0.312532392798308E+00
 0.317915760655985E+00
 0.322495777578384E+00
 0.326239351112776E+00
 0.329116469720207E+00
 0.331100309663771E+00
 0.332167348381276E+00
 0.332297484065433E+00
 0.331474151066427E+00
 0.329684419442200E+00
 0.326919072136254E+00
 0.323172658374883E+00
 0.319116791390650E+00
 0.316334685475878E+00
 0.312600936874145E+00
 0.307914205651420E+00
 0.304543673244783E+00
 0.300851023946867E+00
 0.296368424111539E+00
 0.293608136082971E+00
 0.289960060187628E+00
 0.285423422274141E+00
 0.280023028708193E+00
 0.274516095518380E+00
 0.269251483846224E+00
 0.264151658373549E+00
 0.259384398890772E+00
 0.254771984132559E+00
 0.250335643830076E+00
 0.246079560524559E+00
 0.241993060302404E+00
 0.238052973685446E+00
 0.234226364487880E+00
 0.230472259223797E+00
 0.227032805995063E+00
 0.223685566293303E+00
 0.220330813164648E+00
 0.217036418602273E+00
 0.214046663551478E+00
 0.210914075044689E+00
 0.207908108768762E+00
 0.205011981375357E+00
 0.201897726886054E+00
 0.199140782538461E+00
 0.195957878053758E+00
 0.205440546543802E+00
 0.222882091093930E+00
 0.239768938660895E+00
 0.256053210378459E+00
 0.271689414461939E+00
 0.286634641541014E+00
 0.300848743098936E+00
 0.314294486890074E+00
 0.326937689640215E+00
 0.338747328587029E+00
 0.349695631888160E+00
 0.359758148898881E+00
 0.368913806550672E+00
 0.377144963061415E+00
 0.384437468184633E+00
 0.390780728143631E+00
 0.396167759554159E+00
 0.400595210621607E+00
 0.404063336074070E+00
 0.406575930760777E+00
 0.408140243434505E+00
 0.408766895400191E+00
 0.408469816325811E+00
 0.407266190457509E+00
 0.405176393751611E+00
 0.402223903399080E+00
 0.398435172849598E+00
 0.393839477980834E+00
 0.389552700665878E+00
 0.385736815042323E+00
 0.381139091423861E+00
 0.375790773267869E+00
 0.371728873109646E+00
 0.367165092826442E+00
 0.362498776688625E+00
 0.358701980738259E+00
 0.354177172212409E+00
 0.348953975955494E+00
 0.343064270655198E+00
 0.336542042528758E+00
 0.329498179866966E+00
 0.322563683042856E+00
 0.315846598715843E+00
 0.309322229276582E+00
 0.303009361303524E+00
 0.296916363457934E+00
 0.290988909878459E+00
 0.285225997243091E+00
 0.279617095018996E+00
 0.274143949467988E+00
 0.268804275707873E+00
 0.263728332649034E+00
 0.258761488693428E+00
 0.253868505003084E+00
 0.249011682936566E+00
 0.244495534376982E+00
 0.240017049080295E+00
 0.235515094174199E+00
 0.231324399364234E+00
 0.227172063936253E+00
 0.222960325991887E+00
 0.219144917643274E+00
 0.215218259578116E+00
 0.211447468324864E+00
 0.207820112045642E+00
 0.204088969606472E+00
 0.200749145769184E+00
 0.197235309242417E+00
 0.194015052254485E+00
 0.190765153449882E+00
 0.187622139953173E+00
 0.184619846663725E+00
 0.181566245949663E+00
 0.178789567087824E+00
 0.175835433983456E+00
 0.173257893156975E+00
 0.170416023823887E+00
 0.167500659661111E+00
 0.164669177679478E+00
 0.161917714558605E+00
 0.159225592526213E+00
 0.156654931300176E+00
 0.154138685839862E+00
 0.151686522694669E+00
 0.149306682104261E+00
 0.147014971941924E+00
 0.144794683636207E+00
 0.142636597223876E+00
 0.140567977505536E+00
 0.138572796796347E+00
 0.136645302594042E+00
 0.134778964155727E+00
 0.132965208812537E+00
 0.131192451587263E+00
 0.129475457020394E+00
 0.127889097751892E+00
 0.126316891535972E+00
 0.124733817549969E+00
 0.123252490109004E+00
 0.121820180807127E+00
 0.120332902414520E+00
 0.118969191950496E+00
 0.117607166028821E+00
 0.116188420216054E+00
 0.114945212209741E+00
 0.113485653034306E+00
 0.111784691424719E+00
 0.109852187306858E+00
 0.107698739180666E+00
 0.105335633481239E+00
 0.102774792544215E+00
 0.100028718532638E+00
 0.971104341098491E-01
 0.940334233287536E-01
 0.908115742089315E-01
 0.874591198607108E-01
 0.839905735761778E-01
 0.804206573930627E-01
 0.875186121153062E-01
 0.966215318571298E-01
 0.105898266142496E+00
 0.115312012185979E+00
 0.124824381372768E+00
 0.134395596945454E+00
 0.143984658163981E+00
 0.153549478889824E+00
 0.163047026625831E+00
 0.172433489274366E+00
 0.181664481866304E+00
 0.190695285654836E+00
 0.199481100045574E+00
 0.207977288679748E+00
 0.216139609700921E+00
 0.223924428404004E+00
 0.231288913908736E+00
 0.238191222523159E+00
 0.244590673369287E+00
 0.250447926882735E+00
 0.255725178870508E+00
 0.260386376398601E+00
 0.264397447461695E+00
 0.267726522495923E+00
 0.270344122914567E+00
 0.272223304200426E+00
 0.273339762054053E+00
 0.273671926098968E+00
 0.273201065934913E+00
 0.271911419071433E+00
 0.269790330371075E+00
 0.266828381320627E+00
 0.264396431929105E+00
 0.262243592455005E+00
 0.259275141804576E+00
 0.255691785837982E+00
 0.253528329860776E+00
 0.250577745186885E+00
 0.247551278009179E+00
 0.245383877271000E+00
 0.242455820584403E+00
 0.238762293142837E+00
 0.234502687804549E+00
 0.230394054475271E+00
 0.226425561892827E+00
 0.222666331474447E+00
 0.219009593173777E+00
 0.215487849676700E+00
 0.212116814311698E+00
 0.208897468286848E+00
 0.205818440726352E+00
 0.202858501439706E+00
 0.199988296467725E+00
 0.197171700656785E+00
 0.194366795364923E+00
 0.191862128595082E+00
 0.189362587614095E+00
 0.186783645534951E+00
 0.184442441357645E+00
 0.182095317599858E+00
 0.179617610371620E+00
 0.177441969802176E+00
 0.174915626507961E+00
 0.172766949215072E+00
 0.176673743544963E+00
 0.189946326324260E+00
 0.204762588145010E+00
 0.219000191086786E+00
 0.232607794949292E+00
 0.245536109882363E+00
 0.257738091748542E+00
 0.269169154050219E+00
 0.279787383645513E+00
 0.289553743553559E+00
 0.298432252270025E+00
 0.306390138123646E+00
 0.313397972073025E+00
 0.319429781537282E+00
 0.324463145795617E+00
 0.328479275051195E+00
 0.331463080198274E+00
 0.333403243000651E+00
 0.334292291223335E+00
 0.334126671148306E+00
 0.332906799114488E+00
 0.330637073688103E+00
 0.327325843011249E+00
 0.322985339766131E+00
 0.319964543384935E+00
 0.316638797935327E+00
 0.312314603999913E+00
 0.308230866623903E+00
 0.304918720972851E+00
 0.300642769240364E+00
 0.297321808606747E+00
 0.294029093757801E+00
 0.289804919168559E+00
 0.284664729985547E+00
 0.278789095394544E+00
 0.273009699941638E+00
 0.267387519903522E+00
 0.261946144971253E+00
 0.256613097560266E+00
 0.251445717893548E+00
 0.246458025678083E+00
 0.241585370289348E+00
 0.236913500998327E+00
 0.232380699126836E+00
 0.227953617934501E+00
 0.223591819041427E+00
 0.219250648217085E+00
 0.215180517626652E+00
 0.211232796540807E+00
 0.207235180626117E+00
 0.203374230973961E+00
 0.199751695602539E+00
 0.195995690263368E+00
 0.192482212643058E+00
 0.189059762888736E+00
 0.185462566547516E+00
 0.182358364100342E+00
 0.179004390646445E+00
 0.175912867873930E+00
 0.176309622467313E+00
 0.187008765833448E+00
 0.196898560795146E+00
 0.205949408871833E+00
 0.214135259979893E+00
 0.221433684936798E+00
 0.227825921662858E+00
 0.233296912776775E+00
 0.237835346507964E+00
 0.241433699932192E+00
 0.244088273006304E+00
 0.245799200611338E+00
 0.246570437022270E+00
 0.246409715907837E+00
 0.245328492353864E+00
 0.243341870589411E+00
 0.240702091892255E+00
 0.239562106235184E+00
 0.237543098888648E+00
 0.234663527891533E+00
 0.232610290129356E+00
 0.230579451960551E+00
 0.227717546055735E+00
 0.226080274628944E+00
 0.224043962761158E+00
 0.221204068110370E+00
 0.217664273612435E+00
 0.214114403345133E+00
 0.210734534329825E+00
 0.207464596589633E+00
 0.204366852699524E+00
 0.201365893691545E+00
 0.198478162934778E+00
 0.195705579104170E+00
 0.193038031170885E+00
 0.190455169901436E+00
 0.187927921815255E+00
 0.185464546899370E+00
 0.183247330778579E+00
 0.181033845904317E+00
 0.178767977181357E+00
 0.176671130161749E+00
 0.174660534927818E+00
 0.172469868736327E+00
 0.170579251247653E+00
 0.168520430343158E+00
 0.166504383650692E+00
 0.164481992849560E+00
 0.162377667624871E+00
 0.160259640478624E+00
 0.158099772260774E+00
 0.155725779166784E+00
 0.153539023548284E+00
 0.150962665930730E+00
 0.148576050206548E+00
 0.146075414962896E+00
 0.143612803996014E+00
 0.141195487664683E+00
 0.138797747816598E+00
 0.136487024231635E+00
 0.134206045083834E+00
 0.132513680028404E+00
 0.131639817691849E+00
 0.130089846537783E+00
 0.128309060827921E+00
 0.127414787797690E+00
 0.125864071685392E+00
 0.123726129435154E+00
 0.122822091171636E+00
 0.121283803547729E+00
 0.119468981924653E+00
 0.118559246950958E+00
 0.117035905543669E+00
 0.114967071137402E+00
 0.112818445972012E+00
 0.110736600281015E+00
 0.108694898336652E+00
 0.106712457010034E+00
 0.104758759532772E+00
 0.102844676109699E+00
 0.100969602431972E+00
 0.991241917442409E-01
 0.972918491559274E-01
 0.954563163847873E-01
 0.937908594030169E-01
 0.921162563706213E-01
 0.904010503305592E-01
 0.887160595192178E-01
 0.871793626064066E-01
 0.855543778029084E-01
 0.839612180903415E-01
 0.825986117851678E-01
 0.814833498893222E-01
 0.804206841149092E-01
 0.792596906421890E-01
 0.782984946516851E-01
 0.770768899793626E-01
 0.756026942255557E-01
 0.748423095440472E-01
 0.757966659729160E-01
 0.760774193101840E-01
 0.756740436624511E-01
 0.749195593302357E-01
 0.747095099934635E-01
 0.742928083649537E-01
 0.736170777113614E-01
 0.730123753220818E-01
 0.724676007217932E-01
 0.719885271130857E-01
 0.715832533262483E-01
 0.713312014760626E-01
 0.710983380974874E-01
 0.710321260533635E-01
 0.710195785242091E-01
 0.709984209725455E-01
 0.709405641229452E-01
 0.711200980726679E-01
 0.712858087998675E-01
 0.713715133862307E-01
 0.716814674643863E-01
 0.737271180394171E-01
 0.831799047985378E-01
 0.926881804391100E-01
 0.102213053516739E+00
 0.111715583059175E+00
 0.121156834051956E+00
 0.130497915445351E+00
 0.139700050561115E+00
 0.148724724262548E+00
 0.159031015387053E+00
 0.170624020585076E+00
 0.181988967052958E+00
 0.193078373445734E+00
 0.203845755730611E+00
 0.214245832497510E+00
 0.224234735594474E+00
 0.233770217178411E+00
 0.242811844463177E+00
 0.251321178564400E+00
 0.259261938994343E+00
 0.266600156646139E+00
 0.273304315874036E+00
 0.279345484232277E+00
 0.284697429585541E+00
 0.289336727715564E+00
 0.293242865135697E+00
 0.296398338481702E+00
 0.298788744975884E+00
 0.300402853402061E+00
 0.301232646649584E+00
 0.301273335167004E+00
 0.300523350212042E+00
 0.298984329810664E+00
 0.296661105915806E+00
 0.293561691559980E+00
 0.289697258622844E+00
 0.285642850403185E+00
 0.282548482553685E+00
 0.278712409099460E+00
 0.274148754024062E+00
 0.270797041693367E+00
 0.267016225887078E+00
 0.262980496600794E+00
 0.259948148280713E+00
 0.256224366864504E+00
 0.251822820762151E+00
 0.246759901371406E+00
 0.241275630559735E+00
 0.235925748515053E+00
 0.230792576988353E+00
 0.225761275564646E+00
 0.220960437321065E+00
 0.216284793005143E+00
 0.211741386265489E+00
 0.207325571272768E+00
 0.203023132695470E+00
 0.198812451462702E+00
 0.194762784126920E+00
 0.190890523386823E+00
 0.187076988792853E+00
 0.183285155473096E+00
 0.179638043927865E+00
 0.176177656991618E+00
 0.172679669597603E+00
 0.169276771675062E+00
 0.166084807153085E+00
 0.162790663362461E+00
 0.159719909720455E+00
 0.156695666408751E+00
 0.153604084152006E+00
 0.150836713078359E+00
 0.147887805248827E+00
 0.145227026556279E+00
 0.142506117798598E+00
 0.139878997562175E+00
 0.137380272826342E+00
 0.134804248186013E+00
 0.132519998174578E+00
 0.130009824553454E+00
 0.128818630292927E+00
 0.131548756086747E+00
 0.133683026218664E+00
 0.135232590886335E+00
 0.136211468194089E+00
 0.136636456266781E+00
 0.136527034859345E+00
 0.135905261400475E+00
 0.135325316091183E+00
 0.135152856965962E+00
 0.134483004274031E+00
 0.133339781146433E+00
 0.132849223150587E+00
 0.132143143333615E+00
 0.130979958888821E+00
 0.130586756912433E+00
 0.129850933649933E+00
 0.128673053990724E+00
 0.127304543041651E+00
 0.125989311118579E+00
 0.124750975723512E+00
 0.123528652702602E+00
 0.122362893286730E+00
 0.121265064619055E+00
 0.120202851902659E+00
 0.119173661271040E+00
 0.118182400495973E+00
 0.117282340338991E+00
 0.117056050600461E+00
 0.116754031172596E+00
 0.116680001311579E+00
 0.116459868917009E+00
 0.116343746956678E+00
 0.115920062445480E+00
 0.115733585207618E+00
 0.115295744021462E+00
 0.114574908902534E+00
 0.113585985848316E+00
 0.112345160365220E+00
 0.111080785277191E+00
 0.109862045729972E+00
 0.108415999145582E+00
 0.106760586916383E+00
 0.104914733241263E+00
 0.102994271355967E+00
 0.101099509813205E+00
 0.992368676628835E-01
 0.974456452330260E-01
 0.959455842658052E-01
 0.966697779192101E-01
 0.103824936295640E+00
 0.111404356680470E+00
 0.119379162326830E+00
 0.127717731042166E+00
 0.136385836210353E+00
 0.145346803323775E+00
 0.154561668092833E+00
 0.163989328535775E+00
 0.173586695123547E+00
 0.183308851435138E+00
 0.193109236776750E+00
 0.202939853022834E+00
 0.212751487815673E+00
 0.222493942533764E+00
 0.232116257726472E+00
 0.241566936166624E+00
 0.250794167639625E+00
 0.259746057489302E+00
 0.268370856211869E+00
 0.276617185825724E+00
 0.284434262673408E+00
 0.291772122054330E+00
 0.298581851268698E+00
 0.304815831476284E+00
 0.310427979372106E+00
 0.315373975086387E+00
 0.319611467796528E+00
 0.323100262209812E+00
 0.325802498340433E+00
 0.327682836341880E+00
 0.328708647905965E+00
 0.328850203909704E+00
 0.328080843641259E+00
 0.326377116865832E+00
 0.323718900880064E+00
 0.320089501981971E+00
 0.315506494919387E+00
 0.312832719871774E+00
 0.309216714487648E+00
 0.304645981364914E+00
 0.300785105557466E+00
 0.297209547177593E+00
 0.292712643913601E+00
 0.289609695359775E+00
 0.286077891191120E+00
 0.281655904974792E+00
 0.276369412227945E+00
 0.270980954489304E+00
 0.265799380178005E+00
 0.260774178868316E+00
 0.256002657372095E+00
 0.251413177642241E+00
 0.246980856674529E+00
 0.242711259819423E+00
 0.238596095871308E+00
 0.234615598414094E+00
 0.230740655320902E+00
 0.227051344587406E+00
 0.223598462778939E+00
 0.220196605693488E+00
 0.216787366404192E+00
 0.213592380753695E+00
 0.210547623849415E+00
 0.207359115310454E+00
 0.204449067650107E+00
 0.201493524483610E+00
 0.210548840587180E+00
 0.227538759965893E+00
 0.244147361991404E+00
 0.263533410388964E+00
 0.284924976329188E+00
 0.305825422489086E+00
 0.326172167325368E+00
 0.345904325436500E+00
 0.364962953369181E+00
 0.383291272523341E+00
 0.400834873016336E+00
 0.417541907724124E+00
 0.433363282363144E+00
 0.448252840098191E+00
 0.462167535213939E+00
 0.475067593060253E+00
 0.486916658996407E+00
 0.497681940680557E+00
 0.507334342927093E+00
 0.515848586691671E+00
 0.523203301200458E+00
 0.529381084734832E+00
 0.534368541104520E+00
 0.538156306279806E+00
 0.540739076417174E+00
 0.542115636394046E+00
 0.542288876074297E+00
 0.541265779018042E+00
 0.539057377014136E+00
 0.535678676693269E+00
 0.531148571680404E+00
 0.525489750514003E+00
 0.518728600815298E+00
 0.513813922247004E+00
 0.508145733489171E+00
 0.501409537111280E+00
 0.494761321210020E+00
 0.489129006244686E+00
 0.482466897476686E+00
 0.477073805040045E+00
 0.471484644554638E+00
 0.464901219237720E+00
 0.457351744969916E+00
 0.448867569283765E+00
 0.439488944809828E+00
 0.429958305811345E+00
 0.420744344833157E+00
 0.411849417650866E+00
 0.403222887050391E+00
 0.394829028142132E+00
 0.386698740932902E+00
 0.378843603909957E+00
 0.371258164901811E+00
 0.363923278650655E+00
 0.356808853269026E+00
 0.349876089800762E+00
 0.343080085734184E+00
 0.336371757668800E+00
 0.330104343269872E+00
 0.323944062017906E+00
 0.317792170479353E+00
 0.311912641102921E+00
 0.306276152599193E+00
 0.300557437260357E+00
 0.295190171086868E+00
 0.289934247676212E+00
 0.284559270910963E+00
 0.279744524575853E+00
 0.274725713330402E+00
 0.270001560433028E+00
 0.265370906279406E+00
 0.260714399627791E+00
 0.256453609828003E+00
 0.251905024538595E+00
 0.247977259070941E+00
 0.243750875596996E+00
 0.239936000744541E+00
 0.236001744154823E+00
 0.232314869884057E+00
 0.228638651810083E+00
 0.225092191151627E+00
 0.221259720704306E+00
 0.217527176761077E+00
 0.213917860958341E+00
 0.210437040130606E+00
 0.207012310977602E+00
 0.203749555745730E+00
 0.200563559049735E+00
 0.197460078506405E+00
 0.194444859105581E+00
 0.191519658708893E+00
 0.188682956444125E+00
 0.185930594171519E+00
 0.183256312483687E+00
 0.180652022348544E+00
 0.178107606669231E+00
 0.175646863576115E+00
 0.173340836895288E+00
 0.171079750048322E+00
 0.168842247577453E+00
 0.166613848052901E+00
 0.164604999101134E+00
 0.162574193565248E+00
 0.160489396502287E+00
 0.158621407102874E+00
 0.156714075677235E+00
 0.154755356858727E+00
 0.153015899128511E+00
 0.151154933745847E+00
 0.149406326728691E+00
 0.147324214568283E+00
 0.144916931124084E+00
 0.142193873596659E+00
 0.139165465071047E+00
 0.135843112694801E+00
 0.132239160964932E+00
 0.128366841088377E+00
 0.124240217514687E+00
 0.122035720938276E+00
 0.120717467549527E+00
 0.119135976798097E+00
 0.117313264332381E+00
 0.115296860650644E+00
 0.113690626452774E+00
 0.112290775848120E+00
 0.110630632720586E+00
 0.109058021484611E+00
 0.107419516431414E+00
 0.105753882359854E+00
 0.104109633447502E+00
 0.102489925060642E+00
 0.100885231561581E+00
 0.992906565551712E-01
 0.105055421022794E+00
 0.111380354008842E+00
 0.117848420885900E+00
 0.124421335274667E+00
 0.131059653088169E+00
 0.137722992563432E+00
 0.144370263425141E+00
 0.150959896000497E+00
 0.157450068429865E+00
 0.163798934781889E+00
 0.169964854874990E+00
 0.175906621183030E+00
 0.181583676282916E+00
 0.186956319358716E+00
 0.191985908533931E+00
 0.196635069416247E+00
 0.200867914588579E+00
 0.204650267186636E+00
 0.207949873166675E+00
 0.210736588637826E+00
 0.212982539952937E+00
 0.214662266637630E+00
 0.215752861182930E+00
 0.216234112341010E+00
 0.216088645854668E+00
 0.215302048448613E+00
 0.213862963138354E+00
 0.211763153542855E+00
 0.208997543346165E+00
 0.207278880891340E+00
 0.205161095359438E+00
 0.202397551527311E+00
 0.199861118002811E+00
 0.197746966308565E+00
 0.195009511851416E+00
 0.192941923200064E+00
 0.190836247606455E+00
 0.188999962548539E+00
 0.193128306016235E+00
 0.197166084618826E+00
 0.201117658919855E+00
 0.204989365371300E+00
 0.208789010579001E+00
 0.212525312441594E+00
 0.216207453442398E+00
 0.219844836917398E+00
 0.223447032531121E+00
 0.227023831823669E+00
 0.230585333047190E+00
 0.234141999934882E+00
 0.237704645950521E+00
 0.241284285959660E+00
 0.244891813242315E+00
 0.248537524001410E+00
 0.252230591639067E+00
 0.255978633626404E+00
 0.259787493845208E+00
 0.263661308176078E+00
 0.267602859609126E+00
 0.271614158621826E+00
 0.275697093606910E+00
 0.279853913222291E+00
 0.284087297258479E+00
 0.288399891432622E+00
 0.292793385832065E+00
 0.297267398470696E+00
 0.301818490926389E+00
 0.306439580196937E+00
 0.311119876798878E+00
 0.315845335548969E+00
 0.320599479580660E+00
 0.325364360584548E+00
 0.330121376098701E+00
 0.334851714441148E+00
 0.339536342631571E+00
 0.344155637251372E+00
 0.348688896839984E+00
 0.353114004999997E+00
 0.357407429157128E+00
 0.361544582429601E+00
 0.365500411723928E+00
 0.369249975102337E+00
 0.372768787673818E+00
 0.376032847425416E+00
 0.379018430775401E+00
 0.381701866723896E+00
 0.384059491422029E+00
 0.386067874582750E+00
 0.387704282109162E+00
 0.388947266284212E+00
 0.389777258260490E+00
 0.390177037985373E+00
 0.390131959436898E+00
 0.389629847921813E+00
 0.388660594421048E+00
 0.387215619379116E+00
 0.385287473380804E+00
 0.382869805791393E+00
 0.379957770873288E+00
 0.376548745405357E+00
 0.372643108998281E+00
 0.368244837682451E+00
 0.363361757535466E+00
 0.358005432534759E+00
 0.352190760588766E+00
 0.345935398418841E+00
 0.339259139279443E+00
 0.332183355467522E+00
 0.324730609699479E+00
 0.316924525374600E+00
 0.308789952660564E+00
 0.300353360288508E+00
 0.291643262927862E+00
 0.282690444785983E+00
 0.273527819258982E+00
 0.264189939547323E+00
 0.254712335201587E+00
 0.245130893321310E+00
 0.235481423087180E+00
 0.225799422459212E+00
 0.216119996842095E+00
 0.206477878123169E+00
 0.196907504062769E+00
 0.187443090581792E+00
 0.178118576847677E+00
 0.168967312530866E+00
 0.160021438656499E+00
 0.151311065615731E+00
 0.143544879425663E+00
 0.140857340061051E+00
 0.137941427616245E+00
 0.135461339705195E+00
 0.132933061533153E+00
 0.130506274221043E+00
 0.128357670033811E+00
 0.125913873238559E+00
 0.124150235639950E+00
 0.122081148018301E+00
 0.120345513160199E+00
 0.118686434317427E+00
 0.117006440483029E+00
 0.115766185628311E+00
 0.114241436697733E+00
 0.113370477074051E+00
 0.112271685704257E+00
 0.111525424816014E+00
 0.110840482153744E+00
 0.110226069926693E+00
 0.109926747068320E+00
 0.109475134022857E+00
 0.109940558322229E+00
 0.110575874711398E+00
 0.110930233574719E+00
 0.110998906118307E+00
 0.111272688682387E+00
 0.111598146643226E+00
 0.111612438202345E+00
 0.111316628260739E+00
 0.110713853901002E+00
 0.109809049301414E+00
 0.108608695188176E+00
 0.107120685149287E+00
 0.105647425957454E+00
 0.104402203853927E+00
 0.102872589300555E+00
 0.101069271667215E+00
 0.990453306422178E-01
 0.975346987821977E-01
 0.957592847389290E-01
 0.941175683144201E-01
 0.926258823241143E-01
 0.908772278521309E-01
 0.896018381286816E-01
 0.881268217644937E-01
 0.864017569803678E-01
 0.844382524905777E-01
 0.822611914326574E-01
 0.799939037634752E-01
 0.776850504470290E-01
 0.753549058915603E-01
 0.730728495259747E-01
 0.708290697343097E-01
 0.686625478559307E-01
 0.666120979354106E-01
 0.646593444366964E-01
 0.628086623618391E-01
 0.610566393121331E-01
 0.593929072632320E-01
 0.578168349646613E-01
 0.563615814115760E-01
 0.549571563299818E-01
 0.535744255100293E-01
 0.522737825937768E-01
 0.510385990749589E-01
 0.497787644223395E-01
 0.486319088567729E-01
 0.474856477984087E-01
 0.463500758726424E-01
 0.453074702173103E-01
 0.442000098651866E-01
 0.432456015425357E-01
 0.422320110988377E-01
 0.413038778613690E-01
 0.417061738527921E-01
 0.425651316020635E-01
 0.433358306964651E-01
 0.441869408102785E-01
 0.449472553767477E-01
 0.457034344696646E-01
 0.464530865599806E-01
 0.471166619205354E-01
 0.478538219360274E-01
 0.484957255039028E-01
 0.491454414738348E-01
 0.497709365509748E-01
 0.503209202070404E-01
 0.509290617255130E-01
 0.514389381495718E-01
 0.519571590937427E-01
 0.524483755840284E-01
 0.528426434200506E-01
 0.532961009400356E-01
 0.536738346124877E-01
 0.539577517581145E-01
 0.542648356089395E-01
 0.545357023741989E-01
 0.547163678391107E-01
 0.548112638626356E-01
 0.549560682421875E-01
 0.550984632995256E-01
 0.552641759114594E-01
 0.553427154281445E-01
 0.553395441862001E-01
 0.552603703626767E-01
 0.551110640580272E-01
 0.549373065178809E-01
 0.547957792919771E-01
 0.545911167164200E-01
 0.543291275448245E-01
 0.540158913875010E-01
 0.536577136447666E-01
 0.532610399764940E-01
 0.528323499395510E-01
 0.523780392670896E-01
 0.519043003782844E-01
 0.514170237605978E-01
 0.509217509152131E-01
 0.504236950311324E-01
 0.499278110428941E-01
 0.494388644913562E-01
 0.489614428569929E-01
 0.484998817485123E-01
 0.480581271828775E-01
 0.476395952418348E-01
 0.472470949609693E-01
 0.468828435081675E-01
 0.465485477222457E-01
 0.462454922782456E-01
 0.459745873443844E-01
 0.457363747966437E-01
 0.455310291917031E-01
 0.453583835985304E-01
 0.452179692965007E-01
 0.451424500687112E-01
 0.451295736138175E-01
 0.451424016728957E-01
 0.451962478215597E-01
 0.452923259212382E-01
 0.453938365202943E-01
 0.454981021017427E-01
 0.456024818269836E-01
 0.457043412986538E-01
 0.458010740401771E-01
 0.458901658969299E-01
 0.459692656286344E-01
 0.460526341636949E-01
 0.461577148831968E-01
 0.462544768103238E-01
 0.463405539408966E-01
 0.464137589302587E-01
 0.464721318729607E-01
 0.465139672274667E-01
 0.465378176079893E-01
 0.465424955862024E-01
 0.465270929777106E-01
 0.464910105799172E-01
 0.464339663462687E-01
 0.463559549979490E-01
 0.462571678340896E-01
 0.461379173927956E-01
 0.459986137330157E-01
 0.458398029021935E-01
 0.456622333426275E-01
 0.454668992191952E-01
 0.452896055881136E-01
 0.451022012807111E-01
 0.448993757573776E-01
 0.446826184372211E-01
 0.444534975972942E-01
 0.442135796967590E-01
 0.439644095901767E-01
 0.437075287778685E-01
 0.434444917608246E-01
 0.431768604433852E-01
 0.429061898520903E-01
 0.426340323098080E-01
 0.423619675328398E-01
 0.420916300679251E-01
 0.418246882045733E-01
 0.415627530358559E-01
 0.413072502898684E-01
 0.410593282778707E-01
 0.408198639139031E-01
 0.405895660932788E-01
 0.403691069617941E-01
 0.401591911914911E-01
 0.399605186686187E-01
 0.397736714611218E-01
 0.395990031677440E-01
 0.394365956547875E-01
 0.392862931590755E-01
 0.391477751073664E-01
 0.390206213630304E-01
 0.389043514602599E-01
 0.387984489143214E-01
 0.387023853446450E-01
 0.386156395510813E-01
 0.385376902661115E-01
 0.384679706830450E-01
 0.384058044479550E-01
 0.383503690613015E-01
 0.383007262665429E-01
 0.382559182061853E-01
 0.382150812108530E-01
 0.381775132644057E-01
 0.381426616849474E-01
 0.381100527881218E-01
 0.380792224060520E-01
 0.380496960725888E-01
 0.380210204710541E-01
 0.379928047867442E-01
 0.379647289581926E-01
 0.379365151165782E-01
 0.379079007931988E-01
 0.378786563523478E-01
 0.378486480634672E-01
 0.378178981561894E-01
 0.377865811510659E-01
 0.377549372920986E-01
 0.377231475399365E-01
 0.376912479797053E-01
 0.376591366208854E-01
 0.376266627166885E-01
 0.375937382229538E-01
 0.375604094419313E-01
 0.375268674246861E-01
 0.374934182109949E-01
 0.374604436834192E-01
 0.374283615682092E-01
 0.373975702641056E-01
 0.373683693162553E-01
 0.373408772041436E-01
 0.373149943999892E-01
 0.372950134250060E-01
 0.372795996067577E-01
 0.372658055685520E-01
 0.372531235900260E-01
 0.372411346119050E-01
 0.372296457067538E-01
 0.372187307344667E-01
 0.372086631072072E-01
 0.371997746176545E-01
 0.371923008130563E-01
 0.371862699190589E-01
 0.371814676234119E-01
 0.371774838012795E-01
 0.371738291843813E-01
 0.371700927578453E-01
 0.371660876348337E-01
 0.371619182583526E-01
 0.371579217599806E-01
 0.371544973371286E-01
 0.371519048988505E-01
 0.371501359303206E-01
 0.371489151625234E-01
 0.371478150663137E-01
 0.371464137026524E-01
 0.371444279233582E-01
 0.371417875008807E-01
 0.371386431700458E-01
 0.371353094662684E-01
 0.371321493089376E-01
 0.371294285938335E-01
 0.371271953548140E-01
 0.371252417898744E-01
 0.371231757553870E-01
 0.371205776982329E-01
 0.371171786763590E-01
 0.371129832434927E-01
 0.371082794709914E-01
 0.371035222064206E-01
 0.370991342901678E-01
 0.370953191320372E-01
 0.370919819971434E-01
 0.370888006507916E-01
 0.370853986733652E-01
 0.370815188628619E-01
 0.370771108351701E-01
 0.370723161010244E-01
 0.370673931794312E-01
 0.370626319415054E-01
 0.370582758894522E-01
 0.370544515306135E-01
 0.370511177312003E-01
 0.370480684332976E-01
 0.370450104237160E-01
 0.370416922959915E-01
 0.370380210356108E-01
 0.370341058579052E-01
 0.370302111152532E-01
 0.370266457213471E-01
 0.370236380941015E-01
 0.370212440189641E-01
 0.370193227502097E-01
 0.370175958795906E-01
 0.370157696199566E-01
 0.370136653254214E-01
 0.370112931577670E-01
 0.370088352677229E-01
 0.370065569396532E-01
 0.370046963535005E-01
 0.370033773969337E-01
 0.370025655868501E-01
 0.370020743673451E-01
 0.370016286601069E-01
 0.370009792505801E-01
 0.370000255296826E-01
 0.369988760139995E-01
 0.369977976504855E-01
 0.369970752236163E-01
 0.369968663802662E-01
 0.369971386022542E-01
 0.369977116794317E-01
 0.369983599957415E-01
 0.369989084552995E-01
 0.369992854122231E-01
 0.369995329058518E-01
 0.369997855990498E-01
 0.370002227514076E-01
 0.370009992789141E-01
 0.370021786402272E-01
 0.370037006833846E-01
 0.370054035046649E-01
 0.370070891705053E-01
 0.370086032788801E-01
 0.370098978805685E-01
 0.370110556361073E-01
 0.370122608605697E-01
 0.370137174865565E-01
 0.370155430346178E-01
 0.370176958423184E-01
 0.370199873585770E-01
 0.370221808413312E-01
 0.370241164123875E-01
 0.370257832818557E-01
 0.370273014179114E-01
 0.370288396837568E-01
 0.370305301958312E-01
 0.370324209612355E-01
 0.370344708830881E-01
 0.370365716756210E-01
 0.370385859912914E-01
 0.370403968691842E-01
 0.370419549992248E-01
 0.370432998313585E-01
 0.370445389259780E-01
 0.370457955608695E-01
 0.370471537180470E-01
 0.370486254852312E-01
 0.370501480649309E-01
 0.370516063199384E-01
 0.370528761195949E-01
 0.370538796772774E-01
 0.370546298608538E-01
 0.370552324332285E-01
 0.370558338802619E-01
 0.370565414791422E-01
 0.370573670932697E-01
 0.370582301651357E-01
 0.370590111976999E-01
 0.370596149654039E-01
 0.370600078938676E-01
 0.370602223317457E-01
 0.370603395310051E-01
 0.370604608807160E-01
 0.370606700306666E-01
 0.370609947873786E-01
 0.370613900717425E-01
 0.370617596854771E-01
 0.370620093528969E-01
 0.370620984233335E-01
 0.370620582675979E-01
 0.370619712239498E-01
 0.370619295845490E-01
 0.370619987246896E-01
 0.370621963519019E-01
 0.370624892670369E-01
 0.370628074926438E-01
 0.370630742708324E-01
 0.370632418082930E-01
 0.370633145064152E-01
 0.370633465487673E-01
 0.370634174660924E-01
 0.370636011809316E-01
 0.370639405832789E-01
 0.370644301980139E-01
 0.370650095569528E-01
 0.370655779091382E-01
 0.370660380244612E-01
 0.370663537886752E-01
 0.370665826956395E-01
 0.370668510677890E-01
 0.370672808986466E-01
 0.370679179474124E-01
 0.370687111734759E-01
 0.370695518869739E-01
 0.370703366105853E-01
 0.370710099053143E-01
 0.370715717854965E-01
 0.370720642184943E-01
 0.370725548774749E-01
 0.370731204088073E-01
 0.370738222448765E-01
 0.370746773709415E-01
 0.370756405797948E-01
 0.370766145168360E-01
 0.370774879378671E-01
 0.370781857279643E-01
 0.370787078786254E-01
 0.370791380860967E-01
 0.370796120866943E-01
 0.370802525592606E-01
 0.370810999231867E-01
 0.370820815549977E-01
 0.370830463148476E-01
 0.370838483695148E-01
 0.370844261896703E-01
 0.370848251675617E-01
 0.370851565343841E-01
 0.370855316504882E-01
 0.370860180885989E-01
 0.370866317124983E-01
 0.370873456380798E-01
 0.370880960710859E-01
 0.370887893283840E-01
 0.370893282384504E-01
 0.370896593147546E-01
