 0.162144093884130E-08
 0.285695034926186E-07
 0.167350384118340E-06
 0.608032642799428E-06
 0.167819156171659E-05
 0.386827618596380E-05
 0.785061999404231E-05
 0.144969241957284E-04
 0.248992760195912E-04
 0.403976823739482E-04
 0.626137306612074E-04
 0.934868325511053E-04
 0.135307866937511E-03
 0.190745485138708E-03
 0.262862523128675E-03
 0.355122828931812E-03
 0.471391103830959E-03
 0.615929168238836E-03
 0.793391202552100E-03
 0.100881853101931E-02
 0.126763241672248E-02
 0.157562210463898E-02
 0.193892552090858E-02
 0.236400148025422E-02
 0.285759427684547E-02
 0.342669322143363E-02
 0.407849032338995E-02
 0.482033869712365E-02
 0.565971278524713E-02
 0.660416991718927E-02
 0.766131184835914E-02
 0.883874512827475E-02
 0.101440401934408E-01
 0.115846902648838E-01
 0.131680717077849E-01
 0.149014071549507E-01
 0.167917316749523E-01
 0.188458612290327E-01
 0.210703622138850E-01
 0.234715212534939E-01
 0.260553153663377E-01
 0.288273837029493E-01
 0.317930026933958E-01
 0.349570662995992E-01
 0.383240720884658E-01
 0.418981123819618E-01
 0.456828684624659E-01
 0.496816053890533E-01
 0.538971657106102E-01
 0.583319619687022E-01
 0.629879696436770E-01
 0.678667233100672E-01
 0.729693187121557E-01
 0.782964222019426E-01
 0.838482869462870E-01
 0.896247733440479E-01
 0.956253701512114E-01
 0.101849213528258E+00
 0.108295103476780E+00
 0.114961519931915E+00
 0.121846642668622E+00
 0.128948378984023E+00
 0.136264400580970E+00
 0.143792187084525E+00
 0.151529069900801E+00
 0.159472268552913E+00
 0.167618913331043E+00
 0.175966052699027E+00
 0.184510649431155E+00
 0.193249573241350E+00
 0.202179597903779E+00
 0.211297407698854E+00
 0.220599613249633E+00
 0.230082772397692E+00
 0.239743408564530E+00
 0.249578017002525E+00
 0.259583048769984E+00
 0.269754864516235E+00
 0.280089656508632E+00
 0.290583346909310E+00
 0.301231479331911E+00
 0.312029124296134E+00
 0.322970814631508E+00
 0.334050515602852E+00
 0.345261621241449E+00
 0.356596958146628E+00
 0.368048773908975E+00
 0.379608689883031E+00
 0.391267606453618E+00
 0.403015561697397E+00
 0.414841559018634E+00
 0.426733392030964E+00
 0.438677500787600E+00
 0.450658888618409E+00
 0.462661113132217E+00
 0.474666343142964E+00
 0.486655453787973E+00
 0.498608123187498E+00
 0.510502899291869E+00
 0.522317221790571E+00
 0.534027402738666E+00
 0.545608582625774E+00
 0.557034682762814E+00
 0.568278372751152E+00
 0.579311068081739E+00
 0.590102969388100E+00
 0.600623149437949E+00
 0.610839684405943E+00
 0.620719814724711E+00
 0.630230114945587E+00
 0.639336657674016E+00
 0.648005172327544E+00
 0.656201215106937E+00
 0.663890369907999E+00
 0.671038485813773E+00
 0.677611932104868E+00
 0.683577831533785E+00
 0.688904230925493E+00
 0.693560189150276E+00
 0.697515797941771E+00
 0.700742184889403E+00
 0.703211564823127E+00
 0.704897398200986E+00
 0.705774685812776E+00
 0.705820388476649E+00
 0.705013920939657E+00
 0.703337641320454E+00
 0.700777248248302E+00
 0.697322011462359E+00
 0.692964798157961E+00
 0.687701910011131E+00
 0.681532799326084E+00
 0.674459767466822E+00
 0.666487750075452E+00
 0.657624260891639E+00
 0.647879513357061E+00
 0.637266686874865E+00
 0.625802267722833E+00
 0.613506377995489E+00
 0.600403007688320E+00
 0.586520083261978E+00
 0.571889340693524E+00
 0.556546019021413E+00
 0.540528439992821E+00
 0.523877571681317E+00
 0.506636672238134E+00
 0.488851071057618E+00
 0.470568082967307E+00
 0.451836992638051E+00
 0.432709016550256E+00
 0.413237161241968E+00
 0.393475943524656E+00
 0.373480999329255E+00
 0.353308655093683E+00
 0.333015548097311E+00
 0.312658355606275E+00
 0.292293641073791E+00
 0.274179708429840E+00
 0.265029533864245E+00
 0.256990686437956E+00
 0.249165391649436E+00
 0.242277483841837E+00
 0.235476403023519E+00
 0.229360934136860E+00
 0.223132960397353E+00
 0.217726202640765E+00
 0.211873649160511E+00
 0.207075670033436E+00
 0.201915235892936E+00
 0.197255442471374E+00
 0.192754837982983E+00
 0.188092734264033E+00
 0.184225585261614E+00
 0.179958109449674E+00
 0.176311240910718E+00
 0.172671234853445E+00
 0.168917478521663E+00
 0.165880929846071E+00
 0.162472802637335E+00
 0.159570824969621E+00
 0.156743433932734E+00
 0.153670956056870E+00
 0.151379374818096E+00
 0.148728753274290E+00
 0.145722453610796E+00
 0.142400912970698E+00
 0.139397169445905E+00
 0.136499170343848E+00
 0.133586114339217E+00
 0.130796834922370E+00
 0.128156774997708E+00
 0.132685535404922E+00
 0.145688142292975E+00
 0.158595495700753E+00
 0.171358850719901E+00
 0.183929024090035E+00
 0.196256545502692E+00
 0.208291843059291E+00
 0.219985504462780E+00
 0.231288636397737E+00
 0.242153306301336E+00
 0.252533008794491E+00
 0.262383074562220E+00
 0.271660948250558E+00
 0.280326304516439E+00
 0.288341030853802E+00
 0.295669156044578E+00
 0.302276822242473E+00
 0.308132379870004E+00
 0.313206636940269E+00
 0.317473236639538E+00
 0.320909088157418E+00
 0.323494750382556E+00
 0.325214674595527E+00
 0.326057251537341E+00
 0.326014670777116E+00
 0.325082665507873E+00
 0.323260257470799E+00
 0.320549614828661E+00
 0.316956089089980E+00
 0.312702799693577E+00
 0.309926510623161E+00
 0.306295169711845E+00
 0.301818419379538E+00
 0.298162266970575E+00
 0.294562382932224E+00
 0.290147784779512E+00
 0.287230711469843E+00
 0.283668017014052E+00
 0.279808649722637E+00
 0.277057551659874E+00
 0.273535494603294E+00
 0.269252351394520E+00
 0.264789626231272E+00
 0.261320526320831E+00
 0.257122053317627E+00
 0.252299481530966E+00
 0.247443332620382E+00
 0.242618804268231E+00
 0.237934100064060E+00
 0.233278610537670E+00
 0.228691062264961E+00
 0.224201005400749E+00
 0.219825677321888E+00
 0.215571728428125E+00
 0.211437150289399E+00
 0.207411327781150E+00
 0.203476615764099E+00
 0.199605857996279E+00
 0.195814731089899E+00
 0.192296167504353E+00
 0.188798479095569E+00
 0.185284835352062E+00
 0.181978664851126E+00
 0.178791346914690E+00
 0.175524216789984E+00
 0.172484226035645E+00
 0.169509449278240E+00
 0.166405818722597E+00
 0.163694201990168E+00
 0.160832862201246E+00
 0.158094651107451E+00
 0.155474451541636E+00
 0.157001410944289E+00
 0.159695864551699E+00
 0.162172135846543E+00
 0.164788393991340E+00
 0.167049244004578E+00
 0.169443400334887E+00
 0.171616190490076E+00
 0.173669135061924E+00
 0.175759894372248E+00
 0.177473877119164E+00
 0.179490069781539E+00
 0.181111962238869E+00
 0.182816977928828E+00
 0.184364192861400E+00
 0.185751914483973E+00
 0.187767372161476E+00
 0.190095082152939E+00
 0.192244490362699E+00
 0.194551896295582E+00
 0.196452232460708E+00
 0.198651304169628E+00
 0.200533953080590E+00
 0.202398129281093E+00
 0.204275620442509E+00
 0.205796600659934E+00
 0.207681582605551E+00
 0.209131262958755E+00
 0.210754761865343E+00
 0.212217811387504E+00
 0.213496044997299E+00
 0.214985241126114E+00
 0.216024077750051E+00
 0.216612134127051E+00
 0.216750753120706E+00
 0.217223395294634E+00
 0.217391819331146E+00
 0.217111303926799E+00
 0.216386740476801E+00
 0.215224752310365E+00
 0.213633644629044E+00
 0.211623350895866E+00
 0.209286424309154E+00
 0.206971079274535E+00
 0.204714739696188E+00
 0.202499251040097E+00
 0.200348219807127E+00
 0.198222162528857E+00
 0.196118545671417E+00
 0.194077012946703E+00
 0.192079438734087E+00
 0.190111177375664E+00
 0.188171425858898E+00
 0.186256680149767E+00
 0.184388600377465E+00
 0.182583654346899E+00
 0.180805312020352E+00
 0.179042212577480E+00
 0.177281472353159E+00
 0.175526064963491E+00
 0.173904752176629E+00
 0.172268322501308E+00
 0.170598566561455E+00
 0.172720775887881E+00
 0.184637790253652E+00
 0.196536237904363E+00
 0.208359621122526E+00
 0.220050661955530E+00
 0.231551663631566E+00
 0.242804989971777E+00
 0.253753567734061E+00
 0.264341313593870E+00
 0.274513422204524E+00
 0.284216509876258E+00
 0.293398665778866E+00
 0.302009495294465E+00
 0.310000235096510E+00
 0.317323980475669E+00
 0.323936010945709E+00
 0.329794154399561E+00
 0.334859111680359E+00
 0.339094678212900E+00
 0.342467839494879E+00
 0.344948765791021E+00
 0.346510769032868E+00
 0.347130296923264E+00
 0.346787020418230E+00
 0.345464027808041E+00
 0.343148088314744E+00
 0.339829911273167E+00
 0.335504319855404E+00
 0.331457172393422E+00
 0.328135979231766E+00
 0.323837531998091E+00
 0.318590729710484E+00
 0.315293353293836E+00
 0.311053062971331E+00
 0.306676684796142E+00
 0.303407607335160E+00
 0.299227780692790E+00
 0.295619816247462E+00
 0.292382233544109E+00
 0.288263869812279E+00
 0.283264376789824E+00
 0.278907257200441E+00
 0.274864646857830E+00
 0.269977902449356E+00
 0.264594524169959E+00
 0.259370898573892E+00
 0.254359662366996E+00
 0.249457237175779E+00
 0.244784782230452E+00
 0.240274088759876E+00
 0.235896648445560E+00
 0.231650769864150E+00
 0.227522645870434E+00
 0.223487838878980E+00
 0.219626925838050E+00
 0.215955558557784E+00
 0.212336346369516E+00
 0.208720087247714E+00
 0.205224165397859E+00
 0.201953755629131E+00
 0.204205062860795E+00
 0.221700396048825E+00
 0.239948481275661E+00
 0.257617913179812E+00
 0.274658879501387E+00
 0.291023893993972E+00
 0.306667956795485E+00
 0.321548740683258E+00
 0.335626793238036E+00
 0.348865742626494E+00
 0.361232489067285E+00
 0.372697354904288E+00
 0.383234164925171E+00
 0.392820247358303E+00
 0.401436382147432E+00
 0.409066754677560E+00
 0.415698973707343E+00
 0.421324174049364E+00
 0.425937168665207E+00
 0.429536577845359E+00
 0.432124869580445E+00
 0.433708289249936E+00
 0.434296707693037E+00
 0.433903443051380E+00
 0.432545103134616E+00
 0.430241465806044E+00
 0.427015389046395E+00
 0.422892734316673E+00
 0.417902292923907E+00
 0.414034302393998E+00
 0.409885126941250E+00
 0.404895311574193E+00
 0.399523918773306E+00
 0.395383378613820E+00
 0.390432579996470E+00
 0.386002400078792E+00
 0.381877318972457E+00
 0.376970331789665E+00
 0.373379484763997E+00
 0.369275346598448E+00
 0.364415350430618E+00
 0.358828366568960E+00
 0.353991106681593E+00
 0.349195674581297E+00
 0.343703715470151E+00
 0.337545432035111E+00
 0.330889870858308E+00
 0.324351594718059E+00
 0.318035943410843E+00
 0.311893169845789E+00
 0.305950107403119E+00
 0.300152750639693E+00
 0.294516790419509E+00
 0.289047577726244E+00
 0.283739495085369E+00
 0.278578803502729E+00
 0.273546028234766E+00
 0.268615155201239E+00
 0.263758128779109E+00
 0.259174836291274E+00
 0.256424854474193E+00
 0.254253703280057E+00
 0.252095866405720E+00
 0.249946180221882E+00
 0.247797093618935E+00
 0.245718759755703E+00
 0.243709419320494E+00
 0.241697693537457E+00
 0.239668703377150E+00
 0.237621173244041E+00
 0.235766589604081E+00
 0.233875438809931E+00
 0.231927079005060E+00
 0.230089945877038E+00
 0.228316825072232E+00
 0.226454014911405E+00
 0.224688635833835E+00
 0.222991374022246E+00
 0.221164890648396E+00
 0.219529501800018E+00
 0.217458819291676E+00
 0.214953553818378E+00
 0.212576928866977E+00
 0.209958456164482E+00
 0.206939940933211E+00
 0.204375469580136E+00
 0.201402423968851E+00
 0.198024808799720E+00
 0.200854785044784E+00
 0.203599629802706E+00
 0.206177352034043E+00
 0.208874023551387E+00
 0.211178447181002E+00
 0.213803797395081E+00
 0.216065358096984E+00
 0.218409965214193E+00
 0.220640585773045E+00
 0.222709960109052E+00
 0.224921078915662E+00
 0.226730890582262E+00
 0.228920494209592E+00
 0.230716567467175E+00
 0.232648659563360E+00
 0.234441039553520E+00
 0.236110654980824E+00
 0.237909265604819E+00
 0.239306164998583E+00
 0.241121217059719E+00
 0.242525263629740E+00
 0.243529640261842E+00
 0.244146780784023E+00
 0.244652147575565E+00
 0.245288431677838E+00
 0.245548930794112E+00
 0.245448053757313E+00
 0.245001050528335E+00
 0.244223889415625E+00
 0.243133147046981E+00
 0.241750663092459E+00
 0.240442259383116E+00
 0.238848678981570E+00
 0.237174090292486E+00
 0.235488108397277E+00
 0.233807919679065E+00
 0.232110765541224E+00
 0.230442955199292E+00
 0.228770093558184E+00
 0.227103289043427E+00
 0.225450858819075E+00
 0.223818064554105E+00
 0.222208127233126E+00
 0.220621958908211E+00
 0.219057941396763E+00
 0.217522987062990E+00
 0.223682272297546E+00
 0.230480136117876E+00
 0.236865847456539E+00
 0.242799549909954E+00
 0.248242479264213E+00
 0.253157250453042E+00
 0.257508157836610E+00
 0.261261453894464E+00
 0.264385570100026E+00
 0.266851255411377E+00
 0.268631634550389E+00
 0.269702221525278E+00
 0.270040946545344E+00
 0.269628250931212E+00
 0.268447272010444E+00
 0.266484092510513E+00
 0.263727991136170E+00
 0.260381303859468E+00
 0.258386590378916E+00
 0.255622960488004E+00
 0.252083395058610E+00
 0.249252590321034E+00
 0.246504068146531E+00
 0.243006963982874E+00
 0.240747426758823E+00
 0.238018707546683E+00
 0.234822161343321E+00
 0.232810335495633E+00
 0.230105032155024E+00
 0.226700480129660E+00
 0.223595350465571E+00
 0.220923840475233E+00
 0.217582372737039E+00
 0.213638008371263E+00
 0.209675264246591E+00
 0.205867549841951E+00
 0.202193600045505E+00
 0.198623914705967E+00
 0.195145778563157E+00
 0.191778532326850E+00
 0.188528897801189E+00
 0.185392329772024E+00
 0.182354264704705E+00
 0.179392352440662E+00
 0.176477552957732E+00
 0.173575495523752E+00
 0.170871317801158E+00
 0.168229130856435E+00
 0.165537882011060E+00
 0.162931902112560E+00
 0.171567348295066E+00
 0.185810703503332E+00
 0.199503601538008E+00
 0.212596403908950E+00
 0.225041387315628E+00
 0.236792819385458E+00
 0.247807116743457E+00
 0.258043102421760E+00
 0.267462327323952E+00
 0.276029385977444E+00
 0.283712157023499E+00
 0.290481931623383E+00
 0.296313439981066E+00
 0.301184824509409E+00
 0.305077621821713E+00
 0.307976801829906E+00
 0.309870879783873E+00
 0.310752080993369E+00
 0.310616512179941E+00
 0.309464286259206E+00
 0.307299560136118E+00
 0.304130472855890E+00
 0.300180660502511E+00
 0.297972227638785E+00
 0.294788849064171E+00
 0.290642443219898E+00
 0.287546217609035E+00
 0.284375794032816E+00
 0.280275479150965E+00
 0.277822134176676E+00
 0.274670359912882E+00
 0.270989417657102E+00
 0.268740752997251E+00
 0.265611679682071E+00
 0.261613269365339E+00
 0.257053912170312E+00
 0.253959673506344E+00
 0.250032089764196E+00
 0.245343384961202E+00
 0.240591254888276E+00
 0.235964919991126E+00
 0.231509429083527E+00
 0.227113695916997E+00
 0.222875338797849E+00
 0.218773418823894E+00
 0.214761315477656E+00
 0.210830793035930E+00
 0.207028557469685E+00
 0.203389134134620E+00
 0.199826008412013E+00
 0.196305198893086E+00
 0.192788908940991E+00
 0.189474070567770E+00
 0.186287528315268E+00
 0.183049383365638E+00
 0.179888536781861E+00
 0.176968302968897E+00
 0.173934332207372E+00
 0.176494414373459E+00
 0.186367528302497E+00
 0.195434163787368E+00
 0.203665604199000E+00
 0.211036828695754E+00
 0.217526531927691E+00
 0.223117069216861E+00
 0.227794385492500E+00
 0.231547985832737E+00
 0.234370980576084E+00
 0.236260199612731E+00
 0.237216334324886E+00
 0.237244046287741E+00
 0.236351987687385E+00
 0.234552708235418E+00
 0.231862465635144E+00
 0.230276212253201E+00
 0.228445170599436E+00
 0.225749057579848E+00
 0.223163006502941E+00
 0.221319910532141E+00
 0.218640947541844E+00
 0.216511212316122E+00
 0.214661991006715E+00
 0.212004534475162E+00
 0.210278640693303E+00
 0.208427335808596E+00
 0.205793945233254E+00
 0.203137891325138E+00
 0.201292362669646E+00
 0.198696648335432E+00
 0.195404047688720E+00
 0.192019251968725E+00
 0.188749431125211E+00
 0.185554054626063E+00
 0.182518070829001E+00
 0.179548228036088E+00
 0.176664260985305E+00
 0.173872320490810E+00
 0.171166421202435E+00
 0.168530571588099E+00
 0.165940149403456E+00
 0.163363126586852E+00
 0.160958301473809E+00
 0.158628661330761E+00
 0.156258088627631E+00
 0.153865540413404E+00
 0.151729223894319E+00
 0.149472805286776E+00
 0.147223740007762E+00
 0.145155828283102E+00
 0.142911024274134E+00
 0.140870754526003E+00
 0.138739161644227E+00
 0.137665685484730E+00
 0.141226132517094E+00
 0.144032207698444E+00
 0.146079240986160E+00
 0.147366015696594E+00
 0.147894649287066E+00
 0.147670556311087E+00
 0.146702498991193E+00
 0.145002682477604E+00
 0.143359196715175E+00
 0.142367816799887E+00
 0.140666290385406E+00
 0.138523258137536E+00
 0.137519670534330E+00
 0.135830422618837E+00
 0.134008780831655E+00
 0.132997479534393E+00
 0.131322877306409E+00
 0.129794979968584E+00
 0.128779985390129E+00
 0.127122115648528E+00
 0.124877164523304E+00
 0.122950664904077E+00
 0.121319335466970E+00
 0.119164660024030E+00
 0.116999790366927E+00
 0.114875614068076E+00
 0.112814715990306E+00
 0.110767171814675E+00
 0.108783440206869E+00
 0.108075248821377E+00
 0.108060393502851E+00
 0.108262464164963E+00
 0.108232561002415E+00
 0.109028515209659E+00
 0.109744061955214E+00
 0.110822598589650E+00
 0.111543174406761E+00
 0.111875824694938E+00
 0.112205781098070E+00
 0.112553219348385E+00
 0.112514977943293E+00
 0.112096955710854E+00
 0.111306584056956E+00
 0.110203951474859E+00
 0.109062108168728E+00
 0.108041159834819E+00
 0.108585515415655E+00
 0.108391049553533E+00
 0.107451124556342E+00
 0.105893614115851E+00
 0.105667263556819E+00
 0.104717231877071E+00
 0.103054783373241E+00
 0.102431685804053E+00
 0.101481161503827E+00
 0.998794397336194E-01
 0.994094492987850E-01
 0.984616567722469E-01
 0.969387412408899E-01
 0.965830995670920E-01
 0.956411220838315E-01
 0.941886089411770E-01
 0.937000573246896E-01
 0.927714640426896E-01
 0.913590917575660E-01
 0.899748522023005E-01
 0.886015052958894E-01
 0.873311162249960E-01
 0.860670173179033E-01
 0.851295962451628E-01
 0.904654690155239E-01
 0.100411822486990E+00
 0.110262295210695E+00
 0.119977074355399E+00
 0.129516829864181E+00
 0.138842867600746E+00
 0.148685186687244E+00
 0.160710686344898E+00
 0.172461720683241E+00
 0.183890298353254E+00
 0.194949546899380E+00
 0.205594005835512E+00
 0.215779951417336E+00
 0.225465700902195E+00
 0.234611842326267E+00
 0.243181358720207E+00
 0.251139658135273E+00
 0.258454563672865E+00
 0.265096336769443E+00
 0.271037788600542E+00
 0.276254485964611E+00
 0.280725004992673E+00
 0.284431157316254E+00
 0.287358123535683E+00
 0.289494470256533E+00
 0.290832075631984E+00
 0.291366019426143E+00
 0.291094495379645E+00
 0.290018781314787E+00
 0.288143270944315E+00
 0.285475544504048E+00
 0.282026439466949E+00
 0.278055906991553E+00
 0.275380603376232E+00
 0.271947793025106E+00
 0.267771231677084E+00
 0.264447620735186E+00
 0.261056335831300E+00
 0.256966176391206E+00
 0.254324077749400E+00
 0.250976062358383E+00
 0.247554626933587E+00
 0.244934654090991E+00
 0.241631299349924E+00
 0.237658124761789E+00
 0.233031185241388E+00
 0.229323307005406E+00
 0.225433188334280E+00
 0.220943590917317E+00
 0.216398534905658E+00
 0.211986826167127E+00
 0.207740483102897E+00
 0.203561683435806E+00
 0.199552189843017E+00
 0.195660773576474E+00
 0.191865105758422E+00
 0.188159572734824E+00
 0.184530509700021E+00
 0.181061558003728E+00
 0.177708903175518E+00
 0.174417105156158E+00
 0.171157078153434E+00
 0.167934504080503E+00
 0.164971394814255E+00
 0.161997125012139E+00
 0.158978224599468E+00
 0.156238504413656E+00
 0.153491083374725E+00
 0.150667637488414E+00
 0.148181237224045E+00
 0.147110384516168E+00
 0.148112636231201E+00
 0.149246483601135E+00
 0.150154262571326E+00
 0.150965334319092E+00
 0.151789205506360E+00
 0.152293582884783E+00
 0.153026435795568E+00
 0.154088116880953E+00
 0.156357505212109E+00
 0.158349136766002E+00
 0.160313948127224E+00
 0.162254378765544E+00
 0.163919134278780E+00
 0.165819162842004E+00
 0.167379107570453E+00
 0.169056365684799E+00
 0.170583339624915E+00
 0.172468174293668E+00
 0.174348749597916E+00
 0.176263762401008E+00
 0.178106672823102E+00
 0.179721832932405E+00
 0.181537658317835E+00
 0.183002797530787E+00
 0.184661910543647E+00
 0.186104678376439E+00
 0.187497975438810E+00
 0.188929877442011E+00
 0.190064366655077E+00
 0.191495760268145E+00
 0.192555936447044E+00
 0.193817564031327E+00
 0.194882600511158E+00
 0.195904673624640E+00
 0.196985604191637E+00
 0.197683834962507E+00
 0.197999674962835E+00
 0.198283322357191E+00
 0.198621236890692E+00
 0.198576310265733E+00
 0.198151550147847E+00
 0.197351344523923E+00
 0.196181400674308E+00
 0.194648683456177E+00
 0.192948352472318E+00
 0.191485178245534E+00
 0.189803643419244E+00
 0.188133356323533E+00
 0.186469372352249E+00
 0.184800425408326E+00
 0.183177863657592E+00
 0.181547281604026E+00
 0.179920082838521E+00
 0.178321002232644E+00
 0.176753217451100E+00
 0.175200157084559E+00
 0.173663068853044E+00
 0.172141399124029E+00
 0.170663850965747E+00
 0.169225110542711E+00
 0.176041385148851E+00
 0.184655574060935E+00
 0.193381250239274E+00
 0.202174424908047E+00
 0.210989628381437E+00
 0.219780091045917E+00
 0.228497956626213E+00
 0.237094526757384E+00
 0.245520527077157E+00
 0.253726375066004E+00
 0.261662426383401E+00
 0.269279185535623E+00
 0.276527485993657E+00
 0.283358663406825E+00
 0.289724751018292E+00
 0.295578714135998E+00
 0.300874717410274E+00
 0.305568398854574E+00
 0.309617120080641E+00
 0.312980175110185E+00
 0.315618961244125E+00
 0.317497131185180E+00
 0.318580747366105E+00
 0.318838449127117E+00
 0.318241630451822E+00
 0.316764618958089E+00
 0.314384846934453E+00
 0.311083007328273E+00
 0.306843187297416E+00
 0.303236687184078E+00
 0.299944581305166E+00
 0.295742630435051E+00
 0.291077357568135E+00
 0.287820104379325E+00
 0.283685012393647E+00
 0.279833295247488E+00
 0.276613892880801E+00
 0.272546449535794E+00
 0.269409839838978E+00
 0.266230551557213E+00
 0.262230904695434E+00
 0.257728826784990E+00
 0.254597468643497E+00
 0.250679856940432E+00
 0.245970346440145E+00
 0.241021278490104E+00
 0.236239604428452E+00
 0.231598067135080E+00
 0.227126752358521E+00
 0.222814873003494E+00
 0.218619452433077E+00
 0.214549368547128E+00
 0.210600384741648E+00
 0.206757122611660E+00
 0.202995038985236E+00
 0.199283198309443E+00
 0.195844914250855E+00
 0.192458582007384E+00
 0.202117183629745E+00
 0.219048294529009E+00
 0.235630451697659E+00
 0.255638850768497E+00
 0.276959573344885E+00
 0.297830080216284E+00
 0.318187096627931E+00
 0.337968755106835E+00
 0.357114853806807E+00
 0.375567113808496E+00
 0.393269424682063E+00
 0.410168070871627E+00
 0.426211935145311E+00
 0.441352678601292E+00
 0.455544900397684E+00
 0.468746284974451E+00
 0.480917748106831E+00
 0.492023591806994E+00
 0.502031669604864E+00
 0.510913550977408E+00
 0.518644664333220E+00
 0.525204399256983E+00
 0.530576161401453E+00
 0.534747390200303E+00
 0.537709560176311E+00
 0.539458185197888E+00
 0.539992833874176E+00
 0.539317151040621E+00
 0.537438871974805E+00
 0.534369814906150E+00
 0.530125841632735E+00
 0.524726782553904E+00
 0.518196329100441E+00
 0.513277903528809E+00
 0.507860852054691E+00
 0.501347345236600E+00
 0.494606399852483E+00
 0.489216028833695E+00
 0.482768335670227E+00
 0.477239207560625E+00
 0.471883357532974E+00
 0.465506627611088E+00
 0.461053317360546E+00
 0.455737550844979E+00
 0.449434830011698E+00
 0.442170432818646E+00
 0.434987872744643E+00
 0.428781775644362E+00
 0.421654718476052E+00
 0.413634329117799E+00
 0.405252199042479E+00
 0.397130410905562E+00
 0.389254675694474E+00
 0.381626901182469E+00
 0.374173652509746E+00
 0.366974232101681E+00
 0.360009603594014E+00
 0.353219405463234E+00
 0.346610854322284E+00
 0.340264839340929E+00
 0.334102324392173E+00
 0.328081931764458E+00
 0.322163306246449E+00
 0.316303911413602E+00
 0.310851693232497E+00
 0.305478972669316E+00
 0.300099024854252E+00
 0.294968337080086E+00
 0.290051067774076E+00
 0.285054063627479E+00
 0.280358092442750E+00
 0.275786112838276E+00
 0.271119115887086E+00
 0.266883742893692E+00
 0.262525391441405E+00
 0.258364074917702E+00
 0.254352287504755E+00
 0.250269668739097E+00
 0.246534443318022E+00
 0.242580315909452E+00
 0.239067327459066E+00
 0.242300571540509E+00
 0.245859024736092E+00
 0.249057484308268E+00
 0.252479268580536E+00
 0.256933548726336E+00
 0.261048033181591E+00
 0.265290310306939E+00
 0.269321630193494E+00
 0.273039421727758E+00
 0.276998956730012E+00
 0.280420601307848E+00
 0.284102025139677E+00
 0.287453127491629E+00
 0.290654184603463E+00
 0.293949653803604E+00
 0.296684712188265E+00
 0.299933450838130E+00
 0.302618669608905E+00
 0.305424446632947E+00
 0.308076832669925E+00
 0.310439335703663E+00
 0.313075552732485E+00
 0.315126246429458E+00
 0.317627822073084E+00
 0.319670350793572E+00
 0.321742311336119E+00
 0.323792807681228E+00
 0.325422827308937E+00
 0.327497090542932E+00
 0.328967924442872E+00
 0.329842378065847E+00
 0.330129262872105E+00
 0.330641058483660E+00
 0.330957374956794E+00
 0.330693897996397E+00
 0.329862795344868E+00
 0.328477821760178E+00
 0.326554245307017E+00
 0.324108774448939E+00
 0.321159485325437E+00
 0.317961534305059E+00
 0.314799584384298E+00
 0.311671162208172E+00
 0.308596027880157E+00
 0.305622292429061E+00
 0.302679576814074E+00
 0.299769772329767E+00
 0.296870301263501E+00
 0.294065471414667E+00
 0.291289044384960E+00
 0.288549320009719E+00
 0.285850692126091E+00
 0.283194120610216E+00
 0.280577125457667E+00
 0.277994094707820E+00
 0.276028315465034E+00
 0.274160722037359E+00
 0.272288897596285E+00
 0.270396282876770E+00
 0.268576035923797E+00
 0.266823466475394E+00
 0.265026750613868E+00
 0.263162485101028E+00
 0.261501226505742E+00
 0.259768892122508E+00
 0.257931756890451E+00
 0.256314091212773E+00
 0.254593684645687E+00
 0.252815969704739E+00
 0.251206694311091E+00
 0.249432710927643E+00
 0.247782493766735E+00
 0.245741509631603E+00
 0.243323057887336E+00
 0.240831170994784E+00
 0.238322148951092E+00
 0.235461176880575E+00
 0.232263436736199E+00
 0.231448862538818E+00
 0.231444122179841E+00
 0.230777514285893E+00
 0.229437106335802E+00
 0.227413927258654E+00
 0.224701997944710E+00
 0.221928615715315E+00
 0.219895672750011E+00
 0.217194650742424E+00
 0.213822844152931E+00
 0.211563620451076E+00
 0.208893866144549E+00
 0.205851386011724E+00
 0.203838831760200E+00
 0.201203144370127E+00
 0.198657996443014E+00
 0.196661688458035E+00
 0.194062461238210E+00
 0.191526590041937E+00
 0.189551198895072E+00
 0.186997762218803E+00
 0.183864637662800E+00
 0.180304836764877E+00
 0.176831992890796E+00
 0.173555197093736E+00
 0.170196619910388E+00
 0.167004143579276E+00
 0.163928173458212E+00
 0.160964886117284E+00
 0.158072856728101E+00
 0.155257128654119E+00
 0.152575195190425E+00
 0.149964578399149E+00
 0.147397717364566E+00
 0.144843523047982E+00
 0.142499218189215E+00
 0.140476978697831E+00
 0.138308421781623E+00
 0.136271415215457E+00
 0.137229239988447E+00
 0.147940400325225E+00
 0.158133266080660E+00
 0.167771898959767E+00
 0.176822636390922E+00
 0.185254283404199E+00
 0.193038275588984E+00
 0.200148801056504E+00
 0.206562884012909E+00
 0.212260446088790E+00
 0.217224366157448E+00
 0.221440552577795E+00
 0.224898028074503E+00
 0.227589014969608E+00
 0.229509003635393E+00
 0.230656790874638E+00
 0.231034483520902E+00
 0.230647470663841E+00
 0.229504372651669E+00
 0.227616976649841E+00
 0.225000168358469E+00
 0.223050291103092E+00
 0.221132165971225E+00
 0.218506312292728E+00
 0.215718634789637E+00
 0.213788938126676E+00
 0.211176113469221E+00
 0.208852080068343E+00
 0.206917052665134E+00
 0.204321826127256E+00
 0.202417231899121E+00
 0.200481725053343E+00
 0.197907169987014E+00
 0.196489242020757E+00
 0.197622049601786E+00
 0.198731515298502E+00
 0.199870426144346E+00
 0.200743543471752E+00
 0.201899469823447E+00
 0.202699514407939E+00
 0.203136777567382E+00
 0.203205640098681E+00
 0.203625384581215E+00
 0.203715757507287E+00
 0.203431616730123E+00
 0.202769955759121E+00
 0.201729139270894E+00
 0.200308913370940E+00
 0.198575332618664E+00
 0.196819665445897E+00
 0.195086426904624E+00
 0.193424708933399E+00
 0.191767718171784E+00
 0.190126134391957E+00
 0.188455574129083E+00
 0.186831780510445E+00
 0.185197811697762E+00
 0.183562910226250E+00
 0.181934508207280E+00
 0.180317487714531E+00
 0.178714121965775E+00
 0.177124670188242E+00
 0.175606535017556E+00
 0.174430642982716E+00
 0.173239045735173E+00
 0.172120771040639E+00
 0.170987855184891E+00
 0.169831897976844E+00
 0.168643570975460E+00
 0.167550002321728E+00
 0.166449602961099E+00
 0.165306172032369E+00
 0.164195155329793E+00
 0.163149171225530E+00
 0.162043414489471E+00
 0.160963533681760E+00
 0.159955450803753E+00
 0.158865384823312E+00
 0.157858071672318E+00
 0.156857403281196E+00
 0.155762216163677E+00
 0.154392236141895E+00
 0.152761455117766E+00
 0.151320283949448E+00
 0.149610271862551E+00
 0.147633844459030E+00
 0.145394409844231E+00
 0.142896352870313E+00
 0.140145024606302E+00
 0.137201408202167E+00
 0.134543855398808E+00
 0.131656435329693E+00
 0.137411100268675E+00
 0.144246443824543E+00
 0.150598221121830E+00
 0.156426995225968E+00
 0.161695504853133E+00
 0.166368838991968E+00
 0.170414606117606E+00
 0.173803102872893E+00
 0.176507481598271E+00
 0.178503906902841E+00
 0.179771686804418E+00
 0.180293369686974E+00
 0.180054811843709E+00
 0.179045231765502E+00
 0.177257267350532E+00
 0.174687040370741E+00
 0.172412973532268E+00
 0.170626909420103E+00
 0.168081490499652E+00
 0.165298028654709E+00
 0.163528923082327E+00
 0.161026530520561E+00
 0.158713359920488E+00
 0.156964066258885E+00
 0.154505683873415E+00
 0.152614406835198E+00
 0.150886677050450E+00
 0.148472467732201E+00
 0.145440338243330E+00
 0.142368905316688E+00
 0.139368986998567E+00
 0.136513650844985E+00
 0.133695467902492E+00
 0.130989471043785E+00
 0.128321532908750E+00
 0.125807211700102E+00
 0.123346214012096E+00
 0.120944906828319E+00
 0.118602653306420E+00
 0.116310288766407E+00
 0.114051212550380E+00
 0.111893594432420E+00
 0.116041468731271E+00
 0.126523659547763E+00
 0.139390004072752E+00
 0.151866912660567E+00
 0.163900093947736E+00
 0.175436636077392E+00
 0.186425224832659E+00
 0.196816377489574E+00
 0.206562688026537E+00
 0.215619064564585E+00
 0.223942937484109E+00
 0.231494429496765E+00
 0.238236497962121E+00
 0.244135070847580E+00
 0.249159192987578E+00
 0.253281183053760E+00
 0.256476786759434E+00
 0.258725309068482E+00
 0.260009717713814E+00
 0.260316722354102E+00
 0.259636837656823E+00
 0.257964432670628E+00
 0.255297761089316E+00
 0.252595817406609E+00
 0.250881162194122E+00
 0.248201297951344E+00
 0.244558623371009E+00
 0.242710743876618E+00
 0.240040973249618E+00
 0.236833895998001E+00
 0.235080975069087E+00
 0.232426844624682E+00
 0.229705448845873E+00
 0.227943338027180E+00
 0.225308713066112E+00
 0.222791886629356E+00
 0.221026729413548E+00
 0.218424560982546E+00
 0.214988477351260E+00
 0.211058168534175E+00
 0.207634074727781E+00
 0.204309031793294E+00
 0.200508865852946E+00
 0.196820605387438E+00
 0.193201928966365E+00
 0.189731005356964E+00
 0.186475185417128E+00
 0.183352696618981E+00
 0.180348595283989E+00
 0.177415494793944E+00
 0.174504749208872E+00
 0.171574227003134E+00
 0.168819333070084E+00
 0.172063079548451E+00
 0.184893525938137E+00
 0.200429378493451E+00
 0.215409973019947E+00
 0.229782562117445E+00
 0.243496726428211E+00
 0.256504578669137E+00
 0.268760942887910E+00
 0.280223519401438E+00
 0.290853042735530E+00
 0.300613429643990E+00
 0.309471908538986E+00
 0.317399126744251E+00
 0.324369242963629E+00
 0.330360017662329E+00
 0.335352906490106E+00
 0.339333146154005E+00
 0.342289811835712E+00
 0.344215831119381E+00
 0.345107959160847E+00
 0.344966738665617E+00
 0.343796470575043E+00
 0.341605204211928E+00
 0.338404731790709E+00
 0.334210559890431E+00
 0.330513175111662E+00
 0.327296194436724E+00
 0.323115546114965E+00
 0.318292405517719E+00
 0.315087094571901E+00
 0.310951651277327E+00
 0.306937703723699E+00
 0.303749829068236E+00
 0.299662848687602E+00
 0.296369206008249E+00
 0.293202800244257E+00
 0.289166345375996E+00
 0.284277832030541E+00
 0.278589807484440E+00
 0.274228446301089E+00
 0.269441340143375E+00
 0.264071406869544E+00
 0.258790466819416E+00
 0.253709759577031E+00
 0.248733365857145E+00
 0.243959591051059E+00
 0.239295496000477E+00
 0.234756816955190E+00
 0.230345761774004E+00
 0.226053113421021E+00
 0.221860886083144E+00
 0.217743697747709E+00
 0.213749839252632E+00
 0.209970696982199E+00
 0.206248329241517E+00
 0.202527560549405E+00
 0.198938190391370E+00
 0.195559641653931E+00
 0.192138679253517E+00
 0.188790195891383E+00
 0.185685764754778E+00
 0.182480067839727E+00
 0.179452811189936E+00
 0.176548967711051E+00
 0.182344647360706E+00
 0.190518071672936E+00
 0.197978890752075E+00
 0.204720099530361E+00
 0.210737940028524E+00
 0.216031860355576E+00
 0.220604468763931E+00
 0.224461480753915E+00
 0.227611651794189E+00
 0.230066693586960E+00
 0.231841181177117E+00
 0.232952460173095E+00
 0.233420553540642E+00
 0.233268053813423E+00
 0.232519982768335E+00
 0.231203613002984E+00
 0.229348266420505E+00
 0.227005247101129E+00
 0.225639644999064E+00
 0.223751177200788E+00
 0.221370295203128E+00
 0.219021441126443E+00
 0.217118777320195E+00
 0.214741046470971E+00
 0.212819883523079E+00
 0.210908906820670E+00
 0.208539004060119E+00
 0.206995266259109E+00
 0.205080129139691E+00
 0.203543252500454E+00
 0.202084148852526E+00
 0.200171898722807E+00
 0.197833608122506E+00
 0.195097805245670E+00
 0.192586575093916E+00
 0.192193635624849E+00
 0.192081332826004E+00
 0.191495474541591E+00
 0.190442161525373E+00
 0.188929062836988E+00
 0.186965365305061E+00
 0.184754378766031E+00
 0.183491949127060E+00
 0.182569002812384E+00
 0.181439251462331E+00
 0.179987860501880E+00
 0.178517427902782E+00
 0.177045261384314E+00
 0.175582127445694E+00
 0.174117609640303E+00
 0.172673050301677E+00
 0.171220045103011E+00
 0.169772969245016E+00
 0.168342232248241E+00
 0.166934673768573E+00
 0.165554004094941E+00
 0.164200655777289E+00
 0.162872311716131E+00
 0.161563955595018E+00
 0.160268089060512E+00
 0.158974861871553E+00
 0.157672292440194E+00
 0.156480737860723E+00
 0.155306346207801E+00
 0.154106507071154E+00
 0.152862863051997E+00
 0.151784013528693E+00
 0.150667482174725E+00
 0.149477235441689E+00
 0.148417835578948E+00
 0.147343137490888E+00
 0.146157901845258E+00
 0.145167000533736E+00
 0.144076986091594E+00
 0.144525007066129E+00
 0.145499794188359E+00
 0.146082946898969E+00
 0.146241375257193E+00
 0.145943547322498E+00
 0.145159648060800E+00
 0.143861709304803E+00
 0.142023737373945E+00
 0.139621861756128E+00
 0.138094130310842E+00
 0.136277703922747E+00
 0.133914077723449E+00
 0.131917124637169E+00
 0.130133957082274E+00
 0.127822606589506E+00
 0.126231500792502E+00
 0.124482288249620E+00
 0.122227230060644E+00
 0.120985767660918E+00
 0.121922136253964E+00
 0.122977716994283E+00
 0.124064526699106E+00
 0.125142177588428E+00
 0.126152779539259E+00
 0.127129942947767E+00
 0.128163303963301E+00
 0.129142275828196E+00
 0.130078701933952E+00
 0.130992016620455E+00
 0.131951384246512E+00
 0.132880481994142E+00
 0.133790686724612E+00
 0.134692956419871E+00
 0.135597750299873E+00
 0.145367964888608E+00
 0.158468120642315E+00
 0.171519217456853E+00
 0.184477881412970E+00
 0.199102067989037E+00
 0.215535825258026E+00
 0.231849120338065E+00
 0.247987559013379E+00
 0.263896584039811E+00
 0.279521720065249E+00
 0.294808835434656E+00
 0.309704399258979E+00
 0.324155710584679E+00
 0.338111092805616E+00
 0.351520069321324E+00
 0.364333548234956E+00
 0.376504035155464E+00
 0.387985870504213E+00
 0.398735468300296E+00
 0.408711531077452E+00
 0.417875230277382E+00
 0.426190360231037E+00
 0.433623482201818E+00
 0.440144068582602E+00
 0.445724644460980E+00
 0.450340916955138E+00
 0.453971887417697E+00
 0.456599951604063E+00
 0.458210996652197E+00
 0.458794495699594E+00
 0.458343587658947E+00
 0.456855124250524E+00
 0.454329676397006E+00
 0.450771511393318E+00
 0.446188565167024E+00
 0.440592428544954E+00
 0.435690070260160E+00
 0.431098759563663E+00
 0.425525427488071E+00
 0.419149817350482E+00
 0.414586765386877E+00
 0.409076692901916E+00
 0.403789923836338E+00
 0.399261754934470E+00
 0.393819100053374E+00
 0.389498402874934E+00
 0.385009934880909E+00
 0.379637159718322E+00
 0.373394575680432E+00
 0.366299853583808E+00
 0.360147239205025E+00
 0.354029207805114E+00
 0.347097429492807E+00
 0.339944925668571E+00
 0.333017437057873E+00
 0.326335998979639E+00
 0.319820995188967E+00
 0.313486823178631E+00
 0.307413733494787E+00
 0.301498984233915E+00
 0.295737916166732E+00
 0.290115380272152E+00
 0.284716221171217E+00
 0.279496055822795E+00
 0.274410964664841E+00
 0.269409955190827E+00
 0.264453879146166E+00
 0.259817149652114E+00
 0.255284479734663E+00
 0.250739023706006E+00
 0.246394172271617E+00
 0.242236763695046E+00
 0.238011789609280E+00
 0.234040249465985E+00
 0.230176631133722E+00
 0.226242218442680E+00
 0.222649796876439E+00
 0.218957625208568E+00
 0.215452088734872E+00
 0.218960530542211E+00
 0.222889783554234E+00
 0.227147915655554E+00
 0.230971901955110E+00
 0.234691759306298E+00
 0.238413925337318E+00
 0.241678086676485E+00
 0.245233298498139E+00
 0.248389479718870E+00
 0.251451531345047E+00
 0.254509962364270E+00
 0.257093437202203E+00
 0.260066024626794E+00
 0.262541945621713E+00
 0.265085524211643E+00
 0.267480085306833E+00
 0.269595719977977E+00
 0.271924322892942E+00
 0.273737307784664E+00
 0.275900870562903E+00
 0.278345867401243E+00
 0.280867050755644E+00
 0.283338387879981E+00
 0.285469941459462E+00
 0.287925359140232E+00
 0.289846300005417E+00
 0.292125600671695E+00
 0.294038020719203E+00
 0.295954371377808E+00
 0.297873819370499E+00
 0.299422685575139E+00
 0.301364289018662E+00
 0.302748273425003E+00
 0.303575409176137E+00
 0.303867008727693E+00
 0.304724844258990E+00
 0.305025787457500E+00
 0.304774099987640E+00
 0.303975781286719E+00
 0.302638541405305E+00
 0.300771769056736E+00
 0.298386494114287E+00
 0.295705000018545E+00
 0.293425820523229E+00
 0.290805500571849E+00
 0.288191005626682E+00
 0.285596572206731E+00
 0.283021556392657E+00
 0.280483280141042E+00
 0.277966510534608E+00
 0.275456364158118E+00
 0.272967851141888E+00
 0.270511623924204E+00
 0.268095910604609E+00
 0.265718984844897E+00
 0.263385134853061E+00
 0.261089317512094E+00
 0.258825235351126E+00
 0.256583884810714E+00
 0.254353925626039E+00
 0.252346173109397E+00
 0.250687653755639E+00
 0.248992102630734E+00
 0.247338205137093E+00
 0.245775412741327E+00
 0.244151437391285E+00
 0.242475507695131E+00
 0.240985569323435E+00
 0.239401447774720E+00
 0.237768075139602E+00
 0.236307382600868E+00
 0.234713155773407E+00
 0.233177997723251E+00
 0.231688063889409E+00
 0.230025776169735E+00
 0.227980155576734E+00
 0.228342541081688E+00
 0.238451756215588E+00
 0.248173272730017E+00
 0.257456629322955E+00
 0.266252774895843E+00
 0.274514276743441E+00
 0.282195554216812E+00
 0.289253123672578E+00
 0.295645828708553E+00
 0.301335034526514E+00
 0.306284782423685E+00
 0.310461917098857E+00
 0.313836204789416E+00
 0.316380453240480E+00
 0.318070633290798E+00
 0.318885995699159E+00
 0.318809178283485E+00
 0.317826302425859E+00
 0.315927057913745E+00
 0.313104769864124E+00
 0.309356436882526E+00
 0.305316447766683E+00
 0.302484986247910E+00
 0.298755284947736E+00
 0.294128228877809E+00
 0.290806223703211E+00
 0.287122609122572E+00
 0.282791889686648E+00
 0.279995295420342E+00
 0.276360804543864E+00
 0.272737233257962E+00
 0.269964530346859E+00
 0.266381155259824E+00
 0.263103545864735E+00
 0.260359998307204E+00
 0.256839273192056E+00
 0.252542997072379E+00
 0.247537855340421E+00
 0.242515801377452E+00
 0.237675800114003E+00
 0.232990786120958E+00
 0.228453433328671E+00
 0.224025838742469E+00
 0.219728818383774E+00
 0.215565502767499E+00
 0.211526972188417E+00
 0.207599001160679E+00
 0.203755294343819E+00
 0.199965803140480E+00
 0.196310421520478E+00
 0.192785686259997E+00
 0.189492737439688E+00
 0.186340691737396E+00
 0.183546374741060E+00
 0.181870846638855E+00
 0.197430527471933E+00
 0.212435072074777E+00
 0.226841980619198E+00
 0.240611229122099E+00
 0.253705429383260E+00
 0.266089983641975E+00
 0.277733228747329E+00
 0.288606558778057E+00
 0.298684516566632E+00
 0.307944854810769E+00
 0.316368579708873E+00
 0.323939994537358E+00
 0.330646752601841E+00
 0.336479913445758E+00
 0.341433984271144E+00
 0.345506928994602E+00
 0.348700139657145E+00
 0.351018379671602E+00
 0.352469715054367E+00
 0.353065444815038E+00
 0.352820030700166E+00
 0.351751018847172E+00
 0.349878946607438E+00
 0.347227233884095E+00
 0.343822062525659E+00
 0.339692245298457E+00
 0.336923311181524E+00
 0.333494286217945E+00
 0.329363151544905E+00
 0.325351761237811E+00
 0.321928773695320E+00
 0.317828742407588E+00
 0.314556522795660E+00
 0.311145944385667E+00
 0.307204365395121E+00
 0.304469196924809E+00
 0.301075748850555E+00
 0.297050211362514E+00
 0.292420890280793E+00
 0.287218077041942E+00
 0.282281821018655E+00
 0.279544638133442E+00
 0.279598162598136E+00
 0.279153584347886E+00
 0.278206688429635E+00
 0.276754913003453E+00
 0.274797368084062E+00
 0.272493370761373E+00
 0.270173182024202E+00
 0.267961781286943E+00
 0.265758627618031E+00
 0.263552462715091E+00
 0.261362047961437E+00
 0.259154702780789E+00
 0.256981143758817E+00
 0.254795904867653E+00
 0.252613125453634E+00
 0.250442760046133E+00
 0.248291181169070E+00
 0.246161381781562E+00
 0.244053280004691E+00
 0.241964067357606E+00
 0.239888485124489E+00
 0.237819002341555E+00
 0.235746069548212E+00
 0.233772094412798E+00
 0.231840519039393E+00
 0.229897294267742E+00
 0.227926825238480E+00
 0.226050615977803E+00
 0.224240599295466E+00
 0.222380784112456E+00
 0.220518473053387E+00
 0.218820403276386E+00
 0.217041509676725E+00
 0.215254358552083E+00
 0.213626052889577E+00
 0.211879667650244E+00
 0.210218860526197E+00
 0.208171499680634E+00
 0.205740372857338E+00
 0.203410122678757E+00
 0.200885066186405E+00
 0.197988934934656E+00
 0.194727383942658E+00
 0.191107267631137E+00
 0.187196209099680E+00
 0.183682250673206E+00
 0.179831218896714E+00
 0.175652125659755E+00
 0.171784801757963E+00
 0.168214071664130E+00
 0.164332347344733E+00
 0.160147767495684E+00
 0.157799986290102E+00
 0.159661203913649E+00
 0.161226344256208E+00
 0.162956641227614E+00
 0.164529713656865E+00
 0.166022808957563E+00
 0.167612328126781E+00
 0.168904139989186E+00
 0.170475488141537E+00
 0.171787108858159E+00
 0.173117449673267E+00
 0.174456281315266E+00
 0.175534051227356E+00
 0.176907054423980E+00
 0.177977823379962E+00
 0.178756696264104E+00
 0.179254810701936E+00
 0.179528465032661E+00
 0.180059369187687E+00
 0.180319172653565E+00
 0.180320495973563E+00
 0.180076556737540E+00
 0.179601096907065E+00
 0.178908309624840E+00
 0.178012763985941E+00
 0.176929325479833E+00
 0.175673071809287E+00
 0.174264832043520E+00
 0.172819714510150E+00
 0.171379969925859E+00
 0.169956065374281E+00
 0.171284253851228E+00
 0.181887711833332E+00
 0.192275262349962E+00
 0.202399000075580E+00
 0.212211211413591E+00
 0.221664597018229E+00
 0.230712504892778E+00
 0.239309165864588E+00
 0.247409917023146E+00
 0.254971403839696E+00
 0.261951765201299E+00
 0.268310816746438E+00
 0.274010247058947E+00
 0.279013828313902E+00
 0.283287627723638E+00
 0.286800200466680E+00
 0.289522752776939E+00
 0.291429278600665E+00
 0.292496682860200E+00
 0.292704902205856E+00
 0.292037023879979E+00
 0.290479395040912E+00
 0.288021715696132E+00
 0.284657116184403E+00
 0.281966988341439E+00
 0.279482085098389E+00
 0.276117490205196E+00
 0.272290939608718E+00
 0.269802242659147E+00
 0.266464462221696E+00
 0.263265069516982E+00
 0.260779072413832E+00
 0.257472485837165E+00
 0.254826356565581E+00
 0.252348375181247E+00
 0.249219844114423E+00
 0.247514603516164E+00
 0.245052873191663E+00
 0.241830021250776E+00
 0.237844398165815E+00
 0.233348491983642E+00
 0.229123778435260E+00
 0.225266007497171E+00
 0.220928852906873E+00
 0.216694894672891E+00
 0.212582948259097E+00
 0.208617857057821E+00
 0.204758988681676E+00
 0.201077579491754E+00
 0.197486444888158E+00
 0.193970678398008E+00
 0.190494181744655E+00
 0.187115217649567E+00
 0.183850344239749E+00
 0.181112967861533E+00
 0.178303906870906E+00
 0.183798222673266E+00
 0.199667648936005E+00
 0.214963848636366E+00
 0.229632507293301E+00
 0.243621391991951E+00
 0.256880565760139E+00
 0.269362598095014E+00
 0.281022761922185E+00
 0.291819212059706E+00
 0.301713149372931E+00
 0.310668979216912E+00
 0.318654467692030E+00
 0.325640888847574E+00
 0.331603149888282E+00
 0.336519886066039E+00
 0.340373529303056E+00
 0.343150364506815E+00
 0.344840586351709E+00
 0.345438357575921E+00
 0.344941857061117E+00
 0.343353302483221E+00
 0.340678940595861E+00
 0.336929010933127E+00
 0.332823886864540E+00
 0.330111250249835E+00
 0.326355024199210E+00
 0.321569328004253E+00
 0.318356671546316E+00
 0.314624720248542E+00
 0.310142367925392E+00
 0.307413836337355E+00
 0.303711415324173E+00
 0.299939083618442E+00
 0.297212493444475E+00
 0.293543350788831E+00
 0.288945286900284E+00
 0.283440534270559E+00
 0.277955417573388E+00
 0.273443856512722E+00
 0.268169867641151E+00
 0.262932552217661E+00
 0.257841494181117E+00
 0.252878589155485E+00
 0.248060831387523E+00
 0.243428985838460E+00
 0.238907292247862E+00
 0.234499423863246E+00
 0.230196277146592E+00
 0.225979092428934E+00
 0.221916758043853E+00
 0.218029095683132E+00
 0.214224696944188E+00
 0.210444341055321E+00
 0.206713755183396E+00
 0.203255886715269E+00
 0.199816824267683E+00
 0.196304561406494E+00
 0.193132545942003E+00
 0.189951175825495E+00
 0.190665476221165E+00
 0.201977003100193E+00
 0.212477793357588E+00
 0.222139095887853E+00
 0.230935701142736E+00
 0.238846017414294E+00
 0.245852134618373E+00
 0.251939877134605E+00
 0.257098839806098E+00
 0.261322400524483E+00
 0.264607710289903E+00
 0.266955670334786E+00
 0.268370906943271E+00
 0.268861745545120E+00
 0.268440173351407E+00
 0.267121774777305E+00
 0.264925631242876E+00
 0.261874191558979E+00
 0.260184828985222E+00
 0.257957055687787E+00
 0.254899408760860E+00
 0.252087241903810E+00
 0.249849700212736E+00
 0.246810865911347E+00
 0.244513198775693E+00
 0.242272176520310E+00
 0.239256496089128E+00
 0.237411488124504E+00
 0.235171602660048E+00
 0.233301322545885E+00
 0.231810991733246E+00
 0.229581181522675E+00
 0.226631997999761E+00
 0.222986246741916E+00
 0.218935222549497E+00
 0.215892658567488E+00
 0.212361464600965E+00
 0.208397370152354E+00
 0.204515121737244E+00
 0.200743319094745E+00
 0.197091106419071E+00
 0.193535271280374E+00
 0.190057601910886E+00
 0.186672920688774E+00
 0.183385223294710E+00
 0.180189833006773E+00
 0.177075193262493E+00
 0.174170219505264E+00
 0.171870913100284E+00
 0.169399012862281E+00
 0.166976137392922E+00
 0.164636487206581E+00
 0.162126202125948E+00
 0.159855718432690E+00
 0.157320328046747E+00
 0.155026857634385E+00
 0.152528426231155E+00
 0.150135384286228E+00
 0.147720627760765E+00
 0.145336918835704E+00
 0.143015110048516E+00
 0.140728841919457E+00
 0.138493203600132E+00
 0.136281018723673E+00
 0.134106916201407E+00
 0.133108290538231E+00
 0.133626642263317E+00
 0.133745887111968E+00
 0.133471500761312E+00
 0.132810488881572E+00
 0.132552746499675E+00
 0.131931850796488E+00
 0.130934078423759E+00
 0.129569166012097E+00
 0.127848254488327E+00
 0.125918167287611E+00
 0.124007718687933E+00
 0.122115416053819E+00
 0.120255399157263E+00
 0.120596938607220E+00
 0.121585106449850E+00
 0.122288413803728E+00
 0.123148702315015E+00
 0.123810728899684E+00
 0.124546938825882E+00
 0.125178789333906E+00
 0.125790824614201E+00
 0.126402869254043E+00
 0.127086759394186E+00
 0.128082222589352E+00
 0.129115093227212E+00
 0.129978196801172E+00
 0.131009350476108E+00
 0.131729016215889E+00
 0.132767280223556E+00
 0.133441150865354E+00
 0.133758166751995E+00
 0.134070814918674E+00
 0.134399124935641E+00
 0.134377649150681E+00
 0.134016653328920E+00
 0.133327667576392E+00
 0.132323422241173E+00
 0.131069229299656E+00
 0.129971274597752E+00
 0.128766024052726E+00
 0.127539435052316E+00
 0.126314531867872E+00
 0.125105478344051E+00
 0.123887008883197E+00
 0.122710850189221E+00
 0.121535691743054E+00
 0.120372329837990E+00
 0.119228972668996E+00
 0.118111449467637E+00
 0.117023364657576E+00
 0.115966079218037E+00
 0.114938990412825E+00
 0.113939345751142E+00
 0.112962525577911E+00
 0.112001985747423E+00
 0.117015513952644E+00
 0.126172793673084E+00
 0.135250847414692E+00
 0.145030539183416E+00
 0.156577308059059E+00
 0.168019194143522E+00
 0.179308418477168E+00
 0.190397525776760E+00
 0.201239604152198E+00
 0.211788500638125E+00
 0.221999032925843E+00
 0.231827193958272E+00
 0.241230344140231E+00
 0.250167389279450E+00
 0.258598949256394E+00
 0.266487526914311E+00
 0.273797683855427E+00
 0.280496220563573E+00
 0.286552349098685E+00
 0.291937844668469E+00
 0.296627169451441E+00
 0.300597572894958E+00
 0.303829179322230E+00
 0.306305071734234E+00
 0.308011372787515E+00
 0.308937316919303E+00
 0.309075306581473E+00
 0.308420949903277E+00
 0.306973081781796E+00
 0.304733770994106E+00
 0.301708312687544E+00
 0.297905202835478E+00
 0.293958349477922E+00
 0.290931009348315E+00
 0.287149601023356E+00
 0.282625692216943E+00
 0.279280736128012E+00
 0.275548474829908E+00
 0.271476898605399E+00
 0.268499087253013E+00
 0.264818385067015E+00
 0.261454692447657E+00
 0.258506897888852E+00
 0.254879259429360E+00
 0.250582802782007E+00
 0.245631272048771E+00
 0.240319115639365E+00
 0.235228573642033E+00
 0.230445420935137E+00
 0.225658504762434E+00
 0.221021007069336E+00
 0.216528581639095E+00
 0.212162168115407E+00
 0.207973605884615E+00
 0.203894888051077E+00
 0.199929592937079E+00
 0.196072346693033E+00
 0.192310160022827E+00
 0.188624144864814E+00
 0.185121709191422E+00
 0.181739028103236E+00
 0.178406370592988E+00
 0.175092734104287E+00
 0.171929795406461E+00
 0.168921883074402E+00
 0.165885130421901E+00
 0.162922348283802E+00
 0.160172613984628E+00
 0.159221868954536E+00
 0.159261693982507E+00
 0.159373894278413E+00
 0.159165508758615E+00
 0.159102975321081E+00
 0.160591869764376E+00
 0.162433048354720E+00
 0.164439839429837E+00
 0.166125289344073E+00
 0.167788674899937E+00
 0.170385145997544E+00
 0.172853956794576E+00
 0.175281264394492E+00
 0.177675263377158E+00
 0.179749998953183E+00
 0.182076063414215E+00
 0.184055015701063E+00
 0.186079163775358E+00
 0.187990947555624E+00
 0.189709238610715E+00
 0.191564323689780E+00
 0.193053897094567E+00
 0.194800979102970E+00
 0.196239200015618E+00
 0.197795193726800E+00
 0.199611733842247E+00
 0.201569696443611E+00
 0.203366482830668E+00
 0.205036706796356E+00
 0.206825409080709E+00
 0.208236330924325E+00
 0.210003189206611E+00
 0.211411767312300E+00
 0.212911719664440E+00
 0.214329603759588E+00
 0.215559626679672E+00
 0.216997947081722E+00
 0.218039206962691E+00
 0.218681750068814E+00
 0.218970757325424E+00
 0.219640053094828E+00
 0.219908496923720E+00
 0.219777270347621E+00
 0.219248976063256E+00
 0.218327622747599E+00
 0.217018605810573E+00
 0.215328683632960E+00
 0.213450988862624E+00
 0.211832655978840E+00
 0.210051345385584E+00
 0.208271337817935E+00
 0.206494866774942E+00
 0.204703668951913E+00
 0.202951368550304E+00
 0.201184420596075E+00
 0.199416695813236E+00
 0.197658854939471E+00
 0.195925949807693E+00
 0.194206630213271E+00
 0.192506993953990E+00
 0.190838316439233E+00
 0.189192308651319E+00
 0.187564892614622E+00
 0.185950278757489E+00
 0.184340882222242E+00
 0.182727588945522E+00
 0.181196800441255E+00
 0.179698981107119E+00
 0.178186182502317E+00
 0.183294190951659E+00
 0.193938875526672E+00
 0.204579583849904E+00
 0.215162528106255E+00
 0.225633195508319E+00
 0.235936622015883E+00
 0.246017679863786E+00
 0.255821364792874E+00
 0.265293072764125E+00
 0.274378864774795E+00
 0.283025724840441E+00
 0.291181815737417E+00
 0.298796731530721E+00
 0.305821741216785E+00
 0.312210018380238E+00
 0.317916856428437E+00
 0.322899872470739E+00
 0.327119201351653E+00
 0.330537676303576E+00
 0.338977117677376E+00
 0.346995050856882E+00
 0.354514189661284E+00
 0.361493495628167E+00
 0.367894258030553E+00
 0.373681237181252E+00
 0.378823416278960E+00
 0.383294184332655E+00
 0.387070972523451E+00
 0.390134565723573E+00
 0.392468414327201E+00
 0.394058231661661E+00
 0.394892009910461E+00
 0.394960409059902E+00
 0.394257351798052E+00
 0.392780622611733E+00
 0.390532295911324E+00
 0.387518864839250E+00
 0.383750995902625E+00
 0.379242913139266E+00
 0.374011533119473E+00
 0.368075598967926E+00
 0.361455125799230E+00
 0.354171405773871E+00
 0.346247625910924E+00
 0.337709903007236E+00
 0.328588353818333E+00
 0.318917782585603E+00
 0.308737693842262E+00
 0.298091564185979E+00
 0.287025537782723E+00
 0.275586867692720E+00
 0.263822472298148E+00
 0.251777918699720E+00
 0.239497012968416E+00
 0.227022007820262E+00
 0.220408879710083E+00
 0.216838571599540E+00
 0.213905487311542E+00
 0.213834723414271E+00
 0.229584338146490E+00
 0.244832200833034E+00
 0.259530717809052E+00
 0.273634560825177E+00
 0.287100935518762E+00
 0.299889747365199E+00
 0.311963672079603E+00
 0.326621060899559E+00
 0.340481609541540E+00
 0.353458270528888E+00
 0.365516765049407E+00
 0.376626471429522E+00
 0.386760525188111E+00
 0.395895900158440E+00
 0.404013450758526E+00
 0.411097906014725E+00
 0.417137827327889E+00
 0.422125562334940E+00
 0.426057234211281E+00
 0.428932793633545E+00
 0.430756132927390E+00
 0.431535229460434E+00
 0.431282261401290E+00
 0.430013633977640E+00
 0.427749871576993E+00
 0.424515365049541E+00
 0.420338002902123E+00
 0.415248747359899E+00
 0.409281232616010E+00
 0.404989433201190E+00
 0.399844041812394E+00
 0.393955819328703E+00
 0.389648734684092E+00
 0.384495803219875E+00
 0.379759515799387E+00
 0.375425647774346E+00
 0.370276131992181E+00
 0.366562323158382E+00
 0.362212393921312E+00
 0.357075033813638E+00
 0.351181737275505E+00
 0.344566194745400E+00
 0.337908268134517E+00
 0.332084142872849E+00
 0.325569825125409E+00
 0.318399940942835E+00
 0.310611569972237E+00
 0.302805203172696E+00
 0.295412720068473E+00
 0.288442065211735E+00
 0.281747970878483E+00
 0.275411955785005E+00
 0.271700973747794E+00
 0.269350588900760E+00
 0.267019029209190E+00
 0.264762736887153E+00
 0.262536902810493E+00
 0.260386151959422E+00
 0.258271193652788E+00
 0.256175935413607E+00
 0.254096249021613E+00
 0.252024769442602E+00
 0.250009499312664E+00
 0.248033853074071E+00
 0.246063703993420E+00
 0.244085100013099E+00
 0.242083350001655E+00
 0.240139025410429E+00
 0.238267953462042E+00
 0.236356993909872E+00
 0.234389465047222E+00
 0.232581435585546E+00
 0.230751808575983E+00
 0.228842391174359E+00
 0.227066091659105E+00
 0.225293755922116E+00
 0.223413907233157E+00
 0.221724020037423E+00
 0.219971794604184E+00
 0.218149813148538E+00
 0.216522731370200E+00
 0.214583815321288E+00
 0.212264287343095E+00
 0.209680734751519E+00
 0.207268917023003E+00
 0.204485899391250E+00
 0.201334747990119E+00
 0.197819660898629E+00
 0.193945960198972E+00
 0.190366052611361E+00
 0.188398664479860E+00
 0.189933712953135E+00
 0.191243758442176E+00
 0.192410060980722E+00
 0.193632045484495E+00
 0.194490676130275E+00
 0.196016532320880E+00
 0.197600995363481E+00
 0.199125287309232E+00
 0.200411914402264E+00
 0.201934018361889E+00
 0.203088575362177E+00
 0.204462746383660E+00
 0.205623472407972E+00
 0.206726085845453E+00
 0.207903635208583E+00
 0.208734505659143E+00
 0.209938171597996E+00
 0.210771427258504E+00
 0.211733119315863E+00
 0.212597150750976E+00
 0.213096633096054E+00
 0.213241979271645E+00
 0.213044508228461E+00
 0.213113708322723E+00
 0.212951892390985E+00
 0.212458433906219E+00
 0.211696192742374E+00
 0.210906107855964E+00
 0.210101002732942E+00
 0.209273531618415E+00
 0.208404537530587E+00
 0.207502476226584E+00
 0.206571271494440E+00
 0.205604311777725E+00
 0.204605264601902E+00
 0.203566819633614E+00
 0.202483602227019E+00
 0.201350129324181E+00
 0.200161081995258E+00
 0.198965239519230E+00
 0.197763033181567E+00
 0.196507038120042E+00
 0.195192231285251E+00
 0.193913248979554E+00
 0.192615144653288E+00
 0.191257813552668E+00
 0.189901611777818E+00
 0.188578131716027E+00
 0.187190512614838E+00
 0.185803218054575E+00
 0.184458689738639E+00
 0.183039645612969E+00
 0.181660560249310E+00
 0.180286074911669E+00
 0.178821910644185E+00
 0.177484440506196E+00
 0.176060360174851E+00
 0.174646948007840E+00
 0.173261091025054E+00
 0.171783473885412E+00
 0.170455927142589E+00
 0.169095705699599E+00
 0.167736717045245E+00
 0.166405061623630E+00
 0.164993232308529E+00
 0.163389665706024E+00
 0.161606302833712E+00
 0.159723758555176E+00
 0.157915107234308E+00
 0.155946688167572E+00
 0.153830590079721E+00
 0.151578935780905E+00
 0.149203828994507E+00
 0.146717306871593E+00
 0.144131297163059E+00
 0.141457577159357E+00
 0.138707731352759E+00
 0.135893106370803E+00
 0.133024764124960E+00
 0.130113436052027E+00
 0.127224237669962E+00
 0.124399116264966E+00
 0.121547004231781E+00
 0.118677366368231E+00
 0.115799250595059E+00
 0.112921262931220E+00
 0.110051544376201E+00
 0.107218058545159E+00
 0.104466797515044E+00
 0.101732035227734E+00
 0.990206215389060E-01
 0.963389280363377E-01
 0.936928404127208E-01
 0.910877519429690E-01
 0.885285582980174E-01
 0.860196545215917E-01
 0.835649355928384E-01
 0.811678021264717E-01
 0.788311721051598E-01
 0.765574982036880E-01
 0.743487888019297E-01
 0.722066299167278E-01
 0.701322055045545E-01
 0.681263148729965E-01
 0.661893877439243E-01
 0.643214990371313E-01
 0.627549505531888E-01
 0.626618714811240E-01
 0.625719800463869E-01
 0.624857738479297E-01
 0.624037806740292E-01
 0.623265502562348E-01
 0.622546344636455E-01
 0.621885546401294E-01
 0.621287705828900E-01
 0.620756734595541E-01
 0.620296108588696E-01
 0.619909244494054E-01
 0.619599656415795E-01
 0.619370700929453E-01
 0.619225066026769E-01
 0.619164384663953E-01
 0.619189249497113E-01
 0.619299575135258E-01
 0.619494999161292E-01
 0.619775033853263E-01
 0.620138909033904E-01
 0.620585259364846E-01
 0.621111862266332E-01
 0.621715558267231E-01
 0.622392392186937E-01
 0.623137947581161E-01
 0.623947783761118E-01
 0.624817819527009E-01
 0.625744496688188E-01
 0.626724647448931E-01
 0.627755141842386E-01
 0.628832498059645E-01
 0.629952632284832E-01
 0.631110835725460E-01
 0.632301971828380E-01
 0.633520824815295E-01
 0.634762489475780E-01
 0.636022666214760E-01
 0.637297747028398E-01
 0.638584671035440E-01
 0.639880649653681E-01
 0.641182923782312E-01
 0.642488672911707E-01
 0.643795093173330E-01
 0.645099580608296E-01
 0.646399933086237E-01
 0.647694492390118E-01
 0.648982158568598E-01
 0.650262237073544E-01
 0.651534150311985E-01
 0.652797132266231E-01
 0.654050055862952E-01
 0.655291478490831E-01
 0.656519876066549E-01
 0.657733954686213E-01
 0.658932919664642E-01
 0.660116616027011E-01
 0.661285495884610E-01
 0.662440420173586E-01
 0.663582375903143E-01
 0.664712246410627E-01
 0.665830743073268E-01
 0.666938488713023E-01
 0.668036135431390E-01
 0.669124411208392E-01
 0.670204104265008E-01
 0.671276073592046E-01
 0.672341317223627E-01
 0.673401005770863E-01
 0.674456365766360E-01
 0.675508435180091E-01
 0.676557869464044E-01
 0.677604959607853E-01
 0.678649827210150E-01
 0.679692591130149E-01
 0.680733345355145E-01
 0.681771997982350E-01
 0.682808158387089E-01
 0.683841173095696E-01
 0.684870213564639E-01
 0.685894252982912E-01
 0.686911918095847E-01
 0.687921391951398E-01
 0.688920547317185E-01
 0.689907291898193E-01
 0.690879913924392E-01
 0.691837222120777E-01
 0.692778447273731E-01
 0.693703022823845E-01
 0.694610369176224E-01
 0.695499735053912E-01
 0.696370124718886E-01
 0.697220369982320E-01
 0.698049381796935E-01
 0.698856484974529E-01
 0.699641613250975E-01
 0.700405186522375E-01
 0.701147720214938E-01
 0.701869438475217E-01
 0.702570168337859E-01
 0.703249568353660E-01
 0.703907490383938E-01
 0.704544200075815E-01
 0.705160325166069E-01
 0.705756616233121E-01
 0.706333721158795E-01
 0.706892132728596E-01
 0.707432328476661E-01
 0.707954985670031E-01
 0.708461101166734E-01
 0.708951906080749E-01
 0.709428608878164E-01
 0.709892136740352E-01
 0.710343066883615E-01
 0.710781812413561E-01
 0.711208939816416E-01
 0.711625398194301E-01
 0.712032512804722E-01
 0.712431769748450E-01
 0.712824546965496E-01
 0.713211940786228E-01
 0.713594736947800E-01
 0.713973485278237E-01
 0.714348617429166E-01
 0.714720571661423E-01
 0.715089903404286E-01
 0.715457350235999E-01
 0.715823814526546E-01
 0.716190253287185E-01
 0.716557513741889E-01
 0.716926190676012E-01
 0.717296579363635E-01
 0.717668751058758E-01
 0.718042707880752E-01
 0.718418522645093E-01
 0.718796379821547E-01
 0.719176511377878E-01
 0.719559109020112E-01
 0.719944309915270E-01
 0.720332270622797E-01
 0.720723237316713E-01
 0.721117500727503E-01
 0.721515223770715E-01
 0.721916258148617E-01
 0.722320098934388E-01
 0.722726033501742E-01
 0.723133412363623E-01
 0.723541909054991E-01
 0.723951659408029E-01
 0.724363219059354E-01
 0.724777319148750E-01
 0.725194466675102E-01
 0.725614548124095E-01
 0.726036676957416E-01
 0.726459454484927E-01
 0.726881571922842E-01
 0.727302428851078E-01
 0.727722393748496E-01
 0.728142546730251E-01
 0.728564063347520E-01
 0.728987588891341E-01
 0.729412912774133E-01
 0.729839061544201E-01
 0.730264729184580E-01
 0.730688835070496E-01
 0.731110957770238E-01
 0.731531446983752E-01
 0.731951172926716E-01
 0.732371070511744E-01
 0.732791739833240E-01
 0.733213284464836E-01
 0.733635376280820E-01
 0.734057412186622E-01
 0.734478673578002E-01
 0.734898515090588E-01
 0.735316617626477E-01
 0.735733210120466E-01
 0.736149064769846E-01
 0.736565172368491E-01
 0.736982255176703E-01
 0.737400429356525E-01
 0.737819219253009E-01
 0.738237855770462E-01
 0.738655623658050E-01
 0.739072087714094E-01
 0.739487195827697E-01
 0.739901316667452E-01
 0.740315187758509E-01
 0.740729690805510E-01
 0.741145470756791E-01
 0.741562592043996E-01
 0.741980471094698E-01
 0.742398155289062E-01
 0.742814781690627E-01
 0.743229955439105E-01
 0.743643886480428E-01
 0.744057280041963E-01
 0.744471057261033E-01
 0.744885994636811E-01
 0.745302394674875E-01
 0.745719935517293E-01
 0.746137803464699E-01
 0.746555055933823E-01
 0.746971011679163E-01
 0.747385472564070E-01
 0.747798738973956E-01
 0.748211510098147E-01
 0.748624725103905E-01
 0.749039289133193E-01
 0.749455649652879E-01
 0.749873395718637E-01
 0.750291223135309E-01
 0.750707474444852E-01
 0.751121043246510E-01
 0.751532077417582E-01
 0.751941976523241E-01
 0.752352646397212E-01
 0.752765474960387E-01
 0.753180641334488E-01
 0.753597101992605E-01
 0.754013171667042E-01
 0.754427334547248E-01
 0.754838891750882E-01
 0.755248196220156E-01
 0.755656428950241E-01
 0.756065057649301E-01
 0.756475235326838E-01
 0.756887387493110E-01
 0.757301106493050E-01
 0.757715320337140E-01
 0.758128644891781E-01
 0.758539857307101E-01
 0.758948421081443E-01
 0.759354876569553E-01
 0.759760804994941E-01
 0.760168193487454E-01
 0.760578410986927E-01
 0.760991379353082E-01
 0.761405521987700E-01
 0.761818602118355E-01
 0.762228953964637E-01
 0.762636344054070E-01
 0.763041979984676E-01
 0.763447764006463E-01
 0.763855317005055E-01
 0.764265312095857E-01
 0.764677352487444E-01
 0.765090296629871E-01
 0.765502781792240E-01
 0.765913725984941E-01
 0.766322680496820E-01
 0.766729971085026E-01
 0.767136597241599E-01
 0.767543892949837E-01
 0.767953018155044E-01
 0.768364443078064E-01
 0.768777659303645E-01
 0.769191322249542E-01
 0.769603846943442E-01
 0.770014203076497E-01
 0.770422470185721E-01
 0.770829800223204E-01
 0.771237787902019E-01
 0.771647631661302E-01
 0.772059587216063E-01
 0.772472982234472E-01
 0.772886674956360E-01
 0.773299608145717E-01
 0.773711170464608E-01
 0.774121302250234E-01
 0.774530439487280E-01
 0.774939376513944E-01
 0.775349040822335E-01
 0.775760164604136E-01
 0.776172940082218E-01
 0.776586846528174E-01
 0.777000807164406E-01
 0.777413661152161E-01
 0.777824733494659E-01
 0.778234196343989E-01
 0.778643006049243E-01
 0.779052426863277E-01
 0.779463388577658E-01
 0.779876030279986E-01
 0.780289679538206E-01
 0.780703255893543E-01
