 0.166345685175705E-07
 0.282347740761585E-06
 0.159533135410894E-05
 0.558340826953181E-05
 0.148174634003886E-04
 0.327764638795112E-04
 0.637113879974803E-04
 0.112479287895184E-03
 0.184414078225109E-03
 0.285271725430817E-03
 0.421247725763698E-03
 0.599030817885152E-03
 0.825841874373678E-03
 0.110941525069208E-02
 0.145790600631485E-02
 0.187973784948723E-02
 0.238342960745667E-02
 0.297744329816685E-02
 0.367008347346966E-02
 0.446945250734332E-02
 0.538344154981690E-02
 0.641972285530247E-02
 0.758571161964532E-02
 0.888848234177515E-02
 0.103346478666059E-01
 0.119302281110078E-01
 0.136805417954230E-01
 0.155901458786659E-01
 0.176628280613945E-01
 0.199016365103704E-01
 0.223089172208580E-01
 0.248863288771998E-01
 0.276348173454189E-01
 0.305545510950765E-01
 0.336448363551207E-01
 0.369040394378526E-01
 0.403295405434441E-01
 0.439177308328373E-01
 0.476640487754609E-01
 0.515630397447568E-01
 0.556084192825313E-01
 0.597931258629972E-01
 0.641093596843562E-01
 0.685486142987370E-01
 0.731017130128155E-01
 0.777588603556110E-01
 0.825097123355476E-01
 0.873434614617755E-01
 0.922489272160896E-01
 0.972146418385850E-01
 0.102228924863176E+00
 0.107279946080160E+00
 0.112355783010619E+00
 0.117444483272391E+00
 0.122534143070794E+00
 0.127613010280129E+00
 0.132669614913649E+00
 0.137692922594904E+00
 0.142672499989728E+00
 0.147598677539603E+00
 0.152462696164213E+00
 0.157256830563438E+00
 0.161974489090106E+00
 0.166610294214836E+00
 0.171160145562119E+00
 0.175621260970557E+00
 0.179992185474327E+00
 0.184272759194559E+00
 0.188464044654367E+00
 0.192568228208868E+00
 0.196588521560760E+00
 0.200529090477990E+00
 0.204395026076719E+00
 0.208192353221279E+00
 0.211928049958919E+00
 0.215610041550018E+00
 0.219247137855177E+00
 0.222848900912434E+00
 0.226425451737066E+00
 0.229987242537513E+00
 0.233544827882690E+00
 0.237108665900916E+00
 0.240688970241899E+00
 0.244295617097391E+00
 0.247938092092751E+00
 0.251625445654222E+00
 0.255366220538146E+00
 0.259168325717515E+00
 0.263038852591602E+00
 0.266983851898311E+00
 0.271008102908890E+00
 0.275114907446980E+00
 0.279305933564980E+00
 0.283581122449897E+00
 0.287938660091717E+00
 0.292375003456709E+00
 0.296884941285676E+00
 0.301461665306223E+00
 0.306096830340591E+00
 0.310780589871547E+00
 0.315501603408554E+00
 0.320247020694638E+00
 0.325002454626690E+00
 0.329751959465148E+00
 0.334478032428541E+00
 0.339161654151749E+00
 0.343782377460934E+00
 0.348318466480602E+00
 0.352747080524050E+00
 0.357044489704034E+00
 0.361186303075525E+00
 0.365147689359205E+00
 0.368903578419339E+00
 0.372428846210274E+00
 0.375698497345175E+00
 0.378687858265285E+00
 0.381372780094612E+00
 0.383729834678405E+00
 0.385736483165605E+00
 0.387371207708869E+00
 0.388613615559032E+00
 0.389444539445912E+00
 0.389846162726750E+00
 0.389802193363481E+00
 0.389298099599284E+00
 0.388321401948080E+00
 0.386861991456174E+00
 0.384912420507266E+00
 0.382468102878346E+00
 0.379527374295369E+00
 0.376091401361550E+00
 0.372163971369864E+00
 0.367751230546404E+00
 0.362861451667246E+00
 0.357504900668233E+00
 0.351693839979975E+00
 0.345442662739629E+00
 0.338768108680675E+00
 0.331689481928653E+00
 0.324228782510868E+00
 0.316410680478474E+00
 0.308262301295891E+00
 0.299812845188382E+00
 0.291093116752635E+00
 0.282135073637476E+00
 0.272971494948972E+00
 0.263635816780745E+00
 0.254162104632273E+00
 0.244585069547554E+00
 0.234940020379406E+00
 0.225262683831105E+00
 0.215588890423436E+00
 0.205954180599934E+00
 0.196393407680934E+00
 0.186940404628630E+00
 0.177627754832527E+00
 0.168486675968224E+00
 0.159546994371272E+00
 0.150837157375905E+00
 0.142384210995698E+00
 0.136252196590284E+00
 0.133335943461752E+00
 0.130097689320710E+00
 0.127451968110246E+00
 0.124596254519900E+00
 0.121870228519072E+00
 0.119407441922850E+00
 0.116642760911524E+00
 0.114521457184610E+00
 0.112164075964988E+00
 0.109910797633984E+00
 0.107965083263546E+00
 0.105735748209605E+00
 0.104111248803716E+00
 0.102312534663925E+00
 0.100644697615785E+00
 0.992722322441409E-01
 0.976284283715630E-01
 0.965945485330942E-01
 0.953539637786252E-01
 0.942642359375144E-01
 0.934163360606311E-01
 0.922951844129761E-01
 0.910163196444974E-01
 0.897859886103098E-01
 0.887469381737526E-01
 0.875312482711234E-01
 0.861880043009433E-01
 0.847498739065480E-01
 0.832109297115015E-01
 0.815724878797836E-01
 0.798304742668576E-01
 0.780019439195932E-01
 0.761502859853091E-01
 0.789366587358599E-01
 0.842215588727822E-01
 0.890536003153204E-01
 0.933987765260994E-01
 0.972249246285219E-01
 0.100501911323027E+00
 0.103201886493659E+00
 0.105299582702859E+00
 0.106772608629085E+00
 0.107601681732326E+00
 0.107770767296952E+00
 0.107267122560887E+00
 0.106081272088590E+00
 0.105291010707520E+00
 0.104767357712410E+00
 0.103579976223511E+00
 0.102023890654986E+00
 0.101498582728314E+00
 0.100356436220021E+00
 0.990968356795925E-01
 0.984622065166931E-01
 0.974413245424983E-01
 0.964114021656004E-01
 0.956406036519248E-01
 0.947933526539072E-01
 0.939461781476002E-01
 0.930632651207331E-01
 0.921734203572659E-01
 0.912248469649908E-01
 0.902221981013800E-01
 0.893876434119157E-01
 0.885098120711421E-01
 0.875793395861424E-01
 0.865964187626579E-01
 0.855578027044659E-01
 0.861602119000990E-01
 0.948344481050715E-01
 0.103928518766792E+00
 0.115361364462401E+00
 0.126564946390708E+00
 0.137481525268083E+00
 0.148053917698166E+00
 0.158225864272071E+00
 0.167942397693827E+00
 0.177150155803200E+00
 0.185797609611998E+00
 0.193835207028497E+00
 0.201215462160662E+00
 0.207893047173557E+00
 0.213824957412436E+00
 0.218970809748167E+00
 0.223293290368467E+00
 0.226758700943002E+00
 0.229337491239118E+00
 0.231004645154376E+00
 0.231739821838166E+00
 0.231527232756297E+00
 0.230355326441472E+00
 0.228216417532013E+00
 0.225106409897969E+00
 0.222583203563920E+00
 0.220446010376902E+00
 0.217365624000461E+00
 0.213995826874530E+00
 0.211883750410259E+00
 0.208859901976171E+00
 0.206064642402070E+00
 0.203980818332920E+00
 0.201014539287665E+00
 0.198726236767457E+00
 0.196673261483130E+00
 0.193764885381077E+00
 0.190298866789171E+00
 0.187418124235546E+00
 0.184587056763408E+00
 0.181438623852462E+00
 0.178269282840757E+00
 0.175088972857623E+00
 0.171912677347114E+00
 0.168809298925808E+00
 0.165724540612121E+00
 0.162674536687571E+00
 0.159663361346348E+00
 0.156685217321910E+00
 0.153725789463512E+00
 0.150977133851274E+00
 0.148259878903681E+00
 0.155001625678650E+00
 0.166810352943887E+00
 0.180136563586468E+00
 0.195429649253559E+00
 0.210181289289815E+00
 0.224335448032151E+00
 0.237837975089648E+00
 0.250637253101287E+00
 0.262684903737550E+00
 0.273936348647526E+00
 0.284351088886836E+00
 0.293892689425541E+00
 0.302528570743935E+00
 0.310229763486869E+00
 0.316970760664241E+00
 0.322729531958094E+00
 0.327487689293014E+00
 0.331230741657919E+00
 0.333948355734166E+00
 0.335634539520478E+00
 0.336287684757472E+00
 0.335910443471080E+00
 0.334509471820469E+00
 0.332095130133873E+00
 0.328681248559842E+00
 0.324799334336098E+00
 0.322343225562274E+00
 0.318916418819717E+00
 0.314536401630724E+00
 0.311377183237658E+00
 0.307964507834483E+00
 0.303631675295279E+00
 0.301142516764601E+00
 0.297750680938436E+00
 0.294063069111466E+00
 0.291576216172534E+00
 0.288209881861061E+00
 0.283981179997758E+00
 0.280102536284665E+00
 0.276775124250297E+00
 0.272619895493453E+00
 0.267661051491373E+00
 0.262453775386044E+00
 0.257387433687080E+00
 0.252451988104170E+00
 0.247644104096775E+00
 0.242998708601157E+00
 0.238454693510418E+00
 0.234023370284622E+00
 0.229703848751142E+00
 0.225485326547257E+00
 0.221348825756397E+00
 0.217354378074997E+00
 0.213502867365604E+00
 0.209748038057338E+00
 0.206021954111239E+00
 0.202397051303682E+00
 0.198929316780487E+00
 0.195505662927116E+00
 0.192114934969607E+00
 0.188901395364414E+00
 0.185695142467985E+00
 0.182578370832784E+00
 0.179581899019571E+00
 0.176557313010779E+00
 0.180872620254126E+00
 0.188558285308244E+00
 0.195563137214909E+00
 0.201883185996055E+00
 0.207517640930290E+00
 0.212468973620119E+00
 0.216742852939500E+00
 0.220347973761444E+00
 0.223295837457186E+00
 0.225600543370430E+00
 0.227278629063120E+00
 0.228348972320064E+00
 0.228832749257835E+00
 0.228753427782558E+00
 0.228136759549167E+00
 0.227010720770031E+00
 0.225405355755337E+00
 0.223352507218508E+00
 0.220885468166060E+00
 0.219033078609661E+00
 0.216956959121643E+00
 0.214479681009556E+00
 0.211813028931276E+00
 0.209733357874610E+00
 0.207266434638245E+00
 0.205091728304128E+00
 0.203013299639385E+00
 0.200560521834136E+00
 0.198819280890241E+00
 0.196745181845373E+00
 0.194309258015856E+00
 0.195592295915856E+00
 0.196799974716440E+00
 0.198089149467046E+00
 0.199082574801002E+00
 0.200380276195908E+00
 0.201206389703676E+00
 0.201563014075614E+00
 0.201759019266697E+00
 0.202131449246268E+00
 0.202035880306797E+00
 0.201477488863134E+00
 0.200462991419445E+00
 0.199000598194168E+00
 0.197169487973767E+00
 0.195311239718341E+00
 0.193463872757634E+00
 0.191634540669014E+00
 0.189796692222659E+00
 0.187992703060119E+00
 0.186208028673372E+00
 0.184471379185505E+00
 0.182756139500490E+00
 0.181046484194748E+00
 0.179351860059535E+00
 0.177678707412866E+00
 0.176030861726077E+00
 0.174409492512840E+00
 0.172813007751847E+00
 0.171237644583889E+00
 0.169942590346714E+00
 0.168775837013921E+00
 0.167618641634971E+00
 0.166548851099541E+00
 0.166372328322454E+00
 0.169838866136719E+00
 0.173218808721258E+00
 0.176473981212681E+00
 0.179565620780262E+00
 0.182454468105925E+00
 0.185100995837837E+00
 0.187465781257918E+00
 0.189509974766993E+00
 0.191195763398136E+00
 0.192486713858736E+00
 0.193347923321960E+00
 0.193745994034569E+00
 0.193648933128535E+00
 0.193026111373861E+00
 0.191848374699212E+00
 0.190088316504501E+00
 0.187720640567134E+00
 0.184722516095210E+00
 0.181826676812587E+00
 0.179485780466856E+00
 0.176533653305269E+00
 0.173185247796131E+00
 0.170886405779064E+00
 0.167998136035898E+00
 0.165250007525946E+00
 0.162993227312302E+00
 0.160167565561607E+00
 0.157948299252608E+00
 0.155733263066701E+00
 0.152968526256112E+00
 0.149636708708875E+00
 0.146265939426069E+00
 0.143570047436962E+00
 0.140367240579707E+00
 0.137130066417296E+00
 0.133999989671381E+00
 0.131000138516475E+00
 0.128064547423998E+00
 0.125366865119929E+00
 0.127999034530256E+00
 0.130626862798717E+00
 0.133237147829375E+00
 0.135816186756741E+00
 0.138354070424032E+00
 0.147151314789073E+00
 0.161246008451291E+00
 0.175229460087318E+00
 0.190262200440316E+00
 0.208012579869718E+00
 0.225616288492944E+00
 0.243016130308701E+00
 0.260155031815401E+00
 0.276976292763462E+00
 0.293423745746457E+00
 0.309441876340630E+00
 0.324975971168556E+00
 0.339972330918862E+00
 0.354378538411757E+00
 0.368143743867407E+00
 0.381218933652733E+00
 0.393557170135245E+00
 0.405113805062193E+00
 0.415846667131772E+00
 0.425716216236156E+00
 0.434685659177412E+00
 0.442721039814898E+00
 0.449791337602309E+00
 0.455868611445123E+00
 0.460928200565901E+00
 0.464948952392752E+00
 0.467913417242817E+00
 0.469807954616068E+00
 0.470622736616741E+00
 0.470351684520548E+00
 0.468992400952916E+00
 0.466546146585916E+00
 0.463017870644132E+00
 0.458416269812764E+00
 0.452753841706341E+00
 0.448665144564696E+00
 0.444045871516997E+00
 0.438398566744280E+00
 0.432606567884624E+00
 0.428008160488303E+00
 0.422418339068059E+00
 0.417650662144683E+00
 0.413080016241674E+00
 0.407552170789970E+00
 0.403693113389003E+00
 0.399155554955570E+00
 0.393692541208080E+00
 0.387341978347564E+00
 0.382851263447397E+00
 0.377473597549051E+00
 0.371224349125543E+00
 0.364127234264611E+00
 0.356826891632880E+00
 0.349749297384460E+00
 0.342855881021568E+00
 0.336215914153440E+00
 0.329756090671539E+00
 0.323467782704901E+00
 0.317363038945763E+00
 0.311437867944440E+00
 0.305681957367844E+00
 0.300074363826954E+00
 0.294584179966034E+00
 0.289299561301415E+00
 0.284158896279648E+00
 0.279154339857744E+00
 0.274221779043752E+00
 0.269481128413446E+00
 0.264856046306001E+00
 0.260307963598976E+00
 0.255909618458097E+00
 0.251622943803764E+00
 0.247419795899619E+00
 0.243334549684481E+00
 0.239343336944081E+00
 0.235450143810103E+00
 0.231645589019820E+00
 0.229305665064400E+00
 0.233801263716731E+00
 0.238161945695816E+00
 0.242075741427743E+00
 0.246293093999200E+00
 0.250089788650767E+00
 0.253718856640114E+00
 0.257402672513085E+00
 0.260603374232021E+00
 0.264043125747398E+00
 0.267294442131703E+00
 0.271361865852800E+00
 0.275187464159620E+00
 0.279199806589140E+00
 0.282717061159494E+00
 0.286464014285347E+00
 0.289923721040539E+00
 0.293174035858108E+00
 0.296589437224760E+00
 0.299479475561117E+00
 0.302735714511026E+00
 0.305584998960565E+00
 0.308383619275848E+00
 0.311207702474577E+00
 0.313552559852290E+00
 0.316367137959103E+00
 0.318623797400015E+00
 0.321079932319263E+00
 0.323334609680504E+00
 0.325358055145817E+00
 0.327627086929097E+00
 0.329320839704370E+00
 0.331508962195362E+00
 0.333225408426353E+00
 0.334360215295054E+00
 0.334915772436748E+00
 0.335222833945804E+00
 0.335812887224678E+00
 0.335825377972512E+00
 0.335266283970103E+00
 0.334143381538634E+00
 0.332466216979922E+00
 0.330246056868253E+00
 0.327498341357896E+00
 0.324547171910429E+00
 0.321605135201005E+00
 0.318689624240575E+00
 0.315773915865118E+00
 0.312911144130876E+00
 0.310042799420754E+00
 0.307188110366832E+00
 0.304376373552834E+00
 0.301606680454131E+00
 0.298857062188976E+00
 0.296126771970316E+00
 0.293467594652224E+00
 0.290847404243692E+00
 0.288257001978590E+00
 0.285685699304475E+00
 0.283120292505414E+00
 0.280653716465087E+00
 0.278223711422967E+00
 0.275790172926953E+00
 0.273360210294757E+00
 0.271088814159253E+00
 0.268794341214017E+00
 0.266455824804889E+00
 0.264193753318567E+00
 0.262015446581047E+00
 0.259760393392562E+00
 0.257803938728672E+00
 0.256273353791415E+00
 0.254594731370755E+00
 0.253159853599090E+00
 0.251580586676742E+00
 0.250011179429711E+00
 0.248039849624531E+00
 0.245676175073247E+00
 0.243280317950975E+00
 0.248219641333643E+00
 0.257009071908131E+00
 0.265333356055493E+00
 0.273147185022941E+00
 0.280406994124986E+00
 0.287071105126293E+00
 0.293099942432312E+00
 0.298456304791149E+00
 0.303105645649932E+00
 0.307016310333258E+00
 0.310159696561655E+00
 0.312510335113489E+00
 0.314045914779976E+00
 0.314747289774737E+00
 0.314598505974651E+00
 0.313586868341088E+00
 0.311703051197383E+00
 0.308941231352915E+00
 0.305299207676635E+00
 0.300778466833743E+00
 0.297556438330247E+00
 0.293935033962295E+00
 0.289461420476551E+00
 0.285302458875317E+00
 0.281728273564982E+00
 0.277331954818872E+00
 0.273992837427279E+00
 0.270468173878099E+00
 0.266238200843386E+00
 0.263534134404352E+00
 0.260060282067113E+00
 0.255818774326714E+00
 0.250814675975402E+00
 0.246792235122466E+00
 0.242642719967754E+00
 0.237765443311340E+00
 0.232689107742887E+00
 0.227774909404778E+00
 0.223031220501572E+00
 0.218419911563980E+00
 0.213925080762483E+00
 0.209582620616615E+00
 0.205378652693656E+00
 0.201313603882248E+00
 0.197378544235962E+00
 0.193560925498515E+00
 0.189854604053590E+00
 0.186219100855806E+00
 0.182618595134360E+00
 0.179222433880745E+00
 0.175930992921066E+00
 0.172654537111586E+00
 0.169467816618458E+00
 0.170764544584113E+00
 0.184461149588836E+00
 0.197569018101421E+00
 0.210051556224834E+00
 0.221874696495136E+00
 0.233007056506535E+00
 0.243420126400782E+00
 0.253088456268576E+00
 0.261989806401511E+00
 0.270105231259588E+00
 0.277419090909904E+00
 0.283919011618749E+00
 0.289595835782286E+00
 0.294443599909961E+00
 0.298459558224920E+00
 0.301644240036214E+00
 0.304001507022487E+00
 0.305538572507019E+00
 0.306265958713175E+00
 0.306197390871413E+00
 0.305349647354312E+00
 0.303742394981983E+00
 0.301398036689765E+00
 0.298341587845479E+00
 0.295949361878742E+00
 0.293559035070479E+00
 0.290478656480872E+00
 0.286833855169641E+00
 0.284421965371454E+00
 0.281344288436389E+00
 0.278273352011007E+00
 0.275848021604033E+00
 0.272779081591636E+00
 0.270220527449315E+00
 0.267788475666489E+00
 0.264733468507992E+00
 0.261193528751975E+00
 0.258763521279216E+00
 0.255736074423382E+00
 0.253059289128301E+00
 0.253424569316586E+00
 0.253968062696788E+00
 0.254046057160197E+00
 0.253653562361701E+00
 0.252787193713583E+00
 0.251445173807913E+00
 0.249627319218743E+00
 0.247437681213674E+00
 0.245711290585173E+00
 0.243611186703695E+00
 0.241479139451788E+00
 0.239341055212309E+00
 0.237207228784664E+00
 0.235052023040788E+00
 0.232916951564447E+00
 0.230798621777596E+00
 0.228677873042743E+00
 0.226564845209610E+00
 0.224466311828212E+00
 0.222386020480099E+00
 0.220324982968148E+00
 0.218281595850057E+00
 0.216252068716981E+00
 0.214230586988309E+00
 0.212250272515127E+00
 0.210358592221483E+00
 0.208962007144256E+00
 0.207580545508219E+00
 0.206219216318483E+00
 0.204949853344825E+00
 0.203625001665755E+00
 0.202244158527754E+00
 0.201038786935113E+00
 0.199752964426168E+00
 0.198411969515082E+00
 0.197241210985197E+00
 0.195958366067507E+00
 0.194707747403996E+00
 0.193525577550673E+00
 0.192163840264137E+00
 0.190457106836405E+00
 0.188453529888555E+00
 0.186656454309216E+00
 0.184521630298422E+00
 0.182051835511897E+00
 0.179250956382110E+00
 0.176123975840711E+00
 0.172676962657627E+00
 0.169471316290444E+00
 0.166137795850376E+00
 0.162525333399312E+00
 0.159184065898647E+00
 0.155553310863239E+00
 0.151641225797402E+00
 0.147456899962016E+00
 0.143010316509284E+00
 0.138561209611032E+00
 0.139710038319782E+00
 0.140864899680440E+00
 0.142004734495206E+00
 0.142998028695467E+00
 0.144135418911525E+00
 0.145014713488267E+00
 0.146101525341870E+00
 0.146981973819531E+00
 0.147899667402945E+00
 0.148786791079750E+00
 0.149423350381567E+00
 0.149822954342154E+00
 0.149999889984792E+00
 0.150290123584068E+00
 0.150476288239824E+00
 0.150772072133821E+00
 0.150893047402336E+00
 0.150795687244664E+00
 0.150493547520314E+00
 0.150000620327899E+00
 0.149331237663519E+00
 0.148499975296346E+00
 0.147521566510903E+00
 0.146410832096588E+00
 0.145186336340084E+00
 0.143995630716738E+00
 0.152643009947477E+00
 0.164451773546924E+00
 0.176131172561029E+00
 0.187631205555809E+00
 0.198901828054203E+00
 0.209893089945004E+00
 0.220555257343936E+00
 0.230838963095596E+00
 0.240695421746836E+00
 0.250076717406684E+00
 0.258936137486821E+00
 0.267228499895079E+00
 0.274910420671692E+00
 0.281940495101190E+00
 0.288279404595625E+00
 0.293889993338860E+00
 0.298737367100697E+00
 0.302789049636244E+00
 0.306015200507346E+00
 0.308388867945228E+00
 0.309886233807188E+00
 0.310486808991926E+00
 0.310173553843078E+00
 0.308932922135459E+00
 0.306754851170688E+00
 0.303632736671779E+00
 0.299563433457131E+00
 0.296817142615011E+00
 0.293685338654798E+00
 0.289634705914221E+00
 0.285843013752455E+00
 0.282727255124742E+00
 0.278724634072523E+00
 0.275652057167272E+00
 0.272558541651739E+00
 0.268607871985598E+00
 0.266170586329283E+00
 0.263103889826193E+00
 0.259207684952180E+00
 0.254483451245050E+00
 0.250861767875469E+00
 0.247036727268572E+00
 0.242418408990140E+00
 0.237505219872551E+00
 0.232745338193081E+00
 0.228119380712987E+00
 0.223666140808924E+00
 0.219312303431437E+00
 0.215094127342976E+00
 0.211006938393154E+00
 0.207046280186865E+00
 0.203202803191538E+00
 0.199475617080334E+00
 0.195835413085844E+00
 0.192244432587369E+00
 0.188795997346039E+00
 0.185470005652229E+00
 0.182215975271495E+00
 0.178972427810155E+00
 0.188731222935653E+00
 0.204480554147804E+00
 0.219598796354007E+00
 0.234032450575016E+00
 0.247730484013445E+00
 0.260644553153907E+00
 0.272729162221974E+00
 0.283941768674352E+00
 0.294242864467086E+00
 0.303596069814473E+00
 0.311968268885315E+00
 0.319329794273473E+00
 0.325654638035993E+00
 0.330920646307139E+00
 0.335109654063917E+00
 0.338207538076780E+00
 0.340204198612394E+00
 0.341093506849166E+00
 0.340873261666255E+00
 0.339545184327923E+00
 0.337114952399893E+00
 0.333592249953618E+00
 0.330042803796078E+00
 0.327564914840055E+00
 0.324027168455848E+00
 0.319443272403948E+00
 0.316660359460504E+00
 0.313137506176190E+00
 0.308982251774928E+00
 0.306469064240529E+00
 0.302966758990470E+00
 0.299447081127796E+00
 0.296927357131500E+00
 0.293449850594064E+00
 0.289028201976048E+00
 0.285893579425827E+00
 0.282456674027206E+00
 0.278114338939942E+00
 0.272941379252369E+00
 0.267708285527677E+00
 0.262629454725838E+00
 0.257660043649327E+00
 0.252886395584534E+00
 0.248210194642870E+00
 0.243658442468867E+00
 0.239235188409666E+00
 0.234935271060205E+00
 0.230746748661164E+00
 0.226643895434574E+00
 0.222656672073831E+00
 0.218797513489190E+00
 0.215044589559579E+00
 0.211360946719158E+00
 0.207764623966063E+00
 0.204289133870594E+00
 0.200885233276506E+00
 0.197551118471443E+00
 0.194315802052349E+00
 0.199332514483427E+00
 0.211190352271832E+00
 0.222259064855681E+00
 0.232509643311147E+00
 0.241916500010245E+00
 0.250457597575808E+00
 0.258114565135761E+00
 0.264872783025083E+00
 0.270721423282181E+00
 0.275653442111472E+00
 0.279665531350021E+00
 0.282758046898354E+00
 0.284934938325766E+00
 0.286203700078022E+00
 0.286575349482870E+00
 0.286064415881738E+00
 0.284688910100830E+00
 0.282470244240597E+00
 0.279433089664765E+00
 0.276303319830540E+00
 0.274051950851624E+00
 0.271006441630699E+00
 0.267193981839140E+00
 0.264614497338055E+00
 0.261586029363268E+00
 0.258107934682558E+00
 0.255841737930313E+00
 0.252834552571731E+00
 0.249936201995781E+00
 0.247669902099748E+00
 0.244686636633704E+00
 0.241011485891414E+00
 0.236862970731190E+00
 0.233915276787802E+00
 0.230304119463813E+00
 0.226057235355459E+00
 0.221610152720441E+00
 0.217293557043707E+00
 0.213106079654542E+00
 0.209040604659030E+00
 0.205067202119793E+00
 0.201217366265513E+00
 0.197479544937112E+00
 0.193855313765575E+00
 0.190338304588524E+00
 0.186917625797629E+00
 0.183591009774991E+00
 0.180323775006902E+00
 0.177120281238499E+00
 0.174060118711325E+00
 0.171087550024396E+00
 0.168131279057665E+00
 0.165285505800803E+00
 0.162549299715607E+00
 0.159821127015147E+00
 0.157201055266999E+00
 0.154681366460068E+00
 0.152136767592011E+00
 0.149750390567735E+00
 0.147496464402713E+00
 0.146160644508426E+00
 0.144814467514298E+00
 0.143433511338930E+00
 0.142041092049745E+00
 0.140807005004637E+00
 0.139761756393659E+00
 0.138796423203263E+00
 0.137804875764030E+00
 0.136767624200910E+00
 0.135854829094551E+00
 0.134958059782142E+00
 0.133983617248967E+00
 0.133078610904789E+00
 0.132234080540523E+00
 0.131272337904397E+00
 0.130431469425351E+00
 0.129578592094600E+00
 0.128587919108423E+00
 0.127200903512148E+00
 0.125939013963362E+00
 0.124430985971364E+00
 0.123362444834178E+00
 0.124664635937060E+00
 0.126077006718817E+00
 0.127210141907912E+00
 0.128590957533697E+00
 0.129647812389235E+00
 0.130917834039604E+00
 0.131949190284755E+00
 0.133066200756536E+00
 0.134082031539956E+00
 0.135041088471602E+00
 0.136050224772454E+00
 0.136843837875647E+00
 0.137854542136736E+00
 0.138532281112458E+00
 0.139491386097717E+00
 0.140174764803720E+00
 0.140530448072218E+00
 0.140569011536668E+00
 0.140765841863429E+00
 0.140815566568215E+00
 0.140558169838427E+00
 0.140006492434936E+00
 0.139174380446322E+00
 0.138076590819736E+00
 0.136733868226063E+00
 0.135319117632085E+00
 0.133909877697124E+00
 0.132514907305683E+00
 0.131140557229678E+00
 0.129770201462355E+00
 0.128419766104740E+00
 0.127106294511431E+00
 0.125810657182567E+00
 0.124537272105080E+00
 0.123289149004448E+00
 0.122066945510112E+00
 0.120869401073369E+00
 0.119693850792063E+00
 0.120125248082622E+00
 0.130689476220989E+00
 0.142436265909271E+00
 0.154146740864616E+00
 0.165773593702672E+00
 0.177269462440593E+00
 0.188587094098928E+00
 0.199679505792874E+00
 0.210500160010172E+00
 0.221003164102146E+00
 0.231143497342704E+00
 0.240877261171263E+00
 0.250161938136304E+00
 0.258956635776289E+00
 0.267222290452726E+00
 0.274921818176263E+00
 0.282020221499486E+00
 0.288484681694470E+00
 0.294284670502334E+00
 0.299392100983037E+00
 0.303781510461204E+00
 0.307430246264870E+00
 0.310318620024268E+00
 0.312430010209993E+00
 0.313750914919024E+00
 0.314270973547141E+00
 0.313982979106403E+00
 0.312882895077935E+00
 0.310969880290052E+00
 0.308246318678091E+00
 0.304717847754827E+00
 0.300987299173667E+00
 0.298246950054747E+00
 0.294726250533892E+00
 0.290433906523046E+00
 0.287156303213213E+00
 0.283669528822502E+00
 0.279567651429248E+00
 0.276845806463541E+00
 0.273396631957622E+00
 0.269947660644938E+00
 0.267242840091096E+00
 0.263834272636981E+00
 0.259730761688448E+00
 0.256479909931430E+00
 0.253123064753087E+00
 0.249100044354065E+00
 0.244422243662697E+00
 0.239415032793474E+00
 0.234551193167903E+00
 0.229849217258302E+00
 0.225265151068289E+00
 0.220822390827968E+00
 0.216526181903790E+00
 0.212344869968081E+00
 0.208278327800236E+00
 0.204324543880014E+00
 0.200491543611316E+00
 0.196775451111365E+00
 0.193158569410820E+00
 0.189642398777385E+00
 0.186209037441188E+00
 0.182886712209313E+00
 0.179657838065026E+00
 0.176508166377625E+00
 0.173445814537776E+00
 0.170458353682021E+00
 0.167559572339200E+00
 0.164726671426885E+00
 0.162528022711943E+00
 0.165060423723377E+00
 0.167734572983039E+00
 0.170174221381582E+00
 0.172418142072653E+00
 0.174768329939694E+00
 0.176788050452180E+00
 0.178863075055403E+00
 0.181153122512237E+00
 0.184003311040520E+00
 0.186648373113738E+00
 0.189428695973100E+00
 0.191859923659006E+00
 0.194408489588262E+00
 0.196766726318672E+00
 0.198963343749336E+00
 0.201257524256535E+00
 0.203179555007880E+00
 0.205355969719021E+00
 0.207216961744814E+00
 0.209086198430132E+00
 0.210897929079866E+00
 0.212471407433452E+00
 0.214246259302172E+00
 0.215626212498718E+00
 0.217283194798143E+00
 0.218633743506335E+00
 0.220027101926522E+00
 0.221360980397339E+00
 0.222493221229101E+00
 0.223822709630310E+00
 0.224742067385719E+00
 0.226029779314286E+00
 0.226952934609231E+00
 0.227462044168362E+00
 0.227558336737144E+00
 0.228547176542188E+00
 0.229153086756858E+00
 0.229655947606222E+00
 0.230287872575208E+00
 0.230499183396275E+00
 0.230291294980185E+00
 0.229667076109366E+00
 0.228630851373923E+00
 0.227188393888644E+00
 0.225465509505108E+00
 0.224101540295884E+00
 0.222348444415052E+00
 0.220453739893921E+00
 0.218556713108882E+00
 0.216677520346362E+00
 0.214798317256012E+00
 0.212933623356093E+00
 0.211058465015071E+00
 0.209202774168829E+00
 0.207380425407340E+00
 0.205566944176450E+00
 0.203765728101408E+00
 0.201977479818765E+00
 0.200200776362222E+00
 0.198462051976949E+00
 0.196771550414714E+00
 0.195099182728937E+00
 0.193436980699021E+00
 0.191775537174918E+00
 0.190106205007149E+00
 0.188570388427121E+00
 0.187023837274118E+00
 0.185452272902096E+00
 0.187923351776389E+00
 0.199443671996156E+00
 0.211015570928698E+00
 0.222585380969774E+00
 0.234098520273047E+00
 0.245499719643881E+00
 0.256733276433492E+00
 0.267743326405306E+00
 0.278474112640873E+00
 0.288870232352937E+00
 0.298876857467590E+00
 0.308439942212210E+00
 0.317506437858864E+00
 0.326024526623905E+00
 0.333943870748774E+00
 0.341215861691677E+00
 0.347793855491411E+00
 0.353633390058294E+00
 0.358692388188538E+00
 0.362931349770098E+00
 0.366313530691300E+00
 0.368805102974996E+00
 0.370375295834915E+00
 0.370996526800538E+00
 0.370644536218070E+00
 0.369298531218008E+00
 0.366941330306472E+00
 0.363559488157007E+00
 0.359143381528093E+00
 0.353687251686719E+00
 0.350026500557916E+00
 0.345639534507428E+00
 0.340244019256209E+00
 0.335482932612620E+00
 0.331156032584185E+00
 0.325856118891252E+00
 0.322060785427770E+00
 0.317796396734819E+00
 0.312941789989927E+00
 0.309646713251836E+00
 0.305446506536858E+00
 0.300337156951514E+00
 0.294318045786706E+00
 0.289341685065387E+00
 0.284345875325142E+00
 0.278502513871522E+00
 0.272518889609626E+00
 0.266742354690232E+00
 0.261184704537312E+00
 0.255753079575424E+00
 0.250495695018469E+00
 0.245416419736212E+00
 0.240492244982132E+00
 0.235715304913394E+00
 0.231097051408043E+00
 0.226609476265206E+00
 0.222263095796182E+00
 0.218031756999167E+00
 0.213851774470583E+00
 0.209858210471526E+00
 0.205986542403246E+00
 0.216381299944109E+00
 0.237273925313887E+00
 0.257653401248463E+00
 0.277460356618009E+00
 0.296637361224686E+00
 0.315129140021150E+00
 0.332882805621842E+00
 0.349848096768094E+00
 0.365977597731786E+00
 0.381226916898507E+00
 0.395554820850813E+00
 0.408923340360785E+00
 0.421297872588000E+00
 0.432647295064610E+00
 0.442944089719236E+00
 0.452164462152588E+00
 0.460288440152017E+00
 0.467299943624710E+00
 0.473186827309624E+00
 0.477940901124137E+00
 0.481557930804532E+00
 0.484037618856819E+00
 0.485383567488225E+00
 0.485603230451077E+00
 0.484707863689498E+00
 0.482712479677379E+00
 0.479635798215392E+00
 0.475500175681733E+00
 0.470331495233078E+00
 0.465849530019360E+00
 0.461667576861998E+00
 0.456484357826802E+00
 0.450328554638853E+00
 0.445982317476695E+00
 0.440826465459668E+00
 0.435529528263481E+00
 0.431340900801021E+00
 0.426219600045772E+00
 0.421824548415183E+00
 0.417645087982839E+00
 0.412563662637976E+00
 0.406607098371262E+00
 0.402153723696874E+00
 0.397130658219316E+00
 0.391269067345652E+00
 0.384597684955283E+00
 0.377170694605317E+00
 0.369674413134019E+00
 0.362411341634031E+00
 0.355358862284195E+00
 0.348546885334900E+00
 0.341921595695488E+00
 0.335501620395181E+00
 0.329265821636299E+00
 0.323215839659978E+00
 0.317342348045183E+00
 0.311634502063360E+00
 0.306088665017468E+00
 0.300687320889956E+00
 0.295440654915329E+00
 0.290347343384924E+00
 0.285385239323978E+00
 0.280542217018630E+00
 0.277060690767526E+00
 0.274769760963895E+00
 0.272467818025818E+00
 0.270280489150745E+00
 0.268136298034260E+00
 0.265969502916131E+00
 0.263761172586600E+00
 0.261678943699907E+00
 0.259649918056726E+00
 0.257552012326155E+00
 0.255478654478940E+00
 0.253562573740565E+00
 0.251541248677292E+00
 0.249551445515202E+00
 0.247700277244905E+00
 0.245700591192304E+00
 0.243857215657292E+00
 0.241548636435670E+00
 0.238774303310739E+00
 0.236030105186947E+00
 0.233138173402435E+00
 0.229790539578245E+00
 0.227891579215017E+00
 0.231387672642998E+00
 0.234553018511050E+00
 0.237612295234460E+00
 0.240706014165743E+00
 0.243343379922087E+00
 0.246378037100286E+00
 0.248935538242072E+00
 0.251595765410939E+00
 0.254099413033625E+00
 0.256383616318314E+00
 0.258847454563733E+00
 0.260824558770963E+00
 0.263200835660073E+00
 0.265145120981154E+00
 0.267176823859338E+00
 0.269101979259017E+00
 0.270788182896017E+00
 0.272707515080962E+00
 0.274128480787326E+00
 0.275969373959511E+00
 0.277391323668421E+00
 0.278891128898674E+00
 0.280326624739319E+00
 0.281261896809623E+00
 0.281708511846949E+00
 0.281913095502465E+00
 0.282381443755947E+00
 0.282371868316139E+00
 0.281898558289671E+00
 0.281437706238818E+00
 0.280700720424150E+00
 0.279529890311057E+00
 0.277939707706292E+00
 0.275962376826190E+00
 0.273882401055601E+00
 0.271807910182856E+00
 0.269749275352011E+00
 0.267703072298897E+00
 0.265667639860988E+00
 0.263630855216525E+00
 0.261615258615532E+00
 0.259653859648693E+00
 0.257723045124972E+00
 0.255830374271726E+00
 0.253952756339007E+00
 0.252092466069763E+00
 0.250248795342861E+00
 0.248418195673702E+00
 0.246657111128670E+00
 0.244921879720198E+00
 0.243200584688771E+00
 0.241481444897255E+00
 0.239750502603756E+00
 0.238092949164285E+00
 0.236479909132742E+00
 0.236924305934584E+00
 0.241103249311518E+00
 0.244808952227546E+00
 0.248008982116599E+00
 0.250672722852126E+00
 0.252771540660659E+00
 0.254278931010610E+00
 0.255170647295738E+00
 0.255424823941552E+00
 0.255022108816104E+00
 0.253945807793026E+00
 0.252182026056905E+00
 0.249719781365046E+00
 0.246551073420030E+00
 0.243290907543164E+00
 0.240824296588098E+00
 0.237672630801195E+00
 0.233831213435173E+00
 0.231183574564577E+00
 0.228071798063666E+00
 0.224694919017570E+00
 0.222264017966479E+00
 0.219194589364663E+00
 0.216403839359296E+00
 0.213996269410660E+00
 0.210971194470964E+00
 0.207324878734467E+00
 0.203056257093928E+00
 0.199986520841883E+00
 0.196421110747375E+00
 0.192359699667460E+00
 0.188359185041688E+00
 0.184494370977395E+00
 0.180720466351274E+00
 0.177113305344884E+00
 0.173611709801848E+00
 0.170208553566512E+00
 0.166905812797869E+00
 0.163696922206087E+00
 0.160568173901008E+00
 0.157500650270265E+00
 0.154581718625325E+00
 0.151749209553891E+00
 0.148979946132962E+00
 0.146216234391699E+00
 0.143600115747404E+00
 0.141063061410153E+00
 0.148824538533923E+00
 0.160777312081649E+00
 0.172175802498642E+00
 0.182977262225805E+00
 0.193141043526908E+00
 0.202628807286104E+00
 0.211404720995702E+00
 0.219435625253775E+00
 0.226691163600246E+00
 0.233143890404138E+00
 0.238769379628533E+00
 0.243546347136384E+00
 0.247456779142965E+00
 0.250486045568746E+00
 0.252622979954995E+00
 0.253859923972475E+00
 0.254192750475654E+00
 0.253620881865758E+00
 0.252147309259658E+00
 0.249778603638540E+00
 0.247236629109958E+00
 0.245710724522707E+00
 0.243315985856769E+00
 0.240062561433925E+00
 0.238159770604375E+00
 0.235761262205563E+00
 0.232644049976451E+00
 0.231059239724253E+00
 0.228663314182882E+00
 0.225978663853690E+00
 0.224375205313727E+00
 0.221986542728531E+00
 0.218874933330566E+00
 0.217258757965818E+00
 0.214889236247125E+00
 0.211776129793510E+00
 0.207973834870147E+00
 0.204089311765361E+00
 0.200308565112829E+00
 0.196609249559637E+00
 0.195110680926742E+00
 0.195251638551816E+00
 0.195697865173210E+00
 0.195858127566403E+00
 0.195614978271206E+00
 0.194964585749937E+00
 0.193904529525821E+00
 0.192433826217120E+00
 0.190755776436700E+00
 0.189092849064741E+00
 0.187439766003372E+00
 0.185775869845523E+00
 0.184158597448209E+00
 0.182525192831712E+00
 0.180889685344146E+00
 0.179262464048024E+00
 0.177688272638588E+00
 0.176150306544257E+00
 0.174617891587186E+00
 0.173322647545176E+00
 0.178470583213004E+00
 0.182792455132015E+00
 0.186273988596913E+00
 0.188904505243032E+00
 0.190676967561923E+00
 0.191588020079460E+00
 0.191638020096300E+00
 0.190831042388216E+00
 0.189174846704964E+00
 0.186680812493238E+00
 0.185085283996324E+00
 0.183413356143185E+00
 0.180928028729233E+00
 0.178663613455834E+00
 0.176991601372068E+00
 0.174533859598345E+00
 0.172699424960662E+00
 0.171031635011513E+00
 0.168604034923053E+00
 0.167152211865855E+00
 0.165491999479180E+00
 0.163096052091633E+00
 0.159992242172329E+00
 0.157418794347665E+00
 0.155067272181570E+00
 0.152127493083735E+00
 0.149204529561205E+00
 0.146359913730328E+00
 0.143590078433575E+00
 0.140890579747854E+00
 0.138283051735773E+00
 0.135750784516779E+00
 0.133273404326104E+00
 0.130867926934619E+00
 0.128542449219426E+00
 0.126272724659890E+00
 0.124065896246802E+00
 0.121895688769502E+00
 0.119769354622288E+00
 0.117726768381708E+00
 0.115737321362632E+00
 0.122980520649014E+00
 0.130828939990728E+00
 0.138031865116846E+00
 0.144556913445384E+00
 0.150374740331467E+00
 0.155459175608912E+00
 0.159787356039183E+00
 0.163339842056631E+00
 0.166100703728844E+00
 0.168057570606545E+00
 0.169201656427465E+00
 0.169527778936369E+00
 0.169034388789290E+00
 0.167723603826861E+00
 0.165601229782324E+00
 0.164511472820421E+00
 0.163180429337453E+00
 0.161061500985266E+00
 0.159260371006567E+00
 0.157923461785227E+00
 0.155825493937807E+00
 0.154338027018313E+00
 0.152999971267585E+00
 0.150925759167994E+00
 0.149721287686782E+00
 0.148385405045191E+00
 0.146336668386342E+00
 0.145258163062661E+00
 0.143930939675014E+00
 0.141919710587035E+00
 0.139324231340611E+00
 0.136695012360056E+00
 0.134145804139042E+00
 0.131648493761416E+00
 0.129244844992060E+00
 0.126886481337649E+00
 0.124590068667043E+00
 0.122357865675317E+00
 0.120186269470160E+00
 0.118064993787241E+00
 0.115991168648327E+00
 0.113995822332665E+00
 0.112050342414449E+00
 0.112767339517331E+00
 0.122660573973928E+00
 0.132041135282550E+00
 0.140864284916481E+00
 0.149087578466176E+00
 0.156671058538581E+00
 0.163577433472894E+00
 0.169772231932090E+00
 0.175223934088933E+00
 0.179904092033932E+00
 0.183787454026356E+00
 0.186852095886593E+00
 0.189079546270614E+00
 0.190454884191211E+00
 0.190966794590270E+00
 0.190607586153854E+00
 0.189373191099172E+00
 0.187263167726358E+00
 0.184674753512662E+00
 0.183413425570399E+00
 0.181301924549859E+00
 0.178343644963861E+00
 0.176807812074201E+00
 0.174712501223140E+00
 0.171960120343385E+00
 0.170678993474092E+00
 0.168603432556977E+00
 0.166269467218991E+00
 0.164985547525661E+00
 0.162932331670873E+00
 0.160113604727969E+00
 0.156819708806016E+00
 0.154653174160216E+00
 0.151909503798206E+00
 0.148963645502497E+00
 0.146109290281801E+00
 0.143335010908198E+00
 0.140650403742634E+00
 0.138017504302469E+00
 0.135460958321847E+00
 0.132981277054980E+00
 0.130571496805237E+00
 0.128230700279291E+00
 0.125942470752480E+00
 0.123676544559933E+00
 0.130323763697043E+00
 0.140485137090385E+00
 0.153890289275798E+00
 0.167130598169694E+00
 0.179930937348005E+00
 0.192243179705348E+00
 0.204021158186714E+00
 0.215220866058950E+00
 0.225800670677632E+00
 0.235721517984140E+00
 0.244947101944171E+00
 0.253443987603247E+00
 0.261181698202067E+00
 0.268132790365216E+00
 0.274272938034492E+00
 0.279581029798885E+00
 0.284039268374139E+00
 0.287633255872661E+00
 0.290352054830864E+00
 0.292188224454321E+00
 0.293137835390401E+00
 0.293200463133197E+00
 0.292379156405028E+00
 0.290680379810218E+00
 0.288113939717208E+00
 0.284692910241987E+00
 0.281768599424198E+00
 0.279184066217471E+00
 0.275770524601363E+00
 0.271769658399234E+00
 0.269190003970977E+00
 0.265810145683340E+00
 0.262458201328500E+00
 0.259889028736991E+00
 0.256546429955943E+00
 0.253771598506572E+00
 0.251217048438919E+00
 0.247913956764143E+00
 0.244311368380885E+00
 0.241778358505045E+00
 0.238527404194990E+00
 0.234573465472102E+00
 0.229973838195298E+00
 0.225326928220512E+00
 0.220825585844993E+00
 0.216472266151007E+00
 0.212237398409930E+00
 0.208129858584226E+00
 0.204144517760491E+00
 0.200274168301800E+00
 0.196510559727997E+00
 0.192847787421988E+00
 0.189292015572293E+00
 0.185827859220334E+00
 0.182457263218740E+00
 0.179176933401934E+00
 0.176001400745191E+00
 0.172927311594477E+00
 0.169932997247938E+00
 0.167023292614011E+00
 0.164190019953006E+00
 0.161439802642894E+00
 0.158747749034104E+00
 0.156139999819011E+00
 0.153581590786483E+00
 0.151092001938117E+00
 0.152772229749127E+00
 0.158725962327283E+00
 0.164081295882327E+00
 0.168839040354817E+00
 0.173002964760375E+00
 0.176579761212261E+00
 0.179578969060234E+00
 0.182012869432575E+00
 0.183896370921344E+00
 0.185246902715848E+00
 0.186084316284082E+00
 0.186430782979358E+00
 0.186310672896199E+00
 0.185750409841544E+00
 0.184778308937256E+00
 0.183424407146519E+00
 0.181720291227726E+00
 0.179931983077967E+00
 0.178546935520393E+00
 0.176822507657801E+00
 0.174790844759959E+00
 0.173588557651371E+00
 0.174825434386263E+00
 0.175836950473947E+00
 0.177045074962654E+00
 0.177856542782465E+00
 0.179046414872973E+00
 0.179837102280230E+00
 0.180842534577811E+00
 0.181624474889347E+00
 0.182442553066865E+00
 0.183227023103258E+00
 0.183784827337790E+00
 0.185189058877058E+00
 0.186182737311033E+00
 0.186765709431525E+00
 0.187255572902018E+00
 0.187860850739331E+00
 0.188054614319329E+00
 0.187839604127553E+00
 0.187219985902680E+00
 0.186201316753765E+00
 0.184791548089534E+00
 0.183506706103218E+00
 0.182168124821292E+00
 0.180665829249088E+00
 0.179155007296924E+00
 0.177647148061768E+00
 0.176125570207871E+00
 0.174629002246575E+00
 0.173116089763674E+00
 0.171601872916085E+00
 0.170118851274054E+00
 0.168651827299299E+00
 0.167193695660208E+00
 0.172091691936963E+00
 0.177607821028495E+00
 0.183294978404861E+00
 0.189118796404080E+00
 0.195043123021546E+00
 0.201030191180923E+00
 0.207040802603309E+00
 0.213034517351130E+00
 0.218969839957895E+00
 0.224804401495816E+00
 0.230495146804530E+00
 0.235998538208134E+00
 0.241270778688470E+00
 0.246268045269150E+00
 0.250946717522826E+00
 0.255263591472035E+00
 0.259176081025051E+00
 0.262642417604455E+00
 0.265621857327541E+00
 0.268074896064251E+00
 0.269963484104565E+00
 0.271251230971574E+00
 0.271903597215618E+00
 0.271888077561463E+00
 0.271174381665898E+00
 0.269734613372436E+00
 0.267543441681121E+00
 0.264578253893573E+00
 0.260819286659877E+00
 0.256820268138930E+00
 0.253874822837035E+00
 0.250159501317975E+00
 0.245658215679240E+00
 0.242542510803917E+00
 0.238894574756807E+00
 0.234975096262341E+00
 0.232112559317051E+00
 0.228532205246414E+00
 0.225310335790116E+00
 0.222491664640474E+00
 0.218978681703279E+00
 0.214757372304295E+00
 0.209865552465968E+00
 0.205897785333446E+00
 0.201784120864081E+00
 0.197303723907816E+00
 0.192973247832116E+00
 0.188783311620676E+00
 0.184747414126968E+00
 0.180836337275556E+00
 0.177052398201682E+00
 0.173389475718220E+00
 0.169844981619558E+00
 0.166411254825537E+00
 0.163082825387374E+00
 0.162476215568436E+00
 0.166460953536865E+00
 0.175584908352974E+00
 0.191580803125914E+00
 0.207329726437537E+00
 0.226750814568122E+00
 0.246895979213170E+00
 0.266722526826335E+00
 0.286168406027053E+00
 0.305172321412110E+00
 0.323673968568211E+00
 0.341614275419633E+00
 0.358935648434485E+00
 0.375582214559271E+00
 0.391500049184477E+00
 0.406637387137906E+00
 0.420944821637789E+00
 0.434375498677148E+00
 0.446885309789534E+00
 0.458433078864848E+00
 0.468980734981120E+00
 0.478493466172313E+00
 0.486939856032422E+00
 0.494292009927174E+00
 0.500525675841400E+00
 0.505620357669293E+00
 0.509559412242818E+00
 0.512330121667409E+00
 0.513923739978137E+00
 0.514335521574658E+00
 0.513564740828051E+00
 0.511614705735514E+00
 0.508492759264510E+00
 0.504210258443174E+00
 0.498782526630618E+00
 0.493135413278341E+00
 0.488807976509888E+00
 0.483370277033601E+00
 0.476841375503653E+00
 0.471526315978061E+00
 0.466122211966654E+00
 0.459753040757236E+00
 0.455424345877648E+00
 0.450061144707734E+00
 0.444705850718688E+00
 0.440389329085526E+00
 0.435072345945557E+00
 0.428773029026710E+00
 0.423566882713555E+00
 0.418313736517435E+00
 0.412119476092127E+00
 0.405005023234538E+00
 0.397027922173270E+00
 0.388979793435902E+00
 0.381181943206718E+00
 0.373624045770374E+00
 0.366306624639160E+00
 0.359208317253510E+00
 0.352332220434216E+00
 0.345651075967207E+00
 0.339167774017379E+00
 0.332880533959875E+00
 0.326771126865613E+00
 0.320826354625961E+00
 0.315052589206454E+00
 0.309438327371771E+00
 0.303968557836646E+00
 0.298665428713316E+00
 0.293515614999102E+00
 0.288505148222147E+00
 0.283617428381927E+00
 0.278880538638891E+00
 0.274256088598320E+00
 0.269737939813348E+00
 0.265372142958882E+00
 0.261089281753685E+00
 0.256917942157624E+00
 0.252864030236209E+00
 0.248887152090072E+00
 0.245000363596003E+00
 0.241228587003792E+00
 0.237541436724735E+00
 0.239688011878546E+00
 0.243847901582220E+00
 0.247506779072228E+00
 0.251376059303115E+00
 0.254900927318648E+00
 0.258243583505824E+00
 0.262338409153587E+00
 0.266425550448489E+00
 0.270540486886242E+00
 0.274132639481963E+00
 0.278146582048894E+00
 0.281654346968879E+00
 0.285180986581850E+00
 0.288617611824942E+00
 0.291669666790969E+00
 0.295049633070257E+00
 0.297865883375404E+00
 0.300977229064699E+00
 0.303741613668775E+00
 0.306424876335129E+00
 0.309154141080627E+00
 0.311413760419564E+00
 0.314124772012557E+00
 0.316242386341656E+00
 0.318670878642503E+00
 0.320778343614263E+00
 0.322805585723500E+00
 0.324919519161889E+00
 0.326537266845150E+00
 0.328673858361717E+00
 0.330195446361464E+00
 0.331106260856014E+00
 0.331412373792194E+00
 0.332116176425104E+00
 0.332450862582668E+00
 0.332185928010138E+00
 0.331331038149160E+00
 0.329897589011517E+00
 0.327898658981824E+00
 0.325348954565857E+00
 0.322322619823620E+00
 0.319260526376079E+00
 0.316365177326696E+00
 0.313428897136547E+00
 0.310516990015352E+00
 0.307641901618449E+00
 0.304766394271375E+00
 0.301970997421325E+00
 0.299194764606659E+00
 0.296440893575292E+00
 0.293721411163104E+00
 0.291043985599715E+00
 0.288412402260840E+00
 0.285917575284319E+00
 0.283935655876017E+00
 0.281953484577797E+00
 0.280051193694440E+00
 0.278186823914810E+00
 0.276318251988599E+00
 0.274428742142176E+00
 0.272515275478378E+00
 0.270772173271369E+00
 0.268985293558349E+00
 0.267131061133171E+00
 0.265380365440259E+00
 0.263667416579667E+00
 0.261850111884372E+00
 0.260143925521566E+00
 0.258454387427609E+00
 0.256616853605627E+00
 0.255014012860812E+00
 0.253282436505769E+00
 0.251541892319868E+00
 0.249391300658353E+00
 0.246842682112473E+00
 0.244394482830184E+00
 0.242307830713016E+00
 0.248028827438966E+00
 0.253214607719338E+00
 0.257830835405537E+00
 0.261845468902698E+00
 0.265228914471013E+00
 0.267954178044093E+00
 0.269997006487962E+00
 0.271336014072356E+00
 0.271952794490354E+00
 0.271832018050374E+00
 0.270961509359583E+00
 0.269332299100035E+00
 0.266938648503380E+00
 0.263778054455695E+00
 0.259851249472824E+00
 0.257038082975972E+00
 0.253895205222644E+00
 0.250009379462659E+00
 0.246395690018771E+00
 0.243293806979985E+00
 0.239475064121543E+00
 0.236575044489995E+00
 0.233516814896210E+00
 0.229836782950365E+00
 0.227495294806934E+00
 0.224482400081986E+00
 0.220799521736008E+00
 0.216450993419554E+00
 0.212138383583563E+00
 0.208536880997188E+00
 0.204311668928122E+00
 0.199967378538600E+00
 0.195772476892536E+00
 0.191738443408624E+00
 0.187793464467648E+00
 0.183973917201246E+00
 0.180282988688387E+00
 0.176703095006114E+00
 0.173235686205281E+00
 0.169873510798860E+00
 0.166605542822782E+00
 0.163433863345359E+00
 0.160339732721870E+00
 0.157290160723259E+00
 0.154374218577834E+00
 0.151533290222669E+00
 0.148739831241551E+00
 0.146033637931583E+00
 0.146233779193223E+00
 0.154822201430057E+00
 0.165383959992607E+00
 0.175348006909165E+00
 0.184684984563388E+00
 0.193368267347589E+00
 0.201374047777157E+00
 0.208681406006447E+00
 0.215272378754165E+00
 0.221132037530239E+00
 0.226248571610697E+00
 0.230613359225066E+00
 0.234221009865046E+00
 0.237069371318371E+00
 0.239159508403822E+00
 0.240495666945033E+00
 0.241085233168977E+00
 0.240938690002179E+00
 0.240069565078562E+00
 0.238494364817917E+00
 0.236232493003856E+00
 0.234375104082174E+00
 0.232751705759867E+00
 0.230462250476598E+00
 0.227567236492793E+00
 0.225914802131707E+00
 0.223619512342137E+00
 0.221145195720710E+00
 0.219471322386850E+00
 0.217176081012351E+00
 0.218358583812485E+00
 0.220071887349708E+00
 0.221563486985660E+00
 0.222990828894288E+00
 0.224495550651873E+00
 0.225639233596042E+00
 0.227168481675575E+00
 0.228315845258505E+00
 0.229073309905304E+00
 0.229434212780438E+00
 0.229954568157981E+00
 0.230344007267125E+00
 0.230329621821969E+00
 0.229907482208401E+00
 0.229075093029795E+00
 0.227831406216576E+00
 0.226176830065231E+00
 0.224249229369745E+00
 0.222345222675906E+00
 0.220517581950653E+00
 0.218683152881903E+00
 0.216841855112628E+00
 0.215006085443923E+00
 0.213161842547499E+00
 0.211337347063321E+00
 0.209502013841923E+00
 0.207667150632271E+00
 0.205840770182722E+00
 0.204028117644407E+00
 0.202231776090827E+00
 0.200451968841290E+00
 0.198686881813940E+00
 0.196932613392127E+00
 0.195183751210453E+00
 0.193433140255386E+00
 0.191763281414906E+00
 0.190129224109396E+00
 0.188488422730233E+00
 0.186828856822502E+00
 0.185240554443540E+00
 0.183715708156819E+00
 0.182155308224494E+00
 0.180580849651095E+00
 0.179157723174823E+00
 0.177674935074693E+00
 0.176164264291924E+00
 0.174810572204169E+00
 0.173367734522313E+00
 0.171962199497102E+00
 0.170244966643393E+00
 0.168421267934978E+00
 0.166762488253666E+00
 0.165131279885442E+00
 0.163209732452669E+00
 0.161000819133739E+00
 0.158508530393313E+00
 0.155737858839047E+00
 0.153018729563206E+00
 0.150344526239482E+00
 0.147407382664449E+00
 0.144278522115306E+00
 0.141338746795017E+00
 0.138153811528439E+00
 0.134731543973577E+00
 0.131080605177154E+00
 0.130563730098401E+00
 0.130794432484209E+00
 0.130399857632791E+00
 0.129362643701982E+00
 0.127668407457124E+00
 0.125702403728317E+00
 0.124662677894597E+00
 0.122984968531419E+00
 0.120658492219070E+00
 0.119541869085479E+00
 0.117892684358581E+00
 0.115818529351072E+00
 0.114795139858266E+00
 0.113175691829976E+00
 0.111402851368159E+00
 0.110390990807286E+00
 0.108802085283628E+00
 0.107491623616354E+00
 0.106493130974459E+00
 0.104941131759117E+00
 0.102852523360565E+00
 0.100666638706518E+00
 0.985401819918019E-01
 0.974491408205230E-01
 0.967904792635901E-01
 0.961380278900205E-01
 0.954799820973905E-01
 0.948183868845379E-01
 0.104135660826792E+00
 0.114712372767794E+00
 0.125141627854970E+00
 0.135379158207511E+00
 0.145381053582813E+00
 0.158460132537069E+00
 0.171353978248376E+00
 0.183946478214165E+00
 0.196183406940025E+00
 0.208011300249710E+00
 0.219377669734397E+00
 0.230231236137234E+00
 0.240522179233246E+00
 0.250202389719444E+00
 0.259225706137441E+00
 0.267548127409415E+00
 0.275128002288138E+00
 0.281926203174783E+00
 0.287906291105634E+00
 0.293034674955907E+00
 0.297280765773911E+00
 0.300617127554729E+00
 0.303019625686556E+00
 0.304467570856268E+00
 0.304943850294913E+00
 0.304435034400883E+00
 0.302931449374181E+00
 0.300427215780129E+00
 0.296920264074439E+00
 0.293392964860433E+00
 0.290861055933400E+00
 0.287356215242502E+00
 0.282880491365380E+00
 0.280262955543212E+00
 0.276787925236728E+00
 0.272951397068842E+00
 0.270418641756540E+00
 0.266977941044630E+00
 0.263782146029574E+00
 0.261257646452546E+00
 0.257854524466377E+00
 0.253575334723283E+00
 0.248536616974981E+00
 0.245185387844883E+00
 0.240994375133049E+00
 0.236218248755135E+00
 0.231549627076124E+00
 0.227030019801186E+00
 0.222637124545987E+00
 0.218388931329926E+00
 0.214262722616057E+00
 0.210250020095567E+00
 0.206351924818497E+00
 0.202558147586151E+00
 0.198856113466439E+00
 0.195281367521498E+00
 0.191792339571101E+00
 0.188395813939731E+00
 0.185077822396958E+00
 0.181850560932339E+00
 0.178713698264776E+00
 0.191291266371366E+00
 0.207226329263579E+00
 0.222528226491848E+00
 0.237143429275842E+00
 0.251020820979769E+00
 0.264111916518792E+00
 0.276371067412337E+00
 0.287755641064520E+00
 0.298226172016931E+00
 0.307746493572104E+00
 0.316283862933386E+00
 0.323809089037855E+00
 0.330296663045734E+00
 0.335724883400065E+00
 0.340075964900103E+00
 0.343336124316568E+00
 0.345495640440931E+00
 0.346548890570666E+00
 0.346494366788220E+00
 0.345334674855842E+00
 0.343076517961570E+00
 0.339730667816107E+00
 0.335452660220726E+00
 0.333139907054624E+00
 0.329771406527421E+00
 0.325361927099815E+00
 0.321861175310503E+00
 0.318500320013908E+00
 0.314134497886413E+00
 0.311331759562061E+00
 0.307985168709359E+00
 0.303857392191698E+00
 0.301484505946500E+00
 0.298156964643022E+00
 0.293889011339272E+00
 0.290847982442093E+00
 0.287552420536599E+00
 0.283354904348561E+00
 0.278272772645439E+00
 0.272664876351312E+00
 0.267213951680206E+00
 0.261921808634510E+00
 0.256783805118306E+00
 0.251796272814017E+00
 0.246934989063759E+00
 0.242209922813274E+00
 0.237613676659522E+00
 0.233144024404515E+00
 0.228787130181645E+00
 0.224513309969905E+00
 0.220374849926062E+00
 0.216354795867674E+00
 0.212446234931078E+00
 0.208611674447199E+00
 0.204870939968137E+00
 0.201287284567984E+00
 0.197792335478840E+00
 0.194309703093315E+00
 0.191050539297532E+00
 0.187839209260718E+00
 0.196594939443835E+00
 0.206211898393915E+00
 0.215027424796325E+00
 0.223026097472924E+00
 0.230196211596800E+00
 0.236529788484978E+00
 0.242022554502644E+00
 0.246673885767577E+00
 0.250486723062605E+00
 0.259597636473881E+00
 0.269784542311612E+00
 0.280133366362256E+00
 0.290637264016618E+00
 0.301290223388154E+00
 0.312087577555700E+00
 0.323025887515020E+00
 0.334102207317808E+00
 0.345312957837107E+00
 0.356652765275112E+00
 0.368113633475853E+00
 0.379684719340326E+00
 0.391352795558312E+00
 0.403103263053149E+00
 0.414921385031709E+00
 0.426793325379796E+00
 0.438706627169881E+00
 0.450649949944169E+00
 0.462612133256997E+00
 0.474580878952691E+00
 0.486541465174724E+00
 0.498475879298817E+00
 0.510362598061196E+00
 0.522177015909350E+00
 0.533892316547499E+00
 0.545480470536504E+00
 0.556913047649434E+00
 0.568161631215928E+00
 0.579197766330607E+00
 0.589992524833532E+00
 0.600515898177903E+00
 0.610736301440293E+00
 0.620620448257149E+00
 0.630133718795466E+00
 0.639240928777953E+00
 0.647907213164893E+00
 0.656098669091184E+00
 0.663782506167507E+00
 0.670926681950284E+00
 0.677499242577367E+00
 0.683467728094045E+00
 0.688798981070262E+00
 0.693459534504475E+00
 0.697416525868930E+00
 0.700638881316788E+00
 0.703098411113392E+00
 0.704770484675806E+00
 0.705634093177857E+00
 0.705671306785069E+00
 0.704866328915923E+00
 0.703204487148931E+00
 0.700671540985852E+00
 0.697253609575095E+00
 0.692937833655785E+00
 0.687713634057857E+00
 0.681574205489392E+00
 0.674517788715051E+00
 0.666548347331110E+00
 0.657675500858272E+00
 0.647913826707478E+00
 0.637281825565481E+00
 0.625800890662284E+00
 0.613494549277413E+00
 0.600388115687831E+00
 0.586508764633079E+00
 0.571885930285462E+00
 0.556551863935220E+00
 0.540542149303140E+00
 0.523895988467446E+00
 0.506656140164535E+00
 0.488868503642411E+00
 0.470581461747708E+00
 0.451845181959526E+00
 0.432711086320582E+00
 0.413231628504902E+00
 0.393460381856676E+00
 0.373452300228552E+00
 0.353263926749109E+00
 0.332953334873416E+00
 0.312579687461813E+00
 0.292202447339203E+00
 0.273941149735013E+00
 0.264793171631573E+00
 0.256667575487207E+00
 0.248695370881634E+00
 0.241794917139348E+00
 0.234813571643687E+00
 0.228686803293102E+00
 0.222294564743073E+00
 0.216887310330364E+00
 0.211031698624599E+00
 0.206063133207615E+00
 0.200893823384765E+00
 0.196004731959591E+00
 0.191496089747121E+00
 0.186619030859978E+00
 0.182751823862212E+00
 0.178487802508571E+00
 0.174581115549572E+00
 0.170946368445067E+00
 0.166938866466397E+00
 0.163907470161233E+00
 0.160502325652832E+00
 0.157287803249240E+00
 0.154464640740302E+00
 0.151277640022319E+00
 0.148702469264659E+00
 0.146060972009000E+00
 0.145097877222562E+00
 0.145053073669617E+00
 0.144635611598182E+00
 0.143840804287555E+00
 0.142665881002549E+00
 0.141743147021123E+00
 0.140895896758413E+00
 0.139670789993559E+00
 0.138068171498847E+00
 0.136090269745664E+00
 0.134740731212152E+00
 0.133162429589778E+00
 0.131346727012670E+00
 0.130146963463750E+00
 0.128596533537816E+00
 0.127081694197606E+00
 0.125898853944026E+00
 0.124377270662618E+00
 0.123122688283581E+00
 0.121957734043946E+00
 0.120762063814255E+00
 0.119932221685522E+00
 0.118786662304140E+00
 0.117325719806254E+00
 0.115569735511648E+00
 0.113714563306454E+00
 0.111804337279882E+00
 0.109876265454776E+00
 0.107913256121576E+00
 0.105938050120534E+00
 0.104582932219416E+00
 0.103915929555905E+00
 0.103049256661738E+00
 0.101983111741523E+00
 0.100718673432417E+00
 0.992580451612761E-01
 0.979742742180385E-01
 0.965256171739223E-01
 0.949185328988471E-01
 0.935295924675848E-01
 0.919549148526944E-01
 0.901981996398597E-01
 0.882640738323883E-01
 0.877934120669529E-01
 0.873208540189746E-01
 0.871509937262073E-01
 0.869333869589457E-01
 0.866407902699672E-01
 0.866627140598732E-01
 0.864087311549639E-01
 0.864658326616517E-01
 0.864380166135274E-01
 0.861429545771381E-01
 0.862463977605376E-01
 0.861693889134929E-01
 0.858336466071363E-01
 0.852518314168232E-01
 0.845541335734401E-01
 0.841835873201974E-01
 0.840309033310866E-01
 0.848627248392515E-01
 0.855738602664577E-01
 0.863981999137501E-01
 0.870647579539719E-01
 0.875708572507473E-01
 0.882269297919422E-01
 0.887286609761389E-01
 0.890672011995455E-01
 0.895502631029517E-01
 0.898888312497154E-01
 0.900624805064301E-01
 0.900709552172642E-01
 0.899147741332988E-01
 0.905525426091807E-01
 0.911907969911316E-01
 0.920069052516634E-01
 0.926475851247505E-01
 0.931115975299366E-01
 0.934017125357148E-01
 0.941143689833369E-01
 0.947843975320672E-01
 0.954949449502274E-01
 0.960169509610938E-01
 0.963503327773255E-01
 0.964957447279708E-01
 0.966370558166166E-01
 0.967964171655595E-01
 0.967727377801350E-01
 0.965681057427591E-01
 0.961853124366646E-01
 0.956278544426148E-01
 0.948999317453383E-01
 0.940064311021412E-01
 0.929860440832444E-01
 0.923469968441875E-01
 0.915539881843558E-01
 0.907827243193139E-01
 0.900781798818441E-01
 0.894125359766667E-01
 0.887879109809350E-01
 0.881784777100630E-01
 0.876073627656944E-01
 0.870472674769763E-01
 0.864985094196655E-01
 0.859598837455244E-01
 0.854295521441721E-01
 0.849048243347671E-01
 0.843825310966649E-01
 0.838585964770605E-01
 0.833634541573736E-01
 0.828775191651543E-01
 0.823867401375290E-01
 0.818854914815913E-01
 0.813966302623137E-01
 0.809413639117767E-01
 0.804684028634575E-01
 0.799702756006101E-01
 0.795439429053180E-01
 0.790917614664688E-01
 0.786044871706983E-01
 0.781992696244235E-01
 0.777529198646886E-01
 0.772991363443291E-01
 0.768936448598080E-01
 0.763956364447332E-01
 0.757648532790439E-01
 0.750656897847140E-01
 0.743997423547174E-01
 0.736076779820349E-01
 0.729493038799090E-01
 0.721794928205709E-01
 0.712936052610024E-01
 0.702961764158255E-01
 0.691921278513357E-01
 0.679867383907816E-01
 0.666856064035959E-01
 0.653262461932932E-01
 0.640287865401239E-01
 0.626462140499360E-01
 0.611845469989885E-01
 0.596499825131592E-01
 0.580803682399640E-01
 0.566743220612523E-01
 0.552077852101092E-01
 0.536867021074928E-01
 0.521170926972869E-01
 0.505305564703008E-01
 0.489678105729821E-01
 0.473581063791511E-01
 0.457072848682912E-01
 0.440212056417827E-01
 0.424258791965618E-01
 0.408156092310013E-01
 0.391798173397173E-01
 0.375240174599123E-01
 0.358536519169665E-01
 0.342305978671087E-01
 0.327750699754039E-01
 0.313115413048757E-01
 0.298445554799517E-01
 0.283785321119498E-01
 0.269177461522412E-01
 0.258919654632623E-01
 0.259643592160324E-01
 0.260334361067865E-01
 0.260993278536522E-01
 0.261622369240725E-01
 0.262223956073853E-01
 0.262800188459581E-01
 0.263352643264216E-01
 0.263882138383346E-01
 0.264388863453151E-01
 0.264872821327476E-01
 0.265334417879170E-01
 0.265774927813205E-01
 0.266196584519890E-01
 0.266602200619876E-01
 0.266994446981570E-01
 0.267375091743563E-01
 0.267744543323604E-01
 0.268101928349946E-01
 0.268445707894073E-01
 0.268774586895964E-01
 0.269088317282882E-01
 0.269388020168064E-01
 0.269675860729121E-01
 0.269954209382976E-01
 0.270224669347658E-01
 0.270487420867920E-01
 0.270741190249013E-01
 0.270983864466917E-01
 0.271213474980894E-01
 0.271429106697650E-01
 0.271631327596214E-01
 0.271821960196695E-01
 0.272003318109052E-01
 0.272177266708199E-01
 0.272344532021724E-01
 0.272504555428802E-01
 0.272655937283652E-01
 0.272797244558194E-01
 0.272927796096958E-01
 0.273048062445281E-01
 0.273159519183018E-01
 0.273264068523237E-01
 0.273363338091825E-01
 0.273458173081417E-01
 0.273548484137044E-01
 0.273633432158044E-01
 0.273711842265493E-01
 0.273782740522115E-01
 0.273845899554441E-01
 0.273902206076131E-01
 0.273953608387131E-01
 0.274002516689657E-01
 0.274050841297361E-01
 0.274099167191302E-01
 0.274146591900519E-01
 0.274191393120813E-01
 0.274232162429855E-01
 0.274268732688120E-01
 0.274302374357272E-01
 0.274335219332556E-01
 0.274369324871770E-01
 0.274405916120433E-01
 0.274445131788686E-01
 0.274486269337064E-01
 0.274528315271295E-01
 0.274570515066441E-01
 0.274612798743189E-01
 0.274655939287179E-01
 0.274701377488762E-01
 0.274750745044340E-01
 0.274805258496051E-01
 0.274865259652230E-01
 0.274930148041417E-01
 0.274998770593595E-01
 0.275070093847381E-01
 0.275143824972803E-01
 0.275220666395846E-01
 0.275302077619608E-01
 0.275389672397399E-01
 0.275484559712704E-01
 0.275586948016525E-01
 0.275696178140419E-01
 0.275811129076179E-01
 0.275930778091196E-01
 0.276054664773108E-01
 0.276183090641893E-01
 0.276317009709180E-01
 0.276457669566928E-01
 0.276606131619551E-01
 0.276762840613811E-01
 0.276927417838189E-01
 0.277098789095487E-01
 0.277275620972061E-01
 0.277456881997346E-01
 0.277642264909344E-01
 0.277832266210730E-01
 0.278027892561557E-01
 0.278230146720261E-01
 0.278439535226513E-01
 0.278655803270465E-01
 0.278877984353481E-01
 0.279104725135525E-01
 0.279334754938026E-01
 0.279567325181427E-01
 0.279802447611454E-01
 0.280040820432468E-01
 0.280283449146048E-01
 0.280531108455461E-01
 0.280783882818056E-01
 0.281041004509671E-01
 0.281301076651417E-01
 0.281562590072854E-01
 0.281824508486487E-01
 0.282086666084891E-01
 0.282349798408905E-01
 0.282615174004293E-01
 0.282883961021311E-01
 0.283156595131264E-01
 0.283432451857108E-01
 0.283710019997302E-01
 0.283987537679764E-01
 0.284263796180799E-01
 0.284538696812063E-01
 0.284813261037569E-01
 0.285089090636574E-01
 0.285367569452717E-01
 0.285649208674433E-01
 0.285933418477492E-01
 0.286218751769662E-01
 0.286503469414458E-01
 0.286786197661102E-01
 0.287066455696756E-01
 0.287344866645745E-01
 0.287622930694406E-01
 0.287902380010868E-01
 0.288184344946503E-01
 0.288468724650964E-01
 0.288754121668423E-01
 0.289038428959538E-01
 0.289319792847478E-01
 0.289597455006249E-01
 0.289872049542957E-01
 0.290145241010492E-01
 0.290418927481766E-01
 0.290694405117051E-01
 0.290971844576713E-01
 0.291250249426036E-01
 0.291527870770796E-01
 0.291802906470049E-01
 0.292074227604627E-01
 0.292341854210126E-01
 0.292606971180562E-01
 0.292871445524892E-01
 0.293137028665352E-01
 0.293404592851697E-01
 0.293673754652671E-01
 0.293943060783026E-01
 0.294210641876240E-01
 0.294475024611640E-01
 0.294735741788351E-01
 0.294993501693248E-01
 0.295249886070221E-01
 0.295506727683730E-01
 0.295765408460415E-01
 0.296026321002748E-01
 0.296288684269956E-01
 0.296550812432477E-01
 0.296810792266054E-01
 0.297067339747165E-01
 0.297320460398138E-01
 0.297571551926096E-01
 0.297822822850959E-01
 0.298076266924184E-01
 0.298332711541834E-01
 0.298591448928036E-01
 0.298850641162044E-01
 0.299108257702886E-01
 0.299363031088224E-01
 0.299614960074523E-01
 0.299865186876094E-01
 0.300115410825591E-01
 0.300367175699368E-01
 0.300621329518981E-01
 0.300877797445515E-01
 0.301135664913543E-01
 0.301393505468473E-01
 0.301649875115663E-01
 0.301903864580327E-01
 0.302155533223892E-01
 0.302406005979435E-01
 0.302657091002357E-01
 0.302910496449916E-01
 0.303166986728381E-01
 0.303425935463544E-01
 0.303685574130108E-01
 0.303943854611430E-01
 0.304199472972229E-01
 0.304452494532254E-01
 0.304704258123243E-01
 0.304956659451508E-01
 0.305211238944398E-01
 0.305468539427008E-01
 0.305727980571125E-01
 0.305988206760015E-01
 0.306247682098446E-01
 0.306505281364876E-01
 0.306760693228385E-01
 0.307014530732655E-01
 0.307268111874690E-01
 0.307522955960340E-01
 0.307780150543550E-01
 0.308039837463055E-01
 0.308301072055737E-01
 0.308562181491859E-01
 0.308821515497323E-01
 0.309078254037413E-01
 0.309332852414433E-01
 0.309586851696018E-01
 0.309842115743559E-01
 0.310099890960223E-01
 0.310360201741719E-01
 0.310621899265937E-01
 0.310883294232602E-01
 0.311142984850771E-01
 0.311400441532986E-01
 0.311656121388936E-01
 0.311911168503808E-01
 0.312166914611058E-01
 0.312424384202103E-01
 0.312683928487897E-01
 0.312945070266972E-01
 0.313206634933849E-01
 0.313467188423700E-01
 0.313725660361810E-01
 0.313981878322820E-01
 0.314236715206859E-01
 0.314491720950906E-01
 0.314748389257103E-01
 0.315007424844238E-01
 0.315268389652716E-01
 0.315529910062708E-01
