 0.897320555009261E-09
 0.134147300710037E-07
 0.658035573999714E-07
 0.196491618969197E-06
 0.435848558783338E-06
 0.798242713377551E-06
 0.127825568980753E-05
 0.205007507274401E-05
 0.348644834161129E-05
 0.562426319867841E-05
 0.864897550232094E-05
 0.127771523863181E-04
 0.183266877872247E-04
 0.255723602838627E-04
 0.347726578836972E-04
 0.462291287283792E-04
 0.605990045398190E-04
 0.779941851790445E-04
 0.987286136067226E-04
 0.123091205909485E-03
 0.152042115223239E-03
 0.185510285826082E-03
 0.223573218835413E-03
 0.266334258670104E-03
 0.313801945521293E-03
 0.365881043678202E-03
 0.422367600047646E-03
 0.482947463977730E-03
 0.547560035904547E-03
 0.616846978823334E-03
 0.690817540515358E-03
 0.769408143580974E-03
 0.852406283515313E-03
 0.939700806699463E-03
 0.103131963990193E-02
 0.112830767960595E-02
 0.123146601735790E-02
 0.133867135648501E-02
 0.144984069633880E-02
 0.156475037069958E-02
 0.168313096732195E-02
 0.180475870818778E-02
 0.193488160293843E-02
 0.207441179035194E-02
 0.238080921945193E-02
 0.274110617104654E-02
 0.316398937041846E-02
 0.365904618551388E-02
 0.423678649541353E-02
 0.490866484892406E-02
 0.568710195605831E-02
 0.658550195102507E-02
 0.761826046449904E-02
 0.880075876092654E-02
 0.101493408952955E-01
 0.116812736030248E-01
 0.134146918522613E-01
 0.153685357558247E-01
 0.175624856589198E-01
 0.200169006430037E-01
 0.227527613148964E-01
 0.257916119611813E-01
 0.291554924845027E-01
 0.328668495073334E-01
 0.369484196561745E-01
 0.414230850933634E-01
 0.463137087877509E-01
 0.516429613863331E-01
 0.574331507919623E-01
 0.637060600185710E-01
 0.704827912378119E-01
 0.777836078226530E-01
 0.856277645144923E-01
 0.940333192660069E-01
 0.103016927065880E+00
 0.112593622940621E+00
 0.122776605422107E+00
 0.133577031723263E+00
 0.145003832223966E+00
 0.157063546431794E+00
 0.169760177455707E+00
 0.183095058951858E+00
 0.197066728469389E+00
 0.211670804097459E+00
 0.226899865946792E+00
 0.242743347847075E+00
 0.259187445267746E+00
 0.276215042094305E+00
 0.293805653417831E+00
 0.311935377761248E+00
 0.330576853519724E+00
 0.349699221189314E+00
 0.369268101960333E+00
 0.389245609561049E+00
 0.409590412359897E+00
 0.430257856454602E+00
 0.451200150306301E+00
 0.472366600572850E+00
 0.493703879418972E+00
 0.515156297293051E+00
 0.536666053930167E+00
 0.558173446642878E+00
 0.579617029943898E+00
 0.600933741531560E+00
 0.622059029480421E+00
 0.642927025019939E+00
 0.663470798328198E+00
 0.683622711973487E+00
 0.703314856101792E+00
 0.722479523290919E+00
 0.741049669730856E+00
 0.758959317396483E+00
 0.776143875725651E+00
 0.792540391686377E+00
 0.808087762770122E+00
 0.822726959254920E+00
 0.836401295752881E+00
 0.849056769318093E+00
 0.860642449878795E+00
 0.871110880446104E+00
 0.880418432053023E+00
 0.888525569285697E+00
 0.895397013925742E+00
 0.901001832845583E+00
 0.905313502868925E+00
 0.908310006002803E+00
 0.909973983116743E+00
 0.910292936568533E+00
 0.909259441507555E+00
 0.906871314457411E+00
 0.903131696852641E+00
 0.898049031881300E+00
 0.891636935913651E+00
 0.883913986723380E+00
 0.874903469049959E+00
 0.864633130880281E+00
 0.853135002866047E+00
 0.840445310078961E+00
 0.826604461494286E+00
 0.811657055682042E+00
 0.795651817630966E+00
 0.778641399448403E+00
 0.760682031160366E+00
 0.741833068004554E+00
 0.722156513625462E+00
 0.701716589014083E+00
 0.680579377437137E+00
 0.658812534507828E+00
 0.636485031516324E+00
 0.613666899910543E+00
 0.590428951769069E+00
 0.566842455540598E+00
 0.542978753109810E+00
 0.518908824687804E+00
 0.494702841756818E+00
 0.470429775413988E+00
 0.446157121731985E+00
 0.421950758800952E+00
 0.397874884064301E+00
 0.373991935828363E+00
 0.362027807513197E+00
 0.352050553449151E+00
 0.342525127097764E+00
 0.333489157003818E+00
 0.324823139996963E+00
 0.316719712994731E+00
 0.308648781472837E+00
 0.301485649441791E+00
 0.293874711452429E+00
 0.287663809828452E+00
 0.280851307090829E+00
 0.275164239675180E+00
 0.269298885915574E+00
 0.263862725127671E+00
 0.258926468878420E+00
 0.253607765421196E+00
 0.249560368135100E+00
 0.244929106793798E+00
 0.241000062719941E+00
 0.237200054144303E+00
 0.233001844635914E+00
 0.229971291311047E+00
 0.226352754291804E+00
 0.222161323979477E+00
 0.217415175689754E+00
 0.213592471677534E+00
 0.209444018951950E+00
 0.204901395083444E+00
 0.200644748823991E+00
 0.196730579333052E+00
 0.193215993220068E+00
 0.189959900384003E+00
 0.193794344154715E+00
 0.207805895562758E+00
 0.221368198479696E+00
 0.234436107894531E+00
 0.246966643608359E+00
 0.258919086297886E+00
 0.270255019835607E+00
 0.280938366175876E+00
 0.290935456635134E+00
 0.300215177545204E+00
 0.308749208207179E+00
 0.316512328717810E+00
 0.323482729724135E+00
 0.329642236617640E+00
 0.334976388650039E+00
 0.339474378514865E+00
 0.343128921008887E+00
 0.345936140832003E+00
 0.347895538534388E+00
 0.349010034240450E+00
 0.349286039996783E+00
 0.348733498654639E+00
 0.347365847723919E+00
 0.345199899184490E+00
 0.342255650669861E+00
 0.338556054812939E+00
 0.335013412700187E+00
 0.331982410500959E+00
 0.328217324232696E+00
 0.323743635388101E+00
 0.320233293808805E+00
 0.316483707003619E+00
 0.312315107900484E+00
 0.309272942648021E+00
 0.305542429744705E+00
 0.301147644839771E+00
 0.296115367886549E+00
 0.290474822153967E+00
 0.284505472924153E+00
 0.278526809732057E+00
 0.272583430366555E+00
 0.266646203458340E+00
 0.260790982672652E+00
 0.255078773721373E+00
 0.249484715882398E+00
 0.244034581620172E+00
 0.238742066675056E+00
 0.233609948685054E+00
 0.228628676795874E+00
 0.223851814827141E+00
 0.219304564725723E+00
 0.214886636312939E+00
 0.210558344475281E+00
 0.206319379114940E+00
 0.202403105401268E+00
 0.198503646677574E+00
 0.194594313472406E+00
 0.191055611898065E+00
 0.187451738679047E+00
 0.183937507500872E+00
 0.180637792881995E+00
 0.177208627004589E+00
 0.174134024464198E+00
 0.170970996243985E+00
 0.167945165826770E+00
 0.165038696166323E+00
 0.162077629069598E+00
 0.159416820157179E+00
 0.156560874779390E+00
 0.154102987550002E+00
 0.151455330682690E+00
 0.149087196357718E+00
 0.146623741490132E+00
 0.144353350066290E+00
 0.141811489208378E+00
 0.139290510059088E+00
 0.136835035473509E+00
 0.134461685260547E+00
 0.132133676558010E+00
 0.129892973664040E+00
 0.127700745722282E+00
 0.125566994555360E+00
 0.123498768328703E+00
 0.121500439606534E+00
 0.119574487606641E+00
 0.117721443676720E+00
 0.115940407146069E+00
 0.114229181905899E+00
 0.112584124379231E+00
 0.111000431853400E+00
 0.109471195068946E+00
 0.107986477289280E+00
 0.106552375658335E+00
 0.105242617112326E+00
 0.103951608020877E+00
 0.102655664055611E+00
 0.101435527575184E+00
 0.100274797007128E+00
 0.990653831182040E-01
 0.979490652398575E-01
 0.968460910444332E-01
 0.956807537272986E-01
 0.946761624593660E-01
 0.934734862400764E-01
 0.920576108857794E-01
 0.904359109222001E-01
 0.886165738544809E-01
 0.930633232536413E-01
 0.998664364597141E-01
 0.106882618139394E+00
 0.114085338367012E+00
 0.121446013215986E+00
 0.128934136901364E+00
 0.136517363465252E+00
 0.144161549451918E+00
 0.151830837166575E+00
 0.159487871890721E+00
 0.167094178601086E+00
 0.174610616960576E+00
 0.181997768706521E+00
 0.189216142126385E+00
 0.196226185620152E+00
 0.202988212238103E+00
 0.209462378583419E+00
 0.215608817717081E+00
 0.221387937815069E+00
 0.226760826128180E+00
 0.231689674679187E+00
 0.236138161421527E+00
 0.240071747330789E+00
 0.243457865479346E+00
 0.246265988598772E+00
 0.248467587561192E+00
 0.250036041667830E+00
 0.250946608600920E+00
 0.251176564487914E+00
 0.250705557286138E+00
 0.249516102446581E+00
 0.247594054598717E+00
 0.244928878187401E+00
 0.242480564128338E+00
 0.240534321623402E+00
 0.237866444196058E+00
 0.234470110441178E+00
 0.232438293203584E+00
 0.229787887061843E+00
 0.226834058195856E+00
 0.224878160786092E+00
 0.222248977130694E+00
 0.218939965387258E+00
 0.215049628448678E+00
 0.211200788273668E+00
 0.207512930585508E+00
 0.204016307788899E+00
 0.200630624705565E+00
 0.197362449650749E+00
 0.194229028580522E+00
 0.191233679431342E+00
 0.188368827170910E+00
 0.185617987511353E+00
 0.182956273902214E+00
 0.180352233611247E+00
 0.177768423209683E+00
 0.175408292563713E+00
 0.173096715666901E+00
 0.170721680208246E+00
 0.168502007645665E+00
 0.166330718322390E+00
 0.163993660019619E+00
 0.161970323871392E+00
 0.159632211528240E+00
 0.157587111964704E+00
 0.156164409708093E+00
 0.166200647007600E+00
 0.179552503834158E+00
 0.192375486012340E+00
 0.204623410047110E+00
 0.216251652338431E+00
 0.227217123549755E+00
 0.237478493775888E+00
 0.246996642950386E+00
 0.255735216471568E+00
 0.263661125884476E+00
 0.270744860427129E+00
 0.276960551746739E+00
 0.282285827264062E+00
 0.286701560921619E+00
 0.290191658568789E+00
 0.292742992763786E+00
 0.294345538842822E+00
 0.294992682463756E+00
 0.294681596321680E+00
 0.293413548368885E+00
 0.291194023626906E+00
 0.288032612586942E+00
 0.284191054241499E+00
 0.281934151626441E+00
 0.278762663343590E+00
 0.274689958230152E+00
 0.271740137153150E+00
 0.268585257012962E+00
 0.264559860115173E+00
 0.262252353532763E+00
 0.259119524670798E+00
 0.255144970650245E+00
 0.250344686863241E+00
 0.245116138752530E+00
 0.240055446973376E+00
 0.235153405313265E+00
 0.230370649654647E+00
 0.225786848616823E+00
 0.221315508462400E+00
 0.216962275926141E+00
 0.212719026615861E+00
 0.208568982602054E+00
 0.204483235255033E+00
 0.200674553686809E+00
 0.196934021604126E+00
 0.193217529594953E+00
 0.189479387073257E+00
 0.186091657384870E+00
 0.182690157356649E+00
 0.179194278158239E+00
 0.176056007837794E+00
 0.172867813022748E+00
 0.169619367222877E+00
 0.166729385689521E+00
 0.163637342305121E+00
 0.160802239256492E+00
 0.157959622831394E+00
 0.155102535192575E+00
 0.153674639322725E+00
 0.161960806272597E+00
 0.169451670149225E+00
 0.176121527214299E+00
 0.181948177461701E+00
 0.186913108819586E+00
 0.191001606184041E+00
 0.194202765993241E+00
 0.196509431377223E+00
 0.197918094215275E+00
 0.198428821176891E+00
 0.198045243083317E+00
 0.196774608764810E+00
 0.194627866013975E+00
 0.193661296279383E+00
 0.192354354299346E+00
 0.190197005118697E+00
 0.188269545073482E+00
 0.186941930015201E+00
 0.184793042474301E+00
 0.183194297703678E+00
 0.181851920367362E+00
 0.179715574204555E+00
 0.176984528823503E+00
 0.174340616947686E+00
 0.171764792466398E+00
 0.169378109143605E+00
 0.167050240434282E+00
 0.164807821873969E+00
 0.162666273862971E+00
 0.160626261135649E+00
 0.158675406535288E+00
 0.156791016904569E+00
 0.154941249682913E+00
 0.153086304525174E+00
 0.151495193768073E+00
 0.149893425304614E+00
 0.148210092018256E+00
 0.146738145855634E+00
 0.145596777179385E+00
 0.144786290284967E+00
 0.143645462359430E+00
 0.142016884325850E+00
 0.139998652723110E+00
 0.138401369560859E+00
 0.136340215021670E+00
 0.134205956139883E+00
 0.139285965780872E+00
 0.146604327761059E+00
 0.153237930105542E+00
 0.159160238267869E+00
 0.164348000796671E+00
 0.168781212489858E+00
 0.172443125417202E+00
 0.175320329784986E+00
 0.177402885869318E+00
 0.178684467486907E+00
 0.179162480437481E+00
 0.178838132248160E+00
 0.177716438461789E+00
 0.175806155576808E+00
 0.173119642203180E+00
 0.171584171920776E+00
 0.169672786083059E+00
 0.167007927178012E+00
 0.164970142832596E+00
 0.163073546642851E+00
 0.160449165877432E+00
 0.158841409740014E+00
 0.156963084002665E+00
 0.154380640324022E+00
 0.151289951444952E+00
 0.148245481057297E+00
 0.145284583630476E+00
 0.142403330673774E+00
 0.139568396634915E+00
 0.136808071023125E+00
 0.134135977807724E+00
 0.131550588079747E+00
 0.129041264856961E+00
 0.126586900645531E+00
 0.124160009350685E+00
 0.121729040157784E+00
 0.119412245610214E+00
 0.117218345503656E+00
 0.114972365287882E+00
 0.112715855184845E+00
 0.110705780887032E+00
 0.108582699272176E+00
 0.106509795215346E+00
 0.104599679762368E+00
 0.102513533944172E+00
 0.104325287969123E+00
 0.111243792226025E+00
 0.117523818266399E+00
 0.123132616320701E+00
 0.128040305058099E+00
 0.132219952952775E+00
 0.135647657662857E+00
 0.138302634703181E+00
 0.140167339258462E+00
 0.141227632977578E+00
 0.141472969670257E+00
 0.140896537059730E+00
 0.139495291022692E+00
 0.138512261064851E+00
 0.137900717636830E+00
 0.136488091541080E+00
 0.134779315421643E+00
 0.134142682925507E+00
 0.132732019364063E+00
 0.131254797326499E+00
 0.130599057323220E+00
 0.129194368334332E+00
 0.127446168090945E+00
 0.125781067000354E+00
 0.124218910430897E+00
 0.122707524673838E+00
 0.121246285473685E+00
 0.119861635987643E+00
 0.118564641138525E+00
 0.117352800939029E+00
 0.116211865524517E+00
 0.115183610702114E+00
 0.114744569778177E+00
 0.114394335312709E+00
 0.113860758949481E+00
 0.113742407339819E+00
 0.113314125000816E+00
 0.120320442799612E+00
 0.130748976516365E+00
 0.140942824988396E+00
 0.150861394391460E+00
 0.160465353898437E+00
 0.172436471516348E+00
 0.184927558002113E+00
 0.197016494791219E+00
 0.208656372712593E+00
 0.219802248322515E+00
 0.230411288319097E+00
 0.240442869416503E+00
 0.249858650933171E+00
 0.258622663561452E+00
 0.266701460556209E+00
 0.274064344119709E+00
 0.280683626297810E+00
 0.286534846932105E+00
 0.291596881206532E+00
 0.295851924602666E+00
 0.299285408553922E+00
 0.301885931505098E+00
 0.303645266898560E+00
 0.304558450291372E+00
 0.304623894908565E+00
 0.303843472062936E+00
 0.302222520678883E+00
 0.299769790307184E+00
 0.296497343712242E+00
 0.292420440062860E+00
 0.288863793019437E+00
 0.285598505757738E+00
 0.281552903446922E+00
 0.277157912191105E+00
 0.273925244998226E+00
 0.269939501606842E+00
 0.266334121120847E+00
 0.263137366488101E+00
 0.259212956101353E+00
 0.254578209681921E+00
 0.249257314183615E+00
 0.243782160777035E+00
 0.238485187540164E+00
 0.233338786711509E+00
 0.228391269970383E+00
 0.223566504994125E+00
 0.218883208971637E+00
 0.214347049334903E+00
 0.209951559134086E+00
 0.205679393017466E+00
 0.201506631810769E+00
 0.197403325494890E+00
 0.193427660911996E+00
 0.189673230658427E+00
 0.185941590274124E+00
 0.182192646679533E+00
 0.178718253156323E+00
 0.175293020200142E+00
 0.171786039624639E+00
 0.168606395048589E+00
 0.165391424459978E+00
 0.162159862319623E+00
 0.159224857542419E+00
 0.156117748196440E+00
 0.153303545322674E+00
 0.150440072394637E+00
 0.147641449431041E+00
 0.145012486096498E+00
 0.142250656322539E+00
 0.139848087932775E+00
 0.137205027121708E+00
 0.134954337670283E+00
 0.136554901389899E+00
 0.140322245322001E+00
 0.143517053916907E+00
 0.146149151858506E+00
 0.148231060441617E+00
 0.149777992348251E+00
 0.150807834760532E+00
 0.151341072730197E+00
 0.151400622412051E+00
 0.151011589057303E+00
 0.150201008371473E+00
 0.149359371370616E+00
 0.148913395334652E+00
 0.148058264972606E+00
 0.146822222282984E+00
 0.145879530709044E+00
 0.144992719189540E+00
 0.143738087369428E+00
 0.142961393382852E+00
 0.142049229069412E+00
 0.140781296734491E+00
 0.139185915765339E+00
 0.137401910438745E+00
 0.135697234456221E+00
 0.134104385759504E+00
 0.132588330067010E+00
 0.131169370384370E+00
 0.129815041277304E+00
 0.128530027906159E+00
 0.127312772217203E+00
 0.126155500907707E+00
 0.125044335763766E+00
 0.124324671603506E+00
 0.124029206265767E+00
 0.123683282767649E+00
 0.123357190434768E+00
 0.122774896724306E+00
 0.122431762831918E+00
 0.121842366045194E+00
 0.121022237639654E+00
 0.119988533033158E+00
 0.118759326039523E+00
 0.117353496070703E+00
 0.116015060040012E+00
 0.114636454038979E+00
 0.113105705537304E+00
 0.117080312373958E+00
 0.121810547720326E+00
 0.126907889820688E+00
 0.132350950846712E+00
 0.138115572686207E+00
 0.144175001543149E+00
 0.150500097423003E+00
 0.157059521162194E+00
 0.163819858881070E+00
 0.170745687925725E+00
 0.177799630181632E+00
 0.184942450040384E+00
 0.192133229177859E+00
 0.199329608126945E+00
 0.206488054618744E+00
 0.213564117739805E+00
 0.220512649076983E+00
 0.227287996416919E+00
 0.233844185357423E+00
 0.240135099078491E+00
 0.246114659404009E+00
 0.251737014344957E+00
 0.256956746175749E+00
 0.261729116206172E+00
 0.266010347396372E+00
 0.269757919319888E+00
 0.272930831516961E+00
 0.275489799306360E+00
 0.277397380573408E+00
 0.278618071616145E+00
 0.279118427115707E+00
 0.278867240828702E+00
 0.277835781982341E+00
 0.275998045947086E+00
 0.273330969678333E+00
 0.269814584140125E+00
 0.266581333279834E+00
 0.263916123680135E+00
 0.260427041146901E+00
 0.256180623355112E+00
 0.253538242556449E+00
 0.250100819588042E+00
 0.246543941517588E+00
 0.243927510752406E+00
 0.240543105464791E+00
 0.236375834031042E+00
 0.231745152382539E+00
 0.227293955962880E+00
 0.223044858126471E+00
 0.218959524368401E+00
 0.215004630943446E+00
 0.211291549357983E+00
 0.207713837004568E+00
 0.204259150240894E+00
 0.200918827302665E+00
 0.197805096351009E+00
 0.194804437701189E+00
 0.191877466890859E+00
 0.188978806950788E+00
 0.186187149881943E+00
 0.183624360072751E+00
 0.180992310047004E+00
 0.178389288043612E+00
 0.176014514961835E+00
 0.187544747449005E+00
 0.204318135925825E+00
 0.220850468324292E+00
 0.237090993737574E+00
 0.255331484763949E+00
 0.276145265454078E+00
 0.296583520145394E+00
 0.316583257330039E+00
 0.336082426563957E+00
 0.355020162617468E+00
 0.373337076434093E+00
 0.390975560430703E+00
 0.407880069801137E+00
 0.423997356944310E+00
 0.439276659478744E+00
 0.453669858165769E+00
 0.467131623320266E+00
 0.479619562009651E+00
 0.491094372320595E+00
 0.501520008622393E+00
 0.510863858950481E+00
 0.519096927088646E+00
 0.526193999334046E+00
 0.532133769052062E+00
 0.536898900671514E+00
 0.540476038047910E+00
 0.542855786663990E+00
 0.544032707766999E+00
 0.544005347931914E+00
 0.542776298630358E+00
 0.540352255947197E+00
 0.536744045264169E+00
 0.531966590102641E+00
 0.526038826465332E+00
 0.519064400724885E+00
 0.514252931420396E+00
 0.508326421675223E+00
 0.501307352648119E+00
 0.494850727478996E+00
 0.488971533183236E+00
 0.482038695714143E+00
 0.476840107490600E+00
 0.471014662928050E+00
 0.464172106776245E+00
 0.456337341630123E+00
 0.447538722169813E+00
 0.437908201001523E+00
 0.428389203248860E+00
 0.419177412666645E+00
 0.410273988701641E+00
 0.401603577632724E+00
 0.393307568546269E+00
 0.385242109877604E+00
 0.377405729577802E+00
 0.369782633094126E+00
 0.362344988971139E+00
 0.355217561139236E+00
 0.348349870717782E+00
 0.341626597514979E+00
 0.334995197074957E+00
 0.328523420603985E+00
 0.322458842212399E+00
 0.316401938143460E+00
 0.310333427019128E+00
 0.304806445402622E+00
 0.299191076961338E+00
 0.293653506846552E+00
 0.288511809196038E+00
 0.283189947897599E+00
 0.278276151348577E+00
 0.273367876216874E+00
 0.268496265534536E+00
 0.263981005336014E+00
 0.259195730623052E+00
 0.255039213229089E+00
 0.250595254477031E+00
 0.246545057810776E+00
 0.242424297255806E+00
 0.238491522197899E+00
 0.234663664774969E+00
 0.230863658026592E+00
 0.227293995518394E+00
 0.223642524905770E+00
 0.219854113740864E+00
 0.216178005434184E+00
 0.212593321309751E+00
 0.209100479538073E+00
 0.205722548355483E+00
 0.202444686108020E+00
 0.199242548928615E+00
 0.196127476921290E+00
 0.193105829263612E+00
 0.190179830530078E+00
 0.187348366413720E+00
 0.184607176720606E+00
 0.181949773441204E+00
 0.180474209655051E+00
 0.179231781526007E+00
 0.177360150538592E+00
 0.175158450495077E+00
 0.173039019997625E+00
 0.171021439422896E+00
 0.169067828039021E+00
 0.167168583402629E+00
 0.165376220055368E+00
 0.163652998799171E+00
 0.161977120424807E+00
 0.160417310367743E+00
 0.158919603945363E+00
 0.157457518127618E+00
 0.155997316553373E+00
 0.154498653389735E+00
 0.153238631066679E+00
 0.151913162009663E+00
 0.150461857796264E+00
 0.149302180022547E+00
 0.148572818777503E+00
 0.147442257658595E+00
 0.145930152076337E+00
 0.144134297129938E+00
 0.142645966418491E+00
 0.141011511005455E+00
 0.139484070226370E+00
 0.137923363146964E+00
 0.136066644526546E+00
 0.134476827344411E+00
 0.132533600027783E+00
 0.130552041428894E+00
 0.128622462343066E+00
 0.126622696991123E+00
 0.124652515081741E+00
 0.122704319307373E+00
 0.120801182546086E+00
 0.118907215007966E+00
 0.117037362108184E+00
 0.115221897496164E+00
 0.113428200275753E+00
 0.111655774492377E+00
 0.109920507229122E+00
 0.108234511984467E+00
 0.106576255445761E+00
 0.106889305347206E+00
 0.114814418654705E+00
 0.122835999123089E+00
 0.130909950971414E+00
 0.138991502615511E+00
 0.147035425346222E+00
 0.154996285407527E+00
 0.162828709931587E+00
 0.170487638243525E+00
 0.177928539436563E+00
 0.185107598289335E+00
 0.191981888936161E+00
 0.198509556986990E+00
 0.204650017160348E+00
 0.210364157880941E+00
 0.215614539561222E+00
 0.220365580897504E+00
 0.224583737309017E+00
 0.228237676557081E+00
 0.231298447598248E+00
 0.233739629619042E+00
 0.235537449659225E+00
 0.236670870267867E+00
 0.237121663214704E+00
 0.236874489023921E+00
 0.235916990931809E+00
 0.234239893477027E+00
 0.231837083712822E+00
 0.228705655865819E+00
 0.226996614009087E+00
 0.224592656120976E+00
 0.221481956289149E+00
 0.218814217112604E+00
 0.216429139950791E+00
 0.213362035232863E+00
 0.211207076006836E+00
 0.208844488933303E+00
 0.205823032967265E+00
 0.202175771612396E+00
 0.198486774019801E+00
 0.194967758150603E+00
 0.191575907594609E+00
 0.188391339298654E+00
 0.185318266924481E+00
 0.182373900650283E+00
 0.179562450078299E+00
 0.176876610251155E+00
 0.174299869627252E+00
 0.171807374604362E+00
 0.169367119355461E+00
 0.167074973309518E+00
 0.164925755646313E+00
 0.162761930416825E+00
 0.160564694720206E+00
 0.158649767756158E+00
 0.156830107748670E+00
 0.155104041591836E+00
 0.152973955186695E+00
 0.150739893769800E+00
 0.148735727688548E+00
 0.146596827427998E+00
 0.144630593326129E+00
 0.149744507362995E+00
 0.160638593066195E+00
 0.170998802235654E+00
 0.180791517641366E+00
 0.189985526136850E+00
 0.198552143203974E+00
 0.206465348337873E+00
 0.213701917381395E+00
 0.220241535824224E+00
 0.226066887070633E+00
 0.231163721222508E+00
 0.235520912991824E+00
 0.239130510855684E+00
 0.241987771019904E+00
 0.244091167803399E+00
 0.245442378947084E+00
 0.246046254381244E+00
 0.245910781382824E+00
 0.245047053180362E+00
 0.243469235512584E+00
 0.241194516031964E+00
 0.238243023035426E+00
 0.236042105802472E+00
 0.233745023104479E+00
 0.230791772184982E+00
 0.227800034594109E+00
 0.225502107803198E+00
 0.222570857124073E+00
 0.220114992635808E+00
 0.217821715789390E+00
 0.214916346691041E+00
 0.211420371790960E+00
 0.207371287231353E+00
 0.203226275429452E+00
 0.199209457294828E+00
 0.195299861400216E+00
 0.191517811742202E+00
 0.187820033563554E+00
 0.184221345761148E+00
 0.180724495322115E+00
 0.177323305376774E+00
 0.174003470812861E+00
 0.170744444225534E+00
 0.167521236268660E+00
 0.164455388121109E+00
 0.161488686485453E+00
 0.158519823220390E+00
 0.155546989903203E+00
 0.152833291101361E+00
 0.150065919893443E+00
 0.147287037508997E+00
 0.144754821784824E+00
 0.142113733182106E+00
 0.139606190673993E+00
 0.137170911846249E+00
 0.134637750329510E+00
 0.132398449511756E+00
 0.129983690631073E+00
 0.127810185572142E+00
 0.125571075605195E+00
 0.123419930946479E+00
 0.121354180962657E+00
 0.119240940432642E+00
 0.117344479987725E+00
 0.115281992247702E+00
 0.113545754092512E+00
 0.111577997936600E+00
 0.109953474511557E+00
 0.108112136611738E+00
 0.106557441873323E+00
 0.104706562071489E+00
 0.102764749118047E+00
 0.100892765443238E+00
 0.990763947357351E-01
 0.973126654025073E-01
 0.956258788798204E-01
 0.939922149243079E-01
 0.924049113359268E-01
 0.908713921701407E-01
 0.893962159993886E-01
 0.879816137790747E-01
 0.901828950276568E-01
 0.956806173862315E-01
 0.101008973647916E+00
 0.106896161894866E+00
 0.113827558761392E+00
 0.120541133216243E+00
 0.126992035795646E+00
 0.133136332289421E+00
 0.138931224403664E+00
 0.144335278709658E+00
 0.149308651040012E+00
 0.153813289775543E+00
 0.157813110101078E+00
 0.161274147107926E+00
 0.164164706561066E+00
 0.166455528793411E+00
 0.168119965208064E+00
 0.169134150638202E+00
 0.169477151294460E+00
 0.169131079455500E+00
 0.168081181988333E+00
 0.166315916713009E+00
 0.163827024201063E+00
 0.160901303385186E+00
 0.159146491401382E+00
 0.156689221478147E+00
 0.153525052343981E+00
 0.151699667615244E+00
 0.149290571834677E+00
 0.146554641472294E+00
 0.144849985580526E+00
 0.142489388828739E+00
 0.139485386818721E+00
 0.136341662348655E+00
 0.133303468065378E+00
 0.130325419549201E+00
 0.127494664115779E+00
 0.124724918795921E+00
 0.122030870701314E+00
 0.119414208795471E+00
 0.116865691715055E+00
 0.114367315513446E+00
 0.111895263453783E+00
 0.109576535130161E+00
 0.107342994303183E+00
 0.105098179224436E+00
 0.102805903431165E+00
 0.100787695557591E+00
 0.107481088709464E+00
 0.117592358769374E+00
 0.130937918202637E+00
 0.143999361093770E+00
 0.156721023563443E+00
 0.169048090986260E+00
 0.180926814385575E+00
 0.192304709805436E+00
 0.203130761671428E+00
 0.213355644652132E+00
 0.222931961860411E+00
 0.231814482943040E+00
 0.239960363646891E+00
 0.247329338901564E+00
 0.253883895001260E+00
 0.259589432144521E+00
 0.264414422861276E+00
 0.268330561465332E+00
 0.271312895417893E+00
 0.273339935977738E+00
 0.274393756311707E+00
 0.274460088651128E+00
 0.273528422727988E+00
 0.271592092777713E+00
 0.268648333739413E+00
 0.266528134958764E+00
 0.264550460808379E+00
 0.261594962601499E+00
 0.258268338809335E+00
 0.256270519230300E+00
 0.253328567143365E+00
 0.250522823644551E+00
 0.248512600513885E+00
 0.245589704418592E+00
 0.241755920616709E+00
 0.237565931451882E+00
 0.233538627190429E+00
 0.229727755535450E+00
 0.225982781862559E+00
 0.222408783755339E+00
 0.219008514683300E+00
 0.215715463018964E+00
 0.212519807396292E+00
 0.209440403713867E+00
 0.206572332263908E+00
 0.203788680708628E+00
 0.201043400903374E+00
 0.198283599008447E+00
 0.195755021320992E+00
 0.193321328236682E+00
 0.190766304800502E+00
 0.188412636340653E+00
 0.186104718988350E+00
 0.183577346510391E+00
 0.181456107344605E+00
 0.179910161049535E+00
 0.191987830758879E+00
 0.206866322457892E+00
 0.222680175826806E+00
 0.237881236758192E+00
 0.252416552855218E+00
 0.266235615752962E+00
 0.279290542115298E+00
 0.291536256467049E+00
 0.302930678191976E+00
 0.313434901748243E+00
 0.323013353575978E+00
 0.331633916835149E+00
 0.339268030323122E+00
 0.345890777930139E+00
 0.351480980824246E+00
 0.356021289299449E+00
 0.359498257929162E+00
 0.361902388086201E+00
 0.363228135877995E+00
 0.363473899023973E+00
 0.362641999927944E+00
 0.360738671511012E+00
 0.357774037174224E+00
 0.353762069730266E+00
 0.348720521027937E+00
 0.345705949090419E+00
 0.341696690911355E+00
 0.336689122125701E+00
 0.332553507963275E+00
 0.328578429039392E+00
 0.323639906884026E+00
 0.320356648099058E+00
 0.316420245629540E+00
 0.311552780539943E+00
 0.305774698463365E+00
 0.299291876315603E+00
 0.292930667017157E+00
 0.286765508394241E+00
 0.280774628401120E+00
 0.274913499586268E+00
 0.269319842511557E+00
 0.263862663093021E+00
 0.258536398818146E+00
 0.253329544375084E+00
 0.248385491891833E+00
 0.243571290074327E+00
 0.238847111062196E+00
 0.234167346766854E+00
 0.229599540691524E+00
 0.225346798626164E+00
 0.221068260682764E+00
 0.216735038103872E+00
 0.212864648345429E+00
 0.208883810571859E+00
 0.204922845098857E+00
 0.201307432183701E+00
 0.197496623537027E+00
 0.194010726072561E+00
 0.190514880802872E+00
 0.187013846622142E+00
 0.183815703636124E+00
 0.180333056107398E+00
 0.181212279004687E+00
 0.190899344643193E+00
 0.199832982751750E+00
 0.207998703969736E+00
 0.215385413937152E+00
 0.221985416791162E+00
 0.227794406710810E+00
 0.232811453597966E+00
 0.237038977878241E+00
 0.240482702841929E+00
 0.243151577984854E+00
 0.245057679584948E+00
 0.246216103888773E+00
 0.246644865181001E+00
 0.246364797582469E+00
 0.245399446563196E+00
 0.243774934528149E+00
 0.241519795986983E+00
 0.239945318343046E+00
 0.238274729260973E+00
 0.235992413796530E+00
 0.233272135609873E+00
 0.231574581393728E+00
 0.229286579319705E+00
 0.226991624974190E+00
 0.225274037856395E+00
 0.222985776869852E+00
 0.220155333782521E+00
 0.216813013576611E+00
 0.213211921503351E+00
 0.209753857069347E+00
 0.206488645002985E+00
 0.203342710572730E+00
 0.200373442387023E+00
 0.197518091739903E+00
 0.194782391408214E+00
 0.192162330831236E+00
 0.189644955058514E+00
 0.187209549098041E+00
 0.184827897545926E+00
 0.182580010316165E+00
 0.180445524370189E+00
 0.178305339702589E+00
 0.176136174748071E+00
 0.174201040159115E+00
 0.172152550065658E+00
 0.170150027377258E+00
 0.168193654887200E+00
 0.166121480114104E+00
 0.164165416073044E+00
 0.162049189637693E+00
 0.159965739327214E+00
 0.157827547230719E+00
 0.155460347557197E+00
 0.153319336252051E+00
 0.150877185805047E+00
 0.148400774072596E+00
 0.145990435081655E+00
 0.143526200278519E+00
 0.141106045341554E+00
 0.138726757125408E+00
 0.136395247579726E+00
 0.134086545289162E+00
 0.131848099738410E+00
 0.129648361404990E+00
 0.127485686032729E+00
 0.125360351784417E+00
 0.123270395522796E+00
 0.121210832022533E+00
 0.119216916828344E+00
 0.117275975228058E+00
 0.115362294750983E+00
 0.113464336964684E+00
 0.111570062834463E+00
 0.109801847561353E+00
 0.108045003955523E+00
 0.106287700275489E+00
 0.104609189971234E+00
 0.102979277510675E+00
 0.101337657267597E+00
 0.997321329685569E-01
 0.982287144453629E-01
 0.967193947708541E-01
 0.952197654334090E-01
 0.938677952571580E-01
 0.925066938093188E-01
 0.911391695035534E-01
 0.899268960175945E-01
 0.886846796516497E-01
 0.874604317251528E-01
 0.863247537885170E-01
 0.851283532242055E-01
 0.839899770005717E-01
 0.828786553312242E-01
 0.817143358759126E-01
 0.806820252483432E-01
 0.796176574429381E-01
 0.785576595394131E-01
 0.777484904693307E-01
 0.775350302444576E-01
 0.773435021775059E-01
 0.771656779571538E-01
 0.771853096533728E-01
 0.772133107757700E-01
 0.794357150529283E-01
 0.904200729854756E-01
 0.101601540093557E+00
 0.112945342099983E+00
 0.124415370054346E+00
 0.135974456079426E+00
 0.147584622633981E+00
 0.159207272592534E+00
 0.170803305122073E+00
 0.182333168723455E+00
 0.196668594531402E+00
 0.211273752522646E+00
 0.225790168569403E+00
 0.240166885454692E+00
 0.254352677174055E+00
 0.268296266184592E+00
 0.281946567275318E+00
 0.295252945080562E+00
 0.308165462832588E+00
 0.320635104536712E+00
 0.332613968827151E+00
 0.344055449060056E+00
 0.354914419204132E+00
 0.365147436018432E+00
 0.374712952719718E+00
 0.383571529477603E+00
 0.391686027487459E+00
 0.399021782225614E+00
 0.405546759020346E+00
 0.411231694956512E+00
 0.416050227568839E+00
 0.419979008968053E+00
 0.422997807206957E+00
 0.425089601650203E+00
 0.426240679500151E+00
 0.426440733425537E+00
 0.425682949379531E+00
 0.423964067516923E+00
 0.421284403726231E+00
 0.417647833241820E+00
 0.413061752409085E+00
 0.407537039909166E+00
 0.402861929425616E+00
 0.398282164637001E+00
 0.392792679802341E+00
 0.386867972061717E+00
 0.382329642924532E+00
 0.376913994574275E+00
 0.372051302314075E+00
 0.367559326512371E+00
 0.362220240140097E+00
 0.356047898646712E+00
 0.349059278681638E+00
 0.341384908273899E+00
 0.333841560378479E+00
 0.326542932111602E+00
 0.319474175454898E+00
 0.312616576225348E+00
 0.306043294720045E+00
 0.299654374286261E+00
 0.293447272323867E+00
 0.287407121430692E+00
 0.281509185134064E+00
 0.275887688984292E+00
 0.270450314240503E+00
 0.265117366685395E+00
 0.259844362645233E+00
 0.254757377750217E+00
 0.249938342523506E+00
 0.245106019260806E+00
 0.240345371292476E+00
 0.235935061550226E+00
 0.231430963813456E+00
 0.227103609569567E+00
 0.222973003296687E+00
 0.218673857586414E+00
 0.214856725789645E+00
 0.210883448725148E+00
 0.207094402539544E+00
 0.203432472376779E+00
 0.199696206988311E+00
 0.196333207420063E+00
 0.192712157616617E+00
 0.189592588606030E+00
 0.186235576446944E+00
 0.183208587842828E+00
 0.180091870516529E+00
 0.182439823411266E+00
 0.185677342332314E+00
 0.188078944571955E+00
 0.189654305031617E+00
 0.190416602764247E+00
 0.190382440150498E+00
 0.189571759143702E+00
 0.188187532238373E+00
 0.188063800178473E+00
 0.187185968379119E+00
 0.185576912929199E+00
 0.184540390169717E+00
 0.183611301000038E+00
 0.181975996002621E+00
 0.181119777343812E+00
 0.180148378368518E+00
 0.178493914769136E+00
 0.176250385758805E+00
 0.173979659910619E+00
 0.171829150250594E+00
 0.169750488173633E+00
 0.167791959053544E+00
 0.165894619247813E+00
 0.164071588091633E+00
 0.162323476202807E+00
 0.160640017644097E+00
 0.159002157319563E+00
 0.157382956443553E+00
 0.155841948015224E+00
 0.154436228847769E+00
 0.153000729366828E+00
 0.151485243183550E+00
 0.150201208850917E+00
 0.148847515206226E+00
 0.148077299258217E+00
 0.147115327791834E+00
 0.145736462703875E+00
 0.143957118133864E+00
 0.142380813070880E+00
 0.140634398184927E+00
 0.138796753405044E+00
 0.137376684460519E+00
 0.135547955522006E+00
 0.133894445344930E+00
 0.132043156557369E+00
 0.129948242193323E+00
 0.128081642334233E+00
 0.126058770948337E+00
 0.124067026149612E+00
 0.122117198414673E+00
 0.120197496639784E+00
 0.118312662784639E+00
 0.116445466977810E+00
 0.114606060542013E+00
 0.112800283011005E+00
 0.111029609031412E+00
 0.109291971593117E+00
 0.107582285028494E+00
 0.105892688876510E+00
 0.104212939223564E+00
 0.102530953909267E+00
 0.100960894472207E+00
 0.106826923108765E+00
 0.118209511828502E+00
 0.129809969120846E+00
 0.141567433213052E+00
 0.153428570113455E+00
 0.165339019783591E+00
 0.177243603459467E+00
 0.189086548493311E+00
 0.200811731246903E+00
 0.212362932919452E+00
 0.223684102578776E+00
 0.234719622643224E+00
 0.245414570832065E+00
 0.255714969598575E+00
 0.265568013853172E+00
 0.274922274288683E+00
 0.283727885115340E+00
 0.291936733944111E+00
 0.299502670025214E+00
 0.306381733741640E+00
 0.312532392798308E+00
 0.317915760655984E+00
 0.322495777578384E+00
 0.326239351112776E+00
 0.329116469720208E+00
 0.331100309663771E+00
 0.332167348381276E+00
 0.332297484065433E+00
 0.331474151066426E+00
 0.329684419442200E+00
 0.326919072136254E+00
 0.323172658374883E+00
 0.319116791390650E+00
 0.316334685475878E+00
 0.312600936874145E+00
 0.307914205651420E+00
 0.304543673244784E+00
 0.300851023946867E+00
 0.296368424111538E+00
 0.293608136082970E+00
 0.289960060187628E+00
 0.285423422274141E+00
 0.280023028708193E+00
 0.274516095518380E+00
 0.269251483846224E+00
 0.264151658373549E+00
 0.259384398890771E+00
 0.254771984132559E+00
 0.250335643830076E+00
 0.246079560524559E+00
 0.241993060302404E+00
 0.238052973685446E+00
 0.234226364487880E+00
 0.230472259223798E+00
 0.227032805995063E+00
 0.223685566293303E+00
 0.220330813164648E+00
 0.217036418602273E+00
 0.214046663551478E+00
 0.210914075044689E+00
 0.207908108768763E+00
 0.205011981375356E+00
 0.201897726886054E+00
 0.199140782538461E+00
 0.195957878053759E+00
 0.205440546543803E+00
 0.222882091093930E+00
 0.239768938660895E+00
 0.256053210378458E+00
 0.271689414461938E+00
 0.286634641541014E+00
 0.300848743098936E+00
 0.314294486890074E+00
 0.326937689640215E+00
 0.338747328587029E+00
 0.349695631888161E+00
 0.359758148898881E+00
 0.368913806550672E+00
 0.377144963061415E+00
 0.384437468184633E+00
 0.390780728143631E+00
 0.396167759554159E+00
 0.400595210621608E+00
 0.404063336074071E+00
 0.406575930760778E+00
 0.408140243434505E+00
 0.408766895400191E+00
 0.408469816325810E+00
 0.407266190457509E+00
 0.405176393751611E+00
 0.402223903399080E+00
 0.398435172849598E+00
 0.393839477980834E+00
 0.389552700665879E+00
 0.385736815042324E+00
 0.381139091423863E+00
 0.375790773267870E+00
 0.371728873109646E+00
 0.367165092826442E+00
 0.362498776688626E+00
 0.358701980738259E+00
 0.354177172212408E+00
 0.348953975955494E+00
 0.343064270655198E+00
 0.336542042528759E+00
 0.329498179866966E+00
 0.322563683042856E+00
 0.315846598715843E+00
 0.309322229276582E+00
 0.303009361303524E+00
 0.296916363457934E+00
 0.290988909878459E+00
 0.285225997243091E+00
 0.279617095018996E+00
 0.274143949467988E+00
 0.268804275707872E+00
 0.263728332649034E+00
 0.258761488693427E+00
 0.253868505003084E+00
 0.249011682936567E+00
 0.244495534376982E+00
 0.240017049080295E+00
 0.235515094174199E+00
 0.231324399364234E+00
 0.227172063936253E+00
 0.222960325991886E+00
 0.219144917643274E+00
 0.215218259578116E+00
 0.211447468324864E+00
 0.207820112045642E+00
 0.204088969606472E+00
 0.200749145769184E+00
 0.197235309242417E+00
 0.194015052254485E+00
 0.190765153449882E+00
 0.187622139953173E+00
 0.184619846663725E+00
 0.181566245949663E+00
 0.178789567087824E+00
 0.175835433983456E+00
 0.173257893156975E+00
 0.170416023823887E+00
 0.167500659661111E+00
 0.164669177679477E+00
 0.161917714558605E+00
 0.159225592526213E+00
 0.156654931300176E+00
 0.154138685839862E+00
 0.151686522694669E+00
 0.149306682104262E+00
 0.147014971941923E+00
 0.144794683636207E+00
 0.142636597223876E+00
 0.140567977505536E+00
 0.138572796796347E+00
 0.136645302594042E+00
 0.134778964155727E+00
 0.132965208812537E+00
 0.131192451587263E+00
 0.129475457020394E+00
 0.127889097751892E+00
 0.126316891535972E+00
 0.124733817549969E+00
 0.123252490109004E+00
 0.121820180807127E+00
 0.120332902414521E+00
 0.118969191950497E+00
 0.117607166028821E+00
 0.116188420216054E+00
 0.114945212209741E+00
 0.113485653034307E+00
 0.111784691424719E+00
 0.109852187306858E+00
 0.107698739180666E+00
 0.105335633481239E+00
 0.102774792544215E+00
 0.100028718532638E+00
 0.971104341098495E-01
 0.940334233287538E-01
 0.908115742089314E-01
 0.874591198607111E-01
 0.839905735761783E-01
 0.804206573930632E-01
 0.875186121153058E-01
 0.966215318571292E-01
 0.105898266142495E+00
 0.115312012185979E+00
 0.124824381372768E+00
 0.134395596945455E+00
 0.143984658163982E+00
 0.153549478889824E+00
 0.163047026625830E+00
 0.172433489274365E+00
 0.181664481866303E+00
 0.190695285654835E+00
 0.199481100045573E+00
 0.207977288679749E+00
 0.216139609700922E+00
 0.223924428404005E+00
 0.231288913908737E+00
 0.238191222523160E+00
 0.244590673369286E+00
 0.250447926882734E+00
 0.255725178870507E+00
 0.260386376398600E+00
 0.264397447461695E+00
 0.267726522495924E+00
 0.270344122914568E+00
 0.272223304200426E+00
 0.273339762054053E+00
 0.273671926098967E+00
 0.273201065934912E+00
 0.271911419071433E+00
 0.269790330371075E+00
 0.266828381320627E+00
 0.264396431929105E+00
 0.262243592455005E+00
 0.259275141804577E+00
 0.255691785837982E+00
 0.253528329860776E+00
 0.250577745186885E+00
 0.247551278009179E+00
 0.245383877271000E+00
 0.242455820584403E+00
 0.238762293142837E+00
 0.234502687804549E+00
 0.230394054475271E+00
 0.226425561892827E+00
 0.222666331474447E+00
 0.219009593173777E+00
 0.215487849676700E+00
 0.212116814311698E+00
 0.208897468286848E+00
 0.205818440726352E+00
 0.202858501439705E+00
 0.199988296467724E+00
 0.197171700656785E+00
 0.194366795364923E+00
 0.191862128595083E+00
 0.189362587614095E+00
 0.186783645534952E+00
 0.184442441357645E+00
 0.182095317599858E+00
 0.179617610371619E+00
 0.177441969802176E+00
 0.174915626507961E+00
 0.172766949215071E+00
 0.176673743544967E+00
 0.189946326324260E+00
 0.204762588145011E+00
 0.219000191086786E+00
 0.232607794949292E+00
 0.245536109882363E+00
 0.257738091748542E+00
 0.269169154050219E+00
 0.279787383645514E+00
 0.289553743553559E+00
 0.298432252270025E+00
 0.306390138123647E+00
 0.313397972073025E+00
 0.319429781537282E+00
 0.324463145795617E+00
 0.328479275051195E+00
 0.331463080198274E+00
 0.333403243000651E+00
 0.334292291223334E+00
 0.334126671148307E+00
 0.332906799114488E+00
 0.330637073688104E+00
 0.327325843011249E+00
 0.322985339766130E+00
 0.319964543384935E+00
 0.316638797935327E+00
 0.312314603999914E+00
 0.308230866623903E+00
 0.304918720972851E+00
 0.300642769240363E+00
 0.297321808606748E+00
 0.294029093757801E+00
 0.289804919168559E+00
 0.284664729985547E+00
 0.278789095394544E+00
 0.273009699941638E+00
 0.267387519903522E+00
 0.261946144971253E+00
 0.256613097560266E+00
 0.251445717893548E+00
 0.246458025678083E+00
 0.241585370289348E+00
 0.236913500998328E+00
 0.232380699126835E+00
 0.227953617934501E+00
 0.223591819041427E+00
 0.219250648217085E+00
 0.215180517626652E+00
 0.211232796540807E+00
 0.207235180626117E+00
 0.203374230973962E+00
 0.199751695602539E+00
 0.195995690263368E+00
 0.192482212643057E+00
 0.189059762888736E+00
 0.185462566547516E+00
 0.182358364100342E+00
 0.179004390646445E+00
 0.175912867873930E+00
 0.176309622467313E+00
 0.187008765833448E+00
 0.196898560795146E+00
 0.205949408871833E+00
 0.214135259979893E+00
 0.221433684936797E+00
 0.227825921662857E+00
 0.233296912776775E+00
 0.237835346507964E+00
 0.241433699932193E+00
 0.244088273006304E+00
 0.245799200611338E+00
 0.246570437022270E+00
 0.246409715907837E+00
 0.245328492353863E+00
 0.243341870589411E+00
 0.240702091892255E+00
 0.239562106235184E+00
 0.237543098888648E+00
 0.234663527891533E+00
 0.232610290129356E+00
 0.230579451960551E+00
 0.227717546055735E+00
 0.226080274628944E+00
 0.224043962761158E+00
 0.221204068110370E+00
 0.217664273612435E+00
 0.214114403345132E+00
 0.210734534329826E+00
 0.207464596589633E+00
 0.204366852699524E+00
 0.201365893691545E+00
 0.198478162934778E+00
 0.195705579104170E+00
 0.193038031170885E+00
 0.190455169901436E+00
 0.187927921815255E+00
 0.185464546899370E+00
 0.183247330778578E+00
 0.181033845904317E+00
 0.178767977181356E+00
 0.176671130161748E+00
 0.174660534927818E+00
 0.172469868736326E+00
 0.170579251247653E+00
 0.168520430343158E+00
 0.166504383650692E+00
 0.164481992849560E+00
 0.162377667624870E+00
 0.160259640478625E+00
 0.158099772260774E+00
 0.155725779166784E+00
 0.153539023548285E+00
 0.150962665930730E+00
 0.148576050206549E+00
 0.146075414962897E+00
 0.143612803996015E+00
 0.141195487664683E+00
 0.138797747816598E+00
 0.136487024231635E+00
 0.134206045083834E+00
 0.132513680028404E+00
 0.131639817691849E+00
 0.130089846537783E+00
 0.128309060827921E+00
 0.127414787797691E+00
 0.125864071685392E+00
 0.123726129435155E+00
 0.122822091171636E+00
 0.121283803547729E+00
 0.119468981924652E+00
 0.118559246950958E+00
 0.117035905543669E+00
 0.114967071137402E+00
 0.112818445972012E+00
 0.110736600281015E+00
 0.108694898336652E+00
 0.106712457010033E+00
 0.104758759532772E+00
 0.102844676109699E+00
 0.100969602431972E+00
 0.991241917442408E-01
 0.972918491559272E-01
 0.954563163847871E-01
 0.937908594030166E-01
 0.921162563706214E-01
 0.904010503305592E-01
 0.887160595192178E-01
 0.871793626064064E-01
 0.855543778029084E-01
 0.839612180903416E-01
 0.825986117851680E-01
 0.814833498893225E-01
 0.804206841149092E-01
 0.792596906421888E-01
 0.782984946516848E-01
 0.770768899793621E-01
 0.756026942255552E-01
 0.748423095440470E-01
 0.757966659729161E-01
 0.760774193101842E-01
 0.756740436624511E-01
 0.749195593302355E-01
 0.747095099934636E-01
 0.742928083649535E-01
 0.736170777113612E-01
 0.730123753220815E-01
 0.724676007217934E-01
 0.719885271130862E-01
 0.715832533262484E-01
 0.713312014760621E-01
 0.710983380974874E-01
 0.710321260533637E-01
 0.710195785242093E-01
 0.709984209725457E-01
 0.709405641229455E-01
 0.711200980726677E-01
 0.712858087998677E-01
 0.713715133862307E-01
 0.716814674643865E-01
 0.737271180394165E-01
 0.831799047985396E-01
 0.926881804391151E-01
 0.102213053516747E+00
 0.111715583059180E+00
 0.121156834051956E+00
 0.130497915445354E+00
 0.139700050561116E+00
 0.148724724262550E+00
 0.159031015387053E+00
 0.170624020585076E+00
 0.181988967052958E+00
 0.193078373445734E+00
 0.203845755730611E+00
 0.214245832497510E+00
 0.224234735594474E+00
 0.233770217178412E+00
 0.242811844463178E+00
 0.251321178564401E+00
 0.259261938994343E+00
 0.266600156646139E+00
 0.273304315874036E+00
 0.279345484232276E+00
 0.284697429585540E+00
 0.289336727715564E+00
 0.293242865135697E+00
 0.296398338481702E+00
 0.298788744975884E+00
 0.300402853402061E+00
 0.301232646649584E+00
 0.301273335167004E+00
 0.300523350212043E+00
 0.298984329810664E+00
 0.296661105915805E+00
 0.293561691559980E+00
 0.289697258622844E+00
 0.285642850403185E+00
 0.282548482553685E+00
 0.278712409099460E+00
 0.274148754024062E+00
 0.270797041693367E+00
 0.267016225887077E+00
 0.262980496600794E+00
 0.259948148280713E+00
 0.256224366864504E+00
 0.251822820762152E+00
 0.246759901371407E+00
 0.241275630559735E+00
 0.235925748515053E+00
 0.230792576988353E+00
 0.225761275564645E+00
 0.220960437321065E+00
 0.216284793005143E+00
 0.211741386265489E+00
 0.207325571272768E+00
 0.203023132695469E+00
 0.198812451462702E+00
 0.194762784126920E+00
 0.190890523386822E+00
 0.187076988792853E+00
 0.183285155473096E+00
 0.179638043927866E+00
 0.176177656991618E+00
 0.172679669597603E+00
 0.169276771675062E+00
 0.166084807153085E+00
 0.162790663362461E+00
 0.159719909720455E+00
 0.156695666408751E+00
 0.153604084152006E+00
 0.150836713078359E+00
 0.147887805248827E+00
 0.145227026556279E+00
 0.142506117798598E+00
 0.139878997562176E+00
 0.137380272826342E+00
 0.134804248186013E+00
 0.132519998174578E+00
 0.130009824553454E+00
 0.128818630292927E+00
 0.131548756086747E+00
 0.133683026218664E+00
 0.135232590886335E+00
 0.136211468194089E+00
 0.136636456266781E+00
 0.136527034859345E+00
 0.135905261400475E+00
 0.135325316091183E+00
 0.135152856965962E+00
 0.134483004274031E+00
 0.133339781146432E+00
 0.132849223150587E+00
 0.132143143333615E+00
 0.130979958888821E+00
 0.130586756912433E+00
 0.129850933649933E+00
 0.128673053990724E+00
 0.127304543041651E+00
 0.125989311118579E+00
 0.124750975723512E+00
 0.123528652702603E+00
 0.122362893286730E+00
 0.121265064619055E+00
 0.120202851902659E+00
 0.119173661271040E+00
 0.118182400495973E+00
 0.117282340338990E+00
 0.117056050600461E+00
 0.116754031172597E+00
 0.116680001311580E+00
 0.116459868917009E+00
 0.116343746956678E+00
 0.115920062445480E+00
 0.115733585207618E+00
 0.115295744021462E+00
 0.114574908902534E+00
 0.113585985848316E+00
 0.112345160365220E+00
 0.111080785277191E+00
 0.109862045729972E+00
 0.108415999145582E+00
 0.106760586916383E+00
 0.104914733241263E+00
 0.102994271355967E+00
 0.101099509813205E+00
 0.992368676628834E-01
 0.974456452330260E-01
 0.959455842658055E-01
 0.966697779192096E-01
 0.103824936295639E+00
 0.111404356680469E+00
 0.119379162326830E+00
 0.127717731042167E+00
 0.136385836210354E+00
 0.145346803323775E+00
 0.154561668092832E+00
 0.163989328535775E+00
 0.173586695123547E+00
 0.183308851435138E+00
 0.193109236776750E+00
 0.202939853022834E+00
 0.212751487815673E+00
 0.222493942533764E+00
 0.232116257726471E+00
 0.241566936166624E+00
 0.250794167639625E+00
 0.259746057489302E+00
 0.268370856211868E+00
 0.276617185825723E+00
 0.284434262673407E+00
 0.291772122054330E+00
 0.298581851268697E+00
 0.304815831476284E+00
 0.310427979372107E+00
 0.315373975086387E+00
 0.319611467796528E+00
 0.323100262209812E+00
 0.325802498340433E+00
 0.327682836341880E+00
 0.328708647905965E+00
 0.328850203909703E+00
 0.328080843641259E+00
 0.326377116865832E+00
 0.323718900880064E+00
 0.320089501981971E+00
 0.315506494919387E+00
 0.312832719871774E+00
 0.309216714487648E+00
 0.304645981364915E+00
 0.300785105557466E+00
 0.297209547177593E+00
 0.292712643913601E+00
 0.289609695359775E+00
 0.286077891191120E+00
 0.281655904974792E+00
 0.276369412227945E+00
 0.270980954489304E+00
 0.265799380178004E+00
 0.260774178868316E+00
 0.256002657372095E+00
 0.251413177642242E+00
 0.246980856674529E+00
 0.242711259819423E+00
 0.238596095871308E+00
 0.234615598414095E+00
 0.230740655320902E+00
 0.227051344587406E+00
 0.223598462778938E+00
 0.220196605693489E+00
 0.216787366404191E+00
 0.213592380753695E+00
 0.210547623849415E+00
 0.207359115310454E+00
 0.204449067650107E+00
 0.201493524483610E+00
 0.210548840587176E+00
 0.227538759965889E+00
 0.244147361991407E+00
 0.263533410388964E+00
 0.284924976329188E+00
 0.305825422489086E+00
 0.326172167325368E+00
 0.345904325436500E+00
 0.364962953369181E+00
 0.383291272523340E+00
 0.400834873016336E+00
 0.417541907724124E+00
 0.433363282363144E+00
 0.448252840098191E+00
 0.462167535213939E+00
 0.475067593060253E+00
 0.486916658996407E+00
 0.497681940680556E+00
 0.507334342927093E+00
 0.515848586691671E+00
 0.523203301200459E+00
 0.529381084734832E+00
 0.534368541104520E+00
 0.538156306279805E+00
 0.540739076417173E+00
 0.542115636394046E+00
 0.542288876074298E+00
 0.541265779018042E+00
 0.539057377014136E+00
 0.535678676693269E+00
 0.531148571680404E+00
 0.525489750514003E+00
 0.518728600815299E+00
 0.513813922247005E+00
 0.508145733489171E+00
 0.501409537111281E+00
 0.494761321210020E+00
 0.489129006244685E+00
 0.482466897476686E+00
 0.477073805040045E+00
 0.471484644554638E+00
 0.464901219237720E+00
 0.457351744969916E+00
 0.448867569283764E+00
 0.439488944809828E+00
 0.429958305811345E+00
 0.420744344833156E+00
 0.411849417650866E+00
 0.403222887050391E+00
 0.394829028142132E+00
 0.386698740932902E+00
 0.378843603909958E+00
 0.371258164901811E+00
 0.363923278650655E+00
 0.356808853269026E+00
 0.349876089800762E+00
 0.343080085734184E+00
 0.336371757668800E+00
 0.330104343269872E+00
 0.323944062017907E+00
 0.317792170479353E+00
 0.311912641102922E+00
 0.306276152599192E+00
 0.300557437260357E+00
 0.295190171086868E+00
 0.289934247676212E+00
 0.284559270910963E+00
 0.279744524575853E+00
 0.274725713330402E+00
 0.270001560433028E+00
 0.265370906279406E+00
 0.260714399627791E+00
 0.256453609828003E+00
 0.251905024538594E+00
 0.247977259070941E+00
 0.243750875596996E+00
 0.239936000744541E+00
 0.236001744154823E+00
 0.232314869884057E+00
 0.228638651810083E+00
 0.225092191151627E+00
 0.221259720704306E+00
 0.217527176761077E+00
 0.213917860958341E+00
 0.210437040130606E+00
 0.207012310977602E+00
 0.203749555745730E+00
 0.200563559049735E+00
 0.197460078506405E+00
 0.194444859105582E+00
 0.191519658708894E+00
 0.188682956444125E+00
 0.185930594171518E+00
 0.183256312483687E+00
 0.180652022348544E+00
 0.178107606669231E+00
 0.175646863576115E+00
 0.173340836895288E+00
 0.171079750048322E+00
 0.168842247577453E+00
 0.166613848052901E+00
 0.164604999101134E+00
 0.162574193565248E+00
 0.160489396502287E+00
 0.158621407102874E+00
 0.156714075677235E+00
 0.154755356858726E+00
 0.153015899128511E+00
 0.151154933745847E+00
 0.149406326728691E+00
 0.147324214568283E+00
 0.144916931124084E+00
 0.142193873596659E+00
 0.139165465071048E+00
 0.135843112694802E+00
 0.132239160964932E+00
 0.128366841088377E+00
 0.124240217514687E+00
 0.122035720938276E+00
 0.120717467549527E+00
 0.119135976798097E+00
 0.117313264332381E+00
 0.115296860650644E+00
 0.113690626452774E+00
 0.112290775848120E+00
 0.110630632720586E+00
 0.109058021484611E+00
 0.107419516431415E+00
 0.105753882359854E+00
 0.104109633447502E+00
 0.102489925060642E+00
 0.100885231561581E+00
 0.992906565551713E-01
 0.105055421022793E+00
 0.111380354008842E+00
 0.117848420885900E+00
 0.124421335274667E+00
 0.131059653088169E+00
 0.137722992563431E+00
 0.144370263425140E+00
 0.150959896000496E+00
 0.157450068429864E+00
 0.163798934781889E+00
 0.169964854874990E+00
 0.175906621183031E+00
 0.181583676282916E+00
 0.186956319358715E+00
 0.191985908533931E+00
 0.196635069416247E+00
 0.200867914588578E+00
 0.204650267186635E+00
 0.207949873166674E+00
 0.210736588637825E+00
 0.212982539952937E+00
 0.214662266637629E+00
 0.215752861182930E+00
 0.216234112341010E+00
 0.216088645854668E+00
 0.215302048448613E+00
 0.213862963138353E+00
 0.211763153542855E+00
 0.208997543346164E+00
 0.207278880891340E+00
 0.205161095359438E+00
 0.202397551527311E+00
 0.199861118002810E+00
 0.197746966308565E+00
 0.195009511851416E+00
 0.192941923200064E+00
 0.190836247606455E+00
 0.188999962548551E+00
 0.193128306016219E+00
 0.197166084618811E+00
 0.201117658919866E+00
 0.204989365371310E+00
 0.208789010578996E+00
 0.212525312441599E+00
 0.216207453442389E+00
 0.219844836917379E+00
 0.223447032531101E+00
 0.227023831823655E+00
 0.230585333047200E+00
 0.234141999934888E+00
 0.237704645950521E+00
 0.241284285959656E+00
 0.244891813242295E+00
 0.248537524001402E+00
 0.252230591639066E+00
 0.255978633626397E+00
 0.259787493845212E+00
 0.263661308176092E+00
 0.267602859609158E+00
 0.271614158621869E+00
 0.275697093606922E+00
 0.279853913222287E+00
 0.284087297258480E+00
 0.288399891432619E+00
 0.292793385832063E+00
 0.297267398470700E+00
 0.301818490926399E+00
 0.306439580196955E+00
 0.311119876798875E+00
 0.315845335548974E+00
 0.320599479580670E+00
 0.325364360584544E+00
 0.330121376098695E+00
 0.334851714441126E+00
 0.339536342631554E+00
 0.344155637251367E+00
 0.348688896839976E+00
 0.353114004999987E+00
 0.357407429157122E+00
 0.361544582429602E+00
 0.365500411723955E+00
 0.369249975102352E+00
 0.372768787673818E+00
 0.376032847425404E+00
 0.379018430775383E+00
 0.381701866723886E+00
 0.384059491422015E+00
 0.386067874582747E+00
 0.387704282109159E+00
 0.388947266284211E+00
 0.389777258260487E+00
 0.390177037985368E+00
 0.390131959436882E+00
 0.389629847921823E+00
 0.388660594421083E+00
 0.387215619379161E+00
 0.385287473380850E+00
 0.382869805791447E+00
 0.379957770873313E+00
 0.376548745405350E+00
 0.372643108998284E+00
 0.368244837682452E+00
 0.363361757535449E+00
 0.358005432534744E+00
 0.352190760588776E+00
 0.345935398418860E+00
 0.339259139279460E+00
 0.332183355467522E+00
 0.324730609699469E+00
 0.316924525374585E+00
 0.308789952660561E+00
 0.300353360288516E+00
 0.291643262927848E+00
 0.282690444785981E+00
 0.273527819258987E+00
 0.264189939547304E+00
 0.254712335201563E+00
 0.245130893321297E+00
 0.235481423087169E+00
 0.225799422459208E+00
 0.216119996842105E+00
 0.206477878123164E+00
 0.196907504062751E+00
 0.187443090581778E+00
 0.178118576847669E+00
 0.168967312530863E+00
 0.160021438656507E+00
 0.151311065615742E+00
 0.143544879425684E+00
 0.140857340061064E+00
 0.137941427616245E+00
 0.135461339705197E+00
 0.132933061533155E+00
 0.130506274221042E+00
 0.128357670033819E+00
 0.125913873238558E+00
 0.124150235639956E+00
 0.122081148018297E+00
 0.120345513160200E+00
 0.118686434317435E+00
 0.117006440483042E+00
 0.115766185628316E+00
 0.114241436697740E+00
 0.113370477074048E+00
 0.112271685704252E+00
 0.111525424816013E+00
 0.110840482153748E+00
 0.110226069926700E+00
 0.109926747068322E+00
 0.109475134022864E+00
 0.109940558322237E+00
 0.110575874711394E+00
 0.110930233574703E+00
 0.110998906118296E+00
 0.111272688682386E+00
 0.111598146643224E+00
 0.111612438202348E+00
 0.111316628260749E+00
 0.110713853901012E+00
 0.109809049301421E+00
 0.108608695188184E+00
 0.107120685149292E+00
 0.105647425957466E+00
 0.104402203853933E+00
 0.102872589300550E+00
 0.101069271667206E+00
 0.990453306422110E-01
 0.975346987821870E-01
 0.957592847389215E-01
 0.941175683144162E-01
 0.926258823241094E-01
 0.908772278521271E-01
 0.896018381286790E-01
 0.881268217644867E-01
 0.864017569803627E-01
 0.844382524905747E-01
 0.822611914326649E-01
 0.799939037634731E-01
 0.776850504470332E-01
 0.753549058915560E-01
 0.730728495259754E-01
 0.708290697343103E-01
 0.686625478559241E-01
 0.666120979354107E-01
 0.646593444366947E-01
 0.628086623618390E-01
 0.610566393121268E-01
 0.593929072632330E-01
 0.578168349646607E-01
 0.563615814115791E-01
 0.549571563299798E-01
 0.535744255100333E-01
 0.522737825937854E-01
 0.510385990749658E-01
 0.497787644223359E-01
 0.486319088567763E-01
 0.474856477984033E-01
 0.463500758726390E-01
 0.453074702173076E-01
 0.442000098651809E-01
 0.432456015425338E-01
 0.422320110988350E-01
 0.413038778613656E-01
 0.417061738527963E-01
 0.425651316020644E-01
 0.433358306964631E-01
 0.441869408102833E-01
 0.449472553767483E-01
 0.457034344696717E-01
 0.464530865599912E-01
 0.471166619205426E-01
 0.478538219360315E-01
 0.484957255039049E-01
 0.491454414738353E-01
 0.497709365509698E-01
 0.503209202070356E-01
 0.509290617255017E-01
 0.514389381495611E-01
 0.519571590937330E-01
 0.524483755840263E-01
 0.528426434200573E-01
 0.532961009400380E-01
 0.536738346124869E-01
 0.539577517581070E-01
 0.542648356089346E-01
 0.545357023741954E-01
 0.547163678391122E-01
 0.548112638626360E-01
 0.549560682421875E-01
 0.550984632995272E-01
 0.552641759114632E-01
 0.553427154281457E-01
 0.553395441861996E-01
 0.552603703626781E-01
 0.551110640580290E-01
 0.549373065178829E-01
 0.547957792919807E-01
 0.545911167164226E-01
 0.543291275448232E-01
 0.540158913875028E-01
 0.536577136447717E-01
 0.532610399764955E-01
 0.528323499395519E-01
 0.523780392670910E-01
 0.519043003782873E-01
 0.514170237605960E-01
 0.509217509152124E-01
 0.504236950311384E-01
 0.499278110428962E-01
 0.494388644913543E-01
 0.489614428569923E-01
 0.484998817485131E-01
 0.480581271828781E-01
 0.476395952418378E-01
 0.472470949609751E-01
 0.468828435081717E-01
 0.465485477222463E-01
 0.462454922782448E-01
 0.459745873443813E-01
 0.457363747966469E-01
 0.455310291917105E-01
 0.453583835985335E-01
 0.452179692965025E-01
 0.451424500687077E-01
 0.451295736138061E-01
 0.451424016728868E-01
 0.451962478215644E-01
 0.452923259212416E-01
 0.453938365202919E-01
 0.454981021017392E-01
 0.456024818269785E-01
 0.457043412986488E-01
 0.458010740401769E-01
 0.458901658969297E-01
 0.459692656286351E-01
 0.460526341636846E-01
 0.461577148831969E-01
 0.462544768103278E-01
 0.463405539409011E-01
 0.464137589302622E-01
 0.464721318729652E-01
 0.465139672274658E-01
 0.465378176079797E-01
 0.465424955861950E-01
 0.465270929777083E-01
 0.464910105799207E-01
 0.464339663462754E-01
 0.463559549979521E-01
 0.462571678340850E-01
 0.461379173927873E-01
 0.459986137330076E-01
 0.458398029021891E-01
 0.456622333426305E-01
 0.454668992191990E-01
 0.452896055881141E-01
 0.451022012807129E-01
 0.448993757573803E-01
 0.446826184372199E-01
 0.444534975972921E-01
 0.442135796967573E-01
 0.439644095901797E-01
 0.437075287778734E-01
 0.434444917608268E-01
 0.431768604433866E-01
 0.429061898520935E-01
 0.426340323098108E-01
 0.423619675328466E-01
 0.420916300679294E-01
 0.418246882045767E-01
 0.415627530358546E-01
 0.413072502898625E-01
 0.410593282778680E-01
 0.408198639139036E-01
 0.405895660932844E-01
 0.403691069617997E-01
 0.401591911914925E-01
 0.399605186686160E-01
 0.397736714611191E-01
 0.395990031677432E-01
 0.394365956547862E-01
 0.392862931590751E-01
 0.391477751073675E-01
 0.390206213630342E-01
 0.389043514602661E-01
 0.387984489143259E-01
 0.387023853446454E-01
 0.386156395510799E-01
 0.385376902661110E-01
 0.384679706830441E-01
 0.384058044479543E-01
 0.383503690613015E-01
 0.383007262665418E-01
 0.382559182061836E-01
 0.382150812108504E-01
 0.381775132644042E-01
 0.381426616849473E-01
 0.381100527881227E-01
 0.380792224060507E-01
 0.380496960725854E-01
 0.380210204710517E-01
 0.379928047867425E-01
 0.379647289581923E-01
 0.379365151165793E-01
 0.379079007932000E-01
 0.378786563523468E-01
 0.378486480634681E-01
 0.378178981561911E-01
 0.377865811510658E-01
 0.377549372920980E-01
 0.377231475399398E-01
 0.376912479797036E-01
 0.376591366208838E-01
 0.376266627166886E-01
 0.375937382229528E-01
 0.375604094419293E-01
 0.375268674246857E-01
 0.374934182109981E-01
 0.374604436834204E-01
 0.374283615682055E-01
 0.373975702641034E-01
 0.373683693162547E-01
 0.373408772041401E-01
 0.373149943999915E-01
 0.372950134250031E-01
 0.372795996067577E-01
 0.372658055685531E-01
 0.372531235900244E-01
 0.372411346119045E-01
 0.372296457067543E-01
 0.372187307344645E-01
 0.372086631072038E-01
 0.371997746176509E-01
 0.371923008130571E-01
 0.371862699190605E-01
 0.371814676234115E-01
 0.371774838012785E-01
 0.371738291843767E-01
 0.371700927578421E-01
 0.371660876348318E-01
 0.371619182583503E-01
 0.371579217599793E-01
 0.371544973371267E-01
 0.371519048988511E-01
 0.371501359303155E-01
 0.371489151625190E-01
 0.371478150663168E-01
 0.371464137026533E-01
 0.371444279233548E-01
 0.371417875008784E-01
 0.371386431700446E-01
 0.371353094662654E-01
 0.371321493089380E-01
 0.371294285938389E-01
 0.371271953548147E-01
 0.371252417898750E-01
 0.371231757553876E-01
 0.371205776982302E-01
 0.371171786763558E-01
 0.371129832434974E-01
 0.371082794709948E-01
 0.371035222064239E-01
 0.370991342901695E-01
 0.370953191320399E-01
 0.370919819971422E-01
 0.370888006507888E-01
 0.370853986733675E-01
 0.370815188628638E-01
 0.370771108351738E-01
 0.370723161010277E-01
 0.370673931794337E-01
 0.370626319415082E-01
 0.370582758894536E-01
 0.370544515306133E-01
 0.370511177311981E-01
 0.370480684332999E-01
 0.370450104237195E-01
 0.370416922959922E-01
 0.370380210356140E-01
 0.370341058579048E-01
 0.370302111152521E-01
 0.370266457213455E-01
 0.370236380941011E-01
 0.370212440189622E-01
 0.370193227502063E-01
 0.370175958795891E-01
 0.370157696199578E-01
 0.370136653254221E-01
 0.370112931577666E-01
 0.370088352677216E-01
 0.370065569396510E-01
 0.370046963534954E-01
 0.370033773969290E-01
 0.370025655868505E-01
 0.370020743673492E-01
 0.370016286601098E-01
 0.370009792505808E-01
 0.370000255296826E-01
 0.369988760139992E-01
 0.369977976504841E-01
 0.369970752236155E-01
 0.369968663802680E-01
 0.369971386022561E-01
 0.369977116794335E-01
 0.369983599957441E-01
 0.369989084553031E-01
 0.369992854122252E-01
 0.369995329058529E-01
 0.369997855990495E-01
 0.370002227514032E-01
 0.370009992789121E-01
 0.370021786402272E-01
 0.370037006833879E-01
 0.370054035046678E-01
 0.370070891705093E-01
 0.370086032788804E-01
 0.370098978805669E-01
 0.370110556361058E-01
 0.370122608605681E-01
 0.370137174865552E-01
 0.370155430346180E-01
 0.370176958423194E-01
 0.370199873585792E-01
 0.370221808413313E-01
 0.370241164123881E-01
 0.370257832818543E-01
 0.370273014179078E-01
 0.370288396837527E-01
 0.370305301958292E-01
 0.370324209612385E-01
 0.370344708830917E-01
 0.370365716756218E-01
 0.370385859912888E-01
 0.370403968691806E-01
 0.370419549992222E-01
 0.370432998313573E-01
 0.370445389259790E-01
 0.370457955608708E-01
 0.370471537180468E-01
 0.370486254852301E-01
 0.370501480649302E-01
 0.370516063199383E-01
 0.370528761195948E-01
 0.370538796772767E-01
 0.370546298608539E-01
 0.370552324332293E-01
 0.370558338802617E-01
 0.370565414791413E-01
 0.370573670932702E-01
 0.370582301651332E-01
 0.370590111976963E-01
 0.370596149654021E-01
 0.370600078938661E-01
 0.370602223317462E-01
 0.370603395310076E-01
 0.370604608807184E-01
 0.370606700306675E-01
 0.370609947873768E-01
 0.370613900717415E-01
 0.370617596854762E-01
 0.370620093528950E-01
 0.370620984233343E-01
 0.370620582676028E-01
 0.370619712239548E-01
 0.370619295845503E-01
 0.370619987246882E-01
 0.370621963519004E-01
 0.370624892670355E-01
 0.370628074926434E-01
 0.370630742708341E-01
 0.370632418082962E-01
 0.370633145064170E-01
 0.370633465487676E-01
 0.370634174660932E-01
 0.370636011809312E-01
 0.370639405832780E-01
 0.370644301980129E-01
 0.370650095569533E-01
 0.370655779091377E-01
 0.370660380244615E-01
 0.370663537886770E-01
 0.370665826956412E-01
 0.370668510677897E-01
 0.370672808986463E-01
 0.370679179474120E-01
 0.370687111734761E-01
 0.370695518869748E-01
 0.370703366105866E-01
 0.370710099053175E-01
 0.370715717854993E-01
 0.370720642184948E-01
 0.370725548774742E-01
 0.370731204088066E-01
 0.370738222448758E-01
 0.370746773709417E-01
 0.370756405797955E-01
 0.370766145168364E-01
 0.370774879378681E-01
 0.370781857279667E-01
 0.370787078786265E-01
 0.370791380860956E-01
 0.370796120866945E-01
 0.370802525592612E-01
 0.370810999231877E-01
 0.370820815549985E-01
 0.370830463148481E-01
 0.370838483695173E-01
 0.370844261896716E-01
 0.370848251675606E-01
 0.370851565343835E-01
 0.370855316504887E-01
 0.370860180885984E-01
 0.370866317124982E-01
 0.370873456380803E-01
 0.370880960710871E-01
 0.370887893283851E-01
 0.370893282384508E-01
 0.370896593147543E-01
