 0.289862721854249E-07
 0.474222693440018E-06
 0.258467094145520E-05
 0.872210968528500E-05
 0.223000574812952E-04
 0.474736982460351E-04
 0.887094699678165E-04
 0.150379344766888E-03
 0.236489511514200E-03
 0.350583392311545E-03
 0.495784052053262E-03
 0.674890373161438E-03
 0.890432378209676E-03
 0.114462322825729E-02
 0.143920146658861E-02
 0.177521131264729E-02
 0.215279828170152E-02
 0.257109131767084E-02
 0.302820607046761E-02
 0.352135471346433E-02
 0.404700788881039E-02
 0.460104069463424E-02
 0.517881150934619E-02
 0.577516076327783E-02
 0.638435848482397E-02
 0.700005589205001E-02
 0.761529633670025E-02
 0.822261548680610E-02
 0.881422186558528E-02
 0.938221423658491E-02
 0.991877683549004E-02
 0.104163031793968E-01
 0.108674290802605E-01
 0.112649920778342E-01
 0.116019621325109E-01
 0.118713960874466E-01
 0.120664542666889E-01
 0.121804891623567E-01
 0.122071865637185E-01
 0.121407212397596E-01
 0.119758889175180E-01
 0.117081918258277E-01
 0.113338776101941E-01
 0.108499498685956E-01
 0.103348145405922E-01
 0.991431053173994E-02
 0.952509967858631E-02
 0.912359830531115E-02
 0.860579336912638E-02
 0.811861085080293E-02
 0.755112409774976E-02
 0.719566758256440E-02
 0.750827462326968E-02
 0.787844725467064E-02
 0.852527487054737E-02
 0.930314764111318E-02
 0.101171090340747E-01
 0.109631018701382E-01
 0.118389504001071E-01
 0.127421762348379E-01
 0.136699769191912E-01
 0.150702720713551E-01
 0.171036955768028E-01
 0.191328024659767E-01
 0.211930207754080E-01
 0.232458476854222E-01
 0.252739684497556E-01
 0.272632741262463E-01
 0.291997177413974E-01
 0.310695585098939E-01
 0.328595449118076E-01
 0.345570442893004E-01
 0.361750591234298E-01
 0.378843735536841E-01
 0.394843581206256E-01
 0.409635240411345E-01
 0.423113061736607E-01
 0.437721245449565E-01
 0.451426804485644E-01
 0.463673284350896E-01
 0.475585187599405E-01
 0.488178489256941E-01
 0.499173806060537E-01
 0.508697995125758E-01
 0.520045613313713E-01
 0.529653935445759E-01
 0.537444081166886E-01
 0.546161290448947E-01
 0.554159682835706E-01
 0.560209955061698E-01
 0.565080064133771E-01
 0.571224769633468E-01
 0.575307683089994E-01
 0.577279997042734E-01
 0.579420106551698E-01
 0.581397134666689E-01
 0.581194106287506E-01
 0.578790796900585E-01
 0.577921456538800E-01
 0.575626730759251E-01
 0.571117850053422E-01
 0.565601655617773E-01
 0.561538535145086E-01
 0.555292806514104E-01
 0.546958712059477E-01
 0.541357229254759E-01
 0.533959830043677E-01
 0.525610495691565E-01
 0.518724567018209E-01
 0.511468557192098E-01
 0.504872168750682E-01
 0.499443253947332E-01
 0.495654955450935E-01
 0.493025457827661E-01
 0.492372487785859E-01
 0.492656585468632E-01
 0.493955807680085E-01
 0.496747532674678E-01
 0.499987542578175E-01
 0.503482518961666E-01
 0.508751394872513E-01
 0.513805284777377E-01
 0.519417973568685E-01
 0.525548467297339E-01
 0.531389688987633E-01
 0.538967076973267E-01
 0.554001846258581E-01
 0.575136038559404E-01
 0.594457381631493E-01
 0.611857508057115E-01
 0.627239291603267E-01
 0.640517224216012E-01
 0.651617530188642E-01
 0.660478257079893E-01
 0.667049464046462E-01
 0.671293493546328E-01
 0.673782275513222E-01
 0.697252804740727E-01
 0.761619217341565E-01
 0.829494446563037E-01
 0.900839876887507E-01
 0.975590320434131E-01
 0.105365297832134E+00
 0.113490707369862E+00
 0.121920417604034E+00
 0.130636897801812E+00
 0.139620020007762E+00
 0.148847140469640E+00
 0.158293169127138E+00
 0.167930638001263E+00
 0.177729782760836E+00
 0.187658648989873E+00
 0.197683231677608E+00
 0.207767653901026E+00
 0.217874384548472E+00
 0.227964483338187E+00
 0.237997849831589E+00
 0.247933451987164E+00
 0.257729525098369E+00
 0.267343757648278E+00
 0.276733499859323E+00
 0.285856027230724E+00
 0.294668863008454E+00
 0.303130127096696E+00
 0.311198860129452E+00
 0.318835285879233E+00
 0.326001014616552E+00
 0.332659226396841E+00
 0.338774879579764E+00
 0.344314962032419E+00
 0.349248763084097E+00
 0.353548124437320E+00
 0.357187641510882E+00
 0.360144818443325E+00
 0.362400201290326E+00
 0.363937507930460E+00
 0.364743749698086E+00
 0.364809324850838E+00
 0.364128074077404E+00
 0.362697313435750E+00
 0.360517872920389E+00
 0.357594151180870E+00
 0.353934159889031E+00
 0.349549508326659E+00
 0.344455296246864E+00
 0.338669933909151E+00
 0.332214953709291E+00
 0.325114878297305E+00
 0.317397159313405E+00
 0.309092134643385E+00
 0.300232921427163E+00
 0.290855192299410E+00
 0.280996851869239E+00
 0.270697687193779E+00
 0.259999068746085E+00
 0.248943728901782E+00
 0.237575584848745E+00
 0.225939548172063E+00
 0.217714603784764E+00
 0.228864162544449E+00
 0.239901689264084E+00
 0.250774583348797E+00
 0.261429559135868E+00
 0.271812855742646E+00
 0.281870505596896E+00
 0.291548639340591E+00
 0.300793779405974E+00
 0.309553095278161E+00
 0.317774639038478E+00
 0.325407605229059E+00
 0.332402637937777E+00
 0.338712158348751E+00
 0.344290654955222E+00
 0.349094898578081E+00
 0.353084101300050E+00
 0.356220082758756E+00
 0.358467497868301E+00
 0.359794122193595E+00
 0.360171133101268E+00
 0.359573315970071E+00
 0.357979173026985E+00
 0.355370977463320E+00
 0.351734843772827E+00
 0.347060855245364E+00
 0.341778226293149E+00
 0.338157016947751E+00
 0.333530283369556E+00
 0.327892749009610E+00
 0.323757876413308E+00
 0.319226498012441E+00
 0.313981885830834E+00
 0.310483171179481E+00
 0.306047832434631E+00
 0.300671254367907E+00
 0.294628356103725E+00
 0.288682473179245E+00
 0.282829960647074E+00
 0.277155716057731E+00
 0.271548640518915E+00
 0.266041865518384E+00
 0.260650525399437E+00
 0.255375505700161E+00
 0.250205387190436E+00
 0.245120480084864E+00
 0.240093552735715E+00
 0.235193534041979E+00
 0.230571268853078E+00
 0.225976022709376E+00
 0.221358135762640E+00
 0.216984239222932E+00
 0.212783055626883E+00
 0.208481742340438E+00
 0.204421395026319E+00
 0.200502066153655E+00
 0.196392929451185E+00
 0.200199673696395E+00
 0.219977707544530E+00
 0.239178167682466E+00
 0.257740243528001E+00
 0.275605684715762E+00
 0.292719160522686E+00
 0.309028555846288E+00
 0.324485184658098E+00
 0.339043965470201E+00
 0.352663612243325E+00
 0.365306844357427E+00
 0.376940563711507E+00
 0.387535943885788E+00
 0.397068433133707E+00
 0.405517738974999E+00
 0.412867874994139E+00
 0.419107293604253E+00
 0.424229046977025E+00
 0.428230879369405E+00
 0.431115189472491E+00
 0.432888881508158E+00
 0.433563184204930E+00
 0.433153512539228E+00
 0.431679387845602E+00
 0.429164370083523E+00
 0.425635941205492E+00
 0.421125317018204E+00
 0.417018367054838E+00
 0.413432697755540E+00
 0.408894908762730E+00
 0.403439076839682E+00
 0.399797057361619E+00
 0.395273788932083E+00
 0.390704176004028E+00
 0.387091514720569E+00
 0.382590328038211E+00
 0.377233020065911E+00
 0.371054904833580E+00
 0.364094104058021E+00
 0.356410473916916E+00
 0.348721709876719E+00
 0.341358838787818E+00
 0.334319749915282E+00
 0.327544805422951E+00
 0.321002853413945E+00
 0.314818433930692E+00
 0.308861453730257E+00
 0.303125314154644E+00
 0.297593471703520E+00
 0.292288557273773E+00
 0.287277515364568E+00
 0.282442369903053E+00
 0.277737820000750E+00
 0.273109234521893E+00
 0.268765676372443E+00
 0.264601509957827E+00
 0.260386182480314E+00
 0.256408941127960E+00
 0.252527820002926E+00
 0.248504306931945E+00
 0.244852446443706E+00
 0.240848859210382E+00
 0.237256669569646E+00
 0.233362958242059E+00
 0.229628009193704E+00
 0.225903228999245E+00
 0.222281364059921E+00
 0.218745355656656E+00
 0.215341290949904E+00
 0.211980389747683E+00
 0.208696965862839E+00
 0.205523173778475E+00
 0.202407839498673E+00
 0.199348654823137E+00
 0.196338180029683E+00
 0.193393076771446E+00
 0.190551800578618E+00
 0.187751975398930E+00
 0.184972982455237E+00
 0.182191314039967E+00
 0.179507666061031E+00
 0.176906145002334E+00
 0.174264517797796E+00
 0.171643942203822E+00
 0.169174243139815E+00
 0.166632578387217E+00
 0.164176470528795E+00
 0.161847370743822E+00
 0.159453427734666E+00
 0.157142017316184E+00
 0.154946853101501E+00
 0.152702196040609E+00
 0.150587162770225E+00
 0.148561939114066E+00
 0.146466747364868E+00
 0.144588937983174E+00
 0.142688633520476E+00
 0.140783991803351E+00
 0.139017648242559E+00
 0.137165344090176E+00
 0.135378499487009E+00
 0.133663305461069E+00
 0.131862753861831E+00
 0.130237659400713E+00
 0.128585226673463E+00
 0.126912035291676E+00
 0.124959792857585E+00
 0.122739966696425E+00
 0.120264952978557E+00
 0.117548013503267E+00
 0.114603199934546E+00
 0.111445269097930E+00
 0.108089597993236E+00
 0.104552105558473E+00
 0.100849180888396E+00
 0.103587891687621E+00
 0.111784037949877E+00
 0.120210161638480E+00
 0.128833923755486E+00
 0.137621058933493E+00
 0.146535477002634E+00
 0.155539394384452E+00
 0.164593512051527E+00
 0.173657240383715E+00
 0.182688949514518E+00
 0.191646211571635E+00
 0.200486010286468E+00
 0.209164919697740E+00
 0.217639277346296E+00
 0.225865379176546E+00
 0.233799702512302E+00
 0.241399139020847E+00
 0.248621212789514E+00
 0.255424273471431E+00
 0.261767675320791E+00
 0.267611960862272E+00
 0.272919058037513E+00
 0.277652483399976E+00
 0.281777536461870E+00
 0.285261477034061E+00
 0.288073691233451E+00
 0.290185860516886E+00
 0.291572143563226E+00
 0.292209364416583E+00
 0.292077182720062E+00
 0.291158217633611E+00
 0.289438114189517E+00
 0.286905571536847E+00
 0.283552374475393E+00
 0.280007908876622E+00
 0.277457427265751E+00
 0.274111040659195E+00
 0.269964078876275E+00
 0.267016490505617E+00
 0.263702097388143E+00
 0.259818828096158E+00
 0.257282444898683E+00
 0.254004018890455E+00
 0.249979772724475E+00
 0.245208860528261E+00
 0.239959112954450E+00
 0.234844576938732E+00
 0.229941172298929E+00
 0.225130511218774E+00
 0.220550078556160E+00
 0.216097778328047E+00
 0.211771126111418E+00
 0.207564232280014E+00
 0.203460655417610E+00
 0.199452762241618E+00
 0.195657861338644E+00
 0.191968246413650E+00
 0.188320408859776E+00
 0.184668859642067E+00
 0.181291652170360E+00
 0.177965921459017E+00
 0.174569259116255E+00
 0.171430098231695E+00
 0.168327419629842E+00
 0.165160300704878E+00
 0.162275090833215E+00
 0.159281011048620E+00
 0.170744283745466E+00
 0.185048142316171E+00
 0.198758557032267E+00
 0.211825693822996E+00
 0.224201840924314E+00
 0.235841650504122E+00
 0.246702335306881E+00
 0.256743821692094E+00
 0.265928897163013E+00
 0.274223388256822E+00
 0.281596364866654E+00
 0.288020324904326E+00
 0.293471308228892E+00
 0.297928930424048E+00
 0.301376383638274E+00
 0.303800474419953E+00
 0.305191733181726E+00
 0.305544561836710E+00
 0.304857342015649E+00
 0.303132445632755E+00
 0.300376157579783E+00
 0.296598578457056E+00
 0.294675827456762E+00
 0.291890054291546E+00
 0.288113355982419E+00
 0.285018259543181E+00
 0.282229007874758E+00
 0.278483135685198E+00
 0.276021832484069E+00
 0.273235976481971E+00
 0.269525417136242E+00
 0.264903589671665E+00
 0.259493197775726E+00
 0.254109368025770E+00
 0.248979840127709E+00
 0.244058053949378E+00
 0.239341923478203E+00
 0.234790026863337E+00
 0.230425913926641E+00
 0.226257164456421E+00
 0.222277585202175E+00
 0.218468223931847E+00
 0.214801567320268E+00
 0.211242333965728E+00
 0.207747963945516E+00
 0.204587039417960E+00
 0.201525578250743E+00
 0.198448222605433E+00
 0.195490467258773E+00
 0.192797152006968E+00
 0.189953060213430E+00
 0.187327783134882E+00
 0.184732647973923E+00
 0.182019881884636E+00
 0.179564318263975E+00
 0.176847250405592E+00
 0.179279217823009E+00
 0.190800732695978E+00
 0.201563318105366E+00
 0.211532585940885E+00
 0.220677575437731E+00
 0.228970850455288E+00
 0.236388528203472E+00
 0.242910300564850E+00
 0.248519498333492E+00
 0.253203195676127E+00
 0.256952303053234E+00
 0.259761595232831E+00
 0.261629669088085E+00
 0.262558880173846E+00
 0.262555316132885E+00
 0.261628817372977E+00
 0.259792993400389E+00
 0.257065165439508E+00
 0.254074937701814E+00
 0.252204584400740E+00
 0.249468564661855E+00
 0.245887512863232E+00
 0.243619328461035E+00
 0.240898405183619E+00
 0.237483908996047E+00
 0.235590867797447E+00
 0.232889206640512E+00
 0.229398642250437E+00
 0.225142009401797E+00
 0.220579397291484E+00
 0.216158468656736E+00
 0.211844097696622E+00
 0.207695708023808E+00
 0.203673959404255E+00
 0.199752784234924E+00
 0.195937291341081E+00
 0.192219835228856E+00
 0.188581775149975E+00
 0.184997627891985E+00
 0.181604136380281E+00
 0.178322201084601E+00
 0.175061546426060E+00
 0.171774122141213E+00
 0.168750241807374E+00
 0.165764664010028E+00
 0.162686187848801E+00
 0.159883981627894E+00
 0.157082056195416E+00
 0.154229863678207E+00
 0.151637604140401E+00
 0.148907600961172E+00
 0.146380370934502E+00
 0.143870298202253E+00
 0.141355525464207E+00
 0.139017935722772E+00
 0.136559236012833E+00
 0.134363820594308E+00
 0.131989924794900E+00
 0.129919563127763E+00
 0.127689498656250E+00
 0.125692877285238E+00
 0.123616639029633E+00
 0.121685657477844E+00
 0.119742976835929E+00
 0.117890064541542E+00
 0.117441766603450E+00
 0.116578465814964E+00
 0.115033379153625E+00
 0.114272195537138E+00
 0.113395555312158E+00
 0.111860287684861E+00
 0.111314937967066E+00
 0.110429781746798E+00
 0.108907556598004E+00
 0.106869257026461E+00
 0.104854031203743E+00
 0.102945559311263E+00
 0.101168524663372E+00
 0.994737143733296E-01
 0.978596655648211E-01
 0.963427282882464E-01
 0.949274913572334E-01
 0.936096122825611E-01
 0.923767766473459E-01
 0.912093450891974E-01
 0.900826794750475E-01
 0.889743681958610E-01
 0.881018389259458E-01
 0.872240720400974E-01
 0.864849595532282E-01
 0.865147282180259E-01
 0.861369623511881E-01
 0.853590625375694E-01
 0.849543355097683E-01
 0.868052285794542E-01
 0.916714529338422E-01
 0.959665083798228E-01
 0.996619893722188E-01
 0.102732282231443E+00
 0.105154761649643E+00
 0.106909930197782E+00
 0.107981466878611E+00
 0.108356213950307E+00
 0.108024170077277E+00
 0.106978539642327E+00
 0.105215830146865E+00
 0.104465326267457E+00
 0.103418865436391E+00
 0.101675928263693E+00
 0.100524756514133E+00
 0.994868048444608E-01
 0.977789147291986E-01
 0.968375869259225E-01
 0.958110061834635E-01
 0.941511979887076E-01
 0.923331674098325E-01
 0.905725890996836E-01
 0.888148775527526E-01
 0.871749422429641E-01
 0.855590060871190E-01
 0.839751087039926E-01
 0.824221865948089E-01
 0.808898187281935E-01
 0.793596575529073E-01
 0.779362474663427E-01
 0.765696955181957E-01
 0.824726292513493E-01
 0.920928100351613E-01
 0.101612652293299E+00
 0.110993090938944E+00
 0.120195564774732E+00
 0.130693399516479E+00
 0.142519149272099E+00
 0.154115452395792E+00
 0.165434298731717E+00
 0.176428769978131E+00
 0.187053222780064E+00
 0.197263438756972E+00
 0.207016785110196E+00
 0.216272421800649E+00
 0.224991548185845E+00
 0.233137638483645E+00
 0.240676609666870E+00
 0.247576906201448E+00
 0.253809542909377E+00
 0.259348173429112E+00
 0.264169223648277E+00
 0.268252068856565E+00
 0.271579190701019E+00
 0.274136260978168E+00
 0.275912152643982E+00
 0.276898925976902E+00
 0.277091838473837E+00
 0.276489384092967E+00
 0.275093324026212E+00
 0.272908668549194E+00
 0.269943608366040E+00
 0.266209435174060E+00
 0.263936237766750E+00
 0.260972252085400E+00
 0.257262444155389E+00
 0.254052358436442E+00
 0.251113249370251E+00
 0.247454632895216E+00
 0.244914272185667E+00
 0.242004282426201E+00
 0.238399008809408E+00
 0.234112107275869E+00
 0.229159976832876E+00
 0.223985759268708E+00
 0.219061038367657E+00
 0.214338832238180E+00
 0.209874823076966E+00
 0.205604891704228E+00
 0.201514420951450E+00
 0.197614219947221E+00
 0.193903924119627E+00
 0.190373279794304E+00
 0.187004086759828E+00
 0.183771332690147E+00
 0.180643318785832E+00
 0.177654646390792E+00
 0.174922190380184E+00
 0.172228680836900E+00
 0.169516493388590E+00
 0.167081925376192E+00
 0.164657257546905E+00
 0.162138365147788E+00
 0.159932639148612E+00
 0.157436744384961E+00
 0.155270766869598E+00
 0.152773746730540E+00
 0.150562739767096E+00
 0.148166421645422E+00
 0.145808436348244E+00
 0.143514122139689E+00
 0.141240632179175E+00
 0.139035135383989E+00
 0.138531768965593E+00
 0.143170221747100E+00
 0.147207130204435E+00
 0.150644710325137E+00
 0.153488275509781E+00
 0.155746204301186E+00
 0.157429817060351E+00
 0.158553211665176E+00
 0.159133129791166E+00
 0.159188889201689E+00
 0.158742355061985E+00
 0.157817887391356E+00
 0.156442220008155E+00
 0.155330660532544E+00
 0.154367589361670E+00
 0.152967015571015E+00
 0.151157144877718E+00
 0.150163999329684E+00
 0.148753017489828E+00
 0.147172799319321E+00
 0.146164106905524E+00
 0.144746899331376E+00
 0.142947907367837E+00
 0.140795621595490E+00
 0.138345684808566E+00
 0.135885842934502E+00
 0.133482551453903E+00
 0.131171995305317E+00
 0.128895858692245E+00
 0.126669986733598E+00
 0.124501990004843E+00
 0.122392429884677E+00
 0.120337542385578E+00
 0.118327625375510E+00
 0.116349905479931E+00
 0.114388507378396E+00
 0.112463144242206E+00
 0.110643690160563E+00
 0.108817234599195E+00
 0.106961401779874E+00
 0.105259216442631E+00
 0.103533970402562E+00
 0.101775626918787E+00
 0.100177675523361E+00
 0.985053478525184E-01
 0.969073971411354E-01
 0.953450195935496E-01
 0.990773464553806E-01
 0.103812146990502E+00
 0.109047226271227E+00
 0.114767914594562E+00
 0.120956541026516E+00
 0.127592423227433E+00
 0.134651888216424E+00
 0.142108354491516E+00
 0.149932460037772E+00
 0.158092195921756E+00
 0.166553022425925E+00
 0.175277984797559E+00
 0.184227867368725E+00
 0.193361403870627E+00
 0.202635515288534E+00
 0.212005518644166E+00
 0.221425271068668E+00
 0.230847270412962E+00
 0.240222779214534E+00
 0.249502032653484E+00
 0.258634535586003E+00
 0.267569392883299E+00
 0.276255599460252E+00
 0.284642253710622E+00
 0.292678717843560E+00
 0.300314782439529E+00
 0.307500877044482E+00
 0.314188322819171E+00
 0.320329589314637E+00
 0.325878523064118E+00
 0.330790551050256E+00
 0.335022890552910E+00
 0.338534789116076E+00
 0.341287779878739E+00
 0.343245904599474E+00
 0.344375863925227E+00
 0.344647101821982E+00
 0.344031880908389E+00
 0.342505413468659E+00
 0.340046067677470E+00
 0.336635603781263E+00
 0.332259362688308E+00
 0.327396378835932E+00
 0.323995366524717E+00
 0.319657692174346E+00
 0.314372838601747E+00
 0.310391460542061E+00
 0.306121525493357E+00
 0.301123506715524E+00
 0.297795745197729E+00
 0.293594843150023E+00
 0.288511547789859E+00
 0.282539842618382E+00
 0.276065804594788E+00
 0.269820090530799E+00
 0.263792232737660E+00
 0.257952643014807E+00
 0.252355203139049E+00
 0.246918758499957E+00
 0.241651978772478E+00
 0.236547006629025E+00
 0.231584055113860E+00
 0.226733337259245E+00
 0.222070661078961E+00
 0.217615425010396E+00
 0.213262831659207E+00
 0.208926113365723E+00
 0.204765614330142E+00
 0.200814556060226E+00
 0.196830383619529E+00
 0.192975877127733E+00
 0.189334421823422E+00
 0.201958358039356E+00
 0.218617591053958E+00
 0.239246409300619E+00
 0.260681143999144E+00
 0.281646713835791E+00
 0.302080244807200E+00
 0.321920367768633E+00
 0.341107366341098E+00
 0.359583406582998E+00
 0.377292852790370E+00
 0.394182607062376E+00
 0.410202387854150E+00
 0.425304901514594E+00
 0.439445929523147E+00
 0.452584399580563E+00
 0.464682499214831E+00
 0.475705840287202E+00
 0.485623636866024E+00
 0.494408853441466E+00
 0.502038312365091E+00
 0.508492782520514E+00
 0.513757071648198E+00
 0.517820113027074E+00
 0.520675007715918E+00
 0.522318991330637E+00
 0.522753340136719E+00
 0.521983277516508E+00
 0.520017944769902E+00
 0.516870449647222E+00
 0.512557937759801E+00
 0.507101599833679E+00
 0.501402791361353E+00
 0.497039506622746E+00
 0.491567422218138E+00
 0.485011181467481E+00
 0.479638957408912E+00
 0.474195415540894E+00
 0.467839074450785E+00
 0.463464518910338E+00
 0.458057305181925E+00
 0.451641011451839E+00
 0.444242490777770E+00
 0.435891769427604E+00
 0.426643641622556E+00
 0.417364468360598E+00
 0.408466564994047E+00
 0.399924080280741E+00
 0.391750993165189E+00
 0.383853662233204E+00
 0.376271265993674E+00
 0.369007368737805E+00
 0.362051828180667E+00
 0.355398100036906E+00
 0.349024448167119E+00
 0.342886415035055E+00
 0.336937399465142E+00
 0.331122732665660E+00
 0.325555286570835E+00
 0.320337494084772E+00
 0.315140171746210E+00
 0.309969338391856E+00
 0.305271922692569E+00
 0.300409176969916E+00
 0.295749525305839E+00
 0.291183102437330E+00
 0.286548147815533E+00
 0.282091199319460E+00
 0.277579581322119E+00
 0.273141969339543E+00
 0.268795317586706E+00
 0.264518992198852E+00
 0.260375319003947E+00
 0.256310430800353E+00
 0.252315022624144E+00
 0.248400198391308E+00
 0.244564882748345E+00
 0.240816796305665E+00
 0.237140531736660E+00
 0.233559406069306E+00
 0.230053975964463E+00
 0.226610496664428E+00
 0.223210878758791E+00
 0.219833371111113E+00
 0.216453222128327E+00
 0.213295176374260E+00
 0.210130295720815E+00
 0.206924143988035E+00
 0.203836078371634E+00
 0.200857616007656E+00
 0.197826880978294E+00
 0.194914412556741E+00
 0.192090878397125E+00
 0.189196709040477E+00
 0.186444554922817E+00
 0.183785601796575E+00
 0.181089840161544E+00
 0.178544705189500E+00
 0.176100200390401E+00
 0.173588268950731E+00
 0.171267832179895E+00
 0.168984390505781E+00
 0.166639070722946E+00
 0.164541014820080E+00
 0.162350708674118E+00
 0.160192574135304E+00
 0.158170622557071E+00
 0.156051849803418E+00
 0.154085794734857E+00
 0.152142447981350E+00
 0.150121132961623E+00
 0.147769914269187E+00
 0.145097793812524E+00
 0.142114853009552E+00
 0.138832177753522E+00
 0.135261785748727E+00
 0.131416576470470E+00
 0.127310302202957E+00
 0.122957539992023E+00
 0.118373643015402E+00
 0.114994880160480E+00
 0.113182152587921E+00
 0.111499368210679E+00
 0.109808419034378E+00
 0.108112751246018E+00
 0.106536112675326E+00
 0.104853297891609E+00
 0.103376527317217E+00
 0.101730257095003E+00
 0.100340894410187E+00
 0.101183610329106E+00
 0.106699069706610E+00
 0.112510381904256E+00
 0.118585743980826E+00
 0.124891342818675E+00
 0.131391596702269E+00
 0.138049471985612E+00
 0.144826791601160E+00
 0.151684460392722E+00
 0.158582590383109E+00
 0.165480575245201E+00
 0.172337191451889E+00
 0.179110778235907E+00
 0.185759493796552E+00
 0.192241603322990E+00
 0.198515751437819E+00
 0.204541199394885E+00
 0.210278034995308E+00
 0.215687367116179E+00
 0.220731501286550E+00
 0.225374083191791E+00
 0.229580212106192E+00
 0.233316556791650E+00
 0.236551521244003E+00
 0.239255483366154E+00
 0.241401076008561E+00
 0.242963436368998E+00
 0.243920353937425E+00
 0.244252301558428E+00
 0.243942401726430E+00
 0.242976412631614E+00
 0.241342793853576E+00
 0.239032850375134E+00
 0.236040900659724E+00
 0.232751701432564E+00
 0.230440463146549E+00
 0.227468067804923E+00
 0.223832227586592E+00
 0.221107363060393E+00
 0.218175566171487E+00
 0.214711310980438E+00
 0.212438852470981E+00
 0.209550010297573E+00
 0.206043283519556E+00
 0.201919863908816E+00
 0.197459418941326E+00
 0.193158808607431E+00
 0.188998481179074E+00
 0.184970869972996E+00
 0.181101338924013E+00
 0.177338595601739E+00
 0.173688391861404E+00
 0.170144055933013E+00
 0.166690992740898E+00
 0.163307642648583E+00
 0.160045716525201E+00
 0.156948595578496E+00
 0.153887702620235E+00
 0.150826262198496E+00
 0.147906309928273E+00
 0.145120869928809E+00
 0.142277083885334E+00
 0.139562842416687E+00
 0.136967537103865E+00
 0.134252965151929E+00
 0.131822996186080E+00
 0.129320041324830E+00
 0.128527919272532E+00
 0.139056809267597E+00
 0.149050296733992E+00
 0.158472740759220E+00
 0.167290717466410E+00
 0.175473085911788E+00
 0.182991136586966E+00
 0.189818809576056E+00
 0.195932924489548E+00
 0.201313361526458E+00
 0.205943166456983E+00
 0.209808591465759E+00
 0.212899101466248E+00
 0.215207368573138E+00
 0.216729263573095E+00
 0.217463849832037E+00
 0.217413391843387E+00
 0.216583391947851E+00
 0.214982651954030E+00
 0.212623327540333E+00
 0.211258743876356E+00
 0.209618924658095E+00
 0.207243129828551E+00
 0.204985701237777E+00
 0.203324724630400E+00
 0.200953513874488E+00
 0.199115809155174E+00
 0.197440277567243E+00
 0.195078221059926E+00
 0.192044126718042E+00
 0.188372280823051E+00
 0.184613211095311E+00
 0.181016139955265E+00
 0.177534329449543E+00
 0.174285865368039E+00
 0.171149130486630E+00
 0.168145157319759E+00
 0.165282376821054E+00
 0.162558493187374E+00
 0.159962704658760E+00
 0.157476348446490E+00
 0.155074490886946E+00
 0.152726857715880E+00
 0.150652612562601E+00
 0.148622870623537E+00
 0.146585697293803E+00
 0.144645565834738E+00
 0.142884796228279E+00
 0.141003769965619E+00
 0.139294787341063E+00
 0.137567718181244E+00
 0.135782383771441E+00
 0.134109466133431E+00
 0.132283056992359E+00
 0.130524525141555E+00
 0.128706150806292E+00
 0.126853187417281E+00
 0.125033829759257E+00
 0.123248764524631E+00
 0.121482625440882E+00
 0.119724495743524E+00
 0.118003010695878E+00
 0.116345381712239E+00
 0.114705125014057E+00
 0.113079906824046E+00
 0.111469744575315E+00
 0.109870668113691E+00
 0.108275145550371E+00
 0.106698646363407E+00
 0.105188215431932E+00
 0.103673203455329E+00
 0.102136613847258E+00
 0.100567370986709E+00
 0.991307652087038E-01
 0.976453398249309E-01
 0.960892807023735E-01
 0.946949496126415E-01
 0.932617525603283E-01
 0.917814711929675E-01
 0.904413795928038E-01
 0.890228790419486E-01
 0.876100072394216E-01
 0.862993449966643E-01
 0.849530147394820E-01
 0.836589936673938E-01
 0.824608139481690E-01
 0.812129581429772E-01
 0.800381838425315E-01
 0.838952801308172E-01
 0.903766984776305E-01
 0.991603889210438E-01
 0.107711262192780E+00
 0.115881565125264E+00
 0.123626122352539E+00
 0.130901599225049E+00
 0.137666652763606E+00
 0.143882063445336E+00
 0.149510870140892E+00
 0.154518520512755E+00
 0.158873041592444E+00
 0.162545230343814E+00
 0.165508856608135E+00
 0.167740858647008E+00
 0.169221500961271E+00
 0.169934466853308E+00
 0.169866880259169E+00
 0.169009283863230E+00
 0.167355622551723E+00
 0.164903274854135E+00
 0.163566793661273E+00
 0.161908235900498E+00
 0.159474444593522E+00
 0.157545604160554E+00
 0.155896780508100E+00
 0.153499115077377E+00
 0.151984355940848E+00
 0.150349206531163E+00
 0.147989822828678E+00
 0.144938707007232E+00
 0.141805149925813E+00
 0.138821638773645E+00
 0.135934099217634E+00
 0.133271795503546E+00
 0.130715317990146E+00
 0.128276961728329E+00
 0.125963049117613E+00
 0.123769244477960E+00
 0.121681733146300E+00
 0.119679310900303E+00
 0.117735121387708E+00
 0.116009800109748E+00
 0.114380934877330E+00
 0.112760738537998E+00
 0.111105652246827E+00
 0.116300913040848E+00
 0.126054075433468E+00
 0.135451762102915E+00
 0.146884399395582E+00
 0.159171962441347E+00
 0.171005938953184E+00
 0.182333979664030E+00
 0.193105396569853E+00
 0.203271425960220E+00
 0.212785499238831E+00
 0.221603498304320E+00
 0.229683970262578E+00
 0.236988286432951E+00
 0.243480751281237E+00
 0.249128688118876E+00
 0.253902537403542E+00
 0.257775993023531E+00
 0.260726175941691E+00
 0.262733817008284E+00
 0.263783407865761E+00
 0.263863288779714E+00
 0.262965669017549E+00
 0.261086602618432E+00
 0.258225954300678E+00
 0.255078981340300E+00
 0.253167278343236E+00
 0.250302712164839E+00
 0.246489222654918E+00
 0.244268466236893E+00
 0.241423759077579E+00
 0.237879329236492E+00
 0.235949031223712E+00
 0.233128936698322E+00
 0.229423167496413E+00
 0.224910494221820E+00
 0.220328500331435E+00
 0.215887873659380E+00
 0.211622878385630E+00
 0.207457892632528E+00
 0.203396001186507E+00
 0.199457146599594E+00
 0.195644055235206E+00
 0.191944372483334E+00
 0.188335058842707E+00
 0.184783608593825E+00
 0.181251556797842E+00
 0.177968387010261E+00
 0.174765496406434E+00
 0.171527185540580E+00
 0.168364741804225E+00
 0.165423038054219E+00
 0.162395485517947E+00
 0.159469537274806E+00
 0.156713987407849E+00
 0.159999810381779E+00
 0.175431018615512E+00
 0.190345997167144E+00
 0.204691845036363E+00
 0.218417786450644E+00
 0.231475416870249E+00
 0.243818952264746E+00
 0.255405450092563E+00
 0.266194978615584E+00
 0.276150730806176E+00
 0.285239100360451E+00
 0.293429749368467E+00
 0.300695693702750E+00
 0.307013415282881E+00
 0.312362989800354E+00
 0.316728205620174E+00
 0.320096650048723E+00
 0.322459749955357E+00
 0.323812767018467E+00
 0.324154757588493E+00
 0.323488512165462E+00
 0.321820491042391E+00
 0.319160770521299E+00
 0.315523006343492E+00
 0.312062223196631E+00
 0.309372628936349E+00
 0.305734299373121E+00
 0.301164375226567E+00
 0.298438148805050E+00
 0.294828381705637E+00
 0.290991841849117E+00
 0.288300730333311E+00
 0.284724148216544E+00
 0.280278718052572E+00
 0.274984182359906E+00
 0.269031220495277E+00
 0.263244294159631E+00
 0.257682231319404E+00
 0.252410124648300E+00
 0.247297729424632E+00
 0.242417518196631E+00
 0.237792004661705E+00
 0.233341731707047E+00
 0.229053946971562E+00
 0.224992712667370E+00
 0.221151418806824E+00
 0.217454726682836E+00
 0.213860711901131E+00
 0.210321238857982E+00
 0.207045438238528E+00
 0.203935500610843E+00
 0.200778379470289E+00
 0.197780028201655E+00
 0.194965009666973E+00
 0.191930210187306E+00
 0.189314298061476E+00
 0.186426769754541E+00
 0.183758000101813E+00
 0.180880301551878E+00
 0.178201553772931E+00
 0.175401858855450E+00
 0.172657364380094E+00
 0.175833289754486E+00
 0.184741908056034E+00
 0.192977043907773E+00
 0.200528055889919E+00
 0.207387493674808E+00
 0.213551126777499E+00
 0.219017944475131E+00
 0.223790113436995E+00
 0.227872891536292E+00
 0.231274513175666E+00
 0.234006072269890E+00
 0.236081425277566E+00
 0.237517119495168E+00
 0.238332331547437E+00
 0.238548789759224E+00
 0.238190657800806E+00
 0.237284372441260E+00
 0.235858446095395E+00
 0.233943255650449E+00
 0.231570838361315E+00
 0.229419702889477E+00
 0.227476160522636E+00
 0.225089321181616E+00
 0.222292007140614E+00
 0.220070583433118E+00
 0.217689912079142E+00
 0.215083242950205E+00
 0.213126062960609E+00
 0.210755825073259E+00
 0.208003388307749E+00
 0.204900865265138E+00
 0.201481426177331E+00
 0.197779081064477E+00
 0.193845633279467E+00
 0.189959029724680E+00
 0.186197352054161E+00
 0.182539374572930E+00
 0.179014570613076E+00
 0.175589869025357E+00
 0.172257454324314E+00
 0.169017617618678E+00
 0.165865170289039E+00
 0.162791746971996E+00
 0.159784892979273E+00
 0.156845286055279E+00
 0.154043705893449E+00
 0.151290291013249E+00
 0.148564789521707E+00
 0.145905954071444E+00
 0.143377184503602E+00
 0.140844573972092E+00
 0.138362115258265E+00
 0.136010756321610E+00
 0.133619161844956E+00
 0.131352328966448E+00
 0.129122414692442E+00
 0.128730699394974E+00
 0.130778831732602E+00
 0.133073972462817E+00
 0.135590747597450E+00
 0.138301782082352E+00
 0.141177866362972E+00
 0.144188104292450E+00
 0.147300046804394E+00
 0.150479823331124E+00
 0.153692283864679E+00
 0.156901161360079E+00
 0.160069259632462E+00
 0.163158666986748E+00
 0.166130989953872E+00
 0.168947594591839E+00
 0.171569837414487E+00
 0.173959269118438E+00
 0.176077805349130E+00
 0.177887876687895E+00
 0.179352584450548E+00
 0.180435888474493E+00
 0.181102835242915E+00
 0.181319809628728E+00
 0.181054777713773E+00
 0.180277491850976E+00
 0.178959648729924E+00
 0.177075012703314E+00
 0.174599527109258E+00
 0.171511432758195E+00
 0.169462738815783E+00
 0.167021497997005E+00
 0.163985847514982E+00
 0.161445330398227E+00
 0.159053643246021E+00
 0.156088297695093E+00
 0.154036290560098E+00
 0.151694163488279E+00
 0.148797830312759E+00
 0.145374410727747E+00
 0.141923553079269E+00
 0.138594167508737E+00
 0.135416789862200E+00
 0.132321955713049E+00
 0.129321115317049E+00
 0.126428783903342E+00
 0.123642166916587E+00
 0.120956844022016E+00
 0.118356978652572E+00
 0.115819492673807E+00
 0.113317773359824E+00
 0.110890831842003E+00
 0.108626965095595E+00
 0.110515327250223E+00
 0.124245572686150E+00
 0.137980742411084E+00
 0.151677791836353E+00
 0.165293287047063E+00
 0.178783458967081E+00
 0.195957207147356E+00
 0.213102432774400E+00
 0.230082969153344E+00
 0.246842837490958E+00
 0.263326022390517E+00
 0.279476743181648E+00
 0.295239750840800E+00
 0.310560613973360E+00
 0.325385962650054E+00
 0.339663682500458E+00
 0.353343077997661E+00
 0.366375036247291E+00
 0.378712214649018E+00
 0.390309256022686E+00
 0.401123018144699E+00
 0.411112800024147E+00
 0.420240551990752E+00
 0.428471062153941E+00
 0.435772113458518E+00
 0.442114606832581E+00
 0.447472652662609E+00
 0.451823644828275E+00
 0.455148340336949E+00
 0.457430963384755E+00
 0.458659333825680E+00
 0.458824996609821E+00
 0.457923316338958E+00
 0.455953509599438E+00
 0.452918613618985E+00
 0.448825417512694E+00
 0.443684394481534E+00
 0.438663669629120E+00
 0.434541166318707E+00
 0.429402662799315E+00
 0.423262369633975E+00
 0.418690820407882E+00
 0.413594924532528E+00
 0.408090322162130E+00
 0.403989679883015E+00
 0.398942404038522E+00
 0.392962192970099E+00
 0.386066159372317E+00
 0.378274772099660E+00
 0.369872973500353E+00
 0.361771079760664E+00
 0.354014310433079E+00
 0.346536556404266E+00
 0.339424965621466E+00
 0.332621381547468E+00
 0.326076813808849E+00
 0.319790730280453E+00
 0.313749638531940E+00
 0.307929483534315E+00
 0.302297697872324E+00
 0.296924657617649E+00
 0.291872285612244E+00
 0.286948916021203E+00
 0.282095327120428E+00
 0.277439371746780E+00
 0.273096702480582E+00
 0.268685871030925E+00
 0.264445746648272E+00
 0.260404820412307E+00
 0.256146874582462E+00
 0.252332800018086E+00
 0.248174519178929E+00
 0.244364074246093E+00
 0.240385615917877E+00
 0.236499939478686E+00
 0.232700378882486E+00
 0.229004613016359E+00
 0.225371805887761E+00
 0.221794884264305E+00
 0.218302416979473E+00
 0.214931740022191E+00
 0.211612979982645E+00
 0.210289357541106E+00
 0.215226720297027E+00
 0.219268590265971E+00
 0.222420858952513E+00
 0.224693092072562E+00
 0.226098442745780E+00
 0.226653561860726E+00
 0.226378514093987E+00
 0.225296705767015E+00
 0.223434818786137E+00
 0.221847224204089E+00
 0.220699970673400E+00
 0.218795836142150E+00
 0.216184712343624E+00
 0.214989511875927E+00
 0.213063321747378E+00
 0.210777489997038E+00
 0.209542861508293E+00
 0.207601247069109E+00
 0.204980569397845E+00
 0.201711404396423E+00
 0.198119898265197E+00
 0.194625699450442E+00
 0.191227585510596E+00
 0.187881854388608E+00
 0.184672022491238E+00
 0.181523598397446E+00
 0.178440008275490E+00
 0.175414811913591E+00
 0.172433301166136E+00
 0.169566394680862E+00
 0.166803430686838E+00
 0.164070048760149E+00
 0.161328408697201E+00
 0.158666071334785E+00
 0.156157190656614E+00
 0.153598314239149E+00
 0.151069746279535E+00
 0.148724608065859E+00
 0.146275882407861E+00
 0.143960775534585E+00
 0.141711256312827E+00
 0.139370488858870E+00
 0.137270149531317E+00
 0.135010661286231E+00
 0.132968943530289E+00
 0.130867580811077E+00
 0.128829998428314E+00
 0.126868625922556E+00
 0.124865529710898E+00
 0.123026879247566E+00
 0.121076269163489E+00
 0.119351505887028E+00
 0.117468449533091E+00
 0.115845801898181E+00
 0.114035790035646E+00
 0.112506659445902E+00
 0.110770919444386E+00
 0.109325061212653E+00
 0.107664475727216E+00
 0.106019989707763E+00
 0.104399830311432E+00
 0.107135632547286E+00
 0.115686004782009E+00
 0.124337149418042E+00
 0.133865243446590E+00
 0.144646147081166E+00
 0.155550718373016E+00
 0.166527129525433E+00
 0.177522778383493E+00
 0.188484495528462E+00
 0.199358769099410E+00
 0.210091999435473E+00
 0.220630783246161E+00
 0.230922206905002E+00
 0.240914115828123E+00
 0.250555334443068E+00
 0.259795837494510E+00
 0.268586901844361E+00
 0.276881278420471E+00
 0.284633408217829E+00
 0.291799674679553E+00
 0.298338659207211E+00
 0.304211363813743E+00
 0.309381384432369E+00
 0.313815043666703E+00
 0.317481504620232E+00
 0.320352882400127E+00
 0.322404356602649E+00
 0.323614280421551E+00
 0.323964284657683E+00
 0.323439380143562E+00
 0.322028059322952E+00
 0.319722385723306E+00
 0.316518049654369E+00
 0.312414372607930E+00
 0.308255681237273E+00
 0.305056563740106E+00
 0.300985039221136E+00
 0.296044180263213E+00
 0.292638765097296E+00
 0.288628000968874E+00
 0.284261128803806E+00
 0.281126411586019E+00
 0.277178405494382E+00
 0.272420352702607E+00
 0.266858734230617E+00
 0.260881594278583E+00
 0.255117208273942E+00
 0.249530986826453E+00
 0.244145922045020E+00
 0.238955027028639E+00
 0.233910640865184E+00
 0.229020507574216E+00
 0.224277183067815E+00
 0.219662419453369E+00
 0.215149307732057E+00
 0.210767770825318E+00
 0.206616662299193E+00
 0.202554244819693E+00
 0.198505979954812E+00
 0.194582011502312E+00
 0.190887751003502E+00
 0.187159569539942E+00
 0.183516318996320E+00
 0.180105523529537E+00
 0.176585659924817E+00
 0.173299812785898E+00
 0.170074595799749E+00
 0.166815600140741E+00
 0.181049273545072E+00
 0.195015538699104E+00
 0.208371321503348E+00
 0.221079787947013E+00
 0.233106845163894E+00
 0.244421291441977E+00
 0.254994934416802E+00
 0.264802665522152E+00
 0.273822497880972E+00
 0.282035594338012E+00
 0.289426315165094E+00
 0.295982295671689E+00
 0.301694534998475E+00
 0.306557459992773E+00
 0.310568935240837E+00
 0.313730216457643E+00
 0.316045870211833E+00
 0.317523690866003E+00
 0.318174632836439E+00
 0.318012755144381E+00
 0.317055161949916E+00
 0.315321924551459E+00
 0.312835981260779E+00
 0.309623019536463E+00
 0.306907210441513E+00
 0.304375722793516E+00
 0.301139533349884E+00
 0.297226245607477E+00
 0.294651010344086E+00
 0.291419553475306E+00
 0.288148992000741E+00
 0.285585054769220E+00
 0.282364432417809E+00
 0.278513432730081E+00
 0.274060518734878E+00
 0.269036193990870E+00
 0.263486557006027E+00
 0.257943238258083E+00
 0.252656374382038E+00
 0.247640053216357E+00
 0.242805011187519E+00
 0.238222663036527E+00
 0.233861860048938E+00
 0.229683581442125E+00
 0.225682978196582E+00
 0.221847566647648E+00
 0.218157866098756E+00
 0.214632706103351E+00
 0.211341600695711E+00
 0.208158332053268E+00
 0.205038482956293E+00
 0.201972032654582E+00
 0.199196033267279E+00
 0.196369752916922E+00
 0.193570341471609E+00
 0.190960541435769E+00
 0.188124200481875E+00
 0.185624290964391E+00
 0.182819028607399E+00
 0.180252506826556E+00
 0.177534728397494E+00
 0.174857868358908E+00
 0.172228993664998E+00
 0.169622749660658E+00
 0.167095679337925E+00
 0.164601235032084E+00
 0.162153607527859E+00
 0.159745037046998E+00
 0.157374245785604E+00
 0.155046763780229E+00
 0.152763821231356E+00
 0.150522800550715E+00
 0.148317481385619E+00
 0.146138554476709E+00
 0.143973670826989E+00
 0.141807759234871E+00
 0.139724258754178E+00
 0.137681553389575E+00
 0.135613808176164E+00
 0.133543223926516E+00
 0.131595679101524E+00
 0.129608345396704E+00
 0.127650495235634E+00
 0.125802311216398E+00
 0.123900909019435E+00
 0.122026322083608E+00
 0.120254749721100E+00
 0.118445559055937E+00
 0.116696341837609E+00
 0.115067081953871E+00
 0.113423412728064E+00
 0.111808762975145E+00
 0.110327784201156E+00
 0.108806657880490E+00
 0.107353295919899E+00
 0.105976770786321E+00
 0.104527977401115E+00
 0.103208938182751E+00
 0.101859564537600E+00
 0.100485992988639E+00
 0.992480241694130E-01
 0.979478745790048E-01
 0.967141326894114E-01
 0.952702853526488E-01
 0.936257688470775E-01
 0.917906901984664E-01
 0.897757739278195E-01
 0.875923190369395E-01
 0.852521575581564E-01
 0.827676037718563E-01
 0.801513907712914E-01
 0.774166001753665E-01
 0.745765936033213E-01
 0.716449504166883E-01
 0.758502851018477E-01
 0.848028699511159E-01
 0.938615964869937E-01
 0.102991382226839E+00
 0.112156154661228E+00
 0.121318998193317E+00
 0.130442269733975E+00
 0.141850664823533E+00
 0.153387633017139E+00
 0.164871012343577E+00
 0.176252388200714E+00
 0.187482811890932E+00
 0.198513045508282E+00
 0.209293791318341E+00
 0.219775905198436E+00
 0.229910609467259E+00
 0.239649718088743E+00
 0.248945870523604E+00
 0.257752757054737E+00
 0.266025322654876E+00
 0.273719955418864E+00
 0.280794681151586E+00
 0.287209381544690E+00
 0.292926030680418E+00
 0.297908922011266E+00
 0.302124855505827E+00
 0.305543276045633E+00
 0.308136383120839E+00
 0.309879245487207E+00
 0.310749942041833E+00
 0.310729721896063E+00
 0.309803154894636E+00
 0.307958245040457E+00
 0.305186500785682E+00
 0.301482979095512E+00
 0.298211950636337E+00
 0.295421324369112E+00
 0.291726901290582E+00
 0.287354469732420E+00
 0.284569402487976E+00
 0.280912038876177E+00
 0.277219854428684E+00
 0.274446225045531E+00
 0.270829711196383E+00
 0.266369834228182E+00
 0.261076455139649E+00
 0.255576985724227E+00
 0.250257345657485E+00
 0.245072901602625E+00
 0.240117381259957E+00
 0.235280074872450E+00
 0.230583852332623E+00
 0.226034101319368E+00
 0.221621900490719E+00
 0.217326862097375E+00
 0.213119225758302E+00
 0.208963759016134E+00
 0.205087619396288E+00
 0.201298176230143E+00
 0.197505923501078E+00
 0.193782779726675E+00
 0.190321633000686E+00
 0.186811249025871E+00
 0.183353494911015E+00
 0.180140415515278E+00
 0.176794530076020E+00
 0.173684442049285E+00
 0.178279911183859E+00
 0.194152481263031E+00
 0.209421988470972E+00
 0.224034402297883E+00
 0.237937884012410E+00
 0.251083037924769E+00
 0.263423140526045E+00
 0.274914326164447E+00
 0.285515735908497E+00
 0.295189655367949E+00
 0.303901662460973E+00
 0.311620783658954E+00
 0.318319637965600E+00
 0.323974548589031E+00
 0.328565621364782E+00
 0.332076808500468E+00
 0.334495977850406E+00
 0.335814989413822E+00
 0.336029758289838E+00
 0.335140277721014E+00
 0.333150593849683E+00
 0.330068751036259E+00
 0.325906739285064E+00
 0.323568257950060E+00
 0.320458863693832E+00
 0.316301560695261E+00
 0.312702989324808E+00
 0.309594185652165E+00
 0.305473796743988E+00
 0.302593130132091E+00
 0.299491939280853E+00
 0.295412961370093E+00
 0.290371582852664E+00
 0.284440910275713E+00
 0.278478899784339E+00
 0.272764901981505E+00
 0.267238151058026E+00
 0.262010580217734E+00
 0.256951743822504E+00
 0.252087519604955E+00
 0.247426386832188E+00
 0.242962181571076E+00
 0.238677039938792E+00
 0.234543466572050E+00
 0.230526071819092E+00
 0.226657217452814E+00
 0.223126900585085E+00
 0.219651280207960E+00
 0.216167568896958E+00
 0.212931987989298E+00
 0.209866206930379E+00
 0.206650432093376E+00
 0.203772071172163E+00
 0.200832187876687E+00
 0.197860328829602E+00
 0.195087378646951E+00
 0.192110328693541E+00
 0.189316184261068E+00
 0.197349426920492E+00
 0.209394577336675E+00
 0.220656426139903E+00
 0.231104355469884E+00
 0.240711205041785E+00
 0.249453330118261E+00
 0.257310669954935E+00
 0.264266831948028E+00
 0.270309170552993E+00
 0.275428830627114E+00
 0.279620740580005E+00
 0.282883568776402E+00
 0.285219673450229E+00
 0.286635067676771E+00
 0.287139394368827E+00
 0.286745885136600E+00
 0.285471279696102E+00
 0.283335706314466E+00
 0.280362546542449E+00
 0.277290642921638E+00
 0.275120192464877E+00
 0.272137147707632E+00
 0.268367531174733E+00
 0.265815212851477E+00
 0.262847252291577E+00
 0.259306543618183E+00
 0.257116738656527E+00
 0.254168429805779E+00
 0.250486455256825E+00
 0.246098351696476E+00
 0.241147344189012E+00
 0.236280015556082E+00
 0.231548734510816E+00
 0.226961286866351E+00
 0.222467200555092E+00
 0.218144750374282E+00
 0.213945474670158E+00
 0.209840958317044E+00
 0.205859738773608E+00
 0.202034324057084E+00
 0.198308166215315E+00
 0.194645614213562E+00
 0.191011338146781E+00
 0.187506968648086E+00
 0.184188589986525E+00
 0.180847421344622E+00
 0.177532141483103E+00
 0.174478834987497E+00
 0.171349512172141E+00
 0.168306229069887E+00
 0.165443166530219E+00
 0.162424105158034E+00
 0.159740593379304E+00
 0.156954096793525E+00
 0.154262275804477E+00
 0.151689116998572E+00
 0.149040587525852E+00
 0.146641296395799E+00
 0.144068510611738E+00
 0.141821028507190E+00
 0.139385760575846E+00
 0.137234593044711E+00
 0.134967022246894E+00
 0.132881674708495E+00
 0.130763287654966E+00
 0.128755110366593E+00
 0.126764018828343E+00
 0.124842693581718E+00
 0.122782816622363E+00
 0.120778467190729E+00
 0.118814612786028E+00
 0.116930934984675E+00
 0.115058332102894E+00
 0.113253333248476E+00
 0.111497460243390E+00
 0.109775925302933E+00
 0.108091098379688E+00
 0.106442802140483E+00
 0.104829288132768E+00
 0.103247953193045E+00
 0.101695888285803E+00
 0.100222748390370E+00
 0.988083341812347E-01
 0.974296496809238E-01
 0.960821534970337E-01
 0.947584999668087E-01
 0.935089067917144E-01
 0.923530890810828E-01
 0.911991530610085E-01
 0.900213333267601E-01
 0.889894653115714E-01
 0.879426528595131E-01
 0.868245633540126E-01
 0.858970493147240E-01
 0.848800048608443E-01
 0.838910850920403E-01
 0.829693797760519E-01
 0.819325171711571E-01
 0.806503416787626E-01
 0.791319334576902E-01
 0.773872327775282E-01
 0.754269806115695E-01
 0.732626627210079E-01
 0.709064593092353E-01
 0.683711949996045E-01
 0.656702823316956E-01
 0.628176567246167E-01
 0.598277068166849E-01
 0.567152059112103E-01
 0.541406228093331E-01
 0.530205957202791E-01
 0.519711215233717E-01
 0.509498782003224E-01
 0.499461516304247E-01
 0.489589131754614E-01
 0.571440628912687E-01
 0.660935290104318E-01
 0.751699077681866E-01
 0.843377421370964E-01
 0.935606652244691E-01
 0.102801645001501E+00
 0.112023216177700E+00
 0.121187681218746E+00
 0.132406141971337E+00
 0.144026269427186E+00
 0.155570269332592E+00
 0.166990583366493E+00
 0.178239811077263E+00
 0.189270906039937E+00
 0.200037347735452E+00
 0.210493318684224E+00
 0.220593911826422E+00
 0.230295367504097E+00
 0.239555313918363E+00
 0.248332980136773E+00
 0.256589369537572E+00
 0.264287407652440E+00
 0.271392090236427E+00
 0.277870646316953E+00
 0.283692707855412E+00
 0.288830463362719E+00
 0.293258779936077E+00
 0.296955299775137E+00
 0.299900532758339E+00
 0.302077960669774E+00
 0.303474145644126E+00
 0.304078816569281E+00
 0.303884911226748E+00
 0.302888577032268E+00
 0.301089157660657E+00
 0.298489194428420E+00
 0.295094447859052E+00
 0.291176942601285E+00
 0.288558796558493E+00
 0.285169913575790E+00
 0.281019294422645E+00
 0.277637158566056E+00
 0.274280415539112E+00
 0.270188849935217E+00
 0.267530955934610E+00
 0.264210070280376E+00
 0.260179374992205E+00
 0.255450630230110E+00
 0.250038448003598E+00
 0.244436488547017E+00
 0.239081147264132E+00
 0.233928169978743E+00
 0.229041564315615E+00
 0.224352616350601E+00
 0.219848682780615E+00
 0.215541532901426E+00
 0.211431914438611E+00
 0.207511380611153E+00
 0.203763616532871E+00
 0.200165464222951E+00
 0.196687241391451E+00
 0.193358952732716E+00
 0.190305913081333E+00
 0.187308011282890E+00
 0.184305684076613E+00
 0.181561998750447E+00
 0.178872345862671E+00
 0.176049058370557E+00
 0.173600740044241E+00
 0.170868425773791E+00
 0.168417788753241E+00
 0.165676251414889E+00
 0.163216447133168E+00
 0.160584389235841E+00
 0.158014483704194E+00
 0.155492261902539E+00
 0.153033828881740E+00
 0.150615792419103E+00
 0.148229173269179E+00
 0.153157471469207E+00
 0.157592435466486E+00
 0.161345452302804E+00
 0.164417881927998E+00
 0.166814267172902E+00
 0.168542317625648E+00
 0.169612895371420E+00
 0.170039976622006E+00
 0.169840576067993E+00
 0.169034644320433E+00
 0.167644960639352E+00
 0.166404661465810E+00
 0.165550113194747E+00
 0.164129054502725E+00
 0.162166440030748E+00
 0.161235233696078E+00
 0.159798390354644E+00
 0.158039608179226E+00
 0.157121372480099E+00
 0.155674102976071E+00
 0.153721498770357E+00
 0.151289590250250E+00
 0.148636608785491E+00
 0.146054242371422E+00
 0.143536845258082E+00
 0.141068363340276E+00
 0.138690949202491E+00
 0.136358202050991E+00
 0.134072278960831E+00
 0.131827943292769E+00
 0.129613438428834E+00
 0.127474676548359E+00
 0.125421687828887E+00
 0.123383109191247E+00
 0.121333443683052E+00
 0.119341400608990E+00
 0.117463670747289E+00
 0.115535702327880E+00
 0.113636373208977E+00
 0.111869722000715E+00
 0.110006622624810E+00
 0.108274138837322E+00
 0.106550883695392E+00
 0.104768597554432E+00
 0.103177355140475E+00
 0.101428082242959E+00
 0.998992931163448E-01
 0.982606256723202E-01
 0.967279692437243E-01
 0.951962989271226E-01
 0.936746728626210E-01
 0.922489292959826E-01
 0.907510509962918E-01
 0.894296049582832E-01
 0.930088975293387E-01
 0.100502533954340E+00
 0.108307908330708E+00
 0.116393597719265E+00
 0.125389809097854E+00
 0.135233265321075E+00
 0.145428174772776E+00
 0.155932265228765E+00
 0.166700994097504E+00
 0.177687766779610E+00
 0.188844167061560E+00
 0.200120173071060E+00
 0.211464352711930E+00
 0.222824054024591E+00
 0.234145611447054E+00
 0.245374576233175E+00
 0.256455961374992E+00
 0.267334484401802E+00
 0.277954800635243E+00
 0.288261735122483E+00
 0.298200527755432E+00
 0.307717095619990E+00
 0.316758297904491E+00
 0.325272179429518E+00
 0.333208179965051E+00
 0.340517320879756E+00
 0.347152397841562E+00
 0.353068202132636E+00
 0.358221767091617E+00
 0.362572611366165E+00
 0.366082947651689E+00
 0.368717846333059E+00
 0.370445369791351E+00
 0.371236703387593E+00
 0.371066296960052E+00
 0.369912009302838E+00
 0.367755237002194E+00
 0.364581016288446E+00
 0.360378102988682E+00
 0.355139044560144E+00
 0.351262149569539E+00
 0.347082509397151E+00
 0.341898149632066E+00
 0.336864465554097E+00
 0.332738340817813E+00
 0.327642790163257E+00
 0.323532649387589E+00
 0.319462941872500E+00
 0.314456676854374E+00
 0.308511443389252E+00
 0.301703429150677E+00
 0.294885250424062E+00
 0.288277107767781E+00
 0.281975699609196E+00
 0.275808157545515E+00
 0.269829724258761E+00
 0.264062038291253E+00
 0.258497425149281E+00
 0.253127900343529E+00
 0.247941698509089E+00
 0.242905161530472E+00
 0.237971281956950E+00
 0.233093438849688E+00
 0.228469356824028E+00
 0.224039080758271E+00
 0.219595330774842E+00
 0.215244497288635E+00
 0.211197383888798E+00
 0.207072422802415E+00
 0.203096030225623E+00
 0.199330072384015E+00
 0.214352311703575E+00
 0.235460133211140E+00
 0.256169593450725E+00
 0.276323010621596E+00
 0.295861639137116E+00
 0.314728807737250E+00
 0.332870144676026E+00
 0.350233790144717E+00
 0.366770589471914E+00
 0.382434275773620E+00
 0.397181653114967E+00
 0.410972777527857E+00
 0.423771117123604E+00
 0.435543671634483E+00
 0.446261050028917E+00
 0.455897527982209E+00
 0.464431114661459E+00
 0.471843642542118E+00
 0.478120866520294E+00
 0.483252540990220E+00
 0.487232449338144E+00
 0.490058384252839E+00
 0.491732100333510E+00
 0.492259265474101E+00
 0.491649422421865E+00
 0.489915950642843E+00
 0.487076008958351E+00
 0.483150447723702E+00
 0.478163694111785E+00
 0.472808122089346E+00
 0.468827249833819E+00
 0.463817748341362E+00
 0.457807026210449E+00
 0.452687963694462E+00
 0.447697392060774E+00
 0.441741411741154E+00
 0.437667874995858E+00
 0.432704142254263E+00
 0.426808258122686E+00
 0.420009425690411E+00
 0.412339678772981E+00
 0.403833821143249E+00
 0.395139995796038E+00
 0.386797651246161E+00
 0.378728826985868E+00
 0.371083689600551E+00
 0.363680733541476E+00
 0.356549263163209E+00
 0.349704269071451E+00
 0.343146596358229E+00
 0.336864697862886E+00
 0.330836302925104E+00
 0.325029855189030E+00
 0.319404873549047E+00
 0.313911730260332E+00
 0.308753940850396E+00
 0.303811517513771E+00
 0.298890316552574E+00
 0.294082047786620E+00
 0.289612243886849E+00
 0.284976953228644E+00
 0.280624504111060E+00
 0.276240102106976E+00
 0.271873577211090E+00
 0.267597821210111E+00
 0.263318132619890E+00
 0.259056781947061E+00
 0.254878338682962E+00
 0.250792327768906E+00
 0.246788457070943E+00
 0.242873830213919E+00
 0.239053068169985E+00
 0.235276455790326E+00
 0.231561274547128E+00
 0.227917484058723E+00
 0.224348859855428E+00
 0.220853980869761E+00
 0.217427481107615E+00
 0.214060549661022E+00
 0.210741235698471E+00
 0.207454879770028E+00
 0.204213317823658E+00
 0.201122845823746E+00
 0.198077872704932E+00
 0.195024966180068E+00
 0.192093119558323E+00
 0.189260206181109E+00
 0.186411850838406E+00
 0.183597654185053E+00
 0.180981221211369E+00
 0.178329859028644E+00
 0.175679130091060E+00
 0.173273138156997E+00
 0.170821761454383E+00
 0.168390135943332E+00
 0.166179947285895E+00
 0.163888521166243E+00
 0.161749369723519E+00
 0.159632481217301E+00
 0.157446057892092E+00
 0.155474827130558E+00
 0.153450204157435E+00
 0.151537543125018E+00
 0.161654332628333E+00
 0.172072910675245E+00
 0.182773621705401E+00
 0.193734647512572E+00
 0.204932366291024E+00
 0.216341711318261E+00
 0.227936394984401E+00
 0.239688886954015E+00
 0.251570125333251E+00
 0.263549054661459E+00
 0.275592173909237E+00
 0.287663307150554E+00
 0.299723764119228E+00
 0.311732942418399E+00
 0.323649271429931E+00
 0.335431270605075E+00
 0.347038449626805E+00
 0.358431831037429E+00
 0.369573993936001E+00
 0.380428671031675E+00
 0.390960052338812E+00
 0.401132047259800E+00
 0.410907809011483E+00
 0.420249784018886E+00
 0.429120384853724E+00
 0.437483141834141E+00
 0.445303980743169E+00
 0.452552217319911E+00
 0.459200984511223E+00
 0.465227043740975E+00
 0.470610157914601E+00
 0.475332332570841E+00
 0.479377237375776E+00
 0.482730025980108E+00
 0.485377620600516E+00
 0.487309367176552E+00
 0.488517847471655E+00
 0.488999593609058E+00
 0.488755495884637E+00
 0.487790801769371E+00
 0.486114733483424E+00
 0.483739866884717E+00
 0.480681484658535E+00
 0.476957114713578E+00
 0.472586379843217E+00
 0.467591145093616E+00
 0.461995820869317E+00
 0.455827628334615E+00
 0.449116676905910E+00
 0.441895800919668E+00
 0.434200193154436E+00
 0.426066923470292E+00
 0.417534445890690E+00
 0.408642191417581E+00
 0.399430316111577E+00
 0.389939617175885E+00
 0.380211555814373E+00
 0.370288270514531E+00
 0.360212461928853E+00
 0.350027083745981E+00
 0.339774855041830E+00
 0.329497683195735E+00
 0.319236127486262E+00
 0.309029027173765E+00
 0.298913358206947E+00
 0.288924284152454E+00
 0.279095274704112E+00
 0.269458136374858E+00
 0.260042859676891E+00
 0.250877299708976E+00
 0.241986799466338E+00
 0.233393884460687E+00
 0.225118108383628E+00
 0.217176059113717E+00
 0.209581483402779E+00
 0.202345465640013E+00
 0.195476590394956E+00
 0.188981025794042E+00
 0.182862491648784E+00
 0.177122122180872E+00
 0.171758280207416E+00
 0.166766404356137E+00
 0.162138963466504E+00
 0.157865560006295E+00
 0.153933180289023E+00
 0.150326545979939E+00
 0.147028494043490E+00
 0.144020317261416E+00
 0.142836949037958E+00
 0.144594985312640E+00
 0.145820835687382E+00
 0.146516943200373E+00
 0.146688132725032E+00
 0.147370236668151E+00
 0.147885275907072E+00
 0.147863358828950E+00
 0.147314188536736E+00
 0.146249468611726E+00
 0.144683022764648E+00
 0.142814875171150E+00
 0.141707903022741E+00
 0.140117469083984E+00
 0.138515066399630E+00
 0.137378280679261E+00
 0.135775806828079E+00
 0.134514581634090E+00
 0.133355326167303E+00
 0.131746586661785E+00
 0.129703578637873E+00
 0.128131012395209E+00
 0.129144871502851E+00
 0.129890277234570E+00
 0.130903402500656E+00
 0.131643723671565E+00
 0.132108600718860E+00
 0.132297291287141E+00
 0.132671448006016E+00
 0.132990578339657E+00
 0.133403498900118E+00
 0.133534182984598E+00
 0.133384262383911E+00
 0.133475795008177E+00
 0.133302374500261E+00
 0.132858974056433E+00
 0.132150431787072E+00
 0.131183017194983E+00
 0.129964376906674E+00
 0.128503394340035E+00
 0.126809999720218E+00
 0.124894996731158E+00
 0.122769962733039E+00
 0.120447233367723E+00
 0.117939930898909E+00
 0.115460487550998E+00
 0.113181716827155E+00
 0.111055590697129E+00
 0.109044171417313E+00
 0.107120040714005E+00
 0.105276761301708E+00
 0.103499684278235E+00
 0.101767111253949E+00
 0.100051611317151E+00
 0.983221608466886E-01
 0.966434083816525E-01
 0.949560867555428E-01
 0.932214440425607E-01
 0.915466275809160E-01
 0.897668109574682E-01
 0.880715439909428E-01
 0.862564109176922E-01
 0.845024417143173E-01
 0.826619940252149E-01
 0.807964573525089E-01
 0.789408791956198E-01
 0.771261816965373E-01
 0.752302582269159E-01
 0.733740057152290E-01
 0.714717360745642E-01
 0.694730237720733E-01
 0.673887906086540E-01
 0.653822167315745E-01
 0.633125665731018E-01
 0.611744505185696E-01
 0.598875729419351E-01
 0.586937142112809E-01
 0.575763666007736E-01
 0.564907836405178E-01
 0.554190496553433E-01
 0.544191223513985E-01
 0.534565169607657E-01
 0.525000332869643E-01
 0.515914075452015E-01
 0.507893923309149E-01
 0.499845262812314E-01
 0.491614368197476E-01
 0.484582885078135E-01
 0.477393583895817E-01
 0.470004157455667E-01
 0.463406206646934E-01
 0.456461781442589E-01
 0.449845577371497E-01
 0.441937254902518E-01
 0.432792335343366E-01
 0.422471739596338E-01
 0.411041354922822E-01
 0.398571526055543E-01
 0.386275625422929E-01
 0.394429392364131E-01
 0.402253758311541E-01
 0.409705464881615E-01
 0.416747572690704E-01
 0.423349244957665E-01
 0.429485249207153E-01
 0.435135369997687E-01
 0.440283972813984E-01
 0.444919897978564E-01
 0.449036676169982E-01
 0.452632837787550E-01
 0.455712016610881E-01
 0.458282715920629E-01
 0.460357878152290E-01
 0.461954513669575E-01
 0.463093480153916E-01
 0.463799234750834E-01
 0.464396922257318E-01
 0.465064983353514E-01
 0.465326756119279E-01
 0.465212240370483E-01
 0.464754119712272E-01
 0.463986924041063E-01
 0.463496189906403E-01
 0.462719174360695E-01
 0.461672212095552E-01
 0.460391116311813E-01
 0.458910148657499E-01
 0.457262443271284E-01
 0.455480884640312E-01
 0.453598685755061E-01
 0.451649228878768E-01
 0.449665290624773E-01
 0.447678151509194E-01
 0.445717035482749E-01
 0.443808946095806E-01
 0.441978630707840E-01
 0.440248410336446E-01
 0.438637912605872E-01
 0.437163992502072E-01
 0.435841025385795E-01
 0.434681381761160E-01
 0.433695631331321E-01
 0.432892185809360E-01
 0.432276574778310E-01
 0.431886827333901E-01
 0.431940877588558E-01
 0.432171006614403E-01
 0.432571116354615E-01
 0.433133225576769E-01
 0.433847198888017E-01
 0.434700954130861E-01
 0.435681166463685E-01
 0.436774164171211E-01
 0.437966563457249E-01
 0.439245360258922E-01
 0.440597585653665E-01
 0.442009924336198E-01
 0.443468639989172E-01
 0.444959818798748E-01
 0.446469676587696E-01
 0.447984736427610E-01
 0.449491965775288E-01
 0.450979109068694E-01
 0.452435260463663E-01
 0.453851380596509E-01
 0.455220351199606E-01
 0.456536439363135E-01
 0.457794474846834E-01
 0.458989250699208E-01
 0.460115487833278E-01
 0.461168334376100E-01
 0.462144084748308E-01
 0.463040741794317E-01
 0.463858167419028E-01
 0.464597774351897E-01
 0.465261923088345E-01
 0.465853317779939E-01
 0.466374656843328E-01
 0.466828598302250E-01
 0.467217903795813E-01
 0.467545603325577E-01
 0.467815162872585E-01
 0.468030728056621E-01
 0.468197397420388E-01
 0.468321266570775E-01
 0.468408978718679E-01
 0.468466842008734E-01
 0.468499976588295E-01
 0.468512032303690E-01
 0.468505649116972E-01
 0.468483323291614E-01
 0.468448121742821E-01
 0.468403887280296E-01
 0.468354955993474E-01
 0.468305645075308E-01
 0.468259769148921E-01
 0.468220327634891E-01
 0.468189401161220E-01
 0.468168219855536E-01
 0.468157312661616E-01
 0.468156657487331E-01
 0.468165842711331E-01
 0.468184314389686E-01
 0.468211689015044E-01
 0.468247917950095E-01
 0.468293057834154E-01
 0.468346691564665E-01
 0.468407437120235E-01
 0.468473033383160E-01
 0.468541040746808E-01
 0.468609628156877E-01
 0.468677820625881E-01
 0.468745086654803E-01
 0.468810749258793E-01
 0.468873792784980E-01
 0.468933155624591E-01
 0.468988096035362E-01
 0.469038219287821E-01
 0.469083189976253E-01
 0.469122495518866E-01
 0.469155523912176E-01
 0.469181859763051E-01
 0.469201520472050E-01
 0.469214994275602E-01
 0.469223153875224E-01
 0.469227143553980E-01
 0.469228229586432E-01
 0.469227590975103E-01
 0.469226146879038E-01
 0.469224561658285E-01
 0.469223413104141E-01
 0.469223334083069E-01
 0.469224999435017E-01
 0.469229077519947E-01
 0.469236356478239E-01
 0.469248008999632E-01
 0.469265657683964E-01
 0.469290978901505E-01
 0.469325044131259E-01
 0.469367939266970E-01
 0.469418991193368E-01
 0.469477364042796E-01
 0.469542495572392E-01
 0.469614136702955E-01
 0.469692240983770E-01
 0.469777019716221E-01
 0.469869079778990E-01
 0.469969263306743E-01
 0.470078066273758E-01
 0.470195056708568E-01
 0.470318856664673E-01
 0.470447757442536E-01
 0.470580443006640E-01
 0.470716272385195E-01
 0.470855101880449E-01
 0.470997046666619E-01
 0.471142418825826E-01
 0.471291637434616E-01
 0.471444837851226E-01
 0.471601343240620E-01
 0.471759525188484E-01
 0.471917333652787E-01
 0.472073138229946E-01
 0.472226224122401E-01
 0.472376663974861E-01
 0.472524871279018E-01
 0.472671263202600E-01
 0.472816087982810E-01
 0.472959196929941E-01
 0.473099756917957E-01
 0.473236262922543E-01
 0.473367112244326E-01
 0.473491427697060E-01
 0.473609441201176E-01
 0.473722095383152E-01
 0.473830255964349E-01
 0.473934229826802E-01
 0.474033844941264E-01
 0.474128742501583E-01
 0.474218474964604E-01
 0.474302461919592E-01
 0.474380140995302E-01
 0.474451361206418E-01
 0.474516619514189E-01
 0.474576800144953E-01
 0.474632628866637E-01
 0.474684394484354E-01
 0.474732148164954E-01
 0.474775991852706E-01
 0.474816002427697E-01
 0.474851914960932E-01
 0.474883139360984E-01
 0.474909350208094E-01
 0.474931120654429E-01
 0.474949846284731E-01
 0.474966891519525E-01
 0.474982729419339E-01
 0.474996851981613E-01
 0.475008406668091E-01
 0.475016844478121E-01
 0.475022074871487E-01
 0.475024320152412E-01
 0.475024105594316E-01
 0.475028039875112E-01
 0.475030939489192E-01
 0.475030507584836E-01
 0.475027878792979E-01
 0.475024649231276E-01
 0.475021900612715E-01
 0.475019645818588E-01
 0.475017120138107E-01
 0.475013475924042E-01
 0.475008167532868E-01
 0.475000892638524E-01
 0.474991561955164E-01
 0.474980593112238E-01
 0.474969142193841E-01
 0.474958696271794E-01
 0.474950128102394E-01
 0.474943055078601E-01
 0.474936164482568E-01
 0.474928197464564E-01
 0.474918660660600E-01
 0.474907777169782E-01
 0.474896090031542E-01
 0.474884346116418E-01
 0.474873619465666E-01
 0.474865076162122E-01
 0.474859188152721E-01
 0.474855098422008E-01
 0.474850990868877E-01
 0.474845356290994E-01
 0.474838043090768E-01
 0.474830162570074E-01
 0.474823108696508E-01
 0.474817757044685E-01
 0.474814439027551E-01
 0.474813247610334E-01
 0.474813972622645E-01
 0.474815742342362E-01
 0.474817121788596E-01
 0.474816985318520E-01
 0.474815438940081E-01
 0.474813797646758E-01
 0.474817164524642E-01
 0.474822351957474E-01
 0.474826742677532E-01
 0.474830488485660E-01
 0.474833645698546E-01
 0.474838004462586E-01
 0.474843620214336E-01
 0.474847162393908E-01
 0.474853442360385E-01
 0.474862515404818E-01
 0.474870664202447E-01
 0.474876477343117E-01
 0.474880171589575E-01
 0.474883046564857E-01
 0.474886253607657E-01
 0.474890570507475E-01
 0.474895028310075E-01
 0.474900805602586E-01
 0.474907424239965E-01
 0.474913941252455E-01
 0.474918833206100E-01
 0.474921125800035E-01
 0.474921298102049E-01
 0.474923971552450E-01
 0.474928127986176E-01
 0.474929964932652E-01
 0.474930072109885E-01
 0.474929116257348E-01
 0.474931437564168E-01
 0.474933243497232E-01
 0.474933081298582E-01
 0.474931619520536E-01
 0.474935500152155E-01
 0.474937807891039E-01
 0.474937030234532E-01
 0.474933405184046E-01
 0.474928495444084E-01
 0.474923937371493E-01
 0.474920654097456E-01
 0.474918956636081E-01
 0.474918821769938E-01
 0.474919696962021E-01
 0.474920216503354E-01
 0.474918673554495E-01
 0.474914226672430E-01
 0.474907717337165E-01
 0.474901154227544E-01
 0.474896295038354E-01
 0.474893680451980E-01
 0.474892834473807E-01
 0.474892991676231E-01
 0.474893350722599E-01
 0.474892835102532E-01
 0.474890236697952E-01
 0.474885136474522E-01
 0.474878735534827E-01
 0.474875904896662E-01
 0.474875844297935E-01
 0.474873663978044E-01
 0.474874820024598E-01
 0.474877265949611E-01
 0.474878290032940E-01
 0.474877544978926E-01
 0.474875175536058E-01
 0.474871805529263E-01
 0.474874734345520E-01
 0.474878397388307E-01
 0.474879800975622E-01
 0.474878814008665E-01
 0.474880118805703E-01
 0.474883981466941E-01
 0.474885751388010E-01
 0.474885932516979E-01
 0.474888031505402E-01
 0.474893380241870E-01
 0.474898385013122E-01
 0.474902225003406E-01
 0.474904152578168E-01
 0.474904408191701E-01
