 0.162144093884144E-08
 0.285695034926231E-07
 0.167350384118366E-06
 0.608032642799459E-06
 0.167819156171650E-05
 0.386827618596350E-05
 0.785061999404225E-05
 0.144969241957291E-04
 0.248992760195927E-04
 0.403976823739497E-04
 0.626137306612109E-04
 0.934868325511091E-04
 0.135307866937513E-03
 0.190745485138710E-03
 0.262862523128673E-03
 0.355122828931810E-03
 0.471391103830956E-03
 0.615929168238818E-03
 0.793391202552071E-03
 0.100881853101930E-02
 0.126763241672247E-02
 0.157562210463896E-02
 0.193892552090859E-02
 0.236400148025422E-02
 0.285759427684544E-02
 0.342669322143359E-02
 0.407849032338996E-02
 0.482033869712370E-02
 0.565971278524714E-02
 0.660416991718928E-02
 0.766131184835914E-02
 0.883874512827472E-02
 0.101440401934408E-01
 0.115846902648837E-01
 0.131680717077849E-01
 0.149014071549507E-01
 0.167917316749524E-01
 0.188458612290327E-01
 0.210703622138849E-01
 0.234715212534937E-01
 0.260553153663375E-01
 0.288273837029491E-01
 0.317930026933954E-01
 0.349570662995987E-01
 0.383240720884655E-01
 0.418981123819616E-01
 0.456828684624659E-01
 0.496816053890534E-01
 0.538971657106106E-01
 0.583319619687021E-01
 0.629879696436765E-01
 0.678667233100665E-01
 0.729693187121546E-01
 0.782964222019410E-01
 0.838482869462860E-01
 0.896247733440480E-01
 0.956253701512121E-01
 0.101849213528258E+00
 0.108295103476780E+00
 0.114961519931916E+00
 0.121846642668623E+00
 0.128948378984023E+00
 0.136264400580970E+00
 0.143792187084525E+00
 0.151529069900801E+00
 0.159472268552913E+00
 0.167618913331043E+00
 0.175966052699027E+00
 0.184510649431156E+00
 0.193249573241352E+00
 0.202179597903781E+00
 0.211297407698856E+00
 0.220599613249634E+00
 0.230082772397692E+00
 0.239743408564529E+00
 0.249578017002525E+00
 0.259583048769984E+00
 0.269754864516236E+00
 0.280089656508633E+00
 0.290583346909310E+00
 0.301231479331911E+00
 0.312029124296133E+00
 0.322970814631508E+00
 0.334050515602852E+00
 0.345261621241450E+00
 0.356596958146629E+00
 0.368048773908977E+00
 0.379608689883030E+00
 0.391267606453616E+00
 0.403015561697396E+00
 0.414841559018633E+00
 0.426733392030963E+00
 0.438677500787597E+00
 0.450658888618407E+00
 0.462661113132216E+00
 0.474666343142964E+00
 0.486655453787974E+00
 0.498608123187500E+00
 0.510502899291871E+00
 0.522317221790573E+00
 0.534027402738668E+00
 0.545608582625771E+00
 0.557034682762812E+00
 0.568278372751150E+00
 0.579311068081736E+00
 0.590102969388099E+00
 0.600623149437950E+00
 0.610839684405943E+00
 0.620719814724709E+00
 0.630230114945587E+00
 0.639336657674015E+00
 0.648005172327542E+00
 0.656201215106932E+00
 0.663890369907996E+00
 0.671038485813774E+00
 0.677611932104868E+00
 0.683577831533785E+00
 0.688904230925491E+00
 0.693560189150275E+00
 0.697515797941771E+00
 0.700742184889402E+00
 0.703211564823123E+00
 0.704897398200984E+00
 0.705774685812778E+00
 0.705820388476646E+00
 0.705013920939653E+00
 0.703337641320443E+00
 0.700777248248294E+00
 0.697322011462357E+00
 0.692964798157964E+00
 0.687701910011134E+00
 0.681532799326086E+00
 0.674459767466822E+00
 0.666487750075449E+00
 0.657624260891639E+00
 0.647879513357065E+00
 0.637266686874872E+00
 0.625802267722841E+00
 0.613506377995494E+00
 0.600403007688320E+00
 0.586520083261980E+00
 0.571889340693521E+00
 0.556546019021410E+00
 0.540528439992824E+00
 0.523877571681320E+00
 0.506636672238144E+00
 0.488851071057627E+00
 0.470568082967310E+00
 0.451836992638047E+00
 0.432709016550252E+00
 0.413237161241966E+00
 0.393475943524656E+00
 0.373480999329265E+00
 0.353308655093692E+00
 0.333015548097318E+00
 0.312658355606280E+00
 0.292293641073792E+00
 0.274179708429836E+00
 0.265029533864247E+00
 0.256990686437941E+00
 0.249165391649416E+00
 0.242277483841824E+00
 0.235476403023515E+00
 0.229360934136850E+00
 0.223132960397356E+00
 0.217726202640767E+00
 0.211873649160507E+00
 0.207075670033432E+00
 0.201915235892922E+00
 0.197255442471385E+00
 0.192754837983000E+00
 0.188092734264050E+00
 0.184225585261626E+00
 0.179958109449666E+00
 0.176311240910710E+00
 0.172671234853446E+00
 0.168917478521672E+00
 0.165880929846078E+00
 0.162472802637323E+00
 0.159570824969649E+00
 0.156743433932745E+00
 0.153670956056871E+00
 0.151379374818088E+00
 0.148728753274269E+00
 0.145722453610798E+00
 0.142400912970694E+00
 0.139397169445890E+00
 0.136499170343844E+00
 0.133586114339216E+00
 0.130796834922392E+00
 0.128156774997720E+00
 0.132685535404914E+00
 0.145688142292969E+00
 0.158595495700753E+00
 0.171358850719909E+00
 0.183929024090043E+00
 0.196256545502700E+00
 0.208291843059293E+00
 0.219985504462775E+00
 0.231288636397732E+00
 0.242153306301329E+00
 0.252533008794484E+00
 0.262383074562229E+00
 0.271660948250573E+00
 0.280326304516450E+00
 0.288341030853796E+00
 0.295669156044568E+00
 0.302276822242466E+00
 0.308132379870010E+00
 0.313206636940266E+00
 0.317473236639541E+00
 0.320909088157422E+00
 0.323494750382546E+00
 0.325214674595518E+00
 0.326057251537336E+00
 0.326014670777122E+00
 0.325082665507878E+00
 0.323260257470807E+00
 0.320549614828673E+00
 0.316956089089979E+00
 0.312702799693581E+00
 0.309926510623161E+00
 0.306295169711838E+00
 0.301818419379525E+00
 0.298162266970564E+00
 0.294562382932219E+00
 0.290147784779518E+00
 0.287230711469843E+00
 0.283668017014056E+00
 0.279318420959182E+00
 0.274194655936381E+00
 0.268515949000896E+00
 0.262917053236584E+00
 0.257402559961355E+00
 0.252032819283062E+00
 0.246734624333026E+00
 0.241545387227735E+00
 0.236485976284907E+00
 0.231566550872380E+00
 0.226788430370222E+00
 0.222143687204181E+00
 0.217614763904999E+00
 0.213174077732257E+00
 0.208802117668390E+00
 0.204771667973481E+00
 0.200787925849645E+00
 0.196809684459171E+00
 0.193002389581425E+00
 0.189405945194531E+00
 0.185738496470155E+00
 0.182254160517754E+00
 0.178922687067992E+00
 0.175443342759198E+00
 0.172360501941374E+00
 0.169162815428134E+00
 0.166060885754779E+00
 0.163125495556562E+00
 0.160043202958055E+00
 0.157340933702663E+00
 0.154397472535518E+00
 0.151818376084206E+00
 0.149090443181739E+00
 0.149254414471113E+00
 0.152387892992552E+00
 0.154747297555564E+00
 0.156342350418515E+00
 0.157185811010620E+00
 0.157293424075669E+00
 0.156684005776625E+00
 0.155379601757561E+00
 0.155051388808085E+00
 0.154377841933251E+00
 0.153029438336654E+00
 0.151734457002215E+00
 0.151022310402984E+00
 0.149658070026182E+00
 0.148548791845651E+00
 0.147804023675349E+00
 0.146428545661355E+00
 0.144445345705340E+00
 0.142234400857672E+00
 0.140151890217488E+00
 0.138184399527508E+00
 0.136277476079108E+00
 0.134505583663789E+00
 0.132791722762649E+00
 0.131137951651431E+00
 0.129535265076357E+00
 0.127967603933525E+00
 0.126466030564664E+00
 0.125086987420989E+00
 0.123716916777853E+00
 0.122317819640544E+00
 0.120952111090009E+00
 0.119733649396660E+00
 0.118413997619914E+00
 0.117123548101318E+00
 0.115934285112561E+00
 0.114530891624492E+00
 0.113406403607676E+00
 0.112023078559385E+00
 0.110805177751741E+00
 0.109362615594023E+00
 0.108079339450830E+00
 0.106479218517154E+00
 0.105155658884500E+00
 0.103469196030707E+00
 0.101965973528949E+00
 0.100274901091123E+00
 0.985169214519019E-01
 0.968465451158732E-01
 0.951331696344420E-01
 0.934842842184762E-01
 0.919140434237315E-01
 0.904107115058502E-01
 0.889410164231191E-01
 0.875061005744937E-01
 0.880518109950910E-01
 0.968697786308567E-01
 0.105889504615494E+00
 0.115070593174614E+00
 0.125962956580191E+00
 0.137408677996479E+00
 0.149052160391649E+00
 0.160840722731788E+00
 0.172720775887882E+00
 0.184637790253654E+00
 0.196536237904359E+00
 0.208359621122523E+00
 0.220050661955529E+00
 0.231551663631564E+00
 0.242804989971776E+00
 0.253753567734059E+00
 0.264341313593871E+00
 0.274513422204525E+00
 0.284216509876254E+00
 0.293398665778860E+00
 0.302009495294465E+00
 0.310000235096505E+00
 0.317323980475664E+00
 0.323936010945710E+00
 0.329794154399560E+00
 0.334859111680359E+00
 0.339094678212901E+00
 0.342467839494876E+00
 0.344948765791014E+00
 0.346510769032861E+00
 0.347130296923261E+00
 0.346787020418229E+00
 0.345464027808042E+00
 0.343148088314746E+00
 0.339829911273162E+00
 0.335504319855399E+00
 0.331457172393418E+00
 0.328135979231764E+00
 0.323837531998092E+00
 0.318590729710487E+00
 0.315293353293842E+00
 0.311053062971334E+00
 0.306676684796142E+00
 0.303407607335159E+00
 0.299227780692789E+00
 0.294136438144166E+00
 0.288140914717434E+00
 0.281914189833546E+00
 0.275945566931893E+00
 0.270213153191994E+00
 0.264704569109601E+00
 0.259461609105883E+00
 0.254401136165950E+00
 0.249529123200474E+00
 0.244835902768440E+00
 0.240298978375683E+00
 0.235886203641644E+00
 0.231668573088582E+00
 0.227712948049907E+00
 0.223825097120053E+00
 0.219948011814012E+00
 0.216276078283728E+00
 0.212810198611958E+00
 0.209237904555300E+00
 0.205885634738971E+00
 0.202627107215637E+00
 0.199176678718828E+00
 0.196164987673936E+00
 0.204205062860785E+00
 0.221700396048819E+00
 0.239948481275661E+00
 0.257617913179819E+00
 0.274658879501391E+00
 0.291023893993976E+00
 0.306667956795485E+00
 0.321548740683256E+00
 0.335626793238029E+00
 0.348865742626489E+00
 0.361232489067287E+00
 0.372697354904293E+00
 0.383234164925176E+00
 0.392820247358308E+00
 0.401436382147434E+00
 0.409066754677555E+00
 0.415698973707338E+00
 0.421324174049360E+00
 0.425937168665206E+00
 0.429536577845362E+00
 0.432124869580448E+00
 0.433708289249938E+00
 0.434296707693038E+00
 0.433903443051379E+00
 0.432545103134611E+00
 0.430241465806039E+00
 0.427015389046395E+00
 0.422892734316672E+00
 0.417902292923906E+00
 0.414034302393999E+00
 0.409885126941252E+00
 0.404895311574194E+00
 0.399523918773306E+00
 0.395383378613819E+00
 0.390432579996466E+00
 0.386002400078793E+00
 0.381877318972453E+00
 0.376970331789666E+00
 0.371310726869248E+00
 0.364930020183157E+00
 0.357862034979573E+00
 0.350297846121308E+00
 0.342901823093681E+00
 0.335770304537325E+00
 0.328818740682049E+00
 0.322160483335286E+00
 0.315680710572500E+00
 0.309390897754789E+00
 0.303289280687082E+00
 0.297363806328152E+00
 0.291594232702184E+00
 0.285953283990487E+00
 0.280484859328060E+00
 0.275281814424882E+00
 0.270167485416182E+00
 0.265101122772913E+00
 0.260216076662296E+00
 0.255568992254946E+00
 0.250906519903950E+00
 0.246374301858896E+00
 0.242100187886203E+00
 0.237739903582850E+00
 0.233643911421772E+00
 0.229629559813415E+00
 0.225552192411815E+00
 0.221866926444498E+00
 0.218010377535970E+00
 0.214459432656972E+00
 0.210893142931730E+00
 0.207409946030315E+00
 0.204115873480173E+00
 0.200722804483965E+00
 0.197672927216056E+00
 0.194398182740307E+00
 0.191552012347559E+00
 0.188437232960299E+00
 0.185735123730074E+00
 0.182733913557792E+00
 0.179779941776068E+00
 0.176911841447667E+00
 0.174113503985323E+00
 0.171418564847262E+00
 0.168766772103775E+00
 0.166215122217459E+00
 0.163741746546350E+00
 0.161329873470207E+00
 0.158980680005247E+00
 0.156692631263858E+00
 0.154461519441749E+00
 0.152281199682678E+00
 0.150148971069042E+00
 0.148136966149796E+00
 0.146170955676878E+00
 0.144238729075930E+00
 0.142326041995618E+00
 0.140461922729673E+00
 0.138725303623447E+00
 0.136982417220820E+00
 0.135211385103329E+00
 0.133601138233273E+00
 0.131981624717068E+00
 0.130298690577847E+00
 0.128815372762305E+00
 0.127266975422245E+00
 0.125725094583095E+00
 0.124307396088546E+00
 0.122721974941466E+00
 0.120877356129792E+00
 0.118783459231483E+00
 0.116451010802449E+00
 0.113891493702993E+00
 0.111117085651213E+00
 0.108140590605880E+00
 0.104975369822228E+00
 0.101635278456901E+00
 0.981346091282241E-01
 0.944880391063941E-01
 0.907105758246794E-01
 0.927548677005122E-01
 0.100553813614341E+00
 0.108574316724405E+00
 0.116784561023993E+00
 0.125150964216145E+00
 0.133638332832387E+00
 0.142209977103132E+00
 0.150827794661099E+00
 0.159452355349422E+00
 0.168043031484995E+00
 0.176558206364002E+00
 0.184955560000953E+00
 0.193192392825748E+00
 0.201225928702965E+00
 0.209013550615861E+00
 0.216512958013469E+00
 0.223682272297541E+00
 0.230480136117871E+00
 0.236865847456538E+00
 0.242799549909956E+00
 0.248242479264217E+00
 0.253157250453043E+00
 0.257508157836610E+00
 0.261261453894462E+00
 0.264385570100024E+00
 0.266851255411374E+00
 0.268631634550388E+00
 0.269702221525277E+00
 0.270040946545346E+00
 0.269628250931216E+00
 0.268447272010447E+00
 0.266484092510514E+00
 0.263727991136169E+00
 0.260381303859468E+00
 0.258386590378915E+00
 0.255622960488002E+00
 0.252083395058610E+00
 0.249252590321034E+00
 0.246504068146533E+00
 0.243006963982876E+00
 0.240747426758825E+00
 0.238018707546687E+00
 0.234566897665214E+00
 0.230388797015712E+00
 0.225795700768235E+00
 0.221368610255617E+00
 0.217131204672201E+00
 0.213039567069975E+00
 0.209073194638804E+00
 0.205334222146917E+00
 0.201717237566410E+00
 0.198215658316570E+00
 0.194815116342802E+00
 0.191634083545034E+00
 0.188560964992921E+00
 0.185560167804367E+00
 0.182591514357267E+00
 0.179713517354307E+00
 0.177071006294787E+00
 0.174379401618746E+00
 0.171685368676881E+00
 0.169263033688406E+00
 0.166668477739649E+00
 0.164258892191677E+00
 0.161810274188144E+00
 0.159339270133031E+00
 0.171567348295066E+00
 0.185810703503332E+00
 0.199503601538009E+00
 0.212596403908952E+00
 0.225041387315629E+00
 0.236792819385458E+00
 0.247807116743457E+00
 0.258043102421761E+00
 0.267462327323953E+00
 0.276029385977445E+00
 0.283712157023500E+00
 0.290481931623384E+00
 0.296313439981066E+00
 0.301184824509411E+00
 0.305077621821714E+00
 0.307976801829907E+00
 0.309870879783876E+00
 0.310752080993370E+00
 0.310616512179941E+00
 0.309464286259208E+00
 0.307299560136119E+00
 0.304130472855889E+00
 0.300180660502511E+00
 0.297972227638785E+00
 0.294788849064171E+00
 0.290642443219898E+00
 0.287546217609034E+00
 0.284375794032816E+00
 0.280275479150964E+00
 0.277822134176676E+00
 0.274670359912882E+00
 0.270619900608598E+00
 0.265685709545547E+00
 0.260195014006655E+00
 0.254829715802676E+00
 0.249680787364551E+00
 0.244602846731846E+00
 0.239749459510567E+00
 0.235034989131916E+00
 0.230438585441904E+00
 0.225953360705909E+00
 0.221560337418806E+00
 0.217333774902573E+00
 0.213298260086901E+00
 0.209330768924968E+00
 0.205387263338951E+00
 0.201480911296439E+00
 0.197920044347218E+00
 0.194314845076492E+00
 0.190615383243394E+00
 0.187369298268589E+00
 0.184003545001132E+00
 0.180633431086817E+00
 0.177590561325050E+00
 0.174342647665386E+00
 0.171404573238868E+00
 0.168432304488854E+00
 0.165847107232783E+00
 0.176494414373460E+00
 0.186367528302497E+00
 0.195434163787368E+00
 0.203665604198999E+00
 0.211036828695753E+00
 0.217526531927690E+00
 0.223117069216862E+00
 0.227794385492501E+00
 0.231547985832739E+00
 0.234370980576085E+00
 0.236260199612732E+00
 0.237216334324886E+00
 0.237244046287739E+00
 0.236351987687384E+00
 0.234552708235418E+00
 0.231862465635145E+00
 0.230276212253202E+00
 0.228445170599436E+00
 0.225749057579847E+00
 0.223163006502941E+00
 0.221319910532140E+00
 0.218640947541841E+00
 0.216511212316123E+00
 0.214661991006715E+00
 0.212004534475162E+00
 0.208557236694307E+00
 0.204693120352824E+00
 0.200971619326364E+00
 0.197416044951439E+00
 0.193980022144371E+00
 0.190644866593135E+00
 0.187481688198910E+00
 0.184438236595207E+00
 0.181481439938939E+00
 0.178695536435604E+00
 0.176026882386077E+00
 0.173435632234520E+00
 0.170882635264341E+00
 0.168322194892621E+00
 0.166022021701395E+00
 0.163754855252787E+00
 0.161392445919011E+00
 0.159247687603331E+00
 0.157120378971840E+00
 0.154825507709002E+00
 0.152891278170611E+00
 0.150649330032712E+00
 0.148681489134814E+00
 0.146464609188204E+00
 0.144437251132361E+00
 0.142139088805984E+00
 0.140081186190786E+00
 0.137736507675277E+00
 0.135542104877192E+00
 0.137665685484730E+00
 0.141226132517094E+00
 0.144032207698445E+00
 0.146079240986160E+00
 0.147366015696595E+00
 0.147894649287067E+00
 0.147670556311089E+00
 0.146702498991194E+00
 0.145002682477604E+00
 0.143359196715176E+00
 0.142367816799889E+00
 0.140666290385407E+00
 0.138523258137537E+00
 0.137519670534332E+00
 0.135830422618838E+00
 0.134008780831654E+00
 0.132997479534393E+00
 0.131322877306409E+00
 0.129013008903540E+00
 0.126537381615573E+00
 0.124129449549550E+00
 0.121738889060172E+00
 0.119476053772419E+00
 0.117250076949878E+00
 0.115068906957207E+00
 0.112933697226636E+00
 0.110835415770672E+00
 0.108757469604531E+00
 0.106748369395095E+00
 0.104860940598413E+00
 0.102971706198991E+00
 0.101048472672677E+00
 0.992046774173090E-01
 0.974874629099635E-01
 0.956861269928179E-01
 0.939426518194063E-01
 0.923365185539879E-01
 0.905902681426092E-01
 0.890466593782632E-01
 0.874719077465159E-01
 0.900296901200711E-01
 0.946911824206766E-01
 0.987196052820939E-01
 0.102089513719496E+00
 0.104778641944315E+00
 0.106767870926668E+00
 0.108041159834819E+00
 0.108585515415655E+00
 0.108391049553534E+00
 0.107451124556343E+00
 0.105893614115851E+00
 0.105667263556820E+00
 0.104717231877072E+00
 0.103054783373242E+00
 0.102431685804053E+00
 0.101481161503828E+00
 0.998794397336201E-01
 0.994094492987841E-01
 0.984616567722466E-01
 0.969387412408908E-01
 0.953878421311560E-01
 0.939456552131236E-01
 0.925352665425556E-01
 0.912416749561791E-01
 0.899917339908758E-01
 0.887972489160962E-01
 0.876578444850106E-01
 0.865629087580502E-01
 0.854934424594350E-01
 0.844497760172063E-01
 0.835804714908528E-01
 0.904654690155285E-01
 0.100411822486992E+00
 0.110262295210699E+00
 0.119977074355400E+00
 0.129516829864170E+00
 0.138842867600737E+00
 0.148685186687243E+00
 0.160710686344897E+00
 0.172461720683242E+00
 0.183890298353255E+00
 0.194949546899380E+00
 0.205594005835513E+00
 0.215779951417336E+00
 0.225465700902195E+00
 0.234611842326267E+00
 0.243181358720207E+00
 0.251139658135272E+00
 0.258454563672864E+00
 0.265096336769443E+00
 0.271037788600542E+00
 0.276254485964613E+00
 0.280725004992674E+00
 0.284431157316254E+00
 0.287358123535683E+00
 0.289494470256532E+00
 0.290832075631984E+00
 0.291366019426143E+00
 0.291094495379645E+00
 0.290018781314788E+00
 0.288143270944316E+00
 0.285475544504048E+00
 0.282026439466949E+00
 0.278055906991553E+00
 0.275380603376232E+00
 0.271947793025107E+00
 0.267771231677084E+00
 0.264447620735186E+00
 0.261056335831301E+00
 0.256966176391205E+00
 0.254324077749400E+00
 0.250976062358382E+00
 0.246935563377503E+00
 0.242218592500184E+00
 0.236936304325599E+00
 0.231734998192402E+00
 0.226691506458691E+00
 0.221818907150814E+00
 0.217054531044149E+00
 0.212492093933240E+00
 0.208064941472215E+00
 0.203751812890281E+00
 0.199539103003911E+00
 0.195524316613663E+00
 0.191633441959743E+00
 0.187826153312472E+00
 0.184068839126273E+00
 0.180352321278617E+00
 0.176936554672286E+00
 0.173518320052182E+00
 0.170057467986741E+00
 0.166900040805924E+00
 0.163742010884555E+00
 0.160507625382175E+00
 0.157645283926653E+00
 0.154653144614216E+00
 0.151787962930821E+00
 0.149052549308792E+00
 0.146185146208353E+00
 0.143691291639340E+00
 0.140994704627638E+00
 0.138579123846738E+00
 0.136095109239135E+00
 0.133723946801890E+00
 0.131439517710040E+00
 0.131912942684198E+00
 0.135644606117076E+00
 0.138791737969472E+00
 0.141362355196445E+00
 0.143367256075148E+00
 0.144819871228354E+00
 0.145736174920927E+00
 0.146134665689646E+00
 0.146036383821767E+00
 0.145464906298684E+00
 0.144446264376555E+00
 0.143731576502274E+00
 0.143111609489194E+00
 0.142057729417400E+00
 0.140597426970018E+00
 0.139934753473454E+00
 0.138859275712811E+00
 0.137591216624687E+00
 0.136903201091536E+00
 0.135810584079995E+00
 0.134339031297619E+00
 0.132515958423927E+00
 0.130462426262363E+00
 0.128488867341898E+00
 0.126615691660215E+00
 0.124809897830690E+00
 0.123119796134322E+00
 0.121505885712872E+00
 0.119959108252367E+00
 0.118477315882736E+00
 0.117052296352288E+00
 0.115670162700732E+00
 0.114335718291862E+00
 0.113111350074160E+00
 0.111902327990857E+00
 0.110676923670759E+00
 0.109511547236922E+00
 0.108408006476918E+00
 0.107215420359551E+00
 0.106147039330228E+00
 0.105003330516868E+00
 0.103876419531487E+00
 0.102723831629302E+00
 0.101556800347842E+00
 0.100315885530059E+00
 0.991245789421867E-01
 0.992995654719609E-01
 0.104356486284744E+00
 0.109868130116051E+00
 0.115816619732709E+00
 0.122181154891789E+00
 0.128938001542071E+00
 0.136060528706989E+00
 0.143519316700831E+00
 0.151282329923133E+00
 0.159315122419873E+00
 0.167581038546927E+00
 0.176041385148850E+00
 0.184655574060934E+00
 0.193381250239274E+00
 0.202174424908048E+00
 0.210989628381438E+00
 0.219780091045917E+00
 0.228497956626213E+00
 0.237094526757384E+00
 0.245520527077156E+00
 0.253726375066003E+00
 0.261662426383401E+00
 0.269279185535624E+00
 0.276527485993657E+00
 0.283358663406825E+00
 0.289724751018292E+00
 0.295578714135998E+00
 0.300874717410274E+00
 0.305568398854574E+00
 0.309617120080640E+00
 0.312980175110184E+00
 0.315618961244125E+00
 0.317497131185180E+00
 0.318580747366105E+00
 0.318838449127117E+00
 0.318241630451822E+00
 0.316764618958088E+00
 0.314384846934452E+00
 0.311083007328272E+00
 0.306843187297416E+00
 0.303236687184078E+00
 0.299944581305166E+00
 0.295742630435050E+00
 0.291077357568135E+00
 0.287820104379325E+00
 0.283685012393648E+00
 0.279833295247488E+00
 0.276613892880801E+00
 0.272546449535794E+00
 0.267620212549439E+00
 0.261941624117221E+00
 0.256309273116618E+00
 0.250948252930204E+00
 0.245804772181368E+00
 0.240867578545866E+00
 0.236099118375055E+00
 0.231519438547809E+00
 0.227131599584472E+00
 0.222924207266730E+00
 0.218874011631511E+00
 0.214948505436096E+00
 0.211107926106950E+00
 0.207391205477811E+00
 0.203971391647931E+00
 0.200561594867143E+00
 0.197102059932675E+00
 0.193986579632034E+00
 0.190859611738746E+00
 0.187609285167316E+00
 0.202117183629743E+00
 0.219048294529010E+00
 0.235630451697668E+00
 0.255638850768496E+00
 0.276959573344885E+00
 0.297830080216284E+00
 0.318187096627931E+00
 0.337968755106836E+00
 0.357114853806808E+00
 0.375567113808496E+00
 0.393269424682063E+00
 0.410168070871626E+00
 0.426211935145311E+00
 0.441352678601292E+00
 0.455544900397683E+00
 0.468746284974451E+00
 0.480917748106831E+00
 0.492023591806994E+00
 0.502031669604864E+00
 0.510913550977409E+00
 0.518644664333220E+00
 0.525204399256983E+00
 0.530576161401452E+00
 0.534747390200303E+00
 0.537709560176310E+00
 0.539458185197888E+00
 0.539992833874177E+00
 0.539317151040622E+00
 0.537438871974806E+00
 0.534369814906150E+00
 0.530125841632735E+00
 0.524726782553903E+00
 0.518196329100441E+00
 0.513277903528809E+00
 0.507860852054691E+00
 0.501347345236600E+00
 0.494606399852484E+00
 0.489216028833695E+00
 0.482768335670226E+00
 0.477239207560625E+00
 0.471883357532973E+00
 0.465506627611087E+00
 0.458134751224978E+00
 0.449796786259077E+00
 0.440525003001736E+00
 0.430959397283239E+00
 0.421716468622556E+00
 0.412756795167769E+00
 0.404139926964795E+00
 0.395748141241149E+00
 0.387614361834231E+00
 0.379750562099796E+00
 0.372152982050254E+00
 0.364801901555787E+00
 0.357667746149525E+00
 0.350711674101333E+00
 0.343888750236829E+00
 0.337250931237715E+00
 0.331004369163365E+00
 0.324818823977035E+00
 0.318639556045215E+00
 0.312877907110303E+00
 0.307221731484530E+00
 0.301480517440654E+00
 0.296231713222938E+00
 0.290961717055494E+00
 0.285707543858739E+00
 0.280876019340361E+00
 0.275845083992912E+00
 0.271236014214453E+00
 0.266594298791506E+00
 0.262052313397027E+00
 0.257771645956411E+00
 0.253358132686205E+00
 0.249376929074027E+00
 0.245129919442196E+00
 0.241400613175956E+00
 0.237401815284183E+00
 0.233826153913312E+00
 0.230070135206335E+00
 0.226632645239653E+00
 0.222957330500097E+00
 0.219368330742265E+00
 0.215878946600525E+00
 0.212511123047921E+00
 0.209182717536043E+00
 0.205994763893157E+00
 0.202883461337975E+00
 0.199845796000717E+00
 0.196887123454591E+00
 0.194008407933455E+00
 0.191206902637047E+00
 0.188476696328658E+00
 0.185809044634393E+00
 0.183192935212211E+00
 0.180650195743458E+00
 0.178250909616459E+00
 0.175889885612790E+00
 0.173548668898115E+00
 0.171206375953609E+00
 0.169071848282228E+00
 0.166938660882442E+00
 0.164766095230250E+00
 0.162735497979130E+00
 0.160753405938120E+00
 0.158688766849783E+00
 0.156818956346247E+00
 0.154923096928823E+00
 0.152977917527695E+00
 0.151245887688249E+00
 0.149244000168292E+00
 0.146908805280057E+00
 0.144248922021913E+00
 0.141274023365773E+00
 0.137994802403603E+00
 0.134422943745330E+00
 0.130571087171699E+00
 0.128468478767196E+00
 0.127086039517576E+00
 0.125679814079779E+00
 0.124231935884708E+00
 0.122761596531546E+00
 0.121271345600318E+00
 0.119637533884712E+00
 0.118124844828113E+00
 0.116369446648480E+00
 0.114720939666622E+00
 0.113012256695822E+00
 0.111321723366804E+00
 0.109657677084417E+00
 0.107998570626492E+00
 0.106395977079817E+00
 0.104806822587538E+00
 0.103238038081090E+00
 0.101694850436046E+00
 0.104985425844811E+00
 0.111696896562181E+00
 0.118580183148664E+00
 0.125596220573980E+00
 0.132704841877020E+00
 0.139864993339361E+00
 0.147034947522212E+00
 0.154172507656860E+00
 0.161235201352955E+00
 0.168180468595840E+00
 0.174965853942529E+00
 0.181549211753228E+00
 0.187888926271666E+00
 0.193944139676564E+00
 0.199674976261232E+00
 0.205042752310050E+00
 0.210010167384844E+00
 0.214541479350927E+00
 0.218602668936947E+00
 0.222161599147631E+00
 0.225188172224144E+00
 0.227654484385011E+00
 0.229534977190206E+00
 0.230806583292569E+00
 0.231448862538817E+00
 0.231444122179840E+00
 0.230777514285893E+00
 0.229437106335802E+00
 0.227413927258655E+00
 0.224701997944710E+00
 0.221928615715315E+00
 0.219895672750011E+00
 0.217194650742423E+00
 0.213822844152930E+00
 0.211563620451075E+00
 0.208893866144549E+00
 0.205851386011723E+00
 0.203838831760199E+00
 0.201203144370126E+00
 0.197942319598906E+00
 0.194069607897481E+00
 0.190110916481419E+00
 0.186321149480930E+00
 0.182654419320960E+00
 0.179213937550132E+00
 0.175894581162653E+00
 0.172703380813661E+00
 0.169644785914196E+00
 0.166712451078602E+00
 0.163890932838214E+00
 0.161157426437104E+00
 0.158483012904141E+00
 0.156003874211483E+00
 0.153625472345928E+00
 0.151249140882041E+00
 0.148875918882191E+00
 0.146766149936843E+00
 0.144565646250898E+00
 0.142399664831342E+00
 0.140381673083512E+00
 0.138142055954153E+00
 0.136244959618277E+00
 0.134014734804736E+00
 0.137229239988448E+00
 0.147940400325225E+00
 0.158133266080660E+00
 0.167771898959767E+00
 0.176822636390922E+00
 0.185254283404200E+00
 0.193038275588985E+00
 0.200148801056505E+00
 0.206562884012910E+00
 0.212260446088790E+00
 0.217224366157448E+00
 0.221440552577795E+00
 0.224898028074503E+00
 0.227589014969608E+00
 0.229509003635393E+00
 0.230656790874638E+00
 0.231034483520902E+00
 0.230647470663841E+00
 0.229504372651670E+00
 0.227616976649841E+00
 0.225000168358469E+00
 0.223050291103093E+00
 0.221132165971225E+00
 0.218506312292729E+00
 0.215718634789638E+00
 0.213788938126677E+00
 0.211176113469221E+00
 0.208852080068343E+00
 0.206917052665135E+00
 0.204321826127256E+00
 0.201083376568524E+00
 0.197247366046029E+00
 0.193335105946920E+00
 0.189553544330845E+00
 0.185883941870249E+00
 0.182318560422262E+00
 0.178835174417466E+00
 0.175449435868290E+00
 0.172163918611750E+00
 0.168971531807273E+00
 0.165856059453466E+00
 0.162795756918538E+00
 0.159762749799465E+00
 0.156894131176883E+00
 0.154122246036927E+00
 0.151337450677586E+00
 0.148550298738618E+00
 0.146025841907547E+00
 0.143433715297726E+00
 0.140837858723266E+00
 0.138485314504894E+00
 0.136007068434566E+00
 0.133687169937819E+00
 0.131418117320579E+00
 0.129059474572372E+00
 0.126988562836636E+00
 0.124718638441612E+00
 0.122732083894872E+00
 0.120632343933350E+00
 0.118659693069210E+00
 0.116722187350051E+00
 0.114780559968776E+00
 0.112996416440956E+00
 0.111100323238527E+00
 0.109456430863617E+00
 0.107621427635837E+00
 0.106097347063380E+00
 0.104335475170969E+00
 0.102910112446021E+00
 0.101226661835342E+00
 0.994925482404962E-01
 0.978081776513175E-01
 0.961784446664145E-01
 0.945787885998497E-01
 0.930646463360240E-01
 0.915842871730274E-01
 0.901434420217958E-01
 0.887486228911189E-01
 0.874032551201662E-01
 0.861079848641240E-01
 0.848611673514827E-01
 0.836591297739715E-01
 0.824964034533508E-01
 0.813660405691075E-01
 0.802596847438712E-01
 0.869217678079678E-01
 0.935326316592000E-01
 0.999015753682443E-01
 0.106088493968852E+00
 0.114426775998075E+00
 0.122457232513471E+00
 0.130133619627540E+00
 0.137411100268675E+00
 0.144246443824544E+00
 0.150598221121831E+00
 0.156426995225968E+00
 0.161695504853133E+00
 0.166368838991969E+00
 0.170414606117606E+00
 0.173803102872893E+00
 0.176507481598271E+00
 0.178503906902840E+00
 0.179771686804417E+00
 0.180293369686975E+00
 0.180054811843710E+00
 0.179045231765503E+00
 0.177257267350533E+00
 0.174687040370741E+00
 0.172412973532268E+00
 0.170626909420103E+00
 0.168081490499652E+00
 0.165298028654709E+00
 0.163528923082328E+00
 0.161026530520561E+00
 0.158713359920489E+00
 0.156964066258885E+00
 0.154505683873415E+00
 0.151355995521711E+00
 0.148054471751979E+00
 0.144863886932371E+00
 0.141737576579286E+00
 0.138764590731186E+00
 0.135855063866461E+00
 0.133025869995457E+00
 0.130278813892073E+00
 0.127604880639250E+00
 0.124985601747349E+00
 0.122396031911359E+00
 0.119948289505620E+00
 0.117614451189235E+00
 0.115272120372174E+00
 0.112883661406990E+00
 0.110750549186695E+00
 0.108609462234051E+00
 0.116041468731274E+00
 0.126523659547763E+00
 0.139390004072751E+00
 0.151866912660568E+00
 0.163900093947736E+00
 0.175436636077392E+00
 0.186425224832660E+00
 0.196816377489574E+00
 0.206562688026537E+00
 0.215619064564586E+00
 0.223942937484109E+00
 0.231494429496765E+00
 0.238236497962121E+00
 0.244135070847580E+00
 0.249159192987578E+00
 0.253281183053760E+00
 0.256476786759434E+00
 0.258725309068482E+00
 0.260009717713814E+00
 0.260316722354102E+00
 0.259636837656823E+00
 0.257964432670628E+00
 0.255297761089316E+00
 0.252595817406609E+00
 0.250881162194123E+00
 0.248201297951344E+00
 0.244558623371008E+00
 0.242710743876618E+00
 0.240040973249618E+00
 0.236833895998001E+00
 0.235080975069088E+00
 0.232426844624682E+00
 0.228874259302182E+00
 0.224584789909232E+00
 0.220339240257402E+00
 0.216278011446011E+00
 0.212390531701347E+00
 0.208655507188194E+00
 0.205041390202632E+00
 0.201565645098633E+00
 0.198228827271213E+00
 0.195017282892219E+00
 0.191905777793331E+00
 0.188859748687849E+00
 0.185845613286686E+00
 0.183160851010880E+00
 0.180482415325291E+00
 0.177753225967771E+00
 0.175181576404736E+00
 0.172766724162687E+00
 0.170186816370754E+00
 0.167866399616037E+00
 0.165508661150207E+00
 0.172063079548448E+00
 0.184893525938138E+00
 0.200429378493451E+00
 0.215409973019948E+00
 0.229782562117445E+00
 0.243496726428211E+00
 0.256504578669136E+00
 0.268760942887910E+00
 0.280223519401438E+00
 0.290853042735531E+00
 0.300613429643991E+00
 0.309471908538986E+00
 0.317399126744251E+00
 0.324369242963629E+00
 0.330360017662329E+00
 0.335352906490106E+00
 0.339333146154004E+00
 0.342289811835712E+00
 0.344215831119381E+00
 0.345107959160848E+00
 0.344966738665618E+00
 0.343796470575044E+00
 0.341605204211929E+00
 0.338404731790709E+00
 0.334210559890431E+00
 0.330513175111662E+00
 0.327296194436724E+00
 0.323115546114965E+00
 0.318292405517719E+00
 0.315087094571902E+00
 0.310951651277327E+00
 0.306937703723698E+00
 0.303749829068235E+00
 0.299662848687602E+00
 0.294695035454663E+00
 0.288867820692067E+00
 0.282665237742831E+00
 0.276666153417314E+00
 0.270823773207619E+00
 0.265214205546725E+00
 0.259773529092816E+00
 0.254480172003390E+00
 0.249342111522454E+00
 0.244352190584310E+00
 0.239491864140139E+00
 0.234733047507277E+00
 0.230068211902666E+00
 0.225717869161179E+00
 0.221427905848209E+00
 0.217151963583686E+00
 0.212967050999761E+00
 0.209095524505284E+00
 0.205164303959332E+00
 0.201268808316722E+00
 0.197713271044919E+00
 0.194018467094721E+00
 0.190527062985967E+00
 0.187163151499179E+00
 0.183648198674154E+00
 0.180580915021428E+00
 0.177285146258314E+00
 0.174285964614016E+00
 0.171257070974997E+00
 0.173468896490176E+00
 0.182344647360706E+00
 0.190518071672936E+00
 0.197978890752075E+00
 0.204720099530361E+00
 0.210737940028524E+00
 0.216031860355576E+00
 0.220604468763931E+00
 0.224461480753915E+00
 0.227611651794190E+00
 0.230066693586960E+00
 0.231841181177117E+00
 0.232952460173094E+00
 0.233420553540641E+00
 0.233268053813422E+00
 0.232519982768335E+00
 0.231203613002985E+00
 0.229348266420506E+00
 0.227005247101129E+00
 0.225639644999063E+00
 0.223751177200788E+00
 0.221370295203127E+00
 0.219021441126443E+00
 0.217118777320195E+00
 0.214741046470970E+00
 0.212819883523078E+00
 0.210908906820669E+00
 0.208539004060119E+00
 0.205740511365689E+00
 0.202545130922302E+00
 0.198985788488837E+00
 0.195257739884969E+00
 0.191716437643132E+00
 0.188332969738938E+00
 0.185141982387067E+00
 0.182064534643742E+00
 0.179114438944521E+00
 0.176307595728171E+00
 0.173609473576684E+00
 0.171042459551358E+00
 0.168580055551143E+00
 0.166200407222709E+00
 0.163875801010119E+00
 0.161572248850851E+00
 0.159412153501565E+00
 0.157308093595606E+00
 0.155147605428211E+00
 0.153138330988525E+00
 0.151100142691269E+00
 0.149045616785697E+00
 0.147068603307497E+00
 0.144989209595292E+00
 0.142990407179650E+00
 0.140903814818500E+00
 0.138783691668215E+00
 0.136705140642881E+00
 0.134445306246418E+00
 0.132317467088177E+00
 0.130138096256291E+00
 0.127989460710549E+00
 0.125889043411265E+00
 0.123823600688321E+00
 0.121797509603902E+00
 0.119798674806193E+00
 0.118343973315423E+00
 0.121207760630753E+00
 0.124086978993637E+00
 0.126945020333707E+00
 0.129744614169238E+00
 0.132448020981675E+00
 0.135017225429911E+00
 0.137414133308773E+00
 0.139600767869751E+00
 0.141539459991920E+00
 0.143193034888194E+00
 0.144525007066129E+00
 0.145499794188359E+00
 0.146082946898968E+00
 0.146241375257193E+00
 0.145943547322497E+00
 0.145159648060800E+00
 0.143861709304803E+00
 0.142023737373945E+00
 0.139621861756128E+00
 0.138094130310841E+00
 0.136277703922747E+00
 0.133914077723448E+00
 0.131917124637169E+00
 0.130133957082274E+00
 0.127822606589505E+00
 0.126231500792502E+00
 0.124482288249621E+00
 0.122222752195486E+00
 0.119637794233145E+00
 0.117169556259833E+00
 0.114830069511383E+00
 0.112599418243906E+00
 0.110448930018911E+00
 0.108444043590516E+00
 0.106525478214966E+00
 0.104678827024179E+00
 0.102913053378056E+00
 0.101274069483888E+00
 0.996988675344361E-01
 0.981618060002068E-01
 0.966340862089582E-01
 0.106199343723531E+00
 0.119191827974785E+00
 0.132261770345237E+00
 0.145367964888608E+00
 0.158468120642311E+00
 0.171519217456846E+00
 0.184477881412964E+00
 0.199102067989038E+00
 0.215535825258026E+00
 0.231849120338066E+00
 0.247987559013379E+00
 0.263896584039811E+00
 0.279521720065249E+00
 0.294808835434656E+00
 0.309704399258979E+00
 0.324155710584679E+00
 0.338111092805617E+00
 0.351520069321325E+00
 0.364333548234957E+00
 0.376504035155464E+00
 0.387985870504213E+00
 0.398735468300296E+00
 0.408711531077452E+00
 0.417875230277382E+00
 0.426190360231037E+00
 0.433623482201818E+00
 0.440144068582603E+00
 0.445724644460981E+00
 0.450340916955139E+00
 0.453971887417697E+00
 0.456599951604063E+00
 0.458210996652197E+00
 0.458794495699594E+00
 0.458343587658947E+00
 0.456855124250525E+00
 0.454329676397007E+00
 0.450771511393319E+00
 0.446188565167025E+00
 0.440592428544955E+00
 0.435690070260160E+00
 0.431098759563663E+00
 0.425525427488070E+00
 0.419149817350482E+00
 0.414586765386877E+00
 0.409076692901916E+00
 0.403789923836337E+00
 0.399261754934469E+00
 0.393819100053373E+00
 0.387476660695076E+00
 0.380252388669322E+00
 0.372177383975322E+00
 0.363960298823518E+00
 0.356027039357468E+00
 0.348375298772730E+00
 0.340962589065095E+00
 0.333754357929780E+00
 0.326779206054073E+00
 0.320046266488840E+00
 0.313549753008738E+00
 0.307270572320532E+00
 0.301179395453134E+00
 0.295239493639200E+00
 0.289408633610109E+00
 0.283695258140506E+00
 0.278372478659125E+00
 0.273090480604927E+00
 0.267798684554245E+00
 0.262868115218857E+00
 0.258031825368957E+00
 0.253102782475931E+00
 0.248626532421814E+00
 0.244104364871968E+00
 0.239611010824173E+00
 0.235472038599928E+00
 0.231132349303928E+00
 0.227217952824218E+00
 0.223213616404930E+00
 0.219351086301198E+00
 0.215661612422764E+00
 0.211894697944113E+00
 0.208477948758446E+00
 0.204845453613758E+00
 0.201657048058454E+00
 0.198193449683641E+00
 0.196630572568207E+00
 0.200817050889021E+00
 0.204122662919250E+00
 0.206555267671684E+00
 0.208126338737258E+00
 0.208850923514372E+00
 0.208747579768862E+00
 0.207838286902259E+00
 0.206148338007024E+00
 0.205459711483584E+00
 0.204481447422470E+00
 0.202745477206193E+00
 0.200994337224538E+00
 0.199963870855098E+00
 0.198201582349148E+00
 0.196717428311245E+00
 0.195643655395733E+00
 0.193862075077468E+00
 0.191399195680818E+00
 0.188399054877780E+00
 0.185438300454159E+00
 0.182587310469424E+00
 0.179882202183995E+00
 0.177260138606207E+00
 0.174721255644784E+00
 0.172278641577591E+00
 0.169933038738742E+00
 0.167674638221502E+00
 0.165484785837335E+00
 0.163337482179514E+00
 0.161200294867496E+00
 0.159256807064763E+00
 0.157360480844825E+00
 0.155415305012809E+00
 0.153531914003435E+00
 0.151800058131690E+00
 0.149922184444596E+00
 0.148210393875379E+00
 0.146461919861804E+00
 0.144642889468670E+00
 0.142961746861856E+00
 0.141067753191299E+00
 0.139368566332119E+00
 0.137427735032612E+00
 0.135607415398446E+00
 0.133651924298935E+00
 0.131609788442029E+00
 0.129675962122980E+00
 0.127697147641611E+00
 0.125752232731026E+00
 0.123846312883248E+00
 0.121958841857262E+00
 0.120090583975502E+00
 0.118287264991488E+00
 0.116505337789779E+00
 0.114748024092811E+00
 0.113014700964281E+00
 0.111301426103511E+00
 0.109623384409933E+00
 0.108016411711483E+00
 0.106430325346868E+00
 0.104853115017112E+00
 0.103271167128580E+00
 0.107769395765054E+00
 0.117622948396534E+00
 0.128674127870201E+00
 0.139872289272952E+00
 0.151165127440892E+00
 0.162499435090208E+00
 0.173821334122521E+00
 0.185076513482086E+00
 0.196210473071725E+00
 0.207168776298817E+00
 0.217897309925719E+00
 0.228342541081688E+00
 0.238451756215588E+00
 0.248173272730016E+00
 0.257456629322955E+00
 0.266252774895842E+00
 0.274514276743441E+00
 0.282195554216812E+00
 0.289253123672578E+00
 0.295645828708553E+00
 0.301335034526514E+00
 0.306284782423685E+00
 0.310461917098857E+00
 0.313836204789416E+00
 0.316380453240479E+00
 0.318070633290797E+00
 0.318885995699159E+00
 0.318809178283484E+00
 0.317826302425859E+00
 0.315927057913745E+00
 0.313104769864124E+00
 0.309356436882525E+00
 0.305316447766683E+00
 0.302484986247910E+00
 0.298755284947736E+00
 0.294128228877808E+00
 0.290806223703211E+00
 0.287122609122572E+00
 0.282791889686648E+00
 0.279995295420342E+00
 0.276360804543864E+00
 0.271889714038470E+00
 0.266586663882374E+00
 0.260903381977404E+00
 0.255440264674899E+00
 0.250254326807969E+00
 0.245193337393220E+00
 0.240416156480420E+00
 0.235820769954803E+00
 0.231388487099014E+00
 0.227111855227243E+00
 0.222972109741490E+00
 0.218941262857636E+00
 0.215212205206866E+00
 0.211592153981731E+00
 0.208031546870411E+00
 0.204478121161828E+00
 0.201231351092648E+00
 0.198046640624242E+00
 0.194758858929330E+00
 0.191792114270330E+00
 0.188778901969592E+00
 0.185714447076206E+00
 0.182909246115698E+00
 0.179788508333896E+00
 0.181870846638856E+00
 0.197430527471933E+00
 0.212435072074777E+00
 0.226841980619198E+00
 0.240611229122100E+00
 0.253705429383260E+00
 0.266089983641976E+00
 0.277733228747329E+00
 0.288606558778056E+00
 0.298684516566631E+00
 0.307944854810769E+00
 0.316368579708873E+00
 0.323939994537358E+00
 0.330646752601842E+00
 0.336479913445758E+00
 0.341433984271144E+00
 0.345506928994602E+00
 0.348700139657145E+00
 0.351018379671602E+00
 0.352469715054368E+00
 0.353065444815038E+00
 0.352820030700166E+00
 0.351751018847173E+00
 0.349878946607438E+00
 0.347227233884095E+00
 0.343822062525659E+00
 0.339692245298457E+00
 0.336923311181525E+00
 0.333494286217946E+00
 0.329363151544905E+00
 0.325351761237811E+00
 0.321928773695320E+00
 0.317828742407588E+00
 0.314556522795658E+00
 0.311145944385667E+00
 0.307081624829668E+00
 0.302392586917155E+00
 0.297109930514463E+00
 0.291266690819058E+00
 0.285189633290774E+00
 0.279309781228446E+00
 0.273583265988070E+00
 0.268091227829408E+00
 0.262730588547987E+00
 0.257520678929274E+00
 0.252469783047687E+00
 0.247574889267613E+00
 0.242825174002880E+00
 0.238203091084474E+00
 0.233684913666396E+00
 0.229243698006289E+00
 0.224989289137316E+00
 0.220896280851653E+00
 0.216838012778697E+00
 0.212783859693177E+00
 0.209064880286692E+00
 0.205326809311022E+00
 0.201563684364658E+00
 0.198138965232311E+00
 0.194637058600826E+00
 0.191234454460821E+00
 0.188012425379506E+00
 0.184659825306701E+00
 0.181669845971535E+00
 0.178565731437957E+00
 0.175616331966473E+00
 0.172749540548342E+00
 0.169856425964763E+00
 0.167213675986635E+00
 0.164395242319007E+00
 0.161954042114715E+00
 0.159291278609621E+00
 0.156960518726031E+00
 0.154460734221551E+00
 0.152218357834231E+00
 0.149728496073890E+00
 0.147281186377230E+00
 0.144907646171885E+00
 0.142596860161633E+00
 0.140370058828506E+00
 0.138181293247197E+00
 0.136090819876828E+00
 0.134057583418620E+00
 0.132078072144613E+00
 0.130153200691092E+00
 0.128281459699869E+00
 0.126459341577843E+00
 0.124681752076626E+00
 0.122942146734161E+00
 0.121284357169356E+00
 0.119690473679464E+00
 0.118127547976100E+00
 0.116583589544051E+00
 0.115044198159286E+00
 0.113649865968554E+00
 0.112252021830194E+00
 0.110830941008881E+00
 0.109503446715924E+00
 0.108209030788078E+00
 0.106859499346461E+00
 0.105637904204710E+00
 0.104399301059933E+00
 0.103127819554270E+00
 0.101996703288983E+00
 0.100688325033520E+00
 0.991623514835009E-01
 0.974284069165984E-01
 0.954968062702493E-01
 0.933785015136963E-01
 0.910850265843934E-01
 0.886284431463907E-01
 0.860212873041623E-01
 0.832765145638792E-01
 0.804074396516609E-01
 0.774276705564550E-01
 0.743510401251076E-01
 0.711915398424404E-01
 0.794258154456323E-01
 0.880841102114045E-01
 0.967976156688184E-01
 0.105782035515999E+00
 0.116691328333894E+00
 0.127664116420953E+00
 0.138655852049307E+00
 0.149620907632306E+00
 0.160512770864654E+00
 0.171284253851227E+00
 0.181887711833331E+00
 0.192275262349962E+00
 0.202399000075580E+00
 0.212211211413592E+00
 0.221664597018229E+00
 0.230712504892777E+00
 0.239309165864588E+00
 0.247409917023146E+00
 0.254971403839695E+00
 0.261951765201299E+00
 0.268310816746438E+00
 0.274010247058947E+00
 0.279013828313902E+00
 0.283287627723639E+00
 0.286800200466680E+00
 0.289522752776939E+00
 0.291429278600664E+00
 0.292496682860200E+00
 0.292704902205856E+00
 0.292037023879979E+00
 0.290479395040912E+00
 0.288021715696132E+00
 0.284657116184403E+00
 0.281966988341439E+00
 0.279482085098389E+00
 0.276117490205196E+00
 0.272290939608718E+00
 0.269802242659147E+00
 0.266464462221696E+00
 0.263265069516982E+00
 0.260779072413832E+00
 0.257472485837165E+00
 0.253343086332560E+00
 0.248475526073946E+00
 0.243618121358943E+00
 0.238966819542474E+00
 0.234459466606500E+00
 0.230168038169917E+00
 0.226005346175186E+00
 0.221989745133956E+00
 0.218124268733371E+00
 0.214399018449401E+00
 0.210793629921702E+00
 0.207279332882124E+00
 0.203820573925425E+00
 0.200664078820085E+00
 0.197570572512154E+00
 0.194466243304904E+00
 0.191437465730096E+00
 0.188670868072581E+00
 0.185784533244090E+00
 0.183017610675572E+00
 0.180376521337252E+00
 0.177507124334121E+00
 0.175046367452552E+00
 0.183798222673266E+00
 0.199667648936005E+00
 0.214963848636366E+00
 0.229632507293301E+00
 0.243621391991951E+00
 0.256880565760139E+00
 0.269362598095015E+00
 0.281022761922186E+00
 0.291819212059706E+00
 0.301713149372931E+00
 0.310668979216912E+00
 0.318654467692030E+00
 0.325640888847573E+00
 0.331603149888282E+00
 0.336519886066039E+00
 0.340373529303057E+00
 0.343150364506816E+00
 0.344840586351709E+00
 0.345438357575921E+00
 0.344941857061117E+00
 0.343353302483221E+00
 0.340678940595861E+00
 0.336929010933127E+00
 0.332823886864540E+00
 0.330111250249835E+00
 0.326355024199210E+00
 0.321569328004253E+00
 0.318356671546316E+00
 0.314624720248542E+00
 0.310142367925392E+00
 0.307413836337355E+00
 0.303711415324173E+00
 0.299048885647923E+00
 0.293443540781816E+00
 0.287285554961102E+00
 0.281296161299788E+00
 0.275535245853674E+00
 0.269868025015488E+00
 0.264469790070157E+00
 0.259202560442244E+00
 0.254075296769888E+00
 0.249080624820353E+00
 0.244198770042862E+00
 0.239405078261372E+00
 0.234925642749765E+00
 0.230532917219996E+00
 0.226179845061732E+00
 0.221816892506479E+00
 0.217823726073546E+00
 0.213864712556585E+00
 0.209817489530295E+00
 0.206110456265763E+00
 0.202437808271593E+00
 0.198620785073047E+00
 0.195296290263772E+00
 0.191778378393323E+00
 0.188422024194604E+00
 0.185214878191380E+00
 0.181856179011554E+00
 0.190665476221164E+00
 0.201977003100193E+00
 0.212477793357587E+00
 0.222139095887852E+00
 0.230935701142736E+00
 0.238846017414294E+00
 0.245852134618373E+00
 0.251939877134605E+00
 0.257098839806098E+00
 0.261322400524483E+00
 0.264607710289903E+00
 0.266955670334786E+00
 0.268370906943271E+00
 0.268861745545119E+00
 0.268440173351406E+00
 0.267121774777305E+00
 0.264925631242876E+00
 0.261874191558978E+00
 0.260184828985222E+00
 0.257957055687787E+00
 0.254899408760860E+00
 0.252087241903810E+00
 0.249849700212736E+00
 0.246810865911347E+00
 0.244513198775693E+00
 0.242272176520310E+00
 0.239256496089127E+00
 0.235490216325640E+00
 0.231129907445595E+00
 0.226841308979276E+00
 0.222706714425589E+00
 0.218776612915710E+00
 0.214964178678978E+00
 0.211276921417082E+00
 0.207731442267201E+00
 0.204330568183480E+00
 0.201065341217667E+00
 0.197916980990868E+00
 0.194858176245409E+00
 0.191854249747700E+00
 0.188944416307572E+00
 0.186273249099072E+00
 0.183591620706561E+00
 0.180840575653811E+00
 0.178413490324713E+00
 0.175913063987659E+00
 0.173350682166359E+00
 0.171056398212473E+00
 0.168479361418625E+00
 0.166243154547086E+00
 0.163703134070357E+00
 0.161418130251312E+00
 0.158810905744267E+00
 0.156504717416215E+00
 0.153896234438404E+00
 0.151432587201557E+00
 0.148927594297199E+00
 0.146469242352456E+00
 0.144062898781332E+00
 0.141710912917882E+00
 0.139398401020559E+00
 0.137114921843314E+00
 0.134873829125482E+00
 0.132682989182382E+00
 0.130545390999395E+00
 0.128459591068330E+00
 0.126420585321236E+00
 0.124420194224521E+00
 0.122447471030959E+00
 0.120489527007686E+00
 0.118593043476716E+00
 0.116764637021321E+00
 0.114963135301110E+00
 0.113146306440962E+00
 0.111451679369760E+00
 0.109784763401661E+00
 0.108092556068653E+00
 0.106470736287937E+00
 0.104941396568939E+00
 0.103368669742617E+00
 0.101851002252725E+00
 0.100446175718600E+00
 0.989827441058574E-01
 0.976147047949198E-01
 0.963122654326287E-01
 0.949255925506954E-01
 0.937402591239333E-01
 0.924813413513180E-01
 0.912603023054885E-01
 0.900974204721473E-01
 0.888528095124760E-01
 0.877223293426700E-01
 0.865838274280097E-01
 0.853821176962130E-01
 0.843565516735736E-01
 0.832389414021914E-01
 0.821908044845716E-01
 0.808921088828854E-01
 0.793516807593946E-01
 0.775792358602932E-01
 0.755853326426350E-01
 0.733813228104708E-01
 0.709792984485689E-01
 0.683920348128721E-01
 0.656329287749616E-01
 0.627159340396888E-01
 0.596554949378525E-01
 0.564664806202877E-01
 0.531641205963437E-01
 0.501607220048287E-01
 0.497199103362906E-01
 0.494433506172987E-01
 0.492423730071436E-01
 0.491740951213289E-01
 0.538087734759560E-01
 0.624892919322721E-01
 0.713452268782593E-01
 0.803416270728243E-01
 0.894430288928010E-01
 0.986135025757766E-01
 0.107816634284182E+00
 0.117015513952647E+00
 0.126172793673093E+00
 0.135250847414700E+00
 0.145030539183416E+00
 0.156577308059060E+00
 0.168019194143522E+00
 0.179308418477168E+00
 0.190397525776760E+00
 0.201239604152198E+00
 0.211788500638125E+00
 0.221999032925843E+00
 0.231827193958272E+00
 0.241230344140231E+00
 0.250167389279451E+00
 0.258598949256395E+00
 0.266487526914311E+00
 0.273797683855428E+00
 0.280496220563573E+00
 0.286552349098685E+00
 0.291937844668469E+00
 0.296627169451441E+00
 0.300597572894959E+00
 0.303829179322230E+00
 0.306305071734234E+00
 0.308011372787515E+00
 0.308937316919303E+00
 0.309075306581473E+00
 0.308420949903277E+00
 0.306973081781796E+00
 0.304733770994106E+00
 0.301708312687544E+00
 0.297905202835478E+00
 0.293958349477923E+00
 0.290931009348316E+00
 0.287149601023356E+00
 0.282625692216944E+00
 0.279280736128012E+00
 0.275548474829908E+00
 0.271476898605398E+00
 0.268499087253012E+00
 0.264818385067014E+00
 0.260446024766875E+00
 0.255396062227414E+00
 0.249774059323103E+00
 0.244235261602351E+00
 0.238871362068989E+00
 0.233690339275040E+00
 0.228628202883820E+00
 0.223798771677322E+00
 0.219104894125600E+00
 0.214537956068939E+00
 0.210085173337519E+00
 0.205796171402425E+00
 0.201685160685411E+00
 0.197671096155519E+00
 0.193719888633221E+00
 0.189795308615960E+00
 0.186157530129397E+00
 0.182575228227824E+00
 0.178961471083015E+00
 0.175567513696640E+00
 0.172272198816352E+00
 0.168881950055266E+00
 0.165821125961278E+00
 0.162713459320830E+00
 0.159628139379492E+00
 0.156789756580840E+00
 0.153774273625019E+00
 0.151122996664682E+00
 0.148342045517829E+00
 0.145722287294557E+00
 0.143164473801934E+00
 0.140594123703781E+00
 0.138246395693544E+00
 0.137094734675584E+00
 0.140856150438519E+00
 0.143961061596066E+00
 0.146414143947213E+00
 0.148223182845116E+00
 0.149399057184840E+00
 0.149955701295908E+00
 0.149910036543353E+00
 0.149281874956137E+00
 0.148093804138959E+00
 0.147739236216633E+00
 0.147059522342666E+00
 0.145836386405794E+00
 0.144680617262643E+00
 0.143961809438765E+00
 0.142718097669849E+00
 0.141733646636313E+00
 0.140982602828056E+00
 0.139723980980168E+00
 0.137981204072699E+00
 0.135979788905325E+00
 0.134043674344806E+00
 0.132184528281299E+00
 0.130386047322026E+00
 0.128633537726483E+00
 0.126956190883928E+00
 0.125353166669318E+00
 0.123801819354884E+00
 0.122340120188949E+00
 0.120938461743831E+00
 0.119579032840039E+00
 0.118238270269244E+00
 0.116886768690324E+00
 0.115688316374229E+00
 0.114498862910772E+00
 0.113235110186662E+00
 0.112112288309378E+00
 0.110958293100147E+00
 0.109732539444624E+00
 0.108646130985007E+00
 0.107343614219624E+00
 0.106262996390494E+00
 0.104906351414995E+00
 0.103749232088395E+00
 0.102358059509801E+00
 0.101027642282135E+00
 0.996191420690735E-01
 0.980656212189793E-01
 0.966233049041974E-01
 0.951267341983036E-01
 0.936546919520313E-01
 0.921908703428280E-01
 0.907709854931929E-01
 0.893555743385643E-01
 0.955274941049325E-01
 0.104022257492683E+00
 0.112926571357501E+00
 0.122203319398091E+00
 0.131812727088124E+00
 0.141712528105211E+00
 0.151858152354211E+00
 0.162202935510177E+00
 0.172698342137106E+00
 0.183294190951659E+00
 0.193938875526672E+00
 0.204579583849905E+00
 0.215162528106255E+00
 0.225633195508319E+00
 0.235936622015882E+00
 0.246017679863785E+00
 0.255821364792874E+00
 0.265293072764125E+00
 0.274378864774795E+00
 0.283025724840442E+00
 0.291181815737417E+00
 0.298796731530721E+00
 0.305821741216785E+00
 0.312210018380237E+00
 0.317916856428436E+00
 0.322899872470738E+00
 0.327119201351653E+00
 0.330537676303576E+00
 0.338977117677370E+00
 0.346995050856896E+00
 0.354514189661334E+00
 0.361493495628188E+00
 0.367894258030539E+00
 0.373681237181227E+00
 0.378823416278951E+00
 0.383294184332659E+00
 0.387070972523452E+00
 0.390134565723581E+00
 0.392468414327207E+00
 0.394058231661666E+00
 0.394892009910455E+00
 0.394960409059885E+00
 0.394257351798023E+00
 0.392780622611708E+00
 0.390532295911287E+00
 0.387518864839210E+00
 0.383750995902645E+00
 0.379242913139291E+00
 0.374011533119482E+00
 0.368075598967931E+00
 0.361455125799244E+00
 0.354171405773861E+00
 0.346247625910903E+00
 0.337709903007241E+00
 0.328588353818324E+00
 0.318917782585587E+00
 0.308737693842251E+00
 0.298091564185947E+00
 0.287025537782710E+00
 0.275586867692696E+00
 0.263822472298131E+00
 0.251777918699693E+00
 0.239497012968393E+00
 0.227022007820272E+00
 0.220408879710097E+00
 0.216838571599565E+00
 0.213905487311572E+00
 0.213834723414267E+00
 0.229584338146482E+00
 0.244832200833031E+00
 0.259530717809054E+00
 0.273634560825174E+00
 0.287100935518759E+00
 0.299889747365196E+00
 0.311963672079599E+00
 0.326621060899554E+00
 0.340481609541538E+00
 0.353458270528891E+00
 0.365516765049413E+00
 0.376626471429529E+00
 0.386760525188111E+00
 0.395895900158441E+00
 0.404013450758530E+00
 0.411097906014729E+00
 0.417137827327887E+00
 0.422125562334933E+00
 0.426057234211280E+00
 0.428932793633550E+00
 0.430756132927392E+00
 0.431535229460433E+00
 0.431282261401292E+00
 0.430013633977640E+00
 0.427749871576996E+00
 0.424515365049544E+00
 0.420338002902127E+00
 0.415248747359904E+00
 0.409281232616010E+00
 0.404989433201190E+00
 0.399844041812390E+00
 0.393955819328701E+00
 0.389648734684087E+00
 0.384495803219869E+00
 0.379759515799383E+00
 0.375425647774340E+00
 0.370276131992176E+00
 0.364343004564773E+00
 0.357660548919393E+00
 0.350265042130618E+00
 0.342194598033362E+00
 0.333489107533157E+00
 0.324271991933206E+00
 0.315257949083272E+00
 0.306625282879505E+00
 0.298381569431785E+00
 0.290615316268887E+00
 0.283227704467671E+00
 0.276251084739147E+00
 0.269743095189994E+00
 0.263626413007001E+00
 0.257861329358125E+00
 0.252512170377062E+00
 0.247475836484294E+00
 0.242687277043241E+00
 0.238070904929875E+00
 0.233652624453008E+00
 0.229598186524610E+00
 0.225556841562903E+00
 0.221639573806996E+00
 0.217996008431923E+00
 0.214216302238476E+00
 0.210794330961420E+00
 0.207273208551720E+00
 0.203892520583103E+00
 0.200582108756773E+00
 0.197250180129831E+00
 0.194122687368643E+00
 0.190847315586560E+00
 0.187891069331148E+00
 0.184680609291525E+00
 0.181891963213105E+00
 0.178837078560404E+00
 0.176130555904551E+00
 0.173235534369720E+00
 0.170607979897341E+00
 0.167862614432098E+00
 0.165320653848561E+00
 0.162585661553751E+00
 0.159906606823434E+00
 0.157277761095382E+00
 0.154688187985442E+00
 0.152191271503320E+00
 0.149739100110638E+00
 0.147340801396158E+00
 0.145014076049423E+00
 0.142788336948418E+00
 0.140634185033158E+00
 0.138554083853836E+00
 0.136547475130209E+00
 0.134610675057790E+00
 0.132767035630132E+00
 0.131014478890137E+00
 0.129324824674096E+00
 0.127683393678735E+00
 0.126103491818708E+00
 0.124623224446259E+00
 0.123235478627462E+00
 0.121853759912389E+00
 0.120401357127607E+00
 0.119082537639313E+00
 0.117722389800447E+00
 0.116323240361330E+00
 0.115054290901448E+00
 0.113688444110191E+00
 0.112407013674665E+00
 0.111121825732656E+00
 0.109788239951329E+00
 0.108219860666135E+00
 0.106424556565642E+00
 0.104410957297814E+00
 0.102188411345751E+00
 0.997669353665646E-01
 0.971571561942661E-01
 0.943702488409246E-01
 0.914178751756871E-01
 0.883121272513336E-01
 0.850654763822893E-01
 0.816907255507847E-01
 0.782009607632339E-01
 0.746094979417587E-01
 0.709298251140955E-01
 0.675955499628298E-01
 0.658860034403260E-01
 0.641740040844014E-01
 0.624681394866043E-01
 0.607818632171137E-01
 0.591709646657529E-01
 0.576406341494251E-01
 0.561718024376333E-01
 0.547465185861476E-01
 0.533688697529009E-01
 0.520186149492260E-01
 0.507085388650077E-01
 0.494208045897943E-01
 0.481587488161956E-01
 0.469252563569065E-01
 0.457240399116140E-01
 0.445532033943153E-01
 0.434180594416155E-01
 0.423183681400223E-01
 0.415507282141605E-01
 0.418075707391275E-01
 0.420228994914210E-01
 0.421919793840114E-01
 0.423101904734436E-01
 0.423735699065281E-01
 0.423792101521486E-01
 0.423254172701033E-01
 0.422116165974788E-01
 0.420380786087866E-01
 0.418055810583189E-01
 0.415151063515535E-01
 0.411676157784209E-01
 0.407638890429971E-01
 0.403044040322207E-01
 0.398145159371269E-01
 0.394385879969256E-01
 0.390106272660476E-01
 0.385307827907913E-01
 0.379987143595102E-01
 0.374137337095238E-01
 0.367751318279022E-01
 0.360911477000142E-01
 0.354040780634594E-01
 0.347109200353270E-01
 0.340099948333765E-01
 0.338877262365177E-01
 0.344339767655904E-01
 0.349791160514790E-01
 0.355371040837046E-01
 0.361007738920394E-01
 0.366613054700877E-01
 0.372168223030959E-01
 0.377656386447368E-01
 0.383060944328992E-01
 0.388363834575814E-01
 0.393544710331302E-01
 0.398581472855843E-01
 0.403784511911269E-01
 0.408970419488893E-01
 0.413991496474865E-01
 0.418828477706727E-01
 0.423462312880124E-01
 0.427874833009995E-01
 0.432320352532398E-01
 0.436882095153942E-01
 0.441204664664369E-01
 0.445268898991729E-01
 0.449057517092181E-01
 0.452756669595065E-01
 0.456684303451397E-01
 0.460320326110803E-01
 0.463652741038661E-01
 0.466672975015949E-01
 0.470008519601519E-01
 0.473164270382732E-01
 0.475993465328474E-01
 0.478489571739904E-01
 0.481354976972128E-01
 0.483977225586123E-01
 0.486254995336080E-01
 0.488504613930427E-01
 0.490908969847812E-01
 0.492957022358429E-01
 0.494824415785599E-01
 0.496992768399819E-01
 0.498794793399740E-01
 0.500313485758263E-01
 0.502231245762396E-01
 0.503776586851746E-01
 0.504949405195032E-01
 0.506278329646588E-01
 0.507553040637689E-01
 0.508449842695969E-01
 0.509150923257797E-01
 0.511031223553468E-01
 0.512516974793679E-01
 0.513611740844933E-01
 0.514321864021014E-01
 0.514655172573114E-01
 0.514620069851826E-01
 0.514225435381300E-01
 0.513481322941112E-01
 0.512400006042782E-01
 0.510996764070085E-01
 0.509289994780763E-01
 0.507300616766706E-01
 0.505051040999587E-01
 0.502564105889893E-01
 0.499862312741494E-01
 0.496967559713006E-01
 0.493901398375262E-01
 0.490685636094896E-01
 0.487342934536360E-01
 0.483897025436923E-01
 0.480372349433566E-01
 0.476793235417846E-01
 0.473182968906550E-01
 0.469563093362895E-01
 0.465953085910083E-01
 0.462370336224703E-01
 0.458830291217621E-01
 0.455346699228378E-01
 0.451931959178737E-01
 0.448597542347521E-01
 0.445354331732609E-01
 0.442212644674712E-01
 0.439181780442500E-01
 0.436269166002130E-01
 0.433479442003021E-01
 0.430813968389764E-01
 0.428271113429573E-01
 0.425847332766359E-01
 0.423538618466003E-01
 0.421341660055862E-01
 0.419254190240618E-01
 0.417274440002079E-01
 0.415400126339285E-01
 0.413627619287918E-01
 0.411951748637113E-01
 0.410366265639186E-01
 0.408864587215515E-01
 0.407440365285204E-01
 0.406087652216942E-01
 0.404800770433099E-01
 0.403574187214529E-01
 0.402402623574722E-01
 0.401281371444988E-01
 0.400206571231057E-01
 0.399175195498018E-01
 0.398184701878672E-01
 0.397232577425810E-01
 0.396316071155526E-01
 0.395432230913448E-01
 0.394578088393158E-01
 0.393750732291811E-01
 0.392947184687912E-01
 0.392164288358360E-01
 0.391398926963773E-01
 0.390648686270645E-01
 0.389912674497270E-01
 0.389191979913724E-01
 0.388489367681027E-01
 0.387808230099577E-01
 0.387151223601638E-01
 0.386519199370813E-01
 0.385910898525056E-01
 0.385323542324167E-01
 0.384754064092947E-01
 0.384200447971193E-01
 0.383662577545247E-01
 0.383142214403612E-01
 0.382642152982610E-01
 0.382165012780977E-01
 0.381712277156213E-01
 0.381283976904840E-01
 0.380879008563739E-01
 0.380495764075975E-01
 0.380132713148293E-01
 0.379788764167161E-01
 0.379463425630310E-01
 0.379156845451194E-01
 0.378869739521043E-01
 0.378603160599059E-01
 0.378358093699033E-01
 0.378134973648406E-01
 0.377933315568918E-01
 0.377751655437774E-01
 0.377587896101432E-01
 0.377439974871847E-01
 0.377306584350473E-01
 0.377187591251195E-01
 0.377083894946268E-01
 0.376996739133007E-01
 0.376926796855054E-01
 0.376873495704236E-01
 0.376834930198792E-01
 0.376808393626918E-01
 0.376791247740084E-01
 0.376781709360738E-01
 0.376779213077154E-01
 0.376784231704439E-01
 0.376797680590760E-01
 0.376820197200101E-01
 0.376851612698820E-01
 0.376890809327615E-01
 0.376935951471593E-01
 0.376984913933088E-01
 0.377035709140013E-01
 0.377086820434246E-01
 0.377137452281700E-01
 0.377187693770923E-01
 0.377238486216038E-01
 0.377291246270879E-01
 0.377347144548232E-01
 0.377406310469353E-01
 0.377467403551094E-01
 0.377527877037972E-01
 0.377584895587763E-01
 0.377636488154451E-01
 0.377682367319718E-01
 0.377724009291424E-01
 0.377763953399596E-01
 0.377804646084379E-01
 0.377847353882241E-01
 0.377891626087435E-01
 0.377935525887761E-01
 0.377976489090120E-01
 0.378012389858954E-01
 0.378042338778626E-01
 0.378066923584257E-01
 0.378087891929107E-01
 0.378107488461708E-01
 0.378127709742729E-01
 0.378149682888660E-01
 0.378173310278331E-01
 0.378197288649542E-01
 0.378219553262179E-01
 0.378238062575233E-01
 0.378251661257955E-01
 0.378260655060535E-01
 0.378266800847548E-01
 0.378272657568859E-01
 0.378280548186147E-01
 0.378291591528917E-01
 0.378305256821065E-01
 0.378319654982725E-01
 0.378332420255086E-01
 0.378341749038606E-01
 0.378347116685822E-01
 0.378349402776461E-01
 0.378350466002013E-01
 0.378352420162424E-01
 0.378356891262340E-01
 0.378364462061079E-01
 0.378374451599172E-01
 0.378385140649643E-01
 0.378394445299171E-01
 0.378400821653095E-01
 0.378403984975456E-01
 0.378405049769025E-01
 0.378405998390841E-01
 0.378408772356562E-01
 0.378414468314551E-01
 0.378422993608287E-01
 0.378433237632644E-01
 0.378443583524928E-01
 0.378452527193197E-01
 0.378459214511133E-01
 0.378463747137449E-01
 0.378467141812155E-01
 0.378470925712054E-01
 0.378476513649850E-01
 0.378484634766686E-01
 0.378495052946589E-01
 0.378506675571840E-01
 0.378517984974113E-01
 0.378527634835675E-01
 0.378535010485008E-01
 0.378540524574480E-01
 0.378545458414925E-01
 0.378551345488132E-01
 0.378559181798280E-01
 0.378568922030209E-01
 0.378579579441759E-01
 0.378589843185897E-01
 0.378598773686521E-01
 0.378606132920456E-01
 0.378612241267047E-01
 0.378617613138088E-01
 0.378622702127419E-01
 0.378627868556413E-01
 0.378633426674221E-01
 0.378639584847603E-01
 0.378646265054580E-01
 0.378652973957128E-01
 0.378658909368213E-01
 0.378663317818426E-01
 0.378665917295745E-01
 0.378667117134395E-01
 0.378667860840351E-01
 0.378669136706459E-01
 0.378671423052196E-01
 0.378674414902242E-01
 0.378677229641726E-01
 0.378678973211049E-01
 0.378679283483617E-01
 0.378678476734861E-01
 0.378677226667029E-01
 0.378676064457551E-01
 0.378675098598205E-01
 0.378674126602564E-01
 0.378672962774087E-01
 0.378671651998938E-01
 0.378670395500993E-01
 0.378669304919597E-01
 0.378668247858675E-01
 0.378666937448386E-01
 0.378665182155847E-01
 0.378663073139383E-01
 0.378660950691386E-01
 0.378659180323189E-01
 0.378657918711831E-01
 0.378657050511756E-01
 0.378656339609868E-01
 0.378655668020013E-01
 0.378655159219537E-01
 0.378655067711089E-01
 0.378655513312466E-01
 0.378656293981363E-01
 0.378656977241428E-01
 0.378657244801465E-01
 0.378657225413609E-01
 0.378657518012303E-01
 0.378658837347761E-01
 0.378661525701532E-01
 0.378665297510925E-01
 0.378669407852973E-01
 0.378673111518487E-01
 0.378676079199105E-01
 0.378678509668115E-01
 0.378680929704587E-01
 0.378683881304657E-01
 0.378687708297428E-01
 0.378692509167706E-01
 0.378698177978693E-01
 0.378704433619315E-01
 0.378710828485435E-01
 0.378716817485772E-01
 0.378721952942547E-01
 0.378726149972675E-01
 0.378729846124381E-01
 0.378733883183644E-01
 0.378739101031966E-01
 0.378745849960399E-01
 0.378753728707173E-01
 0.378761741569298E-01
 0.378768803946830E-01
 0.378774299371754E-01
 0.378778365293649E-01
 0.378781768869277E-01
 0.378785484850623E-01
