 0.150095082952661E-08
 0.235990765159395E-07
 0.123310970960628E-06
 0.397522134471461E-06
 0.966698038186246E-06
 0.194726249685967E-05
 0.342207675270440E-05
 0.541770824557402E-05
 0.789364265483793E-05
 0.107437820041493E-04
 0.138063930376002E-04
 0.168766488669511E-04
 0.211302744390035E-04
 0.301672258505456E-04
 0.418685854191047E-04
 0.566806802466864E-04
 0.750583360096191E-04
 0.974550719115707E-04
 0.124312624984740E-03
 0.156049992489568E-03
 0.193052206117820E-03
 0.235659094323697E-03
 0.284154357350951E-03
 0.338755311749584E-03
 0.399603566932597E-03
 0.466756658965018E-03
 0.540180407723077E-03
 0.619741683238612E-03
 0.705201486854690E-03
 0.796411121515010E-03
 0.894242445763509E-03
 0.999055568856026E-03
 0.111079346231551E-02
 0.122967005350569E-02
 0.135550545433772E-02
 0.148833077418489E-02
 0.162813770006935E-02
 0.177486012615263E-02
 0.192831197686529E-02
 0.208819092230137E-02
 0.225496546232444E-02
 0.242844282576190E-02
 0.260633819164105E-02
 0.278927963912114E-02
 0.321868984322336E-02
 0.399781578551097E-02
 0.490192801665933E-02
 0.594346109537362E-02
 0.713529127313726E-02
 0.849067955135653E-02
 0.100232122591254E-01
 0.117467380403490E-01
 0.136752988018099E-01
 0.158230524065828E-01
 0.182041864486821E-01
 0.208328242003747E-01
 0.237229246858844E-01
 0.268881785226193E-01
 0.303419003092203E-01
 0.340969178121259E-01
 0.381654583335071E-01
 0.425590329563409E-01
 0.472883191606514E-01
 0.523630415390421E-01
 0.577918498480935E-01
 0.635821943683373E-01
 0.697402004590127E-01
 0.762705459496581E-01
 0.831763450526765E-01
 0.904590405723196E-01
 0.981183038871269E-01
 0.106151941599848E+00
 0.114555809572723E+00
 0.123323737758109E+00
 0.132447470267918E+00
 0.141916623244326E+00
 0.151718659548205E+00
 0.161838876829905E+00
 0.172260406073994E+00
 0.182964220566860E+00
 0.193929157839814E+00
 0.205131957341318E+00
 0.216547314705352E+00
 0.228147952024741E+00
 0.239904704722034E+00
 0.251786628775372E+00
 0.263761133603802E+00
 0.275794142304489E+00
 0.287850272412909E+00
 0.299893021972803E+00
 0.311884944084240E+00
 0.323787801230600E+00
 0.335562704996542E+00
 0.347170259239360E+00
 0.358570728435978E+00
 0.369724246505930E+00
 0.380591069207086E+00
 0.391131861067860E+00
 0.401307999108355E+00
 0.411081870586822E+00
 0.420417140529172E+00
 0.429278968612615E+00
 0.437634166652228E+00
 0.445451306910693E+00
 0.452700811174300E+00
 0.459355060520412E+00
 0.465388558044471E+00
 0.470778152590635E+00
 0.475503301639181E+00
 0.479546330604304E+00
 0.482892643388489E+00
 0.485530854175705E+00
 0.487452833707647E+00
 0.488653683942993E+00
 0.489131667428460E+00
 0.488888122432333E+00
 0.487927394526072E+00
 0.486256810059285E+00
 0.483886704238804E+00
 0.480830494998222E+00
 0.477104768335074E+00
 0.472729322592888E+00
 0.467727120271268E+00
 0.462124120433427E+00
 0.455949003774319E+00
 0.449232837480441E+00
 0.442008740892761E+00
 0.434311600502878E+00
 0.426177853686453E+00
 0.417645331611765E+00
 0.408753134680787E+00
 0.399541508987861E+00
 0.390051693045566E+00
 0.380325706991344E+00
 0.370406066044559E+00
 0.360335422195537E+00
 0.350156169717034E+00
 0.339910074898872E+00
 0.329637989130250E+00
 0.319379670977152E+00
 0.309173692572939E+00
 0.299057367070882E+00
 0.289066629723644E+00
 0.279235836512354E+00
 0.269597490803333E+00
 0.260181943235078E+00
 0.251017117266011E+00
 0.242128296406422E+00
 0.233537985856026E+00
 0.225265845643230E+00
 0.217328686023083E+00
 0.209740509886716E+00
 0.202512574769566E+00
 0.195653435397617E+00
 0.189168932769700E+00
 0.183062126447093E+00
 0.177333210496326E+00
 0.171979481197881E+00
 0.166995413125433E+00
 0.162372853719602E+00
 0.158101295106841E+00
 0.154168157439049E+00
 0.150559029159371E+00
 0.147257839449131E+00
 0.144246964321366E+00
 0.141507283144241E+00
 0.139018214902670E+00
 0.136757779161661E+00
 0.134702735933476E+00
 0.132828843867215E+00
 0.131111232500225E+00
 0.129524830969132E+00
 0.128044764483778E+00
 0.126646641304003E+00
 0.125306700572603E+00
 0.124001848389748E+00
 0.122709648294010E+00
 0.121408339765027E+00
 0.120076937998786E+00
 0.118695432421276E+00
 0.117245063289719E+00
 0.117191799931163E+00
 0.119251299754543E+00
 0.120767076861805E+00
 0.121725667287355E+00
 0.122116458100271E+00
 0.121931589537707E+00
 0.121165828712871E+00
 0.119817061312829E+00
 0.119450948924538E+00
 0.118639392209976E+00
 0.117275385318638E+00
 0.115816487945564E+00
 0.114997179155488E+00
 0.113683265934953E+00
 0.112378983048123E+00
 0.111880542783364E+00
 0.111222565684752E+00
 0.110301501851169E+00
 0.109123410646467E+00
 0.107695757154897E+00
 0.106027529713733E+00
 0.104129260121263E+00
 0.102012897904542E+00
 0.999299777580471E-01
 0.982600010968111E-01
 0.965384539538115E-01
 0.947583589126884E-01
 0.929145126117573E-01
 0.910666760547506E-01
 0.893073267708018E-01
 0.875049466385959E-01
 0.856529509724945E-01
 0.839363411767500E-01
 0.822532925409171E-01
 0.805169404011076E-01
 0.789042424075595E-01
 0.854204697257486E-01
 0.925678788014768E-01
 0.992666282285033E-01
 0.105477784785634E+00
 0.111164844387118E+00
 0.116293819844306E+00
 0.120833252843302E+00
 0.124754238893215E+00
 0.128030537187985E+00
 0.130638778443389E+00
 0.132558726091486E+00
 0.133773524148232E+00
 0.134269882225412E+00
 0.134038183806263E+00
 0.133072534094338E+00
 0.131370776131571E+00
 0.130695877074747E+00
 0.129731547049158E+00
 0.128052124221999E+00
 0.126608666996422E+00
 0.125660099314647E+00
 0.124051482014980E+00
 0.122828243635559E+00
 0.121896105141147E+00
 0.120385343299285E+00
 0.118735391930039E+00
 0.117051950674927E+00
 0.115270131275219E+00
 0.113421451835393E+00
 0.111549424370496E+00
 0.109672230240132E+00
 0.107784029169130E+00
 0.105918488085389E+00
 0.104309832002376E+00
 0.102836162350384E+00
 0.101519183280660E+00
 0.100304557249918E+00
 0.991753593220397E-01
 0.982514988218779E-01
 0.978334692153287E-01
 0.974916620761254E-01
 0.103343289230345E+00
 0.110707547128236E+00
 0.117679641196366E+00
 0.126271559236901E+00
 0.135486570936015E+00
 0.144188677093845E+00
 0.152332164081340E+00
 0.159873862301030E+00
 0.166773504429044E+00
 0.172994084695765E+00
 0.178502159550032E+00
 0.183268013182128E+00
 0.187265646976902E+00
 0.190472632646095E+00
 0.192869944705753E+00
 0.194441904403116E+00
 0.195176309073642E+00
 0.195064724732148E+00
 0.194102843746350E+00
 0.192290790065112E+00
 0.189633285841990E+00
 0.187773089409264E+00
 0.185959854105917E+00
 0.183325308813803E+00
 0.180891573608088E+00
 0.179093295836853E+00
 0.176501001038404E+00
 0.174502703994342E+00
 0.172721094798538E+00
 0.170170660472496E+00
 0.167119277184585E+00
 0.164058137433466E+00
 0.161024626648574E+00
 0.158021034770732E+00
 0.155034037664568E+00
 0.152100295696813E+00
 0.149237815075156E+00
 0.146449105200829E+00
 0.143723865050085E+00
 0.141040782387736E+00
 0.138372159634364E+00
 0.135685500543343E+00
 0.133197887210025E+00
 0.130756509840939E+00
 0.128248140472194E+00
 0.125817024476177E+00
 0.123559077664646E+00
 0.121169668289618E+00
 0.118934595244602E+00
 0.116772751320024E+00
 0.120866019532576E+00
 0.130653934719192E+00
 0.139829195930876E+00
 0.148347912304782E+00
 0.156169175302362E+00
 0.163255225571440E+00
 0.169571521472340E+00
 0.175086749692131E+00
 0.179772836402568E+00
 0.183605011607625E+00
 0.186561952546477E+00
 0.188625992271208E+00
 0.189783341686538E+00
 0.190024256294807E+00
 0.189343094752234E+00
 0.187738259558850E+00
 0.185267156202968E+00
 0.184536471695599E+00
 0.182908339190942E+00
 0.180385317251444E+00
 0.178879555298195E+00
 0.177245548796092E+00
 0.174746490442937E+00
 0.173585288805573E+00
 0.171950537769748E+00
 0.169478780986408E+00
 0.166416534561233E+00
 0.163451668907082E+00
 0.160559351033779E+00
 0.157857761348551E+00
 0.155217705883508E+00
 0.152672522436125E+00
 0.150238814590246E+00
 0.147917738455511E+00
 0.145698570172285E+00
 0.143560238752049E+00
 0.141473255925671E+00
 0.139401230039170E+00
 0.137534073456492E+00
 0.135758926423841E+00
 0.133931105722884E+00
 0.132134268528201E+00
 0.130574675049612E+00
 0.140419481366920E+00
 0.151202239302683E+00
 0.161610661989697E+00
 0.173916353600084E+00
 0.187479087473577E+00
 0.200565979075067E+00
 0.213129579745195E+00
 0.225124639137344E+00
 0.236507984659908E+00
 0.247238517132366E+00
 0.257277378105028E+00
 0.266588268640602E+00
 0.275137840650878E+00
 0.282896059667296E+00
 0.289836451619819E+00
 0.295936183800272E+00
 0.301175980144890E+00
 0.305539924434646E+00
 0.309015248680555E+00
 0.311592216805611E+00
 0.313264178175210E+00
 0.314027786645865E+00
 0.313883293978461E+00
 0.312834780373664E+00
 0.310890208941168E+00
 0.308061272716943E+00
 0.304363095185308E+00
 0.300354688473196E+00
 0.297511447885277E+00
 0.293824624768667E+00
 0.289312410407830E+00
 0.286032021022425E+00
 0.282384568211445E+00
 0.278206504266437E+00
 0.275390136232939E+00
 0.271785980489374E+00
 0.267411258682372E+00
 0.262286400957361E+00
 0.256593596034961E+00
 0.251020368678846E+00
 0.245637289901781E+00
 0.240399435860853E+00
 0.235327309944068E+00
 0.230458965824678E+00
 0.225719971724524E+00
 0.221105353465916E+00
 0.216600734859407E+00
 0.212252293740707E+00
 0.208101210139599E+00
 0.204038091816751E+00
 0.200024399596434E+00
 0.196020912329430E+00
 0.192364469878308E+00
 0.188711741191907E+00
 0.185002736771789E+00
 0.181602810369309E+00
 0.178219231578506E+00
 0.174733792172139E+00
 0.171666515802661E+00
 0.168444984867017E+00
 0.165365926447995E+00
 0.162416467935383E+00
 0.159335182249412E+00
 0.156640222281823E+00
 0.153712028093743E+00
 0.151128575363528E+00
 0.148427119113330E+00
 0.145891424394786E+00
 0.150365521280399E+00
 0.155816365985537E+00
 0.160659763108435E+00
 0.164899779937368E+00
 0.168543443171577E+00
 0.171600613421718E+00
 0.174083833148339E+00
 0.176008187572342E+00
 0.177391202730309E+00
 0.178252773147939E+00
 0.178615089522177E+00
 0.178502540701893E+00
 0.177941586337212E+00
 0.176960613206311E+00
 0.175589783453313E+00
 0.174389491894982E+00
 0.173364764234121E+00
 0.171961934360137E+00
 0.170211843086472E+00
 0.168862779763061E+00
 0.167443053513521E+00
 0.165695442406076E+00
 0.164615664825436E+00
 0.163183547372814E+00
 0.161428241034910E+00
 0.159380047286468E+00
 0.157070262749471E+00
 0.154531021141253E+00
 0.151907131492793E+00
 0.149429245369968E+00
 0.147091526800661E+00
 0.144862054250851E+00
 0.142783607218106E+00
 0.140799647306363E+00
 0.138912440626396E+00
 0.137118843344094E+00
 0.135409977359554E+00
 0.133771330321362E+00
 0.132182204277809E+00
 0.130640662821595E+00
 0.129218108675081E+00
 0.127793581059660E+00
 0.126330473013329E+00
 0.125019762413736E+00
 0.123605856203372E+00
 0.122265255970870E+00
 0.124506575934037E+00
 0.127337253655677E+00
 0.130520978346524E+00
 0.134042408724924E+00
 0.137883477345620E+00
 0.142023482790423E+00
 0.146439219108215E+00
 0.151105119453900E+00
 0.155993385563572E+00
 0.161074091104377E+00
 0.166315273256428E+00
 0.171683043054306E+00
 0.177141738404928E+00
 0.182654118736610E+00
 0.188181575593578E+00
 0.193684328624503E+00
 0.199121596167288E+00
 0.204451758572227E+00
 0.209632545652037E+00
 0.214621264050283E+00
 0.219375048105886E+00
 0.223851097859534E+00
 0.228006879618806E+00
 0.231800298276104E+00
 0.235189875196804E+00
 0.238134957996802E+00
 0.240595956922228E+00
 0.242534578033332E+00
 0.243914029114874E+00
 0.244699202318340E+00
 0.244856857959569E+00
 0.244355825515400E+00
 0.243167209509985E+00
 0.241264568716892E+00
 0.238624047020981E+00
 0.235224465600429E+00
 0.232425746544428E+00
 0.229799201139716E+00
 0.226436164374489E+00
 0.222824274759272E+00
 0.220230844027580E+00
 0.216926781154203E+00
 0.213955925895195E+00
 0.211397569857277E+00
 0.208152772926162E+00
 0.204205325030812E+00
 0.199873033552513E+00
 0.195710252570511E+00
 0.191746009480682E+00
 0.187918089745105E+00
 0.184244476323229E+00
 0.180780250609691E+00
 0.177444187875167E+00
 0.174231466944007E+00
 0.171127985455162E+00
 0.168185591566545E+00
 0.165416851560997E+00
 0.162732981531628E+00
 0.160095855561660E+00
 0.157462831596930E+00
 0.155143808463046E+00
 0.152803037534248E+00
 0.154788134757094E+00
 0.170833183174965E+00
 0.186754643435378E+00
 0.202503564984301E+00
 0.218031069840287E+00
 0.235176202337286E+00
 0.255006495644338E+00
 0.274549667404775E+00
 0.293744193084042E+00
 0.312529108781495E+00
 0.330844287688761E+00
 0.348630746120300E+00
 0.365830936266413E+00
 0.382388976525718E+00
 0.398250804798134E+00
 0.413364294863894E+00
 0.427679406917297E+00
 0.441148419424678E+00
 0.453726224276778E+00
 0.465370612691421E+00
 0.476042481805211E+00
 0.485705948985285E+00
 0.494328422224009E+00
 0.501880688483277E+00
 0.508337041632283E+00
 0.513675420822863E+00
 0.517877517109452E+00
 0.520928838227033E+00
 0.522818761367219E+00
 0.523540608841204E+00
 0.523091745195007E+00
 0.521473650984006E+00
 0.518691920019909E+00
 0.514756165355469E+00
 0.509679876567717E+00
 0.503480302249191E+00
 0.497975626960060E+00
 0.492880762802890E+00
 0.486697289114452E+00
 0.479480646965523E+00
 0.474409352711498E+00
 0.468288143841111E+00
 0.462291661440945E+00
 0.457251825704231E+00
 0.451198037884843E+00
 0.444150443804351E+00
 0.436132564742499E+00
 0.427171248699337E+00
 0.417825555173048E+00
 0.408802204024102E+00
 0.400030345813816E+00
 0.391643460874603E+00
 0.383471214332458E+00
 0.375546424888106E+00
 0.367881614133686E+00
 0.360471319517753E+00
 0.353296422132130E+00
 0.346326046201901E+00
 0.339520928594122E+00
 0.332835732767885E+00
 0.326467853059657E+00
 0.320342046479855E+00
 0.314263385286500E+00
 0.308211939223933E+00
 0.302670246459178E+00
 0.297086738455372E+00
 0.291496966979268E+00
 0.286399878170774E+00
 0.281168473634419E+00
 0.276141788163875E+00
 0.271340293247387E+00
 0.266361484590866E+00
 0.261933930355639E+00
 0.257284248110821E+00
 0.252958417848430E+00
 0.248662920014161E+00
 0.244423984706145E+00
 0.240455414199834E+00
 0.236348770734855E+00
 0.232656089109036E+00
 0.228705442950420E+00
 0.225251306694339E+00
 0.221477207492627E+00
 0.218221283944576E+00
 0.214620339541370E+00
 0.211088444027724E+00
 0.207646233210640E+00
 0.207573810831586E+00
 0.207421915781933E+00
 0.206483268256748E+00
 0.204787567245051E+00
 0.204486948071757E+00
 0.203477988355061E+00
 0.201734329244241E+00
 0.200336697280395E+00
 0.199274428122893E+00
 0.197502618706542E+00
 0.196342469591499E+00
 0.195235798001041E+00
 0.193442976350710E+00
 0.190994252006212E+00
 0.188089206188246E+00
 0.185274147182750E+00
 0.182540504485656E+00
 0.179953205966636E+00
 0.177427935960982E+00
 0.174992223370746E+00
 0.172660015427680E+00
 0.170433556744268E+00
 0.168305152348309E+00
 0.166258254277607E+00
 0.164268373855555E+00
 0.162304175604372E+00
 0.160360797369368E+00
 0.158644042636926E+00
 0.156893748814616E+00
 0.155054888036896E+00
 0.153475307446518E+00
 0.151805782915655E+00
 0.150087977227541E+00
 0.148540137271528E+00
 0.146719436594457E+00
 0.145219618982330E+00
 0.143327295669889E+00
 0.141772437919889E+00
 0.139836035578490E+00
 0.138098314557375E+00
 0.136147664829035E+00
 0.134102528901327E+00
 0.132171580437471E+00
 0.130189323291658E+00
 0.128236660512716E+00
 0.126314363407678E+00
 0.124417315015663E+00
 0.122529068377260E+00
 0.120693802656277E+00
 0.118887894327533E+00
 0.117102889265797E+00
 0.115337772365878E+00
 0.113588878347610E+00
 0.111910702100643E+00
 0.110261222751618E+00
 0.108628319515974E+00
 0.107000368497422E+00
 0.108610948278097E+00
 0.117591398099930E+00
 0.126692104734715E+00
 0.135866007424858E+00
 0.145065271588681E+00
 0.154241547672750E+00
 0.163346279533618E+00
 0.172330998004315E+00
 0.181147545873676E+00
 0.189748235534456E+00
 0.198085992520629E+00
 0.206114542468678E+00
 0.213788654704688E+00
 0.221064404899549E+00
 0.227899406919786E+00
 0.234252996570314E+00
 0.240086392494918E+00
 0.245362871354632E+00
 0.250047966883161E+00
 0.254109664206348E+00
 0.257518549073852E+00
 0.260247898196524E+00
 0.262273739123745E+00
 0.263574929627481E+00
 0.264133287679664E+00
 0.263933756641696E+00
 0.262964551796828E+00
 0.261217234814247E+00
 0.258686703767072E+00
 0.255371137225009E+00
 0.252583306924034E+00
 0.250049855913372E+00
 0.246754924817963E+00
 0.243019271027111E+00
 0.240503974534693E+00
 0.237253738335155E+00
 0.234156804094095E+00
 0.231663847075855E+00
 0.228460681272706E+00
 0.224549243730503E+00
 0.220007336171651E+00
 0.215493711981221E+00
 0.211194279802219E+00
 0.207078493179918E+00
 0.203139382438793E+00
 0.199342215001544E+00
 0.195705789294947E+00
 0.192235322224523E+00
 0.188924108125565E+00
 0.185755596930761E+00
 0.182704681980690E+00
 0.179739266098590E+00
 0.176821232419376E+00
 0.174163197760616E+00
 0.171578738157208E+00
 0.168961301043508E+00
 0.166479481281805E+00
 0.164134416222781E+00
 0.161623036118456E+00
 0.159415894743779E+00
 0.157034099557378E+00
 0.154763840296476E+00
 0.152406552405455E+00
 0.150935772237364E+00
 0.162905817266291E+00
 0.174338905251231E+00
 0.185200232290814E+00
 0.195457499637108E+00
 0.205081119437346E+00
 0.214044346863925E+00
 0.222323340661676E+00
 0.229897191378607E+00
 0.236747958862219E+00
 0.242860733699993E+00
 0.248223708344283E+00
 0.252828235597565E+00
 0.256668865719121E+00
 0.259743370443958E+00
 0.262052763862431E+00
 0.263601313983153E+00
 0.264396521061940E+00
 0.264449040076965E+00
 0.263772550868373E+00
 0.262383613008537E+00
 0.260301554520065E+00
 0.257548418423116E+00
 0.254882485728890E+00
 0.252764430277554E+00
 0.249995801423025E+00
 0.246600847975091E+00
 0.244267948174965E+00
 0.241507643189218E+00
 0.238467199597644E+00
 0.236326795795221E+00
 0.233579813032700E+00
 0.230249386361337E+00
 0.226360922247169E+00
 0.221960296984948E+00
 0.217506925196967E+00
 0.213199053886508E+00
 0.209034052208280E+00
 0.204970997036928E+00
 0.201007601595136E+00
 0.197158546716718E+00
 0.193427799742792E+00
 0.189809517146896E+00
 0.186290657479399E+00
 0.182852399659014E+00
 0.179470207477613E+00
 0.176117420444316E+00
 0.172978612386371E+00
 0.169890516683556E+00
 0.166789992271198E+00
 0.163799458465341E+00
 0.160954066554070E+00
 0.158045993528903E+00
 0.155289490943034E+00
 0.152613256007590E+00
 0.149821701080153E+00
 0.147365157263853E+00
 0.144777494640337E+00
 0.142315780067017E+00
 0.139922662037696E+00
 0.137475423069050E+00
 0.135269338954137E+00
 0.132881628691681E+00
 0.130828556773755E+00
 0.128612329168479E+00
 0.126607201464168E+00
 0.124552004365119E+00
 0.122605488982138E+00
 0.120695620994666E+00
 0.118816596481326E+00
 0.117032813126835E+00
 0.115228741810035E+00
 0.113237410637209E+00
 0.111298753964790E+00
 0.109417618280623E+00
 0.107595698763687E+00
 0.105822309240278E+00
 0.104105098583987E+00
 0.102459660685092E+00
 0.100859116949723E+00
 0.993076612679858E-01
 0.978070454555801E-01
 0.963570199898996E-01
 0.972956222001087E-01
 0.102356626565975E+00
 0.107221618745858E+00
 0.111849055390112E+00
 0.116198180000119E+00
 0.120229317833315E+00
 0.123904144198758E+00
 0.127185900075180E+00
 0.130039561071316E+00
 0.132431982157530E+00
 0.134332035668129E+00
 0.135710746873372E+00
 0.136541426670312E+00
 0.136799808541869E+00
 0.136464204684818E+00
 0.135515688501744E+00
 0.133938285746842E+00
 0.131719132206244E+00
 0.129487870937576E+00
 0.127927581252976E+00
 0.125744306927756E+00
 0.123230388139572E+00
 0.121698122271513E+00
 0.119564287656778E+00
 0.117471366402120E+00
 0.115967803198809E+00
 0.113882832650118E+00
 0.111296341163769E+00
 0.108731045152319E+00
 0.106224248024632E+00
 0.103840593056643E+00
 0.101498661970893E+00
 0.992242414535350E-01
 0.970293350062983E-01
 0.949133054062134E-01
 0.928669443018516E-01
 0.908722290766311E-01
 0.889059641040623E-01
 0.869413156371742E-01
 0.851261337562356E-01
 0.891638812022652E-01
 0.996217974356598E-01
 0.109948491424085E+00
 0.120100610298933E+00
 0.131863037934715E+00
 0.144872585157377E+00
 0.157657699364096E+00
 0.170163906355262E+00
 0.182337244332997E+00
 0.194124509933306E+00
 0.205473457739967E+00
 0.216332979378969E+00
 0.226653281511232E+00
 0.236386069235646E+00
 0.245484738910659E+00
 0.253904591596501E+00
 0.261603079683125E+00
 0.268540082400225E+00
 0.274678177397019E+00
 0.279982858609683E+00
 0.284422665319412E+00
 0.287969230953085E+00
 0.290597305449895E+00
 0.292284819095202E+00
 0.293013025826226E+00
 0.292766708642616E+00
 0.291534385980301E+00
 0.289308454109020E+00
 0.286085235974212E+00
 0.283395822906574E+00
 0.281133805948182E+00
 0.277904041045262E+00
 0.274038964776954E+00
 0.271763485964688E+00
 0.268553805180070E+00
 0.265300513463823E+00
 0.263018475921685E+00
 0.259833665438618E+00
 0.255746791250172E+00
 0.250910370889910E+00
 0.246118283580057E+00
 0.241533955085027E+00
 0.237136364513248E+00
 0.232909068618998E+00
 0.228819379245146E+00
 0.224887148308337E+00
 0.221115698779265E+00
 0.217494100705774E+00
 0.213999490982601E+00
 0.210599938261145E+00
 0.207255562740565E+00
 0.204146838429809E+00
 0.201188481939453E+00
 0.198211306016221E+00
 0.195226429942897E+00
 0.192604003659660E+00
 0.189841903573765E+00
 0.187127783454623E+00
 0.184616289419219E+00
 0.181781086723986E+00
 0.184780214024562E+00
 0.199442581833226E+00
 0.215669611567776E+00
 0.231284771252425E+00
 0.246233673321350E+00
 0.260464139670785E+00
 0.273926448437741E+00
 0.286573627462941E+00
 0.298361735679157E+00
 0.309250081123136E+00
 0.319201360054607E+00
 0.328181738445095E+00
 0.336160912010173E+00
 0.343112171441424E+00
 0.349012480883324E+00
 0.353842566801627E+00
 0.357587014666563E+00
 0.360234372165662E+00
 0.361777249478538E+00
 0.362212391994739E+00
 0.361540694053052E+00
 0.359767137487433E+00
 0.356900672449427E+00
 0.352954088196499E+00
 0.348374225232652E+00
 0.345472941759678E+00
 0.341523720425004E+00
 0.336543159852530E+00
 0.332851659467473E+00
 0.328931434121164E+00
 0.324024003498437E+00
 0.321116628825827E+00
 0.317230799125167E+00
 0.312382693896416E+00
 0.306591985911126E+00
 0.300136986371503E+00
 0.293817538510481E+00
 0.287723767612677E+00
 0.281762495856444E+00
 0.276006845757805E+00
 0.270461864028914E+00
 0.265057626859108E+00
 0.259788046332139E+00
 0.254633708657557E+00
 0.249681857164579E+00
 0.244936331979032E+00
 0.240281694298331E+00
 0.235670543392314E+00
 0.231090731433670E+00
 0.226915645887876E+00
 0.222710369245281E+00
 0.218421064702767E+00
 0.214576166840651E+00
 0.210669413381483E+00
 0.206705229024245E+00
 0.203167181026574E+00
 0.199426115746347E+00
 0.195943586041981E+00
 0.192520920898008E+00
 0.189024439118577E+00
 0.185895237224079E+00
 0.189382497416255E+00
 0.200257718819831E+00
 0.210353262590475E+00
 0.219647982151323E+00
 0.228124116386928E+00
 0.235767330011208E+00
 0.242566789894042E+00
 0.248515248432111E+00
 0.253609091024708E+00
 0.257848318268145E+00
 0.261236464892620E+00
 0.263780484856523E+00
 0.265490638077606E+00
 0.266380398585936E+00
 0.266466381084525E+00
 0.265768269362098E+00
 0.264308730951760E+00
 0.262113310429742E+00
 0.259210298385871E+00
 0.257683100838172E+00
 0.255455129588263E+00
 0.252540817389424E+00
 0.249878389381051E+00
 0.247639256334061E+00
 0.244737889376059E+00
 0.242574522444018E+00
 0.240330224555536E+00
 0.237446102032170E+00
 0.233950642945045E+00
 0.229874402060651E+00
 0.225577272783485E+00
 0.221475060958244E+00
 0.217542756750243E+00
 0.213776472042218E+00
 0.210187663681442E+00
 0.206732698816052E+00
 0.203418730650140E+00
 0.200242598339425E+00
 0.197191724524307E+00
 0.194245553198901E+00
 0.191375889641354E+00
 0.188630571238152E+00
 0.186067749482881E+00
 0.183525067054075E+00
 0.180949604526005E+00
 0.178615224566249E+00
 0.176267282530614E+00
 0.173828702290809E+00
 0.171658992619658E+00
 0.169242238667127E+00
 0.167081761210896E+00
 0.164653170754707E+00
 0.162458564917466E+00
 0.159891573848057E+00
 0.157684435186703E+00
 0.155146814842848E+00
 0.152660955939588E+00
 0.150190524123022E+00
 0.147740017635569E+00
 0.145328933795005E+00
 0.142958352355944E+00
 0.140631695277800E+00
 0.138359425488360E+00
 0.136118499519158E+00
 0.133916002198976E+00
 0.131754659499896E+00
 0.129634374549725E+00
 0.127551216660069E+00
 0.125499379261605E+00
 0.123470546312691E+00
 0.121495865069371E+00
 0.119602685732773E+00
 0.117723711604197E+00
 0.115844918856732E+00
 0.114023715074182E+00
 0.112281948565299E+00
 0.110535919534529E+00
 0.108799749953542E+00
 0.107198182526305E+00
 0.105578536660237E+00
 0.103932738350052E+00
 0.102451930768793E+00
 0.100961631976378E+00
 0.994408210721868E-01
 0.980906118377515E-01
 0.967251022920296E-01
 0.953335997820737E-01
 0.941137599662891E-01
 0.928250591910461E-01
 0.916058702205195E-01
 0.904154894253458E-01
 0.891572883804983E-01
 0.880200864685267E-01
 0.868568871157921E-01
 0.856646609787649E-01
 0.846051541560731E-01
 0.834783665550637E-01
 0.824212712169978E-01
 0.811579350683232E-01
 0.796985111660856E-01
 0.780538133880443E-01
 0.762352651741755E-01
 0.742548356913101E-01
 0.721249762248265E-01
 0.698585643872062E-01
 0.674688490774807E-01
 0.649693849451446E-01
 0.742513241695667E-01
 0.839925960334708E-01
 0.939261023186160E-01
 0.104018540216574E+00
 0.114235158745941E+00
 0.124540003018165E+00
 0.134896174380991E+00
 0.145266091381899E+00
 0.155611735479858E+00
 0.167837893310974E+00
 0.180895850108694E+00
 0.193920247101160E+00
 0.206862876790372E+00
 0.219675087373714E+00
 0.232307978532036E+00
 0.244712640674549E+00
 0.256840431367526E+00
 0.268643263290498E+00
 0.280073868329877E+00
 0.291086010946584E+00
 0.301634648297656E+00
 0.311676061159883E+00
 0.321167992474176E+00
 0.330069821918453E+00
 0.338342781413619E+00
 0.345950192561452E+00
 0.352857695654232E+00
 0.359033444516621E+00
 0.364448255905196E+00
 0.369075717109727E+00
 0.372892264877272E+00
 0.375877252424217E+00
 0.378013021134520E+00
 0.379284989939564E+00
 0.379681766556116E+00
 0.379195270456736E+00
 0.377820842737484E+00
 0.375557312372003E+00
 0.372406998854524E+00
 0.368375655472428E+00
 0.363472382333770E+00
 0.359417274174207E+00
 0.355390261120389E+00
 0.350517958490188E+00
 0.345299888940508E+00
 0.341308750709710E+00
 0.336502178643748E+00
 0.332210968404191E+00
 0.328260310711008E+00
 0.323522101089903E+00
 0.318008292311933E+00
 0.311733934952273E+00
 0.304858460922495E+00
 0.298131154741733E+00
 0.291635908115009E+00
 0.285318467347523E+00
 0.279244521108126E+00
 0.273386762491609E+00
 0.267697763961601E+00
 0.262174380121261E+00
 0.256801729169009E+00
 0.251556774953736E+00
 0.246519292275345E+00
 0.241694071407021E+00
 0.236959658256035E+00
 0.232274785769016E+00
 0.227722923909837E+00
 0.223450414951374E+00
 0.219158699086962E+00
 0.214902374344724E+00
 0.210992998962714E+00
 0.206989700268668E+00
 0.203128433008231E+00
 0.199462625060539E+00
 0.195633604716814E+00
 0.192239307519319E+00
 0.188702994611185E+00
 0.185331018021451E+00
 0.182073208654088E+00
 0.178748530632851E+00
 0.175754402641676E+00
 0.172517580735428E+00
 0.169751704179291E+00
 0.166740065857702E+00
 0.167033942132155E+00
 0.171293675224764E+00
 0.174765015367657E+00
 0.177451341894551E+00
 0.179359586926754E+00
 0.180500173678047E+00
 0.180886922362247E+00
 0.180536939659890E+00
 0.179470503607919E+00
 0.178272070256290E+00
 0.177848089533174E+00
 0.176728488964564E+00
 0.174936347472888E+00
 0.174107000465880E+00
 0.172950337898868E+00
 0.171144029703188E+00
 0.170514004015283E+00
 0.169328046079671E+00
 0.167513667831529E+00
 0.165125631786626E+00
 0.162667853044613E+00
 0.160307129556290E+00
 0.158001627909639E+00
 0.155849597314718E+00
 0.153768143089201E+00
 0.151761289958239E+00
 0.149832539643507E+00
 0.147975674468511E+00
 0.146176241526139E+00
 0.144412528223675E+00
 0.142761012159928E+00
 0.141220989626126E+00
 0.139678272536495E+00
 0.138089817122873E+00
 0.136692648228706E+00
 0.135290750787144E+00
 0.133748507861989E+00
 0.132492644680919E+00
 0.131048508716627E+00
 0.129685231740672E+00
 0.128268347238627E+00
 0.126827455792706E+00
 0.125336456298331E+00
 0.123843893107627E+00
 0.122152706374917E+00
 0.120631110850906E+00
 0.118819199612766E+00
 0.117092559567369E+00
 0.115328990937009E+00
 0.113586951747462E+00
 0.111871588255935E+00
 0.110164881335393E+00
 0.108507233124014E+00
 0.106870719237074E+00
 0.105250775910135E+00
 0.103652585487378E+00
 0.102077769812918E+00
 0.100524193928696E+00
 0.989872009436156E-01
 0.974600066249619E-01
 0.959415177566773E-01
 0.103980489759492E+00
 0.113328916497898E+00
 0.124047185482940E+00
 0.135623437964802E+00
 0.147406734687831E+00
 0.159344831508233E+00
 0.171384171087587E+00
 0.183470136710536E+00
 0.195547282436934E+00
 0.207559545075386E+00
 0.219450442935719E+00
 0.231163267603641E+00
 0.242641282760674E+00
 0.253827951492741E+00
 0.264667208595410E+00
 0.275103773027230E+00
 0.285083468743175E+00
 0.294553509068245E+00
 0.303462713366588E+00
 0.311761659702035E+00
 0.319402811886522E+00
 0.326340670646787E+00
 0.332531978776824E+00
 0.337935972631759E+00
 0.342514642308830E+00
 0.346232958633066E+00
 0.349059045256233E+00
 0.350964300834071E+00
 0.351923490698111E+00
 0.351914824995918E+00
 0.350920031082794E+00
 0.348924424339997E+00
 0.345916984982626E+00
 0.341890448821517E+00
 0.337176005083190E+00
 0.334155247875807E+00
 0.330146115068677E+00
 0.325145613967152E+00
 0.321224014771822E+00
 0.317261917270339E+00
 0.312343359772848E+00
 0.309254448638009E+00
 0.305342845452792E+00
 0.300507087033396E+00
 0.294748552072256E+00
 0.288482656048989E+00
 0.282448115772047E+00
 0.276684360130964E+00
 0.271110517127184E+00
 0.265756195389692E+00
 0.260680878720765E+00
 0.255783044354875E+00
 0.251056079968297E+00
 0.246480713182373E+00
 0.242110494811294E+00
 0.237992306125403E+00
 0.233993877156509E+00
 0.230064721060222E+00
 0.226148529202216E+00
 0.222639334075362E+00
 0.219134734944882E+00
 0.215523406039285E+00
 0.212318917175473E+00
 0.209014713371208E+00
 0.205700029103482E+00
 0.202625042240349E+00
 0.205237595334741E+00
 0.221615346692339E+00
 0.240548723569764E+00
 0.258916758116802E+00
 0.276667243116640E+00
 0.293750270281509E+00
 0.310118390233477E+00
 0.325726785165176E+00
 0.340533455571898E+00
 0.354499418480796E+00
 0.367588903755224E+00
 0.379769522229290E+00
 0.391012377308341E+00
 0.401292109165282E+00
 0.410586891667288E+00
 0.418878426378333E+00
 0.426151975670724E+00
 0.432396446153191E+00
 0.437604493987383E+00
 0.441772602424394E+00
 0.444901092756375E+00
 0.446994063072031E+00
 0.448059280575479E+00
 0.448108063684284E+00
 0.447155178550527E+00
 0.445218754784418E+00
 0.442320211663608E+00
 0.438484183269066E+00
 0.433738432864492E+00
 0.428809410481002E+00
 0.424933403741349E+00
 0.420175984993123E+00
 0.414567277971568E+00
 0.409844322831512E+00
 0.405113461692069E+00
 0.399669381835308E+00
 0.395792212190937E+00
 0.391094126166916E+00
 0.385603899860576E+00
 0.379352784025789E+00
 0.372374380096241E+00
 0.364714365758988E+00
 0.356968772182268E+00
 0.349481481396707E+00
 0.342266180277590E+00
 0.335238560877190E+00
 0.328401070861714E+00
 0.321825538376551E+00
 0.315437101409635E+00
 0.309211293481884E+00
 0.303218362957579E+00
 0.297421701008514E+00
 0.291775585645969E+00
 0.286244813358652E+00
 0.280790500107426E+00
 0.275587138030680E+00
 0.270573108145951E+00
 0.265573841898058E+00
 0.260683868926766E+00
 0.256100129503898E+00
 0.251459485095400E+00
 0.246981605380581E+00
 0.242716020995258E+00
 0.238322352216701E+00
 0.234330420962600E+00
 0.230267910749960E+00
 0.226312556742692E+00
 0.222565155035335E+00
 0.218675710401586E+00
 0.215221255200737E+00
 0.211547920656730E+00
 0.208237688386499E+00
 0.204824396742784E+00
 0.201608310119906E+00
 0.198430236706954E+00
 0.195319967206504E+00
 0.192348600164216E+00
 0.189355134565208E+00
 0.186239376304836E+00
 0.183219823032004E+00
 0.180271653552452E+00
 0.177404799697383E+00
 0.174619684702609E+00
 0.171923855164505E+00
 0.169288615714953E+00
 0.166722539711165E+00
 0.164230387414472E+00
 0.161813586947404E+00
 0.159470765859004E+00
 0.157198195990176E+00
 0.154990173092304E+00
 0.152839243375432E+00
 0.150736277329344E+00
 0.148670127228270E+00
 0.146730838844647E+00
 0.144854932836430E+00
 0.142995990878167E+00
 0.141132839452619E+00
 0.139418140224420E+00
 0.137725701544457E+00
 0.135989653830493E+00
 0.134383223574674E+00
 0.132795809485706E+00
 0.131126638573403E+00
 0.129672130503221E+00
 0.128133092632722E+00
 0.126629906015188E+00
 0.124855511790828E+00
 0.122819498003395E+00
 0.120532267365504E+00
 0.118004998545548E+00
 0.115249608307303E+00
 0.112278705138005E+00
 0.109105531454576E+00
 0.105743898846730E+00
 0.102208122184705E+00
 0.985129538472685E-01
 0.946735151909991E-01
 0.907052238727054E-01
 0.963272886855091E-01
 0.103792044302001E+00
 0.111472600629633E+00
 0.119337473283016E+00
 0.127353251743578E+00
 0.135484831804709E+00
 0.143695646174691E+00
 0.151947859991578E+00
 0.160202526625941E+00
 0.168419723786714E+00
 0.176558696757233E+00
 0.184578026239355E+00
 0.192435824563850E+00
 0.200089955848029E+00
 0.207498273808569E+00
 0.214618869599877E+00
 0.221410317220908E+00
 0.227831898880152E+00
 0.233843795132888E+00
 0.239407239059980E+00
 0.244484654620083E+00
 0.249039812443299E+00
 0.253038029207056E+00
 0.256446409774558E+00
 0.259234100522930E+00
 0.261372509143829E+00
 0.262835461062000E+00
 0.263599295830663E+00
 0.263642935511986E+00
 0.262947962672107E+00
 0.261498727903198E+00
 0.259282481748503E+00
 0.256289511099451E+00
 0.253652791948912E+00
 0.251414266831404E+00
 0.248422514504097E+00
 0.244770560423990E+00
 0.242530524293834E+00
 0.239563657988430E+00
 0.236497875826622E+00
 0.234262300874953E+00
 0.231324328018305E+00
 0.227678762932574E+00
 0.223353793362289E+00
 0.218974516724223E+00
 0.214783812930842E+00
 0.210728169469559E+00
 0.206914744689502E+00
 0.203224385320172E+00
 0.199675173428622E+00
 0.196271521649646E+00
 0.193006281975038E+00
 0.189862747325473E+00
 0.186816641532092E+00
 0.183837564026371E+00
 0.181045471444732E+00
 0.178401293522847E+00
 0.175765370608073E+00
 0.173087097573232E+00
 0.170758329275499E+00
 0.168335380591991E+00
 0.165886443827465E+00
 0.163674036896425E+00
 0.161197977658521E+00
 0.159062915065467E+00
 0.160761980087644E+00
 0.174285168578768E+00
 0.188043311425752E+00
 0.201241412301131E+00
 0.213831107481006E+00
 0.225766027160463E+00
 0.237001961802659E+00
 0.247497057119113E+00
 0.257212026239441E+00
 0.266110359254345E+00
 0.274158515043889E+00
 0.281326089216029E+00
 0.287585955888318E+00
 0.292914379435490E+00
 0.297291092830265E+00
 0.300699348066341E+00
 0.303125957417876E+00
 0.304561349463236E+00
 0.304999651557565E+00
 0.304438785409684E+00
 0.302880541882293E+00
 0.300330601519388E+00
 0.296798490142751E+00
 0.293691978015957E+00
 0.291111384608441E+00
 0.287577841080306E+00
 0.283425202103716E+00
 0.280838330028704E+00
 0.277331410007997E+00
 0.273845230673350E+00
 0.271258623403232E+00
 0.267782767384793E+00
 0.263430474622540E+00
 0.258246299653778E+00
 0.252933558968522E+00
 0.247800088390424E+00
 0.242816739427886E+00
 0.237998567730708E+00
 0.233295436854024E+00
 0.228729073710186E+00
 0.224304239260587E+00
 0.220011028593009E+00
 0.215828062232422E+00
 0.211724948172028E+00
 0.207664973574458E+00
 0.203839087492881E+00
 0.200144281412879E+00
 0.196435676639678E+00
 0.192724468201098E+00
 0.189379440609029E+00
 0.185944623195767E+00
 0.182497994420277E+00
 0.179394896682727E+00
 0.176120573971131E+00
 0.173052470786992E+00
 0.170064578083296E+00
 0.166948268333503E+00
 0.164224834540166E+00
 0.165330690137846E+00
 0.175243073734933E+00
 0.184369675504248E+00
 0.192680442050230E+00
 0.200148819819970E+00
 0.206751857406792E+00
 0.212470250524840E+00
 0.217288353445189E+00
 0.221194190622618E+00
 0.224179489908098E+00
 0.226239734324846E+00
 0.227374210982411E+00
 0.227586034568880E+00
 0.226882135458337E+00
 0.225273215752997E+00
 0.222773680676275E+00
 0.221180606483741E+00
 0.219537314981472E+00
 0.217029507187614E+00
 0.214459327689130E+00
 0.212799607992881E+00
 0.210304829114287E+00
 0.208172086449420E+00
 0.206501969618580E+00
 0.204024355503426E+00
 0.200756312564053E+00
 0.197111298050366E+00
 0.193610116366351E+00
 0.190287727266661E+00
 0.187055892694329E+00
 0.183943859508803E+00
 0.181013969481652E+00
 0.178179534003721E+00
 0.175433139000951E+00
 0.172801022174054E+00
 0.170342561118412E+00
 0.167965404059334E+00
 0.165632070890895E+00
 0.163298855331813E+00
 0.161139602992249E+00
 0.159105802272087E+00
 0.156985400252566E+00
 0.154975311990449E+00
 0.153092402920087E+00
 0.150981063835584E+00
 0.149233418401529E+00
 0.147214108217490E+00
 0.145371074685527E+00
 0.143337964461040E+00
 0.141432439905376E+00
 0.139255050740567E+00
 0.137315997456168E+00
 0.137132715405001E+00
 0.142295052386602E+00
 0.146715808807276E+00
 0.150381249501614E+00
 0.153281196389870E+00
 0.155409045858736E+00
 0.156761768679641E+00
 0.157339893177231E+00
 0.157147475758123E+00
 0.156192069089094E+00
 0.154484697662250E+00
 0.152379924287990E+00
 0.151398740599912E+00
 0.149687518379867E+00
 0.147260602466312E+00
 0.146083452639314E+00
 0.144383387922260E+00
 0.142133264602797E+00
 0.141129874781128E+00
 0.139444105900293E+00
 0.137089832880543E+00
 0.134427845864933E+00
 0.131836597278803E+00
 0.129321773622869E+00
 0.126824674548482E+00
 0.124455907886261E+00
 0.122126386768101E+00
 0.119838128754059E+00
 0.117583185377476E+00
 0.115381482358601E+00
 0.113308300974875E+00
 0.111261320417075E+00
 0.109209727685216E+00
 0.107119514291054E+00
 0.105251236368154E+00
 0.103369641663336E+00
 0.101398386947535E+00
 0.996319927356852E-01
 0.978581423982517E-01
 0.959528411281786E-01
 0.943745645571037E-01
 0.926248287228014E-01
 0.944426488266187E-01
 0.998465218340813E-01
 0.104617115015107E+00
 0.108726402090302E+00
 0.112149375154002E+00
 0.114864135895857E+00
 0.116851966353012E+00
 0.118097381537521E+00
 0.118588172802572E+00
 0.118315456319084E+00
 0.117273736572785E+00
 0.115745087545667E+00
 0.115438666435262E+00
 0.114385347655339E+00
 0.112597830074107E+00
 0.111988623722112E+00
 0.110934827002195E+00
 0.109209102029498E+00
 0.108761279836914E+00
 0.107710543602684E+00
 0.106065545523721E+00
 0.104393416030017E+00
 0.102837641622112E+00
 0.101321925207107E+00
 0.999259498660768E-01
 0.985788845103575E-01
 0.972933505861673E-01
 0.960698515391115E-01
 0.948987911713239E-01
 0.937624677644698E-01
 0.926367174473506E-01
 0.917019911770241E-01
 0.909527944692329E-01
 0.987600000473909E-01
 0.108855006548903E+00
 0.118808894899219E+00
 0.128581795892793E+00
 0.138134841725264E+00
 0.147430248829642E+00
 0.159032946120860E+00
 0.171074400284799E+00
 0.182784680466923E+00
 0.194116548519716E+00
 0.205024336921966E+00
 0.215464162259977E+00
 0.225394114094684E+00
 0.234774424872688E+00
 0.243567622445688E+00
 0.251738662195155E+00
 0.259255039809631E+00
 0.266086896851529E+00
 0.272207137719488E+00
 0.277591568109302E+00
 0.282219043898498E+00
 0.286071600607791E+00
 0.289134533126592E+00
 0.291396416156403E+00
 0.292849084271505E+00
 0.293487606611359E+00
 0.293310283899528E+00
 0.292318670802127E+00
 0.290517602670744E+00
 0.287915198457745E+00
 0.284522823326678E+00
 0.280355013531623E+00
 0.277709085204160E+00
 0.274330385410014E+00
 0.270199879586153E+00
 0.266668809928810E+00
 0.263329037491729E+00
 0.259263939082324E+00
 0.256445410686929E+00
 0.253147255397603E+00
 0.249148433468237E+00
 0.244465506447945E+00
 0.239192248872795E+00
 0.233961918937867E+00
 0.228888137896397E+00
 0.224007857234004E+00
 0.219231620202608E+00
 0.214606627157797E+00
 0.210155662000980E+00
 0.205813920725702E+00
 0.201616835630897E+00
 0.197579898140837E+00
 0.193652255296341E+00
 0.189803599456294E+00
 0.185999905640528E+00
 0.182307794265913E+00
 0.178841846223767E+00
 0.175366826888634E+00
 0.171863368903543E+00
 0.168711089599245E+00
 0.165485030791427E+00
 0.162273887204680E+00
 0.159337594077730E+00
 0.156263079313379E+00
 0.153421714859827E+00
 0.150598486125187E+00
 0.147752147852801E+00
 0.145167363787867E+00
 0.142372064338560E+00
 0.139981474143238E+00
 0.137397979257439E+00
 0.135050609774631E+00
 0.132668834004732E+00
 0.131845122826163E+00
 0.135721374628255E+00
 0.139017861544586E+00
 0.141742356681609E+00
 0.143905432243575E+00
 0.145520386173546E+00
 0.146603174819018E+00
 0.147172354345840E+00
 0.147249017892329E+00
 0.146856703403951E+00
 0.146021251352717E+00
 0.144971821597824E+00
 0.144525336716417E+00
 0.143648732511446E+00
 0.142369247010457E+00
 0.141349947406479E+00
 0.140444587626381E+00
 0.139150252108359E+00
 0.138316854421338E+00
 0.137388478901220E+00
 0.136084132774664E+00
 0.134431227396347E+00
 0.132469268528384E+00
 0.130486585539846E+00
 0.128602332497074E+00
 0.126814729454550E+00
 0.125106595865089E+00
 0.123464831791301E+00
 0.121902163255340E+00
 0.120426107942636E+00
 0.119016954282168E+00
 0.117690945532073E+00
 0.116429173893409E+00
 0.115215728606083E+00
 0.114028859986290E+00
 0.112839694124609E+00
 0.111794845509060E+00
 0.110868317102965E+00
 0.110282274472394E+00
 0.109453326613892E+00
 0.108398100479125E+00
 0.107134228456560E+00
 0.106009325421727E+00
 0.104768397876310E+00
 0.103343217433333E+00
 0.102050416290073E+00
 0.105186993495329E+00
 0.110117598442496E+00
 0.115480223957389E+00
 0.121256454999219E+00
 0.127424942157971E+00
 0.133961461648403E+00
 0.140839028090543E+00
 0.148028050593473E+00
 0.155496502908531E+00
 0.163210077329533E+00
 0.171132310668435E+00
 0.179224695591931E+00
 0.187446804445615E+00
 0.195756447148591E+00
 0.204109866085468E+00
 0.212461953921216E+00
 0.220766476174409E+00
 0.228976288830819E+00
 0.237043552238028E+00
 0.244919946106530E+00
 0.252556885682476E+00
 0.259905733980023E+00
 0.266918007551273E+00
 0.273545583050554E+00
 0.279740919031245E+00
 0.285457302203310E+00
 0.290649110417001E+00
 0.295272068363929E+00
 0.299283470677564E+00
 0.302642364093021E+00
 0.305309704034506E+00
 0.307248513916345E+00
 0.308424068257756E+00
 0.308804099546272E+00
 0.308359009615200E+00
 0.307062061891475E+00
 0.304889541475144E+00
 0.301820884988841E+00
 0.297838789959533E+00
 0.294116649534519E+00
 0.291053743165463E+00
 0.287104773139978E+00
 0.282347227359321E+00
 0.279313539414391E+00
 0.275424738630910E+00
 0.271459229380384E+00
 0.268458246364183E+00
 0.264631097163478E+00
 0.259965735608331E+00
 0.254553969375409E+00
 0.249176814124737E+00
 0.244048164714634E+00
 0.239111374105292E+00
 0.234391263439735E+00
 0.229828749567193E+00
 0.225444196558248E+00
 0.221242060844381E+00
 0.217213601556408E+00
 0.213339330535762E+00
 0.209591249515186E+00
 0.205934611728585E+00
 0.202418901793382E+00
 0.199182179861560E+00
 0.195969382080127E+00
 0.192721827776141E+00
 0.189784477529630E+00
 0.186867915159311E+00
 0.184226765602953E+00
 0.201384260103138E+00
 0.218260416689077E+00
 0.234804382542950E+00
 0.254108994665958E+00
 0.275360157277523E+00
 0.296185769536196E+00
 0.316522342291587E+00
 0.336307677868601E+00
 0.355481140661267E+00
 0.373983911493331E+00
 0.391759219282974E+00
 0.408752554375894E+00
 0.424911870326657E+00
 0.440187776205941E+00
 0.454533717363233E+00
 0.467906144468212E+00
 0.480264676305445E+00
 0.491572263764261E+00
 0.501795356036041E+00
 0.510904058596990E+00
 0.518872265361444E+00
 0.525677751672494E+00
 0.531302229205573E+00
 0.535731378818037E+00
 0.538954882140553E+00
 0.540966463593097E+00
 0.541763937864692E+00
 0.541349245418024E+00
 0.539728458507322E+00
 0.536911751238132E+00
 0.532913340069222E+00
 0.527751406489272E+00
 0.521448009471885E+00
 0.515891251321730E+00
 0.510704543981981E+00
 0.504411582384199E+00
 0.497056079081525E+00
 0.491888080620849E+00
 0.485653178576434E+00
 0.479542698132497E+00
 0.474401996306205E+00
 0.468231028058470E+00
 0.461054207176301E+00
 0.452899305187966E+00
 0.443797335408709E+00
 0.434153680318055E+00
 0.424822177891294E+00
 0.415785293900374E+00
 0.407081813027793E+00
 0.398655631348258E+00
 0.390472383595956E+00
 0.382545797736472E+00
 0.374872410330161E+00
 0.367433989682126E+00
 0.360201304312337E+00
 0.353135957245755E+00
 0.346193189408272E+00
 0.339695659021481E+00
 0.333319465348023E+00
 0.326994446627088E+00
 0.320814164750989E+00
 0.315037523008468E+00
 0.309221682368889E+00
 0.303506153909617E+00
 0.298191285550976E+00
 0.292742410352136E+00
 0.287601440379094E+00
 0.282593812102101E+00
 0.277485290276312E+00
 0.272879166780157E+00
 0.268037517019221E+00
 0.263607481830071E+00
 0.259130401451350E+00
 0.254784226893416E+00
 0.250648134009100E+00
 0.246424679008909E+00
 0.242584770494591E+00
 0.238516997382296E+00
 0.234926308473398E+00
 0.231027500395287E+00
 0.227652384835797E+00
 0.223930724782120E+00
 0.220264879680380E+00
 0.216700891616073E+00
 0.213215580819612E+00
 0.209865344125114E+00
 0.206565084693285E+00
 0.203365601472357E+00
 0.200281482936611E+00
 0.197271483198718E+00
 0.194337386688237E+00
 0.191477440625526E+00
 0.188686922322446E+00
 0.185958674967210E+00
 0.183341004882683E+00
 0.180827774674763E+00
 0.178372249579222E+00
 0.175959569683453E+00
 0.173572133220574E+00
 0.171298646025959E+00
 0.169137719421438E+00
 0.166967883045746E+00
 0.164770526489558E+00
 0.162810834049536E+00
 0.160795006888173E+00
 0.158735263142730E+00
 0.156902796068107E+00
 0.154968390127176E+00
 0.153098344039152E+00
 0.151323449642019E+00
 0.149394282086438E+00
 0.147128933576782E+00
 0.144535555545439E+00
 0.141623389994774E+00
 0.138402731618446E+00
 0.136353543645102E+00
 0.135072088436915E+00
 0.133699059853099E+00
 0.132319348044263E+00
 0.130956240196200E+00
 0.129505983864010E+00
 0.128051011892615E+00
 0.126554330385921E+00
 0.124884163330274E+00
 0.123362131444794E+00
 0.121563691920049E+00
 0.119836153685208E+00
 0.118076080956057E+00
 0.116331848341471E+00
 0.114603511418459E+00
 0.112896093511123E+00
 0.111208833618309E+00
 0.109561296320964E+00
 0.107929538437352E+00
 0.106319105737046E+00
 0.104732266508138E+00
 0.103168355786033E+00
 0.108337049290570E+00
 0.115450351029127E+00
 0.122698487065272E+00
 0.130040418155609E+00
 0.137434216663940E+00
 0.144837281256113E+00
 0.152206557451614E+00
 0.159498759090970E+00
 0.166670584003197E+00
 0.173678919348521E+00
 0.180481037674624E+00
 0.187034790211531E+00
 0.193298805586436E+00
 0.199232698457845E+00
 0.204797285285852E+00
 0.209954797704281E+00
 0.214669081977158E+00
 0.218905777382826E+00
 0.222632474490568E+00
 0.225818860833851E+00
 0.228436862230521E+00
 0.230460783223865E+00
 0.231867444172975E+00
 0.232636309812103E+00
 0.232749605264670E+00
 0.232192417578020E+00
 0.230952781057437E+00
 0.229021743573046E+00
 0.226393411573985E+00
 0.223446448374284E+00
 0.221502384437684E+00
 0.218881877924281E+00
 0.215582425622633E+00
 0.213145877327185E+00
 0.210553636514891E+00
 0.207321136411660E+00
 0.205391083729394E+00
 0.202830147057463E+00
 0.199636299459231E+00
 0.195830224725022E+00
 0.191946766929950E+00
 0.188216565756043E+00
 0.184600104751904E+00
 0.181185709605582E+00
 0.177896703061974E+00
 0.174729710979619E+00
 0.171691116628326E+00
 0.168777433578558E+00
 0.165977030016127E+00
 0.163271248302450E+00
 0.160635278761970E+00
 0.158208761208477E+00
 0.155883938314121E+00
 0.153576956728946E+00
 0.151253645392782E+00
 0.149229260212407E+00
 0.147122546039721E+00
 0.145005070784520E+00
 0.143080977941345E+00
 0.140905654405103E+00
 0.139068541630763E+00
 0.136880877927173E+00
 0.136515593606881E+00
 0.147345937664092E+00
 0.157663591323302E+00
 0.167432906524780E+00
 0.176620523524399E+00
 0.185195521508407E+00
 0.193129556881478E+00
 0.200396989025745E+00
 0.206974991672841E+00
 0.212843648239276E+00
 0.217986032592979E+00
 0.222388280081567E+00
 0.226039653228466E+00
 0.228932601323578E+00
 0.231062807014967E+00
 0.232429211317640E+00
 0.233034013023461E+00
 0.232882645821200E+00
 0.231983740936999E+00
 0.230349081995847E+00
 0.227993553902896E+00
 0.225435533542609E+00
 0.223762280003112E+00
 0.221389668067932E+00
 0.218335368078188E+00
 0.216323523300438E+00
 0.213954985027537E+00
 0.211076984881578E+00
 0.209370251129830E+00
 0.207010826352473E+00
 0.204015654476928E+00
 0.200404362481157E+00
 0.196437730479031E+00
 0.192575076150088E+00
 0.188852951470581E+00
 0.185180244450149E+00
 0.181677547440023E+00
 0.178252166295356E+00
 0.174908641178318E+00
 0.171641554798672E+00
 0.168436833235793E+00
 0.165320635201797E+00
 0.162361966844357E+00
 0.159447229583415E+00
 0.156544334602495E+00
 0.153652815650890E+00
 0.151010703072450E+00
 0.148331090320006E+00
 0.145581207157072E+00
 0.143148575581678E+00
 0.140620417289932E+00
 0.138106153821009E+00
 0.135797136768522E+00
 0.133335314948731E+00
 0.131128186611245E+00
 0.128854110800026E+00
 0.126629200498517E+00
 0.124533477701904E+00
 0.122312522309863E+00
 0.120387182271589E+00
 0.118237960281962E+00
 0.116427815803123E+00
 0.114432708448073E+00
 0.112663960709626E+00
 0.110812736123110E+00
 0.109097627694094E+00
 0.107375519304717E+00
 0.105724270555641E+00
 0.104113157062732E+00
 0.102534234366042E+00
 0.100715851808146E+00
 0.989337875874944E-01
 0.972125441479435E-01
 0.955427966056987E-01
 0.939425144134732E-01
 0.923708905322891E-01
 0.908819926792229E-01
 0.894419186513642E-01
 0.880460127121615E-01
 0.866957555624003E-01
 0.853905680019609E-01
 0.841282127915249E-01
 0.829050281112214E-01
 0.817160780283259E-01
 0.873376075179976E-01
 0.936524958303777E-01
 0.997487655289527E-01
 0.105981412579296E+00
 0.113949940270964E+00
 0.121638304222801E+00
 0.129000480761839E+00
 0.135991684257206E+00
 0.142568584039358E+00
 0.148689513426079E+00
 0.154314671524389E+00
 0.159406319718245E+00
 0.163928972162060E+00
 0.167849575752599E+00
 0.171137673932575E+00
 0.173765551822210E+00
 0.175708365397619E+00
 0.176944260890707E+00
 0.177454489801034E+00
 0.177223520324218E+00
 0.176239140425830E+00
 0.174492544649977E+00
 0.171978398077146E+00
 0.169530920434686E+00
 0.167787717276250E+00
 0.165299501337510E+00
 0.162384825978233E+00
 0.160659154195010E+00
 0.158213978794002E+00
 0.155785484721149E+00
 0.154080003425249E+00
 0.151678829933222E+00
 0.148593245609883E+00
 0.145338495946186E+00
 0.142190834527468E+00
 0.139099732824276E+00
 0.136174187818615E+00
 0.133310254983657E+00
 0.130524063443607E+00
 0.127817892297888E+00
 0.125182618160710E+00
 0.122600054246026E+00
 0.120044959143366E+00
 0.117655502237142E+00
 0.115349636126138E+00
 0.113032810014292E+00
 0.110666899445119E+00
 0.108585383676914E+00
 0.106850275792073E+00
 0.116854303163602E+00
 0.127787058797133E+00
 0.140747232408539E+00
 0.153327509112867E+00
 0.165472347764965E+00
 0.177127521333248E+00
 0.188240375726405E+00
 0.198760076660618E+00
 0.208637840366157E+00
 0.217827151145599E+00
 0.226283973320740E+00
 0.233966963075580E+00
 0.240837678906792E+00
 0.246860783584407E+00
 0.252004230111743E+00
 0.256239428511361E+00
 0.259541394886744E+00
 0.261888885295756E+00
 0.263264514545553E+00
 0.263654857233683E+00
 0.263050528203389E+00
 0.261446242284390E+00
 0.258840856322276E+00
 0.255892761079244E+00
 0.254234312089466E+00
 0.251603987458687E+00
 0.248005099524081E+00
 0.245938784139367E+00
 0.243309450948889E+00
 0.239895512626155E+00
 0.238181389601646E+00
 0.235559207711434E+00
 0.232032694713695E+00
 0.227668954664549E+00
 0.223240236424265E+00
 0.218955829318599E+00
 0.214757634429596E+00
 0.210770573789269E+00
 0.206909434382438E+00
 0.203163213412538E+00
 0.199538337792336E+00
 0.196028535587432E+00
 0.192616451485220E+00
 0.189275489922278E+00
 0.186170291266566E+00
 0.183188224507902E+00
 0.180227014241746E+00
 0.177231226960940E+00
 0.174526682018241E+00
 0.171838793662810E+00
 0.168997737695936E+00
 0.166509040237388E+00
 0.163877548379248E+00
 0.163259042603275E+00
 0.174376605759643E+00
 0.184975843886738E+00
 0.197919681279997E+00
 0.211208536224153E+00
 0.223814039324694E+00
 0.235692743459048E+00
 0.246804374946044E+00
 0.257112038755564E+00
 0.266582389880361E+00
 0.275185765936883E+00
 0.282896282333113E+00
 0.289691895031866E+00
 0.295554436485977E+00
 0.300469630219455E+00
 0.304427091243580E+00
 0.307420322463573E+00
 0.309446717935171E+00
 0.310507578984628E+00
 0.310608139115575E+00
 0.309757582700210E+00
 0.307969036392194E+00
 0.305259514212437E+00
 0.301649806267791E+00
 0.297201997350349E+00
 0.294430539112579E+00
 0.290787635643470E+00
 0.286297407426681E+00
 0.283104053408287E+00
 0.279466158529615E+00
 0.275431693027687E+00
 0.272618152329737E+00
 0.268992115433146E+00
 0.264576769902896E+00
 0.259398431599166E+00
 0.253486366626081E+00
 0.247105072382156E+00
 0.240810142477746E+00
 0.234632392647745E+00
 0.228598349093038E+00
 0.222677657285839E+00
 0.216916389188041E+00
 0.211365202516522E+00
 0.206013911957945E+00
 0.200880849332648E+00
 0.205725986690430E+00
 0.214765361168585E+00
 0.223712747565374E+00
 0.232552027378868E+00
 0.241268354050163E+00
 0.249847983351060E+00
 0.258278072281021E+00
 0.266546573306483E+00
 0.274642297042665E+00
 0.282555123134878E+00
 0.290276261651632E+00
 0.297798442382624E+00
 0.305115935290683E+00
 0.312224359204205E+00
 0.319120299389528E+00
 0.325800817932015E+00
 0.332262988500106E+00
 0.338503594740115E+00
 0.344519083899203E+00
 0.350305777396018E+00
 0.355860245951968E+00
 0.361179697081962E+00
 0.366262215861202E+00
 0.371106744211594E+00
 0.375712767288083E+00
 0.380079778046100E+00
 0.384206681057596E+00
 0.388091335191349E+00
 0.391730395886780E+00
 0.395119508963035E+00
 0.398253771031517E+00
 0.401128262092703E+00
 0.403738418175924E+00
 0.406080064665477E+00
 0.408149061860353E+00
 0.409940678394147E+00
 0.411448936748742E+00
 0.412666204473380E+00
 0.413583214812586E+00
 0.414189533256025E+00
 0.414474322209970E+00
 0.414427162501625E+00
 0.414038688937873E+00
 0.413300868362481E+00
 0.412206862173479E+00
 0.410750545081344E+00
 0.408925867470110E+00
 0.406726307479538E+00
 0.404144625733273E+00
 0.401173016815719E+00
 0.397803603615362E+00
 0.394029115059709E+00
 0.389843561502112E+00
 0.385242760015685E+00
 0.380224624641123E+00
 0.374789198841055E+00
 0.368938466854767E+00
 0.362676036679505E+00
 0.356006822516384E+00
 0.348936844905064E+00
 0.341473209356068E+00
 0.333624247272638E+00
 0.325399746623228E+00
 0.316811187430677E+00
 0.307871923080748E+00
 0.298597289011211E+00
 0.289004651105917E+00
 0.279113412301361E+00
 0.268944976627153E+00
 0.258522640753751E+00
 0.247871372107404E+00
 0.237017462275895E+00
 0.225988108951589E+00
 0.214811039945092E+00
 0.203514301900776E+00
 0.192126277197595E+00
 0.180675893821129E+00
 0.169192907902026E+00
 0.157708106729692E+00
 0.146253306663179E+00
 0.134861085629645E+00
 0.123564270109260E+00
 0.112395273776928E+00
 0.101385442018872E+00
 0.949892165641206E-01
 0.910491317315824E-01
 0.876254400350205E-01
 0.846284320763485E-01
 0.819220351391880E-01
 0.794591475579149E-01
 0.772230127061260E-01
 0.752973101044377E-01
 0.735601302300413E-01
 0.720010831221305E-01
 0.706469840486152E-01
 0.695202082097932E-01
 0.686371466283894E-01
 0.677794786819891E-01
 0.669710843625627E-01
 0.661161100499442E-01
 0.652111161659136E-01
 0.642526730551855E-01
 0.632374792101909E-01
 0.621624102590112E-01
 0.611058602352010E-01
 0.601244709648880E-01
 0.590869733230831E-01
 0.604077875318209E-01
 0.623201729639900E-01
 0.638626856087576E-01
 0.650496878115913E-01
 0.659647710736447E-01
 0.669376190878641E-01
 0.675893574746721E-01
 0.679355634173514E-01
 0.682916747506017E-01
 0.685396815549055E-01
 0.685112694828047E-01
 0.684393425956491E-01
 0.683765198941916E-01
 0.680620596375995E-01
 0.677051352042735E-01
 0.673933200246513E-01
 0.668497720992035E-01
 0.662850886568796E-01
 0.657697217664117E-01
 0.650401212114000E-01
 0.643090175915870E-01
 0.636310287148963E-01
 0.627569047438437E-01
 0.619015622683287E-01
 0.610976312784857E-01
 0.601148844021620E-01
 0.591841972564642E-01
 0.582858557178878E-01
 0.572234018793593E-01
 0.562591399376932E-01
 0.552939955040818E-01
 0.541806891045976E-01
 0.532102612396934E-01
 0.522214018275533E-01
 0.512671955806330E-01
 0.503757256903373E-01
 0.495660265680824E-01
 0.488153217908023E-01
 0.481647484851871E-01
 0.475973920761559E-01
 0.471134245995429E-01
 0.467176301137485E-01
 0.464140137817872E-01
 0.462061224781241E-01
 0.460971762815182E-01
 0.461135223101406E-01
 0.462451615220975E-01
 0.464921053403926E-01
 0.468862773342938E-01
 0.476978250109271E-01
 0.484646392890565E-01
 0.492410259113153E-01
 0.500198666590900E-01
 0.507310317041323E-01
 0.514223861743046E-01
 0.521459198245809E-01
 0.527984831179001E-01
 0.533841898615479E-01
 0.540491820356102E-01
 0.546402910770620E-01
 0.551557183978664E-01
 0.556622750810208E-01
 0.561897132635336E-01
 0.566394479183132E-01
 0.570105791672916E-01
 0.573083935297875E-01
 0.576914029011867E-01
 0.579943634384309E-01
 0.582170622137226E-01
 0.583596019371069E-01
 0.584224577488836E-01
 0.585205542183984E-01
 0.585938464896548E-01
 0.585877229490159E-01
 0.586483510274601E-01
 0.587382207594904E-01
 0.588137943302091E-01
 0.588129774214641E-01
 0.587369147023587E-01
 0.585870670488507E-01
 0.583653127034825E-01
 0.580740265964380E-01
 0.577160667266050E-01
 0.572946539807688E-01
 0.568132131533964E-01
 0.562752788964564E-01
 0.556845203279183E-01
 0.550448385528171E-01
 0.543604303832364E-01
 0.536357448986121E-01
 0.528753538193932E-01
 0.520838223421611E-01
 0.512656484206234E-01
 0.504252657696444E-01
 0.495670564748024E-01
 0.486953347884565E-01
 0.478143145229540E-01
 0.469280986300006E-01
 0.460407065921900E-01
 0.451561116576022E-01
 0.442782395135782E-01
 0.434108993408576E-01
 0.425576609629899E-01
 0.417217302602706E-01
 0.409058871540579E-01
 0.401125247213446E-01
 0.393437701730782E-01
 0.386016108840189E-01
 0.378879382054177E-01
 0.372044787208841E-01
 0.365526685211018E-01
 0.359335673614579E-01
 0.353478672226289E-01
 0.347959643111098E-01
 0.342780185974933E-01
 0.337939613998259E-01
 0.333434840472797E-01
 0.329260675984321E-01
 0.325410656463142E-01
 0.321877828310457E-01
 0.318654772250240E-01
 0.315732735358116E-01
 0.313100508961527E-01
 0.310743949533009E-01
 0.308646611051441E-01
 0.306791233822102E-01
 0.305161340795003E-01
 0.303742181123779E-01
 0.302520662457003E-01
 0.301484483075667E-01
 0.300621104044386E-01
 0.299917219375158E-01
 0.299358948977015E-01
 0.298932421696093E-01
 0.298744522779325E-01
 0.298704799598135E-01
 0.298807375704951E-01
 0.299020938810849E-01
 0.299280138755082E-01
 0.299578543808464E-01
 0.299912469481310E-01
 0.300280353471489E-01
 0.300681247007498E-01
 0.301113481172841E-01
 0.301574234897206E-01
 0.302059926275315E-01
 0.302566853380760E-01
 0.303091641773909E-01
 0.303631470658290E-01
 0.304184256729987E-01
 0.304748860192580E-01
 0.305325185934111E-01
 0.305914006506806E-01
 0.306516430736387E-01
 0.307133096008715E-01
 0.307763348359063E-01
 0.308404838549400E-01
 0.309053912827803E-01
 0.309706763954325E-01
 0.310360735470890E-01
 0.311014955320169E-01
 0.311669923536865E-01
 0.312326462782564E-01
 0.312984837883040E-01
 0.313644502271756E-01
 0.314304251711246E-01
 0.314962297635953E-01
 0.315616146738754E-01
 0.316262673769470E-01
 0.316898759153649E-01
 0.317522311381827E-01
 0.318133008122886E-01
 0.318732191100184E-01
 0.319321926232800E-01
 0.319903748602351E-01
 0.320477696131849E-01
 0.321042003027346E-01
 0.321593545990454E-01
 0.322128892962106E-01
 0.322645543157594E-01
 0.323142769432843E-01
 0.323621624197450E-01
 0.324084172022082E-01
 0.324532480804911E-01
 0.324967904414068E-01
 0.325390766467148E-01
 0.325800224494770E-01
 0.326194234330724E-01
 0.326569896613393E-01
 0.326924458222308E-01
 0.327256685138671E-01
 0.327567759299480E-01
 0.327860960618634E-01
 0.328166860784597E-01
 0.328470007859006E-01
 0.328752825721107E-01
 0.329019154620940E-01
 0.329272837002154E-01
 0.329516260524276E-01
 0.329749636873471E-01
 0.329971186810439E-01
 0.330178098743889E-01
 0.330367860307351E-01
 0.330539385067124E-01
 0.330693459683728E-01
 0.330832441557949E-01
 0.330959526412552E-01
 0.331077938406121E-01
 0.331190146567078E-01
 0.331297108434008E-01
 0.331397796187793E-01
 0.331489512680456E-01
 0.331569224167516E-01
 0.331635354692149E-01
 0.331688924704736E-01
 0.331733239089759E-01
 0.331772355186106E-01
 0.331809380133832E-01
 0.331845564599916E-01
 0.331880394197426E-01
 0.331912238525383E-01
 0.331939089534880E-01
 0.331959249871058E-01
 0.331971982691417E-01
 0.331989135472926E-01
 0.332008829835013E-01
 0.332022196527716E-01
 0.332028408779448E-01
 0.332028262334953E-01
 0.332024113169715E-01
 0.332019223705499E-01
 0.332016622167262E-01
 0.332017796631204E-01
 0.332021863934723E-01
 0.332025893137282E-01
 0.332026473840143E-01
 0.332021680863784E-01
 0.332012139351192E-01
 0.332000491639019E-01
 0.331989772096487E-01
 0.331981926124176E-01
 0.331977343109563E-01
 0.331975287260674E-01
 0.331974518655961E-01
 0.331973646152080E-01
 0.331971339864107E-01
 0.331966703619646E-01
 0.331959750789739E-01
 0.331951583505384E-01
 0.331944002775845E-01
 0.331938717250374E-01
 0.331936584941020E-01
 0.331937225626266E-01
 0.331939120038079E-01
 0.331940191212722E-01
 0.331938746599267E-01
 0.331934394416213E-01
 0.331928334446282E-01
 0.331922671236956E-01
 0.331919117109444E-01
 0.331918021277851E-01
 0.331918430920509E-01
 0.331918990315921E-01
 0.331918798210470E-01
 0.331917562429253E-01
 0.331915223001728E-01
 0.331911715019710E-01
 0.331907198238226E-01
 0.331902377915809E-01
 0.331898347277157E-01
 0.331895912434219E-01
 0.331894970399660E-01
 0.331894502917383E-01
 0.331893176885387E-01
 0.331890062860261E-01
 0.331885033420838E-01
 0.331878760864938E-01
 0.331872433464009E-01
 0.331867267902685E-01
 0.331863909762529E-01
 0.331862014115914E-01
 0.331860382793365E-01
 0.331857697486593E-01
 0.331853349330624E-01
 0.331847719810028E-01
 0.331841754920681E-01
 0.331836310269472E-01
 0.331831844825654E-01
 0.331828536675511E-01
 0.331826419150573E-01
 0.331825250390908E-01
 0.331824337137112E-01
 0.331822742375676E-01
 0.331819906737464E-01
 0.331816172198570E-01
 0.331812681667581E-01
 0.331814441551771E-01
 0.331815451362592E-01
 0.331815623139281E-01
 0.331816186500557E-01
 0.331819593795960E-01
 0.331822389649996E-01
 0.331825384184777E-01
 0.331832274217797E-01
 0.331839962483010E-01
 0.331847431897253E-01
 0.331854106331227E-01
 0.331860163761122E-01
 0.331866350939688E-01
 0.331873470718101E-01
 0.331881983297674E-01
 0.331891965570212E-01
 0.331903257907502E-01
 0.331915504040218E-01
 0.331928081188572E-01
 0.331940202826699E-01
 0.331951333744763E-01
 0.331961626667848E-01
 0.331971921651946E-01
 0.331983211791870E-01
 0.331995997551470E-01
 0.332010047346005E-01
 0.332024662468300E-01
 0.332039100966777E-01
 0.332052813654438E-01
 0.332065487824160E-01
 0.332077100479311E-01
 0.332088022869086E-01
 0.332098975137746E-01
 0.332110687983182E-01
 0.332123451062340E-01
 0.332136908901811E-01
 0.332150262800037E-01
 0.332162684528098E-01
 0.332173641597227E-01
 0.332183031797018E-01
 0.332191209959262E-01
 0.332198929737191E-01
 0.332207085382745E-01
 0.332216233327063E-01
 0.332226174056159E-01
 0.332235988876806E-01
 0.332244601027271E-01
 0.332251443434009E-01
 0.332256701504389E-01
 0.332261011550228E-01
 0.332264991391809E-01
 0.332269028176849E-01
 0.332274024873352E-01
 0.332278082707255E-01
 0.332283090600403E-01
 0.332287827884485E-01
 0.332291492461978E-01
 0.332293509631606E-01
 0.332293962458065E-01
 0.332298618224423E-01
 0.332302226837993E-01
 0.332304039378063E-01
 0.332304058371707E-01
