 0.000000000000000E+00
 0.000000000000000E+00
 0.000000000000000E+00
 0.000000000000000E+00
 0.000000000000000E+00
 0.000000000000000E+00
 0.000000000000000E+00
 0.000000000000000E+00
 0.000000000000000E+00
 0.000000000000000E+00
 0.000000000000000E+00
 0.000000000000000E+00
 0.000000000000000E+00
 0.000000000000000E+00
 0.000000000000000E+00
 0.000000000000000E+00
 0.000000000000000E+00
 0.000000000000000E+00
 0.000000000000000E+00
 0.000000000000000E+00
 0.000000000000000E+00
 0.000000000000000E+00
 0.000000000000000E+00
 0.000000000000000E+00
 0.000000000000000E+00
 0.000000000000000E+00
 0.000000000000000E+00
 0.594273052800859E-33
 0.313575336525657E-31
 0.111634598966099E-29
 0.274904579030266E-28
 0.508602378250927E-27
 0.753800502665732E-26
 0.930200531896424E-25
 0.980676598424454E-24
 0.900744316296490E-23
 0.732453308017377E-22
 0.534459135484333E-21
 0.353915168286105E-20
 0.214680215025640E-19
 0.123117565411737E-18
 0.707561199092795E-18
 0.377821243167760E-17
 0.188450797157318E-16
 0.881929435191903E-16
 0.388717287941542E-15
 0.161886078386681E-14
 0.638847297821919E-14
 0.239496257581275E-13
 0.854895899907171E-13
 0.291177531991909E-12
 0.948164862793715E-12
 0.295724241341525E-11
 0.884940989995854E-11
 0.254489351197379E-10
 0.704394852608639E-10
 0.187922848141969E-09
 0.483893434982630E-09
 0.120415535934464E-08
 0.289935594107104E-08
 0.676237937739170E-08
 0.152946650486960E-07
 0.335782817057757E-07
 0.716249341124510E-07
 0.148573542228540E-06
 0.299951309603308E-06
 0.589834737298265E-06
 0.113057001536509E-05
 0.211373032104207E-05
 0.385714172656472E-05
 0.687396089799924E-05
 0.119706926115933E-04
 0.203813291812005E-04
 0.339440001660518E-04
 0.553240923867294E-04
 0.882832107067681E-04
 0.137986233997664E-03
 0.211329057924627E-03
 0.317257930878387E-03
 0.467038819289908E-03
 0.674424010757971E-03
 0.989776574040507E-03
 0.144755279291206E-02
 0.207811480696845E-02
 0.292938381055007E-02
 0.405590116106482E-02
 0.551742506954143E-02
 0.737666823834838E-02
 0.969618831318434E-02
 0.125345666513586E-01
 0.159421502546483E-01
 0.199567656721782E-01
 0.245999154843849E-01
 0.298740093620733E-01
 0.357611387435606E-01
 0.422237639867978E-01
 0.492074495258981E-01
 0.566454807793728E-01
 0.644648712142397E-01
 0.725929788066096E-01
 0.809637624762362E-01
 0.895226760324901E-01
 0.982293510688152E-01
 0.107057556703928E+00
 0.115992397491360E+00
 0.125025237965530E+00
 0.135301898813290E+00
 0.146580509433239E+00
 0.157968542322604E+00
 0.169455314997775E+00
 0.181024048086412E+00
 0.192644923382725E+00
 0.204270765425495E+00
 0.215836309374033E+00
 0.227261277470239E+00
 0.238456657391339E+00
 0.249332845373713E+00
 0.259807864197921E+00
 0.269813816183553E+00
 0.279300118846320E+00
 0.288232823046262E+00
 0.296590260123411E+00
 0.304356174897896E+00
 0.311512140554277E+00
 0.318031242728463E+00
 0.323874697141106E+00
 0.328992297085265E+00
 0.333326568049894E+00
 0.336819508358506E+00
 0.339420092943970E+00
 0.341090513568781E+00
 0.341809488084169E+00
 0.341571799004091E+00
 0.340384286564738E+00
 0.338259520821562E+00
 0.335209024420446E+00
 0.331238025169399E+00
 0.326343252301524E+00
 0.323253593638429E+00
 0.319285146490956E+00
 0.314424392501424E+00
 0.310286894154611E+00
 0.306349806915544E+00
 0.301552648075241E+00
 0.298293891112177E+00
 0.294393029596455E+00
 0.290205972138719E+00
 0.287170657835239E+00
 0.283310202203273E+00
 0.278641193237398E+00
 0.273199754722444E+00
 0.269395203817936E+00
 0.264810607375865E+00
 0.259468649333484E+00
 0.253955146861177E+00
 0.248620760706776E+00
 0.243461818402696E+00
 0.238466776863500E+00
 0.233625571308472E+00
 0.228940836458407E+00
 0.224392882634832E+00
 0.219995466244404E+00
 0.215719805108726E+00
 0.211570386993513E+00
 0.207542348791855E+00
 0.203627996717316E+00
 0.199836254963492E+00
 0.196148011675331E+00
 0.192559024038947E+00
 0.189066912203508E+00
 0.190472948837240E+00
 0.201830940558477E+00
 0.217798453420958E+00
 0.233176582911718E+00
 0.247918835969032E+00
 0.261974443208624E+00
 0.275294085804941E+00
 0.287835421815242E+00
 0.299565720352460E+00
 0.310460825882036E+00
 0.320501891931556E+00
 0.329672415157289E+00
 0.337957395431498E+00
 0.345344514078926E+00
 0.351825510720908E+00
 0.357395774179648E+00
 0.362051760132909E+00
 0.365788064821508E+00
 0.368597052871051E+00
 0.370472746506219E+00
 0.371417721392663E+00
 0.371448978765375E+00
 0.370598351463968E+00
 0.368905751648235E+00
 0.366408087613095E+00
 0.363130063243833E+00
 0.359082791665327E+00
 0.356151348410329E+00
 0.352834084204193E+00
 0.348761454093818E+00
 0.344450538906157E+00
 0.341104380454825E+00
 0.337027607607489E+00
 0.333509693228908E+00
 0.330141096091598E+00
 0.326074313448360E+00
 0.323260215663290E+00
 0.319887080149859E+00
 0.315846853416313E+00
 0.311318682264760E+00
 0.307965850329798E+00
 0.303973197680935E+00
 0.299372763544924E+00
 0.294189289647850E+00
 0.288483661494804E+00
 0.282808455251492E+00
 0.277302023290681E+00
 0.271958826191325E+00
 0.266796478451909E+00
 0.261776680437842E+00
 0.259134022800124E+00
 0.256599813606466E+00
 0.254047507268937E+00
 0.251826573112841E+00
 0.249955460391579E+00
 0.248077362775563E+00
 0.246206404933547E+00
 0.244352519902348E+00
 0.242521599208003E+00
 0.240715115465391E+00
 0.238930734054982E+00
 0.237163453229887E+00
 0.235405333023817E+00
 0.233645177543094E+00
 0.231869966954443E+00
 0.230128565835582E+00
 0.228481292098237E+00
 0.226807643306726E+00
 0.225090715616017E+00
 0.223440386877430E+00
 0.221872199265600E+00
 0.220237355493129E+00
 0.218602565418307E+00
 0.217116497198318E+00
 0.215536194661740E+00
 0.213971085522574E+00
 0.212531744329555E+00
 0.210956536614048E+00
 0.209516482328224E+00
 0.207661957045623E+00
 0.205389384319680E+00
 0.203117441951155E+00
 0.200725022075200E+00
 0.197934075264928E+00
 0.195580933449015E+00
 0.192868165751363E+00
 0.189782537868388E+00
 0.186341039580172E+00
 0.187280664314634E+00
 0.189390353363811E+00
 0.191430099804952E+00
 0.193516350954000E+00
 0.195279839295897E+00
 0.197290349985647E+00
 0.199026752612075E+00
 0.200740906273457E+00
 0.202440798452263E+00
 0.203880874169038E+00
 0.205827469001204E+00
 0.208040489153623E+00
 0.209898976955148E+00
 0.212023735736739E+00
 0.213920194775614E+00
 0.215719333676254E+00
 0.217658214041452E+00
 0.219253039204087E+00
 0.221118568644410E+00
 0.222763975528031E+00
 0.224067974216526E+00
 0.225028554699226E+00
 0.225650650120654E+00
 0.226283192030078E+00
 0.226951434243316E+00
 0.227297330228187E+00
 0.227340594625727E+00
 0.227098152832028E+00
 0.226581403441415E+00
 0.225799046612884E+00
 0.224762170225103E+00
 0.223486809827097E+00
 0.222001757491108E+00
 0.220390152888435E+00
 0.218762779864966E+00
 0.217142119967909E+00
 0.215530238470826E+00
 0.213929563757910E+00
 0.212322538842333E+00
 0.210753383004837E+00
 0.209190379578913E+00
 0.213582888093167E+00
 0.222701600941467E+00
 0.231486049428422E+00
 0.239891107540338E+00
 0.247871403369194E+00
 0.255382786021176E+00
 0.262384186932942E+00
 0.268838090503546E+00
 0.274708876002979E+00
 0.279960221142215E+00
 0.284553840769176E+00
 0.288450998978825E+00
 0.291616084746698E+00
 0.294019862253837E+00
 0.295640189889368E+00
 0.296459865340433E+00
 0.296463275773447E+00
 0.295634187080060E+00
 0.293955966590635E+00
 0.291413762638637E+00
 0.287997005505424E+00
 0.284598564946046E+00
 0.282036694981726E+00
 0.278625301765574E+00
 0.274359720082884E+00
 0.271628503397096E+00
 0.268243327610381E+00
 0.264505189460317E+00
 0.261937010234682E+00
 0.258588306436962E+00
 0.255475753521742E+00
 0.252919233883911E+00
 0.249610867468958E+00
 0.245546565814618E+00
 0.241631741607311E+00
 0.238368258553971E+00
 0.234376098349907E+00
 0.229731528168579E+00
 0.225086390260114E+00
 0.220599143063620E+00
 0.216247966947710E+00
 0.212022979460647E+00
 0.207921826721156E+00
 0.203958023622250E+00
 0.200099305098032E+00
 0.196351938271669E+00
 0.192707381895386E+00
 0.189168525937176E+00
 0.185735586018939E+00
 0.182391098865888E+00
 0.179120527096411E+00
 0.175951279856708E+00
 0.172877142243642E+00
 0.169870841410173E+00
 0.184868931985054E+00
 0.199727735975007E+00
 0.213965716283874E+00
 0.227537016098442E+00
 0.240397932411254E+00
 0.252503920827973E+00
 0.263808557019939E+00
 0.274265331184106E+00
 0.283831151875292E+00
 0.292469292749696E+00
 0.300150075379678E+00
 0.306849297901281E+00
 0.312545889701190E+00
 0.317220450080196E+00
 0.320855314864173E+00
 0.323435584649829E+00
 0.324950093708038E+00
 0.325391767139639E+00
 0.324757604759680E+00
 0.323048887917932E+00
 0.320271848111925E+00
 0.316438332471593E+00
 0.313816190945941E+00
 0.311009645952885E+00
 0.307178248277307E+00
 0.303327047225843E+00
 0.300520724723326E+00
 0.296720207286456E+00
 0.293530035027221E+00
 0.290725136224319E+00
 0.286958745056771E+00
 0.284356375228658E+00
 0.281553440532814E+00
 0.277826247801403E+00
 0.273388414214321E+00
 0.270600638832018E+00
 0.266931928312038E+00
 0.262394420964912E+00
 0.257281608980274E+00
 0.252289355878952E+00
 0.247443121263334E+00
 0.242735868561653E+00
 0.238180213314556E+00
 0.233739307294521E+00
 0.229434466743020E+00
 0.225247582273461E+00
 0.221175125043075E+00
 0.217205821122908E+00
 0.213360240200396E+00
 0.209609934033790E+00
 0.205966386141626E+00
 0.202418136775043E+00
 0.198940625971744E+00
 0.195568503240287E+00
 0.192281518176787E+00
 0.189062708301450E+00
 0.185931069350020E+00
 0.189355724690175E+00
 0.200901206613467E+00
 0.211654473262657E+00
 0.221584593006978E+00
 0.230664436000776E+00
 0.238870033444358E+00
 0.246180752038188E+00
 0.252579825947698E+00
 0.258054450922111E+00
 0.262595165825576E+00
 0.266195074230067E+00
 0.268849785998700E+00
 0.270558450817630E+00
 0.271325316377418E+00
 0.271160659141612E+00
 0.270080231525260E+00
 0.268103389719668E+00
 0.265251067579451E+00
 0.262411267648764E+00
 0.260397975781002E+00
 0.257531810638970E+00
 0.253835995235004E+00
 0.251660422134133E+00
 0.248805600092558E+00
 0.245541206590971E+00
 0.243509654304371E+00
 0.240679808468487E+00
 0.237926259041762E+00
 0.235899257122912E+00
 0.233099291471961E+00
 0.229543661372417E+00
 0.226160968466465E+00
 0.223392985424985E+00
 0.219901530847343E+00
 0.215758436118278E+00
 0.211562955553028E+00
 0.207492450213720E+00
 0.203549070891997E+00
 0.199706255354851E+00
 0.195974467917364E+00
 0.192352509171626E+00
 0.188832925409435E+00
 0.185405910621689E+00
 0.182077456065117E+00
 0.178837351761819E+00
 0.175678993239057E+00
 0.172623032321386E+00
 0.169650068652111E+00
 0.166747053954878E+00
 0.163942131231218E+00
 0.161186990807490E+00
 0.158529478573405E+00
 0.155910406089991E+00
 0.153399114500694E+00
 0.150909892140308E+00
 0.148511048747746E+00
 0.147122190399017E+00
 0.145924423265949E+00
 0.144750395314904E+00
 0.143599585002394E+00
 0.142456468907666E+00
 0.141311453044315E+00
 0.140201343887906E+00
 0.139117688307058E+00
 0.138075352803255E+00
 0.137020975327588E+00
 0.135937568081261E+00
 0.134894508636921E+00
 0.133940760717557E+00
 0.132942987756649E+00
 0.131874644719898E+00
 0.130987044414276E+00
 0.130038564603750E+00
 0.128977432178970E+00
 0.128131212853586E+00
 0.127179041668542E+00
 0.126169100474559E+00
 0.125321451964823E+00
 0.124169382744562E+00
 0.122637299340866E+00
 0.121343148952253E+00
 0.119700953169654E+00
 0.117783651928629E+00
 0.117153835589799E+00
 0.116183333075283E+00
 0.114888288501882E+00
 0.113995627984074E+00
 0.114399925703237E+00
 0.114446850766885E+00
 0.114141106434517E+00
 0.113870094206887E+00
 0.114423829643230E+00
 0.115115028292935E+00
 0.115666713269452E+00
 0.116235152967938E+00
 0.116785292183653E+00
 0.116967666987589E+00
 0.117064122183139E+00
 0.117250336167170E+00
 0.117111448967577E+00
 0.117470231963516E+00
 0.117491080619526E+00
 0.117181524712277E+00
 0.116549684307016E+00
 0.115689626875116E+00
 0.114797514307041E+00
 0.113900293209278E+00
 0.113005431611836E+00
 0.112082062352524E+00
 0.111183049805482E+00
 0.110281409814478E+00
 0.109378444480696E+00
 0.108483337214710E+00
 0.107596289390345E+00
 0.106721777000886E+00
 0.105860069507581E+00
 0.105002245723609E+00
 0.104154879726623E+00
 0.103327786878536E+00
 0.102514731300717E+00
 0.101726076502336E+00
 0.100951043740420E+00
 0.100163651185478E+00
 0.994332758683059E-01
 0.102641584103600E+00
 0.111864001497727E+00
 0.120974465803286E+00
 0.130491675942565E+00
 0.142120065160729E+00
 0.153604371409082E+00
 0.164896736332173E+00
 0.175949843289586E+00
 0.186716952827265E+00
 0.197152394623412E+00
 0.207212148782394E+00
 0.216854013872911E+00
 0.226037232602314E+00
 0.234721983134351E+00
 0.242869352419645E+00
 0.250442082550029E+00
 0.257405771119109E+00
 0.263729801124191E+00
 0.269387409822912E+00
 0.274354897519752E+00
 0.278610588342251E+00
 0.282134322190654E+00
 0.284907850014815E+00
 0.286915838235159E+00
 0.288146781875981E+00
 0.288593282921220E+00
 0.288251702736401E+00
 0.287121653823353E+00
 0.285205779865335E+00
 0.282509857440694E+00
 0.279042877215831E+00
 0.275724984632444E+00
 0.273017890718420E+00
 0.269564485532098E+00
 0.265377192769675E+00
 0.262605237059053E+00
 0.259189719979530E+00
 0.255622228814772E+00
 0.252950689052602E+00
 0.249577898836079E+00
 0.246622867156628E+00
 0.243975221348217E+00
 0.240650057647188E+00
 0.236659879034246E+00
 0.233402941259718E+00
 0.230138113989327E+00
 0.226236710109784E+00
 0.221727023564483E+00
 0.217117296873086E+00
 0.212664997244058E+00
 0.208375381918396E+00
 0.204189226308264E+00
 0.200142974425785E+00
 0.196225018275238E+00
 0.192424225914136E+00
 0.188725303309218E+00
 0.185144241419461E+00
 0.181673150442076E+00
 0.178296424461398E+00
 0.175007994263781E+00
 0.171778709114674E+00
 0.168657152805707E+00
 0.165632640572294E+00
 0.162682832420637E+00
 0.159775613579914E+00
 0.156994646692229E+00
 0.154274996736776E+00
 0.151590875672770E+00
 0.149025720174732E+00
 0.149926626381859E+00
 0.153136748437065E+00
 0.156554678163464E+00
 0.159713666425281E+00
 0.162726539454627E+00
 0.165824026275094E+00
 0.168628934873894E+00
 0.171482927166027E+00
 0.174220301683910E+00
 0.176683358689105E+00
 0.179362764488853E+00
 0.181717665289725E+00
 0.184063782628516E+00
 0.186356536216985E+00
 0.188347550632502E+00
 0.190582878150564E+00
 0.192473080314008E+00
 0.194420913050155E+00
 0.196257417242740E+00
 0.197903356806289E+00
 0.199695494869896E+00
 0.201128153577505E+00
 0.202812969156557E+00
 0.204205966289926E+00
 0.205609864055016E+00
 0.206984399987852E+00
 0.208102523403589E+00
 0.209468196847606E+00
 0.210455838519798E+00
 0.211685850097121E+00
 0.212666411056953E+00
 0.213656744178966E+00
 0.214643011335029E+00
 0.215244446705699E+00
 0.215462724031751E+00
 0.215300319364590E+00
 0.215376425553017E+00
 0.215224918194326E+00
 0.214695831464623E+00
 0.213795787628089E+00
 0.212977270570972E+00
 0.212490812385438E+00
 0.211621286105710E+00
 0.210372613891418E+00
 0.208788524076551E+00
 0.207604866594956E+00
 0.206097693049048E+00
 0.204535824739676E+00
 0.202970962170934E+00
 0.201393804672869E+00
 0.199835182243225E+00
 0.198248828275617E+00
 0.196704372534295E+00
 0.195165407580098E+00
 0.193630505094025E+00
 0.192102271652567E+00
 0.190592103374737E+00
 0.189090796848879E+00
 0.187601910556306E+00
 0.186118703051143E+00
 0.184651982067214E+00
 0.183256800424467E+00
 0.181871184359853E+00
 0.180484611891124E+00
 0.181784171826872E+00
 0.191945330263360E+00
 0.202219379207133E+00
 0.212558716919589E+00
 0.222914086320182E+00
 0.233234462246737E+00
 0.243467084794253E+00
 0.253557931569305E+00
 0.263452673739711E+00
 0.273097754526089E+00
 0.282441021558812E+00
 0.291431566407623E+00
 0.300018953321188E+00
 0.308152458044301E+00
 0.315780938635357E+00
 0.322853517923841E+00
 0.329320716400046E+00
 0.335135441687970E+00
 0.340253449606307E+00
 0.344633312437720E+00
 0.348236198599148E+00
 0.351025715905770E+00
 0.352967847422974E+00
 0.354030894236277E+00
 0.354185445452144E+00
 0.353404561217272E+00
 0.351664332278313E+00
 0.348944715127700E+00
 0.345230251687663E+00
 0.340510250842061E+00
 0.336142099510265E+00
 0.332443498571136E+00
 0.327768518167929E+00
 0.322311637204326E+00
 0.318656930521109E+00
 0.314060487417160E+00
 0.309529147496029E+00
 0.305918201492767E+00
 0.301398468558695E+00
 0.297690071428024E+00
 0.294122645882736E+00
 0.289677670916559E+00
 0.284348915080632E+00
 0.279289542045955E+00
 0.274935235784135E+00
 0.269734254775910E+00
 0.263956334255269E+00
 0.258325579595744E+00
 0.252877756770002E+00
 0.247604508761804E+00
 0.242502739915922E+00
 0.237556206131799E+00
 0.232766463239608E+00
 0.228119463917835E+00
 0.223613555761873E+00
 0.219240568949311E+00
 0.214988540079591E+00
 0.210877680434934E+00
 0.206872639992084E+00
 0.202978578392143E+00
 0.206256068175704E+00
 0.222821655356211E+00
 0.243298159140860E+00
 0.264647740858846E+00
 0.285492205842976E+00
 0.305769620360458E+00
 0.325419398759354E+00
 0.344382534430899E+00
 0.362602044807051E+00
 0.380023693731112E+00
 0.396596756011760E+00
 0.412274397127201E+00
 0.427013400310030E+00
 0.440773423148042E+00
 0.453516352981199E+00
 0.465206308741064E+00
 0.475810388649788E+00
 0.485299734750662E+00
 0.493650292632678E+00
 0.500842915280412E+00
 0.506862937557525E+00
 0.511699638524214E+00
 0.515345928004588E+00
 0.517798296107875E+00
 0.519056858823787E+00
 0.519125381544753E+00
 0.518011349387795E+00
 0.515726228177832E+00
 0.512285901176563E+00
 0.507711008858752E+00
 0.502026830988928E+00
 0.496933394289226E+00
 0.492318818059995E+00
 0.486628019957233E+00
 0.479889570214654E+00
 0.475054672811620E+00
 0.469404538552107E+00
 0.463578050782791E+00
 0.458975058671108E+00
 0.453369482921411E+00
 0.448552998346328E+00
 0.443964707556397E+00
 0.438409225438734E+00
 0.431912035980021E+00
 0.426226144598642E+00
 0.420740376237404E+00
 0.414351591768250E+00
 0.407087231447863E+00
 0.399042119836985E+00
 0.391028737926168E+00
 0.383263525658779E+00
 0.375736567033814E+00
 0.368439129930953E+00
 0.361390079690687E+00
 0.354531895076748E+00
 0.347877951873611E+00
 0.341413879317043E+00
 0.335130665959609E+00
 0.329004506460437E+00
 0.323089592574707E+00
 0.317330659804626E+00
 0.311728912441615E+00
 0.306269383625446E+00
 0.300950523022655E+00
 0.295797006607544E+00
 0.290776434910148E+00
 0.285860496750131E+00
 0.281108439495483E+00
 0.276479465440333E+00
 0.271968675546279E+00
 0.267573521315734E+00
 0.263283881529490E+00
 0.259122191354168E+00
 0.255057667305473E+00
 0.251082757113703E+00
 0.248120203350436E+00
 0.245963897966966E+00
 0.244054183146963E+00
 0.242016718443879E+00
 0.239983066392628E+00
 0.238108906796836E+00
 0.235923512320784E+00
 0.238530603904035E+00
 0.241811193401727E+00
 0.245272939687046E+00
 0.248436120539810E+00
 0.251455146968382E+00
 0.254510211970995E+00
 0.257114954959447E+00
 0.260073157338758E+00
 0.262579621756839E+00
 0.265582598391765E+00
 0.268929341047777E+00
 0.271751205096454E+00
 0.274793879237581E+00
 0.277551093913115E+00
 0.280203225739101E+00
 0.282913665724283E+00
 0.285166291855001E+00
 0.287851089718617E+00
 0.289984388349052E+00
 0.292374286479379E+00
 0.294485972158381E+00
 0.296517285994527E+00
 0.298614907099419E+00
 0.300294952398722E+00
 0.302397785275819E+00
 0.303936889225770E+00
 0.305825701609556E+00
 0.307379304345500E+00
 0.308368540553511E+00
 0.308804189872689E+00
 0.309414388179170E+00
 0.309875888530665E+00
 0.309793116310116E+00
 0.309179084098681E+00
 0.308048350294697E+00
 0.306417100485302E+00
 0.304302908786727E+00
 0.301724274603910E+00
 0.299160653671689E+00
 0.296680561620286E+00
 0.293884155179057E+00
 0.291089913571392E+00
 0.288334601483527E+00
 0.285994820527194E+00
 0.283880266047175E+00
 0.281775823485273E+00
 0.279711326722597E+00
 0.277653373025919E+00
 0.275610596839470E+00
 0.273588265446954E+00
 0.271589143750525E+00
 0.269612267662311E+00
 0.267653326553689E+00
 0.265705247080512E+00
 0.263756447013656E+00
 0.261923061260729E+00
 0.260095913068656E+00
 0.258259041853155E+00
 0.256392142783070E+00
 0.254616541360038E+00
 0.252881958093175E+00
 0.251092936715115E+00
 0.249307115411020E+00
 0.247645287761155E+00
 0.245890505601140E+00
 0.244153993380861E+00
 0.242510910072180E+00
 0.240735902380352E+00
 0.239093709019630E+00
 0.237406462963928E+00
 0.237909277749321E+00
 0.239059012993584E+00
 0.239600191801831E+00
 0.239513980701456E+00
 0.238784872113029E+00
 0.237400265406382E+00
 0.235349898050720E+00
 0.232625554196077E+00
 0.229221287215328E+00
 0.227079562602498E+00
 0.224363503859566E+00
 0.220988698338693E+00
 0.218066797086970E+00
 0.215379688358473E+00
 0.212056884619852E+00
 0.209714880850966E+00
 0.207062358707225E+00
 0.203985197120961E+00
 0.201961182405595E+00
 0.199345618947763E+00
 0.196134465688485E+00
 0.192326837852910E+00
 0.189710997375380E+00
 0.186569592130809E+00
 0.182863436716198E+00
 0.179023145661937E+00
 0.175309754813752E+00
 0.171728556416171E+00
 0.168247352434110E+00
 0.164873526073929E+00
 0.161611492239100E+00
 0.158447840378250E+00
 0.155379991895613E+00
 0.152405586490859E+00
 0.149517113040752E+00
 0.146710191461954E+00
 0.143968095024193E+00
 0.141277860115500E+00
 0.138696127924955E+00
 0.136179916950549E+00
 0.133694596269691E+00
 0.133715192801612E+00
 0.144765035277208E+00
 0.155290803403385E+00
 0.165253885886423E+00
 0.174618391537813E+00
 0.183350901236323E+00
 0.191420113893828E+00
 0.198796638016271E+00
 0.205453108073115E+00
 0.211364641285073E+00
 0.216509478534471E+00
 0.220869553525420E+00
 0.224430755978722E+00
 0.227182796135093E+00
 0.229118776379269E+00
 0.230234723882630E+00
 0.230529343504276E+00
 0.230004106971371E+00
 0.228663598803478E+00
 0.226515919425888E+00
 0.224142383143114E+00
 0.222751642935533E+00
 0.220578962539669E+00
 0.217636092743587E+00
 0.215864934447486E+00
 0.213687320490920E+00
 0.210853017769614E+00
 0.209405540231291E+00
 0.207227811688787E+00
 0.204800452468758E+00
 0.203335310369117E+00
 0.201162754868585E+00
 0.198295056963212E+00
 0.196251217689410E+00
 0.194096620910098E+00
 0.194812176863278E+00
 0.196008804408418E+00
 0.197048432805763E+00
 0.198262702220828E+00
 0.199119257781692E+00
 0.199610891076093E+00
 0.199731861773194E+00
 0.200075820998384E+00
 0.200219378811488E+00
 0.199985850281955E+00
 0.199371589221499E+00
 0.198374108713484E+00
 0.196992307080155E+00
 0.195310128747768E+00
 0.193614483527621E+00
 0.191927097385152E+00
 0.190253023811796E+00
 0.188556205472927E+00
 0.186891170784337E+00
 0.185230085208165E+00
 0.183567021341562E+00
 0.181907659260892E+00
 0.180255340705952E+00
 0.178612262333585E+00
 0.176977425048475E+00
 0.175348919210198E+00
 0.173719116438075E+00
 0.172088889156457E+00
 0.170546521188259E+00
 0.169006832723588E+00
 0.167455921751975E+00
 0.165940491624979E+00
 0.164465900576080E+00
 0.163237163264601E+00
 0.162180225483863E+00
 0.161092580315864E+00
 0.159960160892183E+00
 0.158922389853792E+00
 0.157885900950199E+00
 0.156791259631202E+00
 0.155779405192871E+00
 0.154782558548347E+00
 0.153703524829198E+00
 0.152761622544390E+00
 0.151773806462589E+00
 0.150740210573511E+00
 0.149428006914101E+00
 0.147857935819484E+00
 0.146471178990854E+00
 0.144811511634440E+00
 0.142880983446204E+00
 0.140682525529489E+00
 0.138220070832822E+00
 0.135498631657688E+00
 0.132645319656503E+00
 0.130012368172785E+00
 0.127300352245760E+00
 0.124659714020290E+00
 0.121785243936065E+00
 0.118683957464398E+00
 0.117331106533258E+00
 0.125342436248221E+00
 0.132820667764584E+00
 0.139727039292267E+00
 0.146025289929764E+00
 0.151682056580838E+00
 0.156667148370426E+00
 0.160953567298118E+00
 0.164517453660146E+00
 0.167338263072190E+00
 0.169399274999541E+00
 0.170688167289652E+00
 0.171197221171473E+00
 0.170922943443426E+00
 0.169865346143474E+00
 0.172760371485513E+00
 0.181448310765873E+00
 0.190294876513871E+00
 0.199277818118338E+00
 0.208373000321282E+00
 0.217554519769303E+00
 0.226794781606541E+00
 0.236064541979792E+00
 0.245332943214214E+00
 0.254567572579381E+00
 0.263734565031033E+00
 0.272798755481573E+00
 0.281723876167023E+00
 0.290472790691282E+00
 0.299007753228470E+00
 0.307290675552783E+00
 0.315283379614418E+00
 0.322947817375545E+00
 0.330246256175606E+00
 0.337141449646010E+00
 0.343596826226619E+00
 0.349576719011572E+00
 0.355046635762806E+00
 0.359973543429064E+00
 0.364326134697798E+00
 0.368075058722721E+00
 0.371193121403780E+00
 0.373655473870445E+00
 0.375439802134030E+00
 0.376526513619288E+00
 0.376898903964143E+00
 0.376543291066269E+00
 0.375449119107022E+00
 0.373609048628293E+00
 0.371019047446624E+00
 0.367678482115231E+00
 0.363590193813106E+00
 0.358760539577786E+00
 0.353199391923062E+00
 0.346920106021501E+00
 0.339939469413351E+00
 0.332277640063537E+00
 0.323958064154816E+00
 0.315007360395050E+00
 0.305455169104062E+00
 0.295333982523656E+00
 0.284678980183569E+00
 0.273527880125981E+00
 0.261920791484602E+00
 0.249900036588465E+00
 0.238158061205311E+00
 0.232263419261474E+00
 0.227152425017894E+00
 0.222183315165209E+00
 0.218274467587816E+00
 0.213920404672443E+00
 0.210542650782655E+00
 0.206751489660553E+00
 0.203407383845770E+00
 0.200141408760007E+00
 0.196486872018163E+00
 0.193725497674756E+00
 0.190416202707176E+00
 0.187301209544642E+00
 0.184507099440480E+00
 0.181185202802860E+00
 0.178548049087787E+00
 0.175773460355474E+00
 0.172605107515481E+00
 0.170407927985456E+00
 0.167719538446120E+00
 0.165227802871976E+00
 0.163163914035644E+00
 0.160628352033049E+00
 0.158977631549483E+00
 0.157102404347507E+00
 0.155278914891685E+00
 0.154073183655047E+00
 0.152415210051303E+00
 0.157150014001329E+00
 0.162866844952425E+00
 0.168003126241220E+00
 0.172541294291429E+00
 0.176466946934566E+00
 0.179768970329305E+00
 0.182439505665273E+00
 0.184473780426512E+00
 0.185869896098387E+00
 0.188298888978303E+00
 0.190165008521790E+00
 0.191355038593103E+00
 0.191873968114672E+00
 0.191729644659567E+00
 0.190932676797013E+00
 0.189496424908912E+00
 0.187437008705733E+00
 0.184773250391849E+00
 0.182693685661475E+00
 0.180602375177772E+00
 0.177927911071156E+00
 0.176118878776562E+00
 0.174008578778762E+00
 0.171556688329552E+00
 0.169995586432175E+00
 0.167871806508109E+00
 0.165868998172190E+00
 0.164282501005789E+00
 0.162150874971711E+00
 0.159492100317673E+00
 0.157559018263913E+00
 0.155430476694078E+00
 0.152795910999578E+00
 0.149675038125094E+00
 0.146106983334919E+00
 0.142577943919381E+00
 0.139292976880716E+00
 0.136235801799267E+00
 0.133290879967627E+00
 0.130528085719028E+00
 0.127882680991156E+00
 0.125326248296724E+00
 0.122841414333808E+00
 0.120446146779280E+00
 0.118167417117637E+00
 0.115934735933762E+00
 0.113725293487471E+00
 0.111517839472665E+00
 0.109494995720215E+00
 0.107490807360124E+00
 0.105456970427692E+00
 0.103555304014071E+00
 0.101722720103631E+00
 0.998306292694475E-01
 0.981185845142548E-01
 0.964214203870172E-01
 0.946717770775447E-01
 0.931613335953933E-01
 0.915353319979756E-01
 0.914580015277150E-01
 0.929870154571271E-01
 0.943270740944391E-01
 0.956455197633677E-01
 0.969016580437296E-01
 0.980004160955863E-01
 0.991811283353329E-01
 0.100120485309433E+00
 0.101187738919603E+00
 0.102055956707352E+00
 0.102959210311232E+00
 0.103764488077824E+00
 0.104511249734209E+00
 0.105268748123806E+00
 0.105857428971481E+00
 0.106576883167742E+00
 0.107051917960479E+00
 0.107716322313515E+00
 0.108160178867261E+00
 0.108711099151148E+00
 0.109131788271406E+00
 0.109561102769672E+00
 0.109971061670959E+00
 0.110269936900113E+00
 0.110676242361871E+00
 0.110838682154923E+00
 0.110761991353158E+00
 0.110451907658038E+00
 0.110107122222588E+00
 0.109803181815747E+00
 0.109802495089258E+00
 0.110035964507216E+00
 0.110296336447853E+00
 0.110309067351960E+00
 0.110079741526523E+00
 0.109615165581549E+00
 0.108922945601343E+00
 0.108319804841398E+00
 0.107660339694056E+00
 0.106785500158390E+00
 0.105703860660554E+00
 0.104500529911639E+00
 0.103349031509308E+00
 0.102253543043779E+00
 0.101197198668146E+00
 0.100166168045837E+00
 0.991500589655413E-01
 0.981623368784033E-01
 0.971972047179638E-01
 0.962435487889809E-01
 0.953027468625559E-01
 0.943736752433984E-01
 0.934555568900843E-01
 0.925602841530564E-01
 0.916920469981320E-01
 0.908383790063264E-01
 0.899979490010732E-01
 0.891673474973308E-01
 0.883423309716994E-01
 0.875381096480115E-01
 0.867827789694325E-01
 0.860290683194416E-01
 0.852699412943728E-01
 0.845230233439604E-01
 0.838325354961226E-01
 0.831255619984183E-01
 0.823918630356092E-01
 0.817404774419026E-01
 0.810614690750882E-01
 0.803481046149856E-01
 0.797195469905050E-01
 0.789512324153846E-01
 0.782101347425969E-01
 0.775788610390056E-01
 0.768987085357503E-01
 0.762858408793906E-01
 0.756278293307421E-01
 0.748224870682843E-01
 0.739455595345354E-01
 0.730908184419676E-01
 0.721000000670199E-01
 0.709798822543120E-01
 0.697376832393202E-01
 0.683810118232495E-01
 0.669177822156005E-01
 0.653561235585555E-01
 0.637432105705737E-01
 0.622454285879752E-01
 0.607792520827634E-01
 0.593546787669916E-01
 0.578534335063931E-01
 0.562831283680969E-01
 0.546514318567339E-01
 0.529660400940901E-01
 0.512346498084356E-01
 0.494649251566879E-01
 0.476644583239855E-01
 0.458407291871742E-01
 0.440010680872694E-01
 0.421526216067104E-01
 0.403023196964436E-01
 0.384568444357457E-01
 0.366226027565451E-01
 0.349573212180076E-01
 0.333575700414681E-01
 0.317723733072624E-01
 0.302446249547365E-01
 0.301243718793631E-01
 0.299857370023429E-01
 0.298289550370881E-01
 0.297671890134288E-01
 0.299233084697838E-01
 0.301126769219181E-01
 0.302790557828881E-01
 0.304413210794563E-01
 0.306175047201087E-01
 0.307685943201423E-01
 0.308947032922079E-01
 0.309958809368196E-01
 0.310721240396683E-01
 0.311235613955246E-01
 0.311505923135576E-01
 0.311538113777040E-01
 0.311337816166128E-01
 0.310908708500289E-01
 0.310252939437616E-01
 0.309373093994554E-01
 0.308447085601736E-01
 0.307675069970070E-01
 0.306685780506298E-01
 0.305508653696517E-01
 0.304186945082460E-01
 0.302707544047902E-01
 0.301097562460558E-01
 0.299360143718015E-01
 0.297480389605056E-01
 0.295494152589481E-01
 0.293392685632359E-01
 0.291177783990907E-01
 0.288881533717195E-01
 0.286514340006443E-01
 0.284068316607103E-01
 0.281548588934968E-01
 0.278973240586885E-01
 0.276385841180226E-01
 0.273764768016879E-01
 0.271113040288695E-01
 0.268433138670890E-01
 0.265789240631033E-01
 0.263133594055084E-01
 0.260473795556640E-01
 0.257822588512445E-01
 0.255218623801501E-01
 0.252578885485773E-01
 0.249980066605287E-01
 0.247395231091582E-01
 0.244787999526904E-01
 0.242265564526518E-01
 0.239689025008789E-01
 0.237184861277176E-01
 0.234620864641595E-01
 0.232137085041174E-01
 0.229596006089179E-01
 0.227117506561779E-01
 0.224615174240047E-01
 0.222123350063081E-01
 0.219671989957730E-01
 0.221100826113340E-01
 0.222562818628749E-01
 0.224202941240536E-01
 0.225770727425911E-01
 0.227240661593687E-01
 0.228743962829598E-01
 0.230318965227777E-01
 0.231792382800909E-01
 0.233161364071542E-01
 0.234424203487058E-01
 0.235580467085343E-01
 0.236630676594896E-01
 0.237575919075566E-01
 0.238417697623369E-01
 0.239158004333498E-01
 0.239799371207445E-01
 0.240344743154137E-01
 0.240797257777469E-01
 0.241160122332814E-01
 0.241436666114575E-01
 0.241630477096986E-01
 0.241745478192317E-01
 0.242009431364565E-01
 0.242214987818671E-01
 0.242344086093147E-01
 0.242399998744688E-01
 0.242386125918458E-01
 0.242306087586910E-01
 0.242163712690100E-01
 0.241962985274930E-01
 0.241707958957018E-01
 0.241402574796124E-01
 0.241050356000037E-01
 0.240654120713958E-01
 0.240215970225562E-01
 0.239737682442534E-01
 0.239221318221129E-01
 0.238669622845481E-01
 0.238085919704440E-01
 0.237473569464047E-01
 0.236835370400527E-01
 0.236173253426472E-01
 0.235488353191764E-01
 0.234781298014450E-01
 0.234052533722473E-01
 0.233302601381881E-01
 0.232532345914971E-01
 0.231742992947661E-01
 0.230936007864551E-01
 0.230112742443329E-01
 0.229274025830545E-01
 0.228419924607197E-01
 0.227549814434209E-01
 0.226662741243724E-01
 0.225757913433926E-01
 0.224851491900831E-01
 0.223981297998327E-01
 0.223561828382299E-01
 0.223904876363733E-01
 0.224225781952969E-01
 0.224524008264014E-01
 0.224799288683902E-01
 0.225051782283642E-01
 0.225282133173220E-01
 0.225491171458143E-01
 0.225679297200554E-01
 0.225845970900223E-01
 0.225989757405445E-01
 0.226108969895900E-01
 0.226202510843991E-01
 0.226270399448382E-01
 0.226313732585241E-01
 0.226334167729882E-01
 0.226333207671584E-01
 0.226311598431204E-01
 0.226269098730184E-01
 0.226204738415981E-01
 0.226117440502004E-01
 0.226006664234338E-01
 0.225872737076613E-01
 0.225716800106365E-01
 0.225540541063715E-01
 0.225345880958960E-01
 0.225134588859450E-01
 0.224907756236758E-01
 0.224665318091139E-01
 0.224406072022925E-01
 0.224128484412566E-01
 0.223831965197420E-01
 0.223517770297824E-01
 0.223188819775575E-01
 0.222848478340035E-01
 0.222499097627848E-01
 0.222141236181178E-01
 0.221773920534274E-01
 0.221395615712622E-01
 0.221005264057670E-01
 0.220602913939921E-01
 0.220189808243959E-01
 0.219768049554402E-01
 0.219340037312673E-01
 0.218907857055831E-01
 0.218472760606820E-01
 0.218034842473421E-01
 0.217593021437800E-01
 0.217145456036742E-01
 0.216690436937504E-01
 0.216227506909687E-01
 0.215758200864373E-01
 0.215285757694241E-01
 0.214813690151243E-01
 0.214343943834917E-01
 0.213875836264000E-01
 0.213406541284407E-01
 0.212932820655104E-01
 0.212452852180064E-01
 0.211967043920800E-01
 0.211477548387447E-01
 0.210987050608764E-01
 0.210497647817259E-01
 0.210010262963755E-01
 0.209524545218960E-01
 0.209039043635395E-01
 0.208551584366194E-01
 0.208059919181754E-01
 0.207562611230000E-01
 0.207059849233198E-01
 0.206553695611136E-01
 0.206047402447767E-01
 0.205543896532978E-01
 0.205044119099990E-01
 0.204546212084513E-01
 0.204046231574303E-01
 0.203540176976266E-01
 0.203026193880832E-01
 0.202505569174358E-01
 0.201981883395515E-01
 0.201458919514199E-01
 0.200938703237282E-01
 0.200420787775872E-01
 0.199902897978081E-01
 0.199382193449189E-01
 0.198856323902170E-01
 0.198323981139207E-01
 0.197785138646546E-01
 0.197251772131940E-01
 0.196755617762935E-01
 0.196254304948704E-01
 0.195747013106615E-01
 0.195234478778988E-01
 0.194718906464331E-01
 0.194202969553894E-01
 0.193688352355510E-01
 0.193174682575116E-01
 0.192659571645755E-01
 0.192139842807881E-01
 0.191613263827957E-01
 0.191079733555570E-01
 0.190541201461910E-01
 0.190000437303266E-01
 0.189459511147644E-01
 0.188918932244669E-01
 0.188377795168978E-01
 0.187834533384781E-01
 0.187287611894323E-01
 0.186735839807049E-01
 0.186178497982977E-01
 0.185615596867978E-01
 0.185048213107998E-01
 0.184478454403161E-01
 0.183908683512627E-01
 0.183340222573175E-01
 0.182772346853060E-01
 0.182202386766940E-01
 0.181627082484555E-01
 0.181044449761552E-01
 0.180454988518351E-01
 0.179861439328044E-01
 0.179267227115282E-01
 0.178674580101429E-01
 0.178083484263348E-01
 0.177492017970539E-01
 0.176897668467199E-01
 0.176301587094606E-01
 0.175698934266949E-01
 0.175093170939209E-01
 0.174497763872730E-01
 0.173911161151404E-01
 0.173335117023741E-01
 0.172764161616054E-01
 0.172195824825012E-01
 0.171630012825744E-01
 0.171064814464508E-01
 0.170503688818844E-01
 0.169948296081734E-01
 0.169395229012130E-01
 0.168851204463298E-01
 0.168305801920761E-01
 0.167766949082427E-01
 0.167232465224395E-01
 0.166695591385158E-01
 0.166168411111555E-01
 0.165641174805717E-01
 0.165112358033980E-01
 0.164592477960160E-01
 0.164069398245800E-01
 0.163545912041385E-01
 0.163034026918626E-01
 0.162522294383912E-01
 0.162011664717559E-01
 0.161513581617504E-01
 0.161014274261466E-01
 0.160511503293660E-01
