 0.166345685175702E-07
 0.282347740761581E-06
 0.159533135410893E-05
 0.558340826953180E-05
 0.148174634003886E-04
 0.327764638795112E-04
 0.637113879974806E-04
 0.112479287895185E-03
 0.184414078225110E-03
 0.285271725430816E-03
 0.421247725763695E-03
 0.599030817885150E-03
 0.825841874373682E-03
 0.110941525069208E-02
 0.145790600631486E-02
 0.187973784948724E-02
 0.238342960745668E-02
 0.297744329816685E-02
 0.367008347346967E-02
 0.446945250734333E-02
 0.538344154981690E-02
 0.641972285530247E-02
 0.758571161964532E-02
 0.888848234177514E-02
 0.103346478666059E-01
 0.119302281110078E-01
 0.136805417954230E-01
 0.155901458786659E-01
 0.176628280613945E-01
 0.199016365103704E-01
 0.223089172208580E-01
 0.248863288771997E-01
 0.276348173454188E-01
 0.305545510950765E-01
 0.336448363551207E-01
 0.369040394378528E-01
 0.403295405434442E-01
 0.439177308328375E-01
 0.476640487754611E-01
 0.515630397447565E-01
 0.556084192825311E-01
 0.597931258629970E-01
 0.641093596843563E-01
 0.685486142987375E-01
 0.731017130128159E-01
 0.777588603556111E-01
 0.825097123355472E-01
 0.873434614617749E-01
 0.922489272160890E-01
 0.972146418385844E-01
 0.102228924863176E+00
 0.107279946080161E+00
 0.112355783010619E+00
 0.117444483272391E+00
 0.122534143070794E+00
 0.127613010280129E+00
 0.132669614913649E+00
 0.137692922594904E+00
 0.142672499989728E+00
 0.147598677539603E+00
 0.152462696164213E+00
 0.157256830563439E+00
 0.161974489090107E+00
 0.166610294214837E+00
 0.171160145562119E+00
 0.175621260970556E+00
 0.179992185474326E+00
 0.184272759194560E+00
 0.188464044654368E+00
 0.192568228208868E+00
 0.196588521560760E+00
 0.200529090477990E+00
 0.204395026076718E+00
 0.208192353221278E+00
 0.211928049958919E+00
 0.215610041550020E+00
 0.219247137855179E+00
 0.222848900912436E+00
 0.226425451737067E+00
 0.229987242537513E+00
 0.233544827882689E+00
 0.237108665900915E+00
 0.240688970241900E+00
 0.244295617097393E+00
 0.247938092092754E+00
 0.251625445654226E+00
 0.255366220538149E+00
 0.259168325717515E+00
 0.263038852591599E+00
 0.266983851898308E+00
 0.271008102908886E+00
 0.275114907446976E+00
 0.279305933564978E+00
 0.283581122449898E+00
 0.287938660091718E+00
 0.292375003456709E+00
 0.296884941285677E+00
 0.301461665306224E+00
 0.306096830340591E+00
 0.310780589871548E+00
 0.315501603408553E+00
 0.320247020694638E+00
 0.325002454626687E+00
 0.329751959465148E+00
 0.334478032428545E+00
 0.339161654151751E+00
 0.343782377460936E+00
 0.348318466480599E+00
 0.352747080524046E+00
 0.357044489704030E+00
 0.361186303075525E+00
 0.365147689359202E+00
 0.368903578419333E+00
 0.372428846210268E+00
 0.375698497345173E+00
 0.378687858265286E+00
 0.381372780094615E+00
 0.383729834678410E+00
 0.385736483165607E+00
 0.387371207708866E+00
 0.388613615559032E+00
 0.389444539445915E+00
 0.389846162726759E+00
 0.389802193363488E+00
 0.389298099599286E+00
 0.388321401948081E+00
 0.386861991456169E+00
 0.384912420507253E+00
 0.382468102878334E+00
 0.379527374295366E+00
 0.376091401361553E+00
 0.372163971369870E+00
 0.367751230546411E+00
 0.362861451667251E+00
 0.357504900668234E+00
 0.351693839979974E+00
 0.345442662739628E+00
 0.338768108680677E+00
 0.331689481928651E+00
 0.324228782510864E+00
 0.316410680478473E+00
 0.308262301295895E+00
 0.299812845188375E+00
 0.291093116752626E+00
 0.282135073637468E+00
 0.272971494948963E+00
 0.263635816780743E+00
 0.254162104632267E+00
 0.244585069547551E+00
 0.234940020379406E+00
 0.225262683831101E+00
 0.215588890423431E+00
 0.205954180599932E+00
 0.196393407680932E+00
 0.186940404628630E+00
 0.177627754832533E+00
 0.168486675968229E+00
 0.159546994371267E+00
 0.150837157375894E+00
 0.142384210995691E+00
 0.136252196590272E+00
 0.133335943461736E+00
 0.130097689320710E+00
 0.127451968110240E+00
 0.124596254519900E+00
 0.121870228519070E+00
 0.119407441922845E+00
 0.116642760911513E+00
 0.114521457184600E+00
 0.112164075964975E+00
 0.109910797633988E+00
 0.107965083263546E+00
 0.105735748209608E+00
 0.104111248803697E+00
 0.102312534663914E+00
 0.100644697615807E+00
 0.992722322441685E-01
 0.976284283715852E-01
 0.965945485331013E-01
 0.953539637786157E-01
 0.942642359374943E-01
 0.934163360606210E-01
 0.922951844129765E-01
 0.910163196444982E-01
 0.897859886102818E-01
 0.887469381737579E-01
 0.875312482711185E-01
 0.861880043009283E-01
 0.847498739065667E-01
 0.832109297115085E-01
 0.815724878798061E-01
 0.798304742668820E-01
 0.780019439196072E-01
 0.761502859853170E-01
 0.789366587358622E-01
 0.842215588727873E-01
 0.890536003153234E-01
 0.933987765261047E-01
 0.972249246285196E-01
 0.100501911323017E+00
 0.103201886493656E+00
 0.105299582702865E+00
 0.106772608629098E+00
 0.107601681732338E+00
 0.107770767296961E+00
 0.107267122560889E+00
 0.106081272088588E+00
 0.105291010707523E+00
 0.104767357712401E+00
 0.103579976223500E+00
 0.102023890654984E+00
 0.101498582728311E+00
 0.100356436220028E+00
 0.990968356795894E-01
 0.984622065167046E-01
 0.974413245424997E-01
 0.964114021655958E-01
 0.956406036519242E-01
 0.947933526539023E-01
 0.939461781475978E-01
 0.930632651207347E-01
 0.921734203572639E-01
 0.912248469649945E-01
 0.902221981013797E-01
 0.893876434119118E-01
 0.885098120711468E-01
 0.875793395861435E-01
 0.865964187626568E-01
 0.855578027044576E-01
 0.861602119000988E-01
 0.948344481050660E-01
 0.103928518766800E+00
 0.115361364462405E+00
 0.126564946390704E+00
 0.137481525268082E+00
 0.148053917698176E+00
 0.158225864272079E+00
 0.167942397693837E+00
 0.177150155803207E+00
 0.185797609612006E+00
 0.193835207028501E+00
 0.201215462160667E+00
 0.207893047173566E+00
 0.213824957412444E+00
 0.218970809748172E+00
 0.223293290368463E+00
 0.226758700942999E+00
 0.229337491239116E+00
 0.231004645154376E+00
 0.231739821838173E+00
 0.231527232756302E+00
 0.230355326441473E+00
 0.228216417532012E+00
 0.225106409897968E+00
 0.222583203563925E+00
 0.220446010376899E+00
 0.217365624000457E+00
 0.213995826874531E+00
 0.211883750410253E+00
 0.208859901976163E+00
 0.206064642402061E+00
 0.203980818332908E+00
 0.201014539287663E+00
 0.198726236767448E+00
 0.196673261483128E+00
 0.193764885381073E+00
 0.190298866789167E+00
 0.187418124235545E+00
 0.184587056763409E+00
 0.181438623852459E+00
 0.178269282840758E+00
 0.175088972857622E+00
 0.171912677347122E+00
 0.168809298925812E+00
 0.165724540612119E+00
 0.162674536687567E+00
 0.159663361346354E+00
 0.156685217321908E+00
 0.153725789463519E+00
 0.150977133851268E+00
 0.148259878903682E+00
 0.155001625678649E+00
 0.166810352943883E+00
 0.180136563586469E+00
 0.195429649253556E+00
 0.210181289289818E+00
 0.224335448032156E+00
 0.237837975089649E+00
 0.250637253101292E+00
 0.262684903737554E+00
 0.273936348647523E+00
 0.284351088886834E+00
 0.293892689425539E+00
 0.302528570743937E+00
 0.310229763486874E+00
 0.316970760664244E+00
 0.322729531958090E+00
 0.327487689293011E+00
 0.331230741657920E+00
 0.333948355734165E+00
 0.335634539520480E+00
 0.336287684757481E+00
 0.335910443471089E+00
 0.334509471820473E+00
 0.332095130133878E+00
 0.328681248559839E+00
 0.324799334336102E+00
 0.322343225562265E+00
 0.318916418819707E+00
 0.314536401630719E+00
 0.311377183237656E+00
 0.307964507834486E+00
 0.303631675295282E+00
 0.301142516764604E+00
 0.297750680938442E+00
 0.294063069111473E+00
 0.291576216172539E+00
 0.288209881861058E+00
 0.283981179997750E+00
 0.280102536284664E+00
 0.276775124250292E+00
 0.272619895493443E+00
 0.267661051491367E+00
 0.262453775386041E+00
 0.257387433687076E+00
 0.252451988104170E+00
 0.247644104096771E+00
 0.242998708601155E+00
 0.238454693510417E+00
 0.234023370284619E+00
 0.229703848751143E+00
 0.225485326547254E+00
 0.221348825756393E+00
 0.217354378075000E+00
 0.213502867365600E+00
 0.209748038057339E+00
 0.206021954111246E+00
 0.202397051303675E+00
 0.198929316780490E+00
 0.195505662927118E+00
 0.192114934969606E+00
 0.188901395364412E+00
 0.185695142467982E+00
 0.182578370832786E+00
 0.179581899019571E+00
 0.176557313010779E+00
 0.180872620254127E+00
 0.188558285308244E+00
 0.195563137214909E+00
 0.201883185996051E+00
 0.207517640930283E+00
 0.212468973620117E+00
 0.216742852939499E+00
 0.220347973761444E+00
 0.223295837457190E+00
 0.225600543370432E+00
 0.227278629063117E+00
 0.228348972320063E+00
 0.228832749257835E+00
 0.228753427782557E+00
 0.228136759549167E+00
 0.227010720770031E+00
 0.225405355755341E+00
 0.223352507218513E+00
 0.220885468166063E+00
 0.219033078609663E+00
 0.216956959121642E+00
 0.214479681009556E+00
 0.211813028931277E+00
 0.209733357874613E+00
 0.207266434638244E+00
 0.205091728304126E+00
 0.203013299639384E+00
 0.200560521834137E+00
 0.198819280890236E+00
 0.196745181845370E+00
 0.194309258015854E+00
 0.195592295915854E+00
 0.196799974716439E+00
 0.198089149467046E+00
 0.199082574801001E+00
 0.200380276195909E+00
 0.201206389703677E+00
 0.201563014075616E+00
 0.201759019266696E+00
 0.202131449246270E+00
 0.202035880306799E+00
 0.201477488863135E+00
 0.200462991419444E+00
 0.199000598194168E+00
 0.197169487973765E+00
 0.195311239718337E+00
 0.193463872757635E+00
 0.191634540669017E+00
 0.189796692222659E+00
 0.187992703060121E+00
 0.186208028673371E+00
 0.184471379185509E+00
 0.182756139500488E+00
 0.181046484194751E+00
 0.179351860059535E+00
 0.177678707412863E+00
 0.176030861726074E+00
 0.174409492512841E+00
 0.172813007751848E+00
 0.171237644583889E+00
 0.169942590346712E+00
 0.168775837013919E+00
 0.167618641634969E+00
 0.166548851099542E+00
 0.166372328322448E+00
 0.169838866136714E+00
 0.173218808721252E+00
 0.176473981212680E+00
 0.179565620780265E+00
 0.182454468105926E+00
 0.185100995837838E+00
 0.187465781257919E+00
 0.189509974766991E+00
 0.191195763398132E+00
 0.192486713858736E+00
 0.193347923321958E+00
 0.193745994034566E+00
 0.193648933128535E+00
 0.193026111373862E+00
 0.191848374699213E+00
 0.190088316504502E+00
 0.187720640567136E+00
 0.184722516095210E+00
 0.181826676812590E+00
 0.179485780466858E+00
 0.176533653305271E+00
 0.173185247796132E+00
 0.170886405779067E+00
 0.167998136035901E+00
 0.165250007525947E+00
 0.162993227312303E+00
 0.160167565561608E+00
 0.157948299252610E+00
 0.155733263066701E+00
 0.152968526256112E+00
 0.149636708708873E+00
 0.146265939426065E+00
 0.143570047436959E+00
 0.140367240579708E+00
 0.137130066417292E+00
 0.133999989671375E+00
 0.131000138516476E+00
 0.128064547423999E+00
 0.125366865119927E+00
 0.127999034530254E+00
 0.130626862798716E+00
 0.133237147829377E+00
 0.135816186756743E+00
 0.138354070424033E+00
 0.147151314789074E+00
 0.161246008451289E+00
 0.175229460087315E+00
 0.190262200440315E+00
 0.208012579869718E+00
 0.225616288492944E+00
 0.243016130308700E+00
 0.260155031815399E+00
 0.276976292763462E+00
 0.293423745746457E+00
 0.309441876340629E+00
 0.324975971168557E+00
 0.339972330918861E+00
 0.354378538411755E+00
 0.368143743867407E+00
 0.381218933652733E+00
 0.393557170135246E+00
 0.405113805062195E+00
 0.415846667131772E+00
 0.425716216236156E+00
 0.434685659177411E+00
 0.442721039814897E+00
 0.449791337602308E+00
 0.455868611445125E+00
 0.460928200565903E+00
 0.464948952392752E+00
 0.467913417242816E+00
 0.469807954616068E+00
 0.470622736616741E+00
 0.470351684520548E+00
 0.468992400952920E+00
 0.466546146585919E+00
 0.463017870644135E+00
 0.458416269812765E+00
 0.452753841706341E+00
 0.448665144564700E+00
 0.444045871516998E+00
 0.438398566744276E+00
 0.432606567884623E+00
 0.428008160488301E+00
 0.422418339068055E+00
 0.417650662144682E+00
 0.413080016241672E+00
 0.407552170789969E+00
 0.403693113389001E+00
 0.399155554955572E+00
 0.393692541208081E+00
 0.387341978347564E+00
 0.382851263447397E+00
 0.377473597549054E+00
 0.371224349125544E+00
 0.364127234264612E+00
 0.356826891632878E+00
 0.349749297384459E+00
 0.342855881021569E+00
 0.336215914153439E+00
 0.329756090671541E+00
 0.323467782704898E+00
 0.317363038945761E+00
 0.311437867944438E+00
 0.305681957367845E+00
 0.300074363826954E+00
 0.294584179966035E+00
 0.289299561301415E+00
 0.284158896279647E+00
 0.279154339857745E+00
 0.274221779043753E+00
 0.269481128413449E+00
 0.264856046306002E+00
 0.260307963598977E+00
 0.255909618458097E+00
 0.251622943803768E+00
 0.247419795899621E+00
 0.243334549684484E+00
 0.239343336944084E+00
 0.235450143810104E+00
 0.231645589019818E+00
 0.229305665064400E+00
 0.233801263716732E+00
 0.238161945695815E+00
 0.242075741427741E+00
 0.246293093999200E+00
 0.250089788650768E+00
 0.253718856640115E+00
 0.257402672513084E+00
 0.260603374232020E+00
 0.264043125747397E+00
 0.267294442131702E+00
 0.271361865852801E+00
 0.275187464159620E+00
 0.279199806589141E+00
 0.282717061159495E+00
 0.286464014285346E+00
 0.289923721040538E+00
 0.293174035858106E+00
 0.296589437224759E+00
 0.299479475561117E+00
 0.302735714511026E+00
 0.305584998960566E+00
 0.308383619275850E+00
 0.311207702474577E+00
 0.313552559852289E+00
 0.316367137959102E+00
 0.318623797400015E+00
 0.321079932319260E+00
 0.323334609680502E+00
 0.325358055145815E+00
 0.327627086929093E+00
 0.329320839704366E+00
 0.331508962195360E+00
 0.333225408426352E+00
 0.334360215295053E+00
 0.334915772436748E+00
 0.335222833945804E+00
 0.335812887224679E+00
 0.335825377972512E+00
 0.335266283970101E+00
 0.334143381538631E+00
 0.332466216979920E+00
 0.330246056868253E+00
 0.327498341357896E+00
 0.324547171910430E+00
 0.321605135201006E+00
 0.318689624240576E+00
 0.315773915865118E+00
 0.312911144130875E+00
 0.310042799420754E+00
 0.307188110366833E+00
 0.304376373552833E+00
 0.301606680454132E+00
 0.298857062188977E+00
 0.296126771970316E+00
 0.293467594652224E+00
 0.290847404243693E+00
 0.288257001978590E+00
 0.285685699304474E+00
 0.283120292505415E+00
 0.280653716465088E+00
 0.278223711422966E+00
 0.275790172926953E+00
 0.273360210294757E+00
 0.271088814159253E+00
 0.268794341214016E+00
 0.266455824804887E+00
 0.264193753318567E+00
 0.262015446581046E+00
 0.259760393392562E+00
 0.257803938728673E+00
 0.256273353791416E+00
 0.254594731370755E+00
 0.253159853599090E+00
 0.251580586676743E+00
 0.250011179429711E+00
 0.248039849624532E+00
 0.245676175073247E+00
 0.243280317950975E+00
 0.248219641333642E+00
 0.257009071908132E+00
 0.265333356055495E+00
 0.273147185022942E+00
 0.280406994124986E+00
 0.287071105126294E+00
 0.293099942432312E+00
 0.298456304791148E+00
 0.303105645649930E+00
 0.307016310333257E+00
 0.310159696561654E+00
 0.312510335113490E+00
 0.314045914779978E+00
 0.314747289774737E+00
 0.314598505974651E+00
 0.313586868341087E+00
 0.311703051197381E+00
 0.308941231352912E+00
 0.305299207676633E+00
 0.300778466833743E+00
 0.297556438330247E+00
 0.293935033962297E+00
 0.289461420476552E+00
 0.285302458875316E+00
 0.281728273564981E+00
 0.277331954818872E+00
 0.273992837427279E+00
 0.270468173878099E+00
 0.266238200843389E+00
 0.263534134404353E+00
 0.260060282067113E+00
 0.255818774326713E+00
 0.250814675975401E+00
 0.246792235122467E+00
 0.242642719967752E+00
 0.237765443311340E+00
 0.232689107742887E+00
 0.227774909404777E+00
 0.223031220501570E+00
 0.218419911563979E+00
 0.213925080762483E+00
 0.209582620616616E+00
 0.205378652693656E+00
 0.201313603882248E+00
 0.197378544235962E+00
 0.193560925498516E+00
 0.189854604053591E+00
 0.186219100855805E+00
 0.182618595134360E+00
 0.179222433880745E+00
 0.175930992921066E+00
 0.172654537111586E+00
 0.169467816618459E+00
 0.170764544584115E+00
 0.184461149588837E+00
 0.197569018101421E+00
 0.210051556224833E+00
 0.221874696495134E+00
 0.233007056506532E+00
 0.243420126400781E+00
 0.253088456268576E+00
 0.261989806401513E+00
 0.270105231259589E+00
 0.277419090909905E+00
 0.283919011618748E+00
 0.289595835782284E+00
 0.294443599909959E+00
 0.298459558224918E+00
 0.301644240036213E+00
 0.304001507022488E+00
 0.305538572507020E+00
 0.306265958713176E+00
 0.306197390871414E+00
 0.305349647354312E+00
 0.303742394981981E+00
 0.301398036689764E+00
 0.298341587845477E+00
 0.295949361878740E+00
 0.293559035070479E+00
 0.290478656480871E+00
 0.286833855169642E+00
 0.284421965371454E+00
 0.281344288436388E+00
 0.278273352011008E+00
 0.275848021604033E+00
 0.272779081591635E+00
 0.270220527449315E+00
 0.267788475666488E+00
 0.264733468507990E+00
 0.261193528751974E+00
 0.258763521279215E+00
 0.255736074423383E+00
 0.253059289128300E+00
 0.253424569316587E+00
 0.253968062696789E+00
 0.254046057160197E+00
 0.253653562361701E+00
 0.252787193713583E+00
 0.251445173807912E+00
 0.249627319218743E+00
 0.247437681213672E+00
 0.245711290585172E+00
 0.243611186703695E+00
 0.241479139451788E+00
 0.239341055212309E+00
 0.237207228784665E+00
 0.235052023040787E+00
 0.232916951564446E+00
 0.230798621777595E+00
 0.228677873042743E+00
 0.226564845209609E+00
 0.224466311828211E+00
 0.222386020480099E+00
 0.220324982968148E+00
 0.218281595850056E+00
 0.216252068716981E+00
 0.214230586988309E+00
 0.212250272515127E+00
 0.210358592221484E+00
 0.208962007144256E+00
 0.207580545508219E+00
 0.206219216318484E+00
 0.204949853344825E+00
 0.203625001665755E+00
 0.202244158527754E+00
 0.201038786935112E+00
 0.199752964426168E+00
 0.198411969515083E+00
 0.197241210985197E+00
 0.195958366067507E+00
 0.194707747403997E+00
 0.193525577550674E+00
 0.192163840264137E+00
 0.190457106836405E+00
 0.188453529888556E+00
 0.186656454309216E+00
 0.184521630298423E+00
 0.182051835511897E+00
 0.179250956382110E+00
 0.176123975840711E+00
 0.172676962657628E+00
 0.169471316290444E+00
 0.166137795850376E+00
 0.162525333399312E+00
 0.159184065898647E+00
 0.155553310863240E+00
 0.151641225797403E+00
 0.147456899962016E+00
 0.143010316509284E+00
 0.138561209611033E+00
 0.139710038319783E+00
 0.140864899680442E+00
 0.142004734495207E+00
 0.142998028695468E+00
 0.144135418911525E+00
 0.145014713488266E+00
 0.146101525341870E+00
 0.146981973819530E+00
 0.147899667402946E+00
 0.148786791079751E+00
 0.149423350381568E+00
 0.149822954342156E+00
 0.149999889984793E+00
 0.150290123584069E+00
 0.150476288239825E+00
 0.150772072133821E+00
 0.150893047402336E+00
 0.150795687244664E+00
 0.150493547520315E+00
 0.150000620327900E+00
 0.149331237663520E+00
 0.148499975296346E+00
 0.147521566510903E+00
 0.146410832096588E+00
 0.145186336340084E+00
 0.143995630716737E+00
 0.152643009947477E+00
 0.164451773546924E+00
 0.176131172561029E+00
 0.187631205555808E+00
 0.198901828054202E+00
 0.209893089945003E+00
 0.220555257343935E+00
 0.230838963095596E+00
 0.240695421746836E+00
 0.250076717406684E+00
 0.258936137486820E+00
 0.267228499895078E+00
 0.274910420671692E+00
 0.281940495101190E+00
 0.288279404595624E+00
 0.293889993338860E+00
 0.298737367100697E+00
 0.302789049636244E+00
 0.306015200507346E+00
 0.308388867945228E+00
 0.309886233807187E+00
 0.310486808991925E+00
 0.310173553843077E+00
 0.308932922135458E+00
 0.306754851170687E+00
 0.303632736671779E+00
 0.299563433457131E+00
 0.296817142615012E+00
 0.293685338654798E+00
 0.289634705914220E+00
 0.285843013752454E+00
 0.282727255124742E+00
 0.278724634072523E+00
 0.275652057167271E+00
 0.272558541651739E+00
 0.268607871985599E+00
 0.266170586329283E+00
 0.263103889826193E+00
 0.259207684952181E+00
 0.254483451245050E+00
 0.250861767875469E+00
 0.247036727268571E+00
 0.242418408990141E+00
 0.237505219872552E+00
 0.232745338193082E+00
 0.228119380712987E+00
 0.223666140808923E+00
 0.219312303431437E+00
 0.215094127342976E+00
 0.211006938393153E+00
 0.207046280186866E+00
 0.203202803191538E+00
 0.199475617080334E+00
 0.195835413085845E+00
 0.192244432587369E+00
 0.188795997346039E+00
 0.185470005652229E+00
 0.182215975271497E+00
 0.178972427810156E+00
 0.188731222935653E+00
 0.204480554147804E+00
 0.219598796354007E+00
 0.234032450575016E+00
 0.247730484013445E+00
 0.260644553153908E+00
 0.272729162221975E+00
 0.283941768674352E+00
 0.294242864467087E+00
 0.303596069814473E+00
 0.311968268885315E+00
 0.319329794273473E+00
 0.325654638035993E+00
 0.330920646307139E+00
 0.335109654063918E+00
 0.338207538076780E+00
 0.340204198612395E+00
 0.341093506849166E+00
 0.340873261666255E+00
 0.339545184327922E+00
 0.337114952399893E+00
 0.333592249953618E+00
 0.330042803796078E+00
 0.327564914840054E+00
 0.324027168455847E+00
 0.319443272403949E+00
 0.316660359460504E+00
 0.313137506176190E+00
 0.308982251774928E+00
 0.306469064240528E+00
 0.302966758990469E+00
 0.299447081127795E+00
 0.296927357131499E+00
 0.293449850594063E+00
 0.289028201976048E+00
 0.285893579425827E+00
 0.282456674027205E+00
 0.278114338939942E+00
 0.272941379252369E+00
 0.267708285527676E+00
 0.262629454725837E+00
 0.257660043649326E+00
 0.252886395584534E+00
 0.248210194642871E+00
 0.243658442468867E+00
 0.239235188409666E+00
 0.234935271060204E+00
 0.230746748661165E+00
 0.226643895434574E+00
 0.222656672073831E+00
 0.218797513489190E+00
 0.215044589559579E+00
 0.211360946719157E+00
 0.207764623966062E+00
 0.204289133870593E+00
 0.200885233276507E+00
 0.197551118471443E+00
 0.194315802052349E+00
 0.199332514483427E+00
 0.211190352271831E+00
 0.222259064855681E+00
 0.232509643311147E+00
 0.241916500010244E+00
 0.250457597575808E+00
 0.258114565135761E+00
 0.264872783025083E+00
 0.270721423282181E+00
 0.275653442111472E+00
 0.279665531350020E+00
 0.282758046898353E+00
 0.284934938325765E+00
 0.286203700078021E+00
 0.286575349482870E+00
 0.286064415881739E+00
 0.284688910100830E+00
 0.282470244240597E+00
 0.279433089664765E+00
 0.276303319830540E+00
 0.274051950851623E+00
 0.271006441630699E+00
 0.267193981839140E+00
 0.264614497338055E+00
 0.261586029363268E+00
 0.258107934682558E+00
 0.255841737930312E+00
 0.252834552571731E+00
 0.249936201995781E+00
 0.247669902099748E+00
 0.244686636633704E+00
 0.241011485891414E+00
 0.236862970731190E+00
 0.233915276787801E+00
 0.230304119463813E+00
 0.226057235355459E+00
 0.221610152720441E+00
 0.217293557043707E+00
 0.213106079654542E+00
 0.209040604659030E+00
 0.205067202119793E+00
 0.201217366265513E+00
 0.197479544937112E+00
 0.193855313765574E+00
 0.190338304588524E+00
 0.186917625797629E+00
 0.183591009774992E+00
 0.180323775006902E+00
 0.177120281238499E+00
 0.174060118711324E+00
 0.171087550024397E+00
 0.168131279057664E+00
 0.165285505800804E+00
 0.162549299715606E+00
 0.159821127015148E+00
 0.157201055266999E+00
 0.154681366460068E+00
 0.152136767592012E+00
 0.149750390567734E+00
 0.147496464402714E+00
 0.146160644508426E+00
 0.144814467514297E+00
 0.143433511338929E+00
 0.142041092049745E+00
 0.140807005004637E+00
 0.139761756393658E+00
 0.138796423203263E+00
 0.137804875764031E+00
 0.136767624200910E+00
 0.135854829094551E+00
 0.134958059782142E+00
 0.133983617248968E+00
 0.133078610904789E+00
 0.132234080540523E+00
 0.131272337904397E+00
 0.130431469425352E+00
 0.129578592094600E+00
 0.128587919108424E+00
 0.127200903512149E+00
 0.125939013963362E+00
 0.124430985971364E+00
 0.123362444834178E+00
 0.124664635937059E+00
 0.126077006718816E+00
 0.127210141907912E+00
 0.128590957533697E+00
 0.129647812389234E+00
 0.130917834039604E+00
 0.131949190284755E+00
 0.133066200756536E+00
 0.134082031539956E+00
 0.135041088471602E+00
 0.136050224772454E+00
 0.136843837875647E+00
 0.137854542136736E+00
 0.138532281112458E+00
 0.139491386097717E+00
 0.140174764803720E+00
 0.140530448072218E+00
 0.140569011536667E+00
 0.140765841863430E+00
 0.140815566568215E+00
 0.140558169838427E+00
 0.140006492434936E+00
 0.139174380446322E+00
 0.138076590819736E+00
 0.136733868226063E+00
 0.135319117632085E+00
 0.133909877697124E+00
 0.132514907305684E+00
 0.131140557229678E+00
 0.129770201462356E+00
 0.128419766104741E+00
 0.127106294511430E+00
 0.125810657182567E+00
 0.124537272105081E+00
 0.123289149004447E+00
 0.122066945510112E+00
 0.120869401073369E+00
 0.119693850792061E+00
 0.120125248082618E+00
 0.130689476220990E+00
 0.142436265909272E+00
 0.154146740864617E+00
 0.165773593702672E+00
 0.177269462440593E+00
 0.188587094098928E+00
 0.199679505792874E+00
 0.210500160010172E+00
 0.221003164102145E+00
 0.231143497342704E+00
 0.240877261171264E+00
 0.250161938136305E+00
 0.258956635776290E+00
 0.267222290452727E+00
 0.274921818176263E+00
 0.282020221499485E+00
 0.288484681694469E+00
 0.294284670502333E+00
 0.299392100983037E+00
 0.303781510461204E+00
 0.307430246264871E+00
 0.310318620024268E+00
 0.312430010209994E+00
 0.313750914919025E+00
 0.314270973547141E+00
 0.313982979106403E+00
 0.312882895077934E+00
 0.310969880290053E+00
 0.308246318678091E+00
 0.304717847754828E+00
 0.300987299173667E+00
 0.298246950054747E+00
 0.294726250533892E+00
 0.290433906523046E+00
 0.287156303213212E+00
 0.283669528822501E+00
 0.279567651429247E+00
 0.276845806463540E+00
 0.273396631957622E+00
 0.269947660644938E+00
 0.267242840091096E+00
 0.263834272636981E+00
 0.259730761688448E+00
 0.256479909931429E+00
 0.253123064753086E+00
 0.249100044354065E+00
 0.244422243662697E+00
 0.239415032793474E+00
 0.234551193167904E+00
 0.229849217258302E+00
 0.225265151068288E+00
 0.220822390827969E+00
 0.216526181903790E+00
 0.212344869968081E+00
 0.208278327800236E+00
 0.204324543880014E+00
 0.200491543611316E+00
 0.196775451111365E+00
 0.193158569410819E+00
 0.189642398777385E+00
 0.186209037441188E+00
 0.182886712209313E+00
 0.179657838065026E+00
 0.176508166377625E+00
 0.173445814537777E+00
 0.170458353682021E+00
 0.167559572339200E+00
 0.164726671426885E+00
 0.162528022711943E+00
 0.165060423723377E+00
 0.167734572983039E+00
 0.170174221381581E+00
 0.172418142072653E+00
 0.174768329939695E+00
 0.176788050452180E+00
 0.178863075055403E+00
 0.181153122512237E+00
 0.184003311040520E+00
 0.186648373113738E+00
 0.189428695973100E+00
 0.191859923659005E+00
 0.194408489588263E+00
 0.196766726318672E+00
 0.198963343749336E+00
 0.201257524256535E+00
 0.203179555007880E+00
 0.205355969719020E+00
 0.207216961744814E+00
 0.209086198430132E+00
 0.210897929079866E+00
 0.212471407433452E+00
 0.214246259302172E+00
 0.215626212498718E+00
 0.217283194798144E+00
 0.218633743506336E+00
 0.220027101926522E+00
 0.221360980397339E+00
 0.222493221229101E+00
 0.223822709630310E+00
 0.224742067385718E+00
 0.226029779314285E+00
 0.226952934609231E+00
 0.227462044168362E+00
 0.227558336737144E+00
 0.228547176542189E+00
 0.229153086756858E+00
 0.229655947606221E+00
 0.230287872575207E+00
 0.230499183396274E+00
 0.230291294980184E+00
 0.229667076109366E+00
 0.228630851373923E+00
 0.227188393888645E+00
 0.225465509505109E+00
 0.224101540295884E+00
 0.222348444415051E+00
 0.220453739893921E+00
 0.218556713108882E+00
 0.216677520346362E+00
 0.214798317256012E+00
 0.212933623356092E+00
 0.211058465015071E+00
 0.209202774168828E+00
 0.207380425407340E+00
 0.205566944176450E+00
 0.203765728101408E+00
 0.201977479818765E+00
 0.200200776362222E+00
 0.198462051976949E+00
 0.196771550414714E+00
 0.195099182728937E+00
 0.193436980699020E+00
 0.191775537174918E+00
 0.190106205007149E+00
 0.188570388427120E+00
 0.187023837274118E+00
 0.185452272902096E+00
 0.187923351776389E+00
 0.199443671996156E+00
 0.211015570928698E+00
 0.222585380969773E+00
 0.234098520273046E+00
 0.245499719643880E+00
 0.256733276433491E+00
 0.267743326405305E+00
 0.278474112640873E+00
 0.288870232352937E+00
 0.298876857467590E+00
 0.308439942212210E+00
 0.317506437858863E+00
 0.326024526623904E+00
 0.333943870748772E+00
 0.341215861691676E+00
 0.347793855491410E+00
 0.353633390058294E+00
 0.358692388188538E+00
 0.362931349770098E+00
 0.366313530691299E+00
 0.368805102974996E+00
 0.370375295834914E+00
 0.370996526800537E+00
 0.370644536218068E+00
 0.369298531218006E+00
 0.366941330306472E+00
 0.363559488157008E+00
 0.359143381528093E+00
 0.353687251686720E+00
 0.350026500557916E+00
 0.345639534507428E+00
 0.340244019256209E+00
 0.335482932612620E+00
 0.331156032584186E+00
 0.325856118891253E+00
 0.322060785427770E+00
 0.317796396734818E+00
 0.312941789989927E+00
 0.309646713251837E+00
 0.305446506536857E+00
 0.300337156951513E+00
 0.294318045786705E+00
 0.289341685065387E+00
 0.284345875325143E+00
 0.278502513871523E+00
 0.272518889609626E+00
 0.266742354690232E+00
 0.261184704537312E+00
 0.255753079575424E+00
 0.250495695018469E+00
 0.245416419736213E+00
 0.240492244982132E+00
 0.235715304913394E+00
 0.231097051408043E+00
 0.226609476265206E+00
 0.222263095796182E+00
 0.218031756999167E+00
 0.213851774470583E+00
 0.209858210471526E+00
 0.205986542403245E+00
 0.216381299944111E+00
 0.237273925313888E+00
 0.257653401248463E+00
 0.277460356618009E+00
 0.296637361224686E+00
 0.315129140021149E+00
 0.332882805621842E+00
 0.349848096768095E+00
 0.365977597731787E+00
 0.381226916898508E+00
 0.395554820850814E+00
 0.408923340360786E+00
 0.421297872588000E+00
 0.432647295064610E+00
 0.442944089719236E+00
 0.452164462152589E+00
 0.460288440152018E+00
 0.467299943624711E+00
 0.473186827309625E+00
 0.477940901124138E+00
 0.481557930804533E+00
 0.484037618856819E+00
 0.485383567488225E+00
 0.485603230451077E+00
 0.484707863689498E+00
 0.482712479677380E+00
 0.479635798215394E+00
 0.475500175681734E+00
 0.470331495233079E+00
 0.465849530019359E+00
 0.461667576861998E+00
 0.456484357826802E+00
 0.450328554638853E+00
 0.445982317476696E+00
 0.440826465459669E+00
 0.435529528263481E+00
 0.431340900801021E+00
 0.426219600045771E+00
 0.421824548415183E+00
 0.417645087982838E+00
 0.412563662637975E+00
 0.406607098371262E+00
 0.402153723696874E+00
 0.397130658219317E+00
 0.391269067345652E+00
 0.384597684955284E+00
 0.377170694605317E+00
 0.369674413134019E+00
 0.362411341634031E+00
 0.355358862284196E+00
 0.348546885334900E+00
 0.341921595695488E+00
 0.335501620395181E+00
 0.329265821636299E+00
 0.323215839659979E+00
 0.317342348045183E+00
 0.311634502063360E+00
 0.306088665017467E+00
 0.300687320889956E+00
 0.295440654915329E+00
 0.290347343384924E+00
 0.285385239323979E+00
 0.280542217018631E+00
 0.277060690767526E+00
 0.274769760963894E+00
 0.272467818025818E+00
 0.270280489150745E+00
 0.268136298034260E+00
 0.265969502916130E+00
 0.263761172586600E+00
 0.261678943699907E+00
 0.259649918056726E+00
 0.257552012326155E+00
 0.255478654478939E+00
 0.253562573740566E+00
 0.251541248677292E+00
 0.249551445515201E+00
 0.247700277244905E+00
 0.245700591192304E+00
 0.243857215657292E+00
 0.241548636435670E+00
 0.238774303310739E+00
 0.236030105186947E+00
 0.233138173402435E+00
 0.229790539578245E+00
 0.227891579215018E+00
 0.231387672642999E+00
 0.234553018511050E+00
 0.237612295234461E+00
 0.240706014165743E+00
 0.243343379922087E+00
 0.246378037100286E+00
 0.248935538242072E+00
 0.251595765410939E+00
 0.254099413033625E+00
 0.256383616318314E+00
 0.258847454563734E+00
 0.260824558770964E+00
 0.263200835660074E+00
 0.265145120981153E+00
 0.267176823859338E+00
 0.269101979259017E+00
 0.270788182896017E+00
 0.272707515080961E+00
 0.274128480787326E+00
 0.275969373959511E+00
 0.277391323668421E+00
 0.278891128898675E+00
 0.280326624739320E+00
 0.281261896809623E+00
 0.281708511846949E+00
 0.281913095502465E+00
 0.282381443755946E+00
 0.282371868316139E+00
 0.281898558289671E+00
 0.281437706238819E+00
 0.280700720424150E+00
 0.279529890311057E+00
 0.277939707706292E+00
 0.275962376826190E+00
 0.273882401055601E+00
 0.271807910182856E+00
 0.269749275352010E+00
 0.267703072298897E+00
 0.265667639860988E+00
 0.263630855216526E+00
 0.261615258615532E+00
 0.259653859648692E+00
 0.257723045124972E+00
 0.255830374271726E+00
 0.253952756339007E+00
 0.252092466069763E+00
 0.250248795342861E+00
 0.248418195673702E+00
 0.246657111128669E+00
 0.244921879720198E+00
 0.243200584688771E+00
 0.241481444897255E+00
 0.239750502603756E+00
 0.238092949164285E+00
 0.236479909132742E+00
 0.236924305934585E+00
 0.241103249311518E+00
 0.244808952227546E+00
 0.248008982116599E+00
 0.250672722852126E+00
 0.252771540660659E+00
 0.254278931010611E+00
 0.255170647295739E+00
 0.255424823941552E+00
 0.255022108816104E+00
 0.253945807793026E+00
 0.252182026056905E+00
 0.249719781365046E+00
 0.246551073420030E+00
 0.243290907543164E+00
 0.240824296588098E+00
 0.237672630801195E+00
 0.233831213435173E+00
 0.231183574564577E+00
 0.228071798063666E+00
 0.224694919017569E+00
 0.222264017966478E+00
 0.219194589364662E+00
 0.216403839359296E+00
 0.213996269410660E+00
 0.210971194470965E+00
 0.207324878734467E+00
 0.203056257093928E+00
 0.199986520841883E+00
 0.196421110747375E+00
 0.192359699667460E+00
 0.188359185041689E+00
 0.184494370977395E+00
 0.180720466351274E+00
 0.177113305344884E+00
 0.173611709801848E+00
 0.170208553566513E+00
 0.166905812797869E+00
 0.163696922206087E+00
 0.160568173901008E+00
 0.157500650270265E+00
 0.154581718625325E+00
 0.151749209553892E+00
 0.148979946132962E+00
 0.146216234391699E+00
 0.143600115747404E+00
 0.141063061410154E+00
 0.148824538533923E+00
 0.160777312081649E+00
 0.172175802498643E+00
 0.182977262225806E+00
 0.193141043526910E+00
 0.202628807286104E+00
 0.211404720995702E+00
 0.219435625253775E+00
 0.226691163600246E+00
 0.233143890404138E+00
 0.238769379628534E+00
 0.243546347136386E+00
 0.247456779142966E+00
 0.250486045568747E+00
 0.252622979954995E+00
 0.253859923972475E+00
 0.254192750475655E+00
 0.253620881865758E+00
 0.252147309259658E+00
 0.249778603638540E+00
 0.247236629109959E+00
 0.245710724522707E+00
 0.243315985856769E+00
 0.240062561433925E+00
 0.238159770604374E+00
 0.235761262205562E+00
 0.232644049976451E+00
 0.231059239724252E+00
 0.228663314182882E+00
 0.225978663853691E+00
 0.224375205313727E+00
 0.221986542728531E+00
 0.218874933330567E+00
 0.217258757965818E+00
 0.214889236247125E+00
 0.211776129793510E+00
 0.207973834870146E+00
 0.204089311765361E+00
 0.200308565112829E+00
 0.196609249559637E+00
 0.195110680926742E+00
 0.195251638551816E+00
 0.195697865173211E+00
 0.195858127566403E+00
 0.195614978271206E+00
 0.194964585749937E+00
 0.193904529525820E+00
 0.192433826217120E+00
 0.190755776436700E+00
 0.189092849064741E+00
 0.187439766003372E+00
 0.185775869845524E+00
 0.184158597448209E+00
 0.182525192831712E+00
 0.180889685344147E+00
 0.179262464048024E+00
 0.177688272638588E+00
 0.176150306544257E+00
 0.174617891587186E+00
 0.173322647545176E+00
 0.178470583213004E+00
 0.182792455132014E+00
 0.186273988596913E+00
 0.188904505243032E+00
 0.190676967561923E+00
 0.191588020079460E+00
 0.191638020096300E+00
 0.190831042388216E+00
 0.189174846704964E+00
 0.186680812493238E+00
 0.185085283996324E+00
 0.183413356143185E+00
 0.180928028729233E+00
 0.178663613455834E+00
 0.176991601372068E+00
 0.174533859598346E+00
 0.172699424960662E+00
 0.171031635011513E+00
 0.168604034923052E+00
 0.167152211865855E+00
 0.165491999479179E+00
 0.163096052091633E+00
 0.159992242172329E+00
 0.157418794347666E+00
 0.155067272181571E+00
 0.152127493083735E+00
 0.149204529561205E+00
 0.146359913730328E+00
 0.143590078433575E+00
 0.140890579747854E+00
 0.138283051735774E+00
 0.135750784516779E+00
 0.133273404326105E+00
 0.130867926934619E+00
 0.128542449219426E+00
 0.126272724659890E+00
 0.124065896246802E+00
 0.121895688769502E+00
 0.119769354622288E+00
 0.117726768381708E+00
 0.115737321362633E+00
 0.122980520649015E+00
 0.130828939990729E+00
 0.138031865116847E+00
 0.144556913445385E+00
 0.150374740331468E+00
 0.155459175608912E+00
 0.159787356039183E+00
 0.163339842056631E+00
 0.166100703728844E+00
 0.168057570606545E+00
 0.169201656427466E+00
 0.169527778936370E+00
 0.169034388789291E+00
 0.167723603826862E+00
 0.165601229782324E+00
 0.164511472820421E+00
 0.163180429337453E+00
 0.161061500985265E+00
 0.159260371006567E+00
 0.157923461785227E+00
 0.155825493937807E+00
 0.154338027018313E+00
 0.152999971267585E+00
 0.150925759167994E+00
 0.149721287686783E+00
 0.148385405045192E+00
 0.146336668386342E+00
 0.145258163062661E+00
 0.143930939675014E+00
 0.141919710587035E+00
 0.139324231340611E+00
 0.136695012360056E+00
 0.134145804139042E+00
 0.131648493761416E+00
 0.129244844992061E+00
 0.126886481337650E+00
 0.124590068667044E+00
 0.122357865675317E+00
 0.120186269470160E+00
 0.118064993787241E+00
 0.115991168648328E+00
 0.113995822332665E+00
 0.112050342414449E+00
 0.112767339517331E+00
 0.122660573973927E+00
 0.132041135282550E+00
 0.140864284916481E+00
 0.149087578466176E+00
 0.156671058538580E+00
 0.163577433472893E+00
 0.169772231932089E+00
 0.175223934088933E+00
 0.179904092033932E+00
 0.183787454026356E+00
 0.186852095886593E+00
 0.189079546270614E+00
 0.190454884191211E+00
 0.190966794590269E+00
 0.190607586153853E+00
 0.189373191099171E+00
 0.187263167726357E+00
 0.184674753512662E+00
 0.183413425570399E+00
 0.181301924549860E+00
 0.178343644963861E+00
 0.176807812074202E+00
 0.174712501223140E+00
 0.171960120343385E+00
 0.170678993474092E+00
 0.168603432556976E+00
 0.166269467218990E+00
 0.164985547525660E+00
 0.162932331670873E+00
 0.160113604727970E+00
 0.156819708806017E+00
 0.154653174160217E+00
 0.151909503798206E+00
 0.148963645502498E+00
 0.146109290281802E+00
 0.143335010908198E+00
 0.140650403742634E+00
 0.138017504302469E+00
 0.135460958321848E+00
 0.132981277054980E+00
 0.130571496805237E+00
 0.128230700279291E+00
 0.125942470752480E+00
 0.123676544559934E+00
 0.130323763697041E+00
 0.140485137090382E+00
 0.153890289275798E+00
 0.167130598169694E+00
 0.179930937348005E+00
 0.192243179705348E+00
 0.204021158186714E+00
 0.215220866058951E+00
 0.225800670677633E+00
 0.235721517984141E+00
 0.244947101944172E+00
 0.253443987603248E+00
 0.261181698202067E+00
 0.268132790365215E+00
 0.274272938034492E+00
 0.279581029798886E+00
 0.284039268374139E+00
 0.287633255872661E+00
 0.290352054830865E+00
 0.292188224454322E+00
 0.293137835390401E+00
 0.293200463133197E+00
 0.292379156405028E+00
 0.290680379810218E+00
 0.288113939717208E+00
 0.284692910241987E+00
 0.281768599424198E+00
 0.279184066217471E+00
 0.275770524601363E+00
 0.271769658399234E+00
 0.269190003970977E+00
 0.265810145683339E+00
 0.262458201328499E+00
 0.259889028736990E+00
 0.256546429955943E+00
 0.253771598506572E+00
 0.251217048438919E+00
 0.247913956764144E+00
 0.244311368380885E+00
 0.241778358505045E+00
 0.238527404194990E+00
 0.234573465472101E+00
 0.229973838195299E+00
 0.225326928220512E+00
 0.220825585844993E+00
 0.216472266151007E+00
 0.212237398409930E+00
 0.208129858584227E+00
 0.204144517760491E+00
 0.200274168301801E+00
 0.196510559727997E+00
 0.192847787421989E+00
 0.189292015572293E+00
 0.185827859220335E+00
 0.182457263218740E+00
 0.179176933401935E+00
 0.176001400745190E+00
 0.172927311594477E+00
 0.169932997247938E+00
 0.167023292614011E+00
 0.164190019953006E+00
 0.161439802642894E+00
 0.158747749034104E+00
 0.156139999819010E+00
 0.153581590786483E+00
 0.151092001938117E+00
 0.152772229749127E+00
 0.158725962327283E+00
 0.164081295882327E+00
 0.168839040354817E+00
 0.173002964760375E+00
 0.176579761212261E+00
 0.179578969060234E+00
 0.182012869432574E+00
 0.183896370921344E+00
 0.185246902715847E+00
 0.186084316284082E+00
 0.186430782979358E+00
 0.186310672896199E+00
 0.185750409841543E+00
 0.184778308937255E+00
 0.183424407146518E+00
 0.181720291227725E+00
 0.179931983077967E+00
 0.178546935520393E+00
 0.176822507657801E+00
 0.174790844759960E+00
 0.173588557651371E+00
 0.174825434386263E+00
 0.175836950473948E+00
 0.177045074962654E+00
 0.177856542782464E+00
 0.179046414872972E+00
 0.179837102280230E+00
 0.180842534577810E+00
 0.181624474889347E+00
 0.182442553066865E+00
 0.183227023103259E+00
 0.183784827337791E+00
 0.185189058877059E+00
 0.186182737311033E+00
 0.186765709431525E+00
 0.187255572902017E+00
 0.187860850739331E+00
 0.188054614319329E+00
 0.187839604127554E+00
 0.187219985902681E+00
 0.186201316753765E+00
 0.184791548089534E+00
 0.183506706103218E+00
 0.182168124821291E+00
 0.180665829249087E+00
 0.179155007296924E+00
 0.177647148061768E+00
 0.176125570207871E+00
 0.174629002246574E+00
 0.173116089763674E+00
 0.171601872916085E+00
 0.170118851274054E+00
 0.168651827299299E+00
 0.167193695660208E+00
 0.172091691936963E+00
 0.177607821028494E+00
 0.183294978404861E+00
 0.189118796404080E+00
 0.195043123021546E+00
 0.201030191180923E+00
 0.207040802603308E+00
 0.213034517351129E+00
 0.218969839957894E+00
 0.224804401495815E+00
 0.230495146804530E+00
 0.235998538208134E+00
 0.241270778688470E+00
 0.246268045269150E+00
 0.250946717522825E+00
 0.255263591472034E+00
 0.259176081025050E+00
 0.262642417604454E+00
 0.265621857327541E+00
 0.268074896064251E+00
 0.269963484104565E+00
 0.271251230971574E+00
 0.271903597215617E+00
 0.271888077561462E+00
 0.271174381665897E+00
 0.269734613372435E+00
 0.267543441681121E+00
 0.264578253893573E+00
 0.260819286659877E+00
 0.256820268138930E+00
 0.253874822837035E+00
 0.250159501317975E+00
 0.245658215679240E+00
 0.242542510803917E+00
 0.238894574756807E+00
 0.234975096262340E+00
 0.232112559317050E+00
 0.228532205246413E+00
 0.225310335790116E+00
 0.222491664640474E+00
 0.218978681703279E+00
 0.214757372304295E+00
 0.209865552465968E+00
 0.205897785333446E+00
 0.201784120864082E+00
 0.197303723907816E+00
 0.192973247832116E+00
 0.188783311620677E+00
 0.184747414126969E+00
 0.180836337275556E+00
 0.177052398201682E+00
 0.173389475718220E+00
 0.169844981619558E+00
 0.166411254825538E+00
 0.163082825387374E+00
 0.162476215568436E+00
 0.166460953536865E+00
 0.175584908352973E+00
 0.191580803125915E+00
 0.207329726437535E+00
 0.226750814568122E+00
 0.246895979213171E+00
 0.266722526826335E+00
 0.286168406027053E+00
 0.305172321412111E+00
 0.323673968568212E+00
 0.341614275419633E+00
 0.358935648434486E+00
 0.375582214559271E+00
 0.391500049184477E+00
 0.406637387137906E+00
 0.420944821637789E+00
 0.434375498677149E+00
 0.446885309789535E+00
 0.458433078864849E+00
 0.468980734981120E+00
 0.478493466172313E+00
 0.486939856032423E+00
 0.494292009927175E+00
 0.500525675841401E+00
 0.505620357669293E+00
 0.509559412242819E+00
 0.512330121667409E+00
 0.513923739978137E+00
 0.514335521574658E+00
 0.513564740828051E+00
 0.511614705735514E+00
 0.508492759264511E+00
 0.504210258443174E+00
 0.498782526630618E+00
 0.493135413278340E+00
 0.488807976509887E+00
 0.483370277033602E+00
 0.476841375503653E+00
 0.471526315978061E+00
 0.466122211966654E+00
 0.459753040757235E+00
 0.455424345877647E+00
 0.450061144707733E+00
 0.444705850718688E+00
 0.440389329085526E+00
 0.435072345945557E+00
 0.428773029026710E+00
 0.423566882713555E+00
 0.418313736517435E+00
 0.412119476092127E+00
 0.405005023234538E+00
 0.397027922173270E+00
 0.388979793435902E+00
 0.381181943206718E+00
 0.373624045770375E+00
 0.366306624639160E+00
 0.359208317253510E+00
 0.352332220434216E+00
 0.345651075967207E+00
 0.339167774017380E+00
 0.332880533959875E+00
 0.326771126865613E+00
 0.320826354625961E+00
 0.315052589206454E+00
 0.309438327371771E+00
 0.303968557836646E+00
 0.298665428713316E+00
 0.293515614999102E+00
 0.288505148222146E+00
 0.283617428381927E+00
 0.278880538638891E+00
 0.274256088598320E+00
 0.269737939813349E+00
 0.265372142958882E+00
 0.261089281753685E+00
 0.256917942157624E+00
 0.252864030236209E+00
 0.248887152090072E+00
 0.245000363596003E+00
 0.241228587003792E+00
 0.237541436724736E+00
 0.239688011878546E+00
 0.243847901582220E+00
 0.247506779072228E+00
 0.251376059303115E+00
 0.254900927318648E+00
 0.258243583505823E+00
 0.262338409153587E+00
 0.266425550448490E+00
 0.270540486886243E+00
 0.274132639481964E+00
 0.278146582048894E+00
 0.281654346968879E+00
 0.285180986581851E+00
 0.288617611824942E+00
 0.291669666790969E+00
 0.295049633070257E+00
 0.297865883375404E+00
 0.300977229064699E+00
 0.303741613668775E+00
 0.306424876335130E+00
 0.309154141080627E+00
 0.311413760419564E+00
 0.314124772012557E+00
 0.316242386341656E+00
 0.318670878642503E+00
 0.320778343614263E+00
 0.322805585723500E+00
 0.324919519161889E+00
 0.326537266845150E+00
 0.328673858361717E+00
 0.330195446361464E+00
 0.331106260856014E+00
 0.331412373792194E+00
 0.332116176425104E+00
 0.332450862582669E+00
 0.332185928010139E+00
 0.331331038149160E+00
 0.329897589011517E+00
 0.327898658981824E+00
 0.325348954565857E+00
 0.322322619823620E+00
 0.319260526376079E+00
 0.316365177326697E+00
 0.313428897136547E+00
 0.310516990015352E+00
 0.307641901618449E+00
 0.304766394271374E+00
 0.301970997421325E+00
 0.299194764606659E+00
 0.296440893575292E+00
 0.293721411163104E+00
 0.291043985599715E+00
 0.288412402260840E+00
 0.285917575284319E+00
 0.283935655876017E+00
 0.281953484577796E+00
 0.280051193694440E+00
 0.278186823914810E+00
 0.276318251988599E+00
 0.274428742142176E+00
 0.272515275478378E+00
 0.270772173271369E+00
 0.268985293558349E+00
 0.267131061133171E+00
 0.265380365440259E+00
 0.263667416579667E+00
 0.261850111884372E+00
 0.260143925521566E+00
 0.258454387427609E+00
 0.256616853605627E+00
 0.255014012860813E+00
 0.253282436505769E+00
 0.251541892319868E+00
 0.249391300658352E+00
 0.246842682112473E+00
 0.244394482830184E+00
 0.242307830713016E+00
 0.248028827438965E+00
 0.253214607719338E+00
 0.257830835405536E+00
 0.261845468902697E+00
 0.265228914471012E+00
 0.267954178044093E+00
 0.269997006487962E+00
 0.271336014072355E+00
 0.271952794490354E+00
 0.271832018050374E+00
 0.270961509359583E+00
 0.269332299100034E+00
 0.266938648503379E+00
 0.263778054455694E+00
 0.259851249472823E+00
 0.257038082975972E+00
 0.253895205222644E+00
 0.250009379462659E+00
 0.246395690018771E+00
 0.243293806979985E+00
 0.239475064121543E+00
 0.236575044489995E+00
 0.233516814896209E+00
 0.229836782950365E+00
 0.227495294806935E+00
 0.224482400081987E+00
 0.220799521736008E+00
 0.216450993419553E+00
 0.212138383583563E+00
 0.208536880997188E+00
 0.204311668928122E+00
 0.199967378538601E+00
 0.195772476892536E+00
 0.191738443408624E+00
 0.187793464467648E+00
 0.183973917201247E+00
 0.180282988688388E+00
 0.176703095006115E+00
 0.173235686205282E+00
 0.169873510798861E+00
 0.166605542822782E+00
 0.163433863345360E+00
 0.160339732721871E+00
 0.157290160723259E+00
 0.154374218577834E+00
 0.151533290222670E+00
 0.148739831241552E+00
 0.146033637931583E+00
 0.146233779193223E+00
 0.154822201430057E+00
 0.165383959992608E+00
 0.175348006909166E+00
 0.184684984563388E+00
 0.193368267347589E+00
 0.201374047777157E+00
 0.208681406006448E+00
 0.215272378754165E+00
 0.221132037530241E+00
 0.226248571610698E+00
 0.230613359225066E+00
 0.234221009865046E+00
 0.237069371318371E+00
 0.239159508403822E+00
 0.240495666945034E+00
 0.241085233168978E+00
 0.240938690002180E+00
 0.240069565078563E+00
 0.238494364817917E+00
 0.236232493003856E+00
 0.234375104082173E+00
 0.232751705759867E+00
 0.230462250476598E+00
 0.227567236492792E+00
 0.225914802131707E+00
 0.223619512342137E+00
 0.221145195720710E+00
 0.219471322386849E+00
 0.217176081012351E+00
 0.218358583812485E+00
 0.220071887349708E+00
 0.221563486985660E+00
 0.222990828894288E+00
 0.224495550651873E+00
 0.225639233596042E+00
 0.227168481675575E+00
 0.228315845258505E+00
 0.229073309905304E+00
 0.229434212780438E+00
 0.229954568157981E+00
 0.230344007267125E+00
 0.230329621821969E+00
 0.229907482208401E+00
 0.229075093029795E+00
 0.227831406216575E+00
 0.226176830065231E+00
 0.224249229369745E+00
 0.222345222675906E+00
 0.220517581950653E+00
 0.218683152881903E+00
 0.216841855112628E+00
 0.215006085443922E+00
 0.213161842547499E+00
 0.211337347063321E+00
 0.209502013841923E+00
 0.207667150632271E+00
 0.205840770182721E+00
 0.204028117644407E+00
 0.202231776090827E+00
 0.200451968841289E+00
 0.198686881813940E+00
 0.196932613392127E+00
 0.195183751210453E+00
 0.193433140255385E+00
 0.191763281414906E+00
 0.190129224109396E+00
 0.188488422730233E+00
 0.186828856822502E+00
 0.185240554443540E+00
 0.183715708156819E+00
 0.182155308224494E+00
 0.180580849651095E+00
 0.179157723174823E+00
 0.177674935074693E+00
 0.176164264291924E+00
 0.174810572204169E+00
 0.173367734522313E+00
 0.171962199497102E+00
 0.170244966643393E+00
 0.168421267934978E+00
 0.166762488253666E+00
 0.165131279885442E+00
 0.163209732452669E+00
 0.161000819133739E+00
 0.158508530393313E+00
 0.155737858839047E+00
 0.153018729563206E+00
 0.150344526239482E+00
 0.147407382664449E+00
 0.144278522115306E+00
 0.141338746795017E+00
 0.138153811528439E+00
 0.134731543973577E+00
 0.131080605177154E+00
 0.130563730098401E+00
 0.130794432484209E+00
 0.130399857632791E+00
 0.129362643701982E+00
 0.127668407457124E+00
 0.125702403728318E+00
 0.124662677894597E+00
 0.122984968531419E+00
 0.120658492219070E+00
 0.119541869085479E+00
 0.117892684358581E+00
 0.115818529351071E+00
 0.114795139858266E+00
 0.113175691829976E+00
 0.111402851368160E+00
 0.110390990807286E+00
 0.108802085283629E+00
 0.107491623616354E+00
 0.106493130974459E+00
 0.104941131759118E+00
 0.102852523360565E+00
 0.100666638706518E+00
 0.985401819918022E-01
 0.974491408205229E-01
 0.967904792635900E-01
 0.961380278900205E-01
 0.954799820973906E-01
 0.948183868845378E-01
 0.104135660826791E+00
 0.114712372767790E+00
 0.125141627854968E+00
 0.135379158207506E+00
 0.145381053582815E+00
 0.158460132537069E+00
 0.171353978248375E+00
 0.183946478214165E+00
 0.196183406940025E+00
 0.208011300249710E+00
 0.219377669734397E+00
 0.230231236137234E+00
 0.240522179233245E+00
 0.250202389719443E+00
 0.259225706137440E+00
 0.267548127409414E+00
 0.275128002288138E+00
 0.281926203174783E+00
 0.287906291105634E+00
 0.293034674955907E+00
 0.297280765773910E+00
 0.300617127554728E+00
 0.303019625686555E+00
 0.304467570856267E+00
 0.304943850294912E+00
 0.304435034400883E+00
 0.302931449374181E+00
 0.300427215780129E+00
 0.296920264074439E+00
 0.293392964860433E+00
 0.290861055933400E+00
 0.287356215242502E+00
 0.282880491365380E+00
 0.280262955543211E+00
 0.276787925236727E+00
 0.272951397068841E+00
 0.270418641756540E+00
 0.266977941044629E+00
 0.263782146029574E+00
 0.261257646452545E+00
 0.257854524466377E+00
 0.253575334723284E+00
 0.248536616974981E+00
 0.245185387844884E+00
 0.240994375133049E+00
 0.236218248755135E+00
 0.231549627076125E+00
 0.227030019801187E+00
 0.222637124545988E+00
 0.218388931329927E+00
 0.214262722616058E+00
 0.210250020095568E+00
 0.206351924818497E+00
 0.202558147586152E+00
 0.198856113466440E+00
 0.195281367521498E+00
 0.191792339571101E+00
 0.188395813939731E+00
 0.185077822396958E+00
 0.181850560932339E+00
 0.178713698264776E+00
 0.191291266371366E+00
 0.207226329263579E+00
 0.222528226491848E+00
 0.237143429275843E+00
 0.251020820979770E+00
 0.264111916518793E+00
 0.276371067412338E+00
 0.287755641064520E+00
 0.298226172016932E+00
 0.307746493572104E+00
 0.316283862933386E+00
 0.323809089037856E+00
 0.330296663045734E+00
 0.335724883400066E+00
 0.340075964900104E+00
 0.343336124316569E+00
 0.345495640440932E+00
 0.346548890570667E+00
 0.346494366788221E+00
 0.345334674855843E+00
 0.343076517961571E+00
 0.339730667816107E+00
 0.335452660220725E+00
 0.333139907054623E+00
 0.329771406527421E+00
 0.325361927099815E+00
 0.321861175310503E+00
 0.318500320013908E+00
 0.314134497886414E+00
 0.311331759562061E+00
 0.307985168709359E+00
 0.303857392191699E+00
 0.301484505946501E+00
 0.298156964643022E+00
 0.293889011339272E+00
 0.290847982442093E+00
 0.287552420536600E+00
 0.283354904348561E+00
 0.278272772645440E+00
 0.272664876351313E+00
 0.267213951680206E+00
 0.261921808634511E+00
 0.256783805118307E+00
 0.251796272814018E+00
 0.246934989063760E+00
 0.242209922813275E+00
 0.237613676659523E+00
 0.233144024404515E+00
 0.228787130181645E+00
 0.224513309969906E+00
 0.220374849926063E+00
 0.216354795867674E+00
 0.212446234931079E+00
 0.208611674447199E+00
 0.204870939968137E+00
 0.201287284567984E+00
 0.197792335478840E+00
 0.194309703093315E+00
 0.191050539297533E+00
 0.187839209260719E+00
 0.196594939443834E+00
 0.206211898393914E+00
 0.215027424796325E+00
 0.223026097472924E+00
 0.230196211596800E+00
 0.236529788484978E+00
 0.242022554502644E+00
 0.246673885767576E+00
 0.250486723062604E+00
 0.259597636473894E+00
 0.269784542311623E+00
 0.280133366362225E+00
 0.290637264016606E+00
 0.301290223388152E+00
 0.312087577555687E+00
 0.323025887514995E+00
 0.334102207317792E+00
 0.345312957837067E+00
 0.356652765275072E+00
 0.368113633475852E+00
 0.379684719340321E+00
 0.391352795558305E+00
 0.403103263053159E+00
 0.414921385031710E+00
 0.426793325379796E+00
 0.438706627169896E+00
 0.450649949944157E+00
 0.462612133256972E+00
 0.474580878952694E+00
 0.486541465174738E+00
 0.498475879298827E+00
 0.510362598061183E+00
 0.522177015909325E+00
 0.533892316547501E+00
 0.545480470536519E+00
 0.556913047649466E+00
 0.568161631215962E+00
 0.579197766330634E+00
 0.589992524833526E+00
 0.600515898177885E+00
 0.610736301440263E+00
 0.620620448257129E+00
 0.630133718795463E+00
 0.639240928777987E+00
 0.647907213164923E+00
 0.656098669091190E+00
 0.663782506167499E+00
 0.670926681950250E+00
 0.677499242577354E+00
 0.683467728094051E+00
 0.688798981070258E+00
 0.693459534504469E+00
 0.697416525868937E+00
 0.700638881316787E+00
 0.703098411113387E+00
 0.704770484675793E+00
 0.705634093177851E+00
 0.705671306785054E+00
 0.704866328915901E+00
 0.703204487148918E+00
 0.700671540985846E+00
 0.697253609575079E+00
 0.692937833655769E+00
 0.687713634057852E+00
 0.681574205489394E+00
 0.674517788715037E+00
 0.666548347331090E+00
 0.657675500858266E+00
 0.647913826707465E+00
 0.637281825565478E+00
 0.625800890662278E+00
 0.613494549277406E+00
 0.600388115687834E+00
 0.586508764633092E+00
 0.571885930285468E+00
 0.556551863935229E+00
 0.540542149303141E+00
 0.523895988467439E+00
 0.506656140164510E+00
 0.488868503642400E+00
 0.470581461747722E+00
 0.451845181959530E+00
 0.432711086320589E+00
 0.413231628504908E+00
 0.393460381856687E+00
 0.373452300228536E+00
 0.353263926749091E+00
 0.332953334873413E+00
 0.312579687461820E+00
 0.292202447339201E+00
 0.273941149735035E+00
 0.264793171631580E+00
 0.256667575487228E+00
 0.248695370881625E+00
 0.241794917139328E+00
 0.234813571643691E+00
 0.228686803293088E+00
 0.222294564743085E+00
 0.216887310330381E+00
 0.211031698624609E+00
 0.206063133207631E+00
 0.200893823384778E+00
 0.196004731959598E+00
 0.191496089747120E+00
 0.186619030859970E+00
 0.182751823862210E+00
 0.178487802508579E+00
 0.174581115549570E+00
 0.170946368445075E+00
 0.166938866466405E+00
 0.163907470161229E+00
 0.160502325652818E+00
 0.157287803249226E+00
 0.154464640740292E+00
 0.151277640022316E+00
 0.148702469264655E+00
 0.146060972009012E+00
 0.145097877222561E+00
 0.145053073669618E+00
 0.144635611598184E+00
 0.143840804287556E+00
 0.142665881002555E+00
 0.141743147021124E+00
 0.140895896758416E+00
 0.139670789993567E+00
 0.138068171498852E+00
 0.136090269745664E+00
 0.134740731212155E+00
 0.133162429589778E+00
 0.131346727012676E+00
 0.130146963463752E+00
 0.128596533537811E+00
 0.127081694197607E+00
 0.125898853944024E+00
 0.124377270662614E+00
 0.123122688283585E+00
 0.121957734043946E+00
 0.120762063814261E+00
 0.119932221685525E+00
 0.118786662304138E+00
 0.117325719806253E+00
 0.115569735511645E+00
 0.113714563306456E+00
 0.111804337279876E+00
 0.109876265454776E+00
 0.107913256121576E+00
 0.105938050120526E+00
 0.104582932219426E+00
 0.103915929555915E+00
 0.103049256661736E+00
 0.101983111741515E+00
 0.100718673432410E+00
 0.992580451612711E-01
 0.979742742180326E-01
 0.965256171739171E-01
 0.949185328988455E-01
 0.935295924675833E-01
 0.919549148527002E-01
 0.901981996398668E-01
 0.882640738323913E-01
 0.877934120669463E-01
 0.873208540189732E-01
 0.871509937262143E-01
 0.869333869589499E-01
 0.866407902699778E-01
 0.866627140598833E-01
 0.864087311549666E-01
 0.864658326616567E-01
 0.864380166135317E-01
 0.861429545771402E-01
 0.862463977605383E-01
 0.861693889134888E-01
 0.858336466071320E-01
 0.852518314168158E-01
 0.845541335734435E-01
 0.841835873201947E-01
 0.840309033310901E-01
 0.848627248392544E-01
 0.855738602664635E-01
 0.863981999137558E-01
 0.870647579539726E-01
 0.875708572507457E-01
 0.882269297919399E-01
 0.887286609761383E-01
 0.890672011995473E-01
 0.895502631029543E-01
 0.898888312497167E-01
 0.900624805064275E-01
 0.900709552172626E-01
 0.899147741333000E-01
 0.905525426091787E-01
 0.911907969911312E-01
 0.920069052516596E-01
 0.926475851247462E-01
 0.931115975299359E-01
 0.934017125357123E-01
 0.941143689833371E-01
 0.947843975320668E-01
 0.954949449502297E-01
 0.960169509610979E-01
 0.963503327773291E-01
 0.964957447279688E-01
 0.966370558166189E-01
 0.967964171655562E-01
 0.967727377801327E-01
 0.965681057427591E-01
 0.961853124366656E-01
 0.956278544426122E-01
 0.948999317453358E-01
 0.940064311021417E-01
 0.929860440832445E-01
 0.923469968441881E-01
 0.915539881843558E-01
 0.907827243193143E-01
 0.900781798818439E-01
 0.894125359766659E-01
 0.887879109809331E-01
 0.881784777100624E-01
 0.876073627656940E-01
 0.870472674769751E-01
 0.864985094196661E-01
 0.859598837455240E-01
 0.854295521441736E-01
 0.849048243347667E-01
 0.843825310966677E-01
 0.838585964770598E-01
 0.833634541573739E-01
 0.828775191651531E-01
 0.823867401375282E-01
 0.818854914815920E-01
 0.813966302623142E-01
 0.809413639117764E-01
 0.804684028634572E-01
 0.799702756006121E-01
 0.795439429053193E-01
 0.790917614664707E-01
 0.786044871707008E-01
 0.781992696244236E-01
 0.777529198646876E-01
 0.772991363443279E-01
 0.768936448598063E-01
 0.763956364447319E-01
 0.757648532790441E-01
 0.750656897847130E-01
 0.743997423547168E-01
 0.736076779820344E-01
 0.729493038799089E-01
 0.721794928205703E-01
 0.712936052610036E-01
 0.702961764158253E-01
 0.691921278513353E-01
 0.679867383907822E-01
 0.666856064035947E-01
 0.653262461932941E-01
 0.640287865401257E-01
 0.626462140499359E-01
 0.611845469989874E-01
 0.596499825131570E-01
 0.580803682399626E-01
 0.566743220612510E-01
 0.552077852101093E-01
 0.536867021074941E-01
 0.521170926972883E-01
 0.505305564703012E-01
 0.489678105729831E-01
 0.473581063791512E-01
 0.457072848682897E-01
 0.440212056417808E-01
 0.424258791965616E-01
 0.408156092310011E-01
 0.391798173397167E-01
 0.375240174599090E-01
 0.358536519169627E-01
 0.342305978671067E-01
 0.327750699754018E-01
 0.313115413048750E-01
 0.298445554799516E-01
 0.283785321119501E-01
 0.269177461522417E-01
 0.258919654632601E-01
 0.259643592160302E-01
 0.260334361067846E-01
 0.260993278536523E-01
 0.261622369240749E-01
 0.262223956073842E-01
 0.262800188459569E-01
 0.263352643264219E-01
 0.263882138383339E-01
 0.264388863453128E-01
 0.264872821327464E-01
 0.265334417879183E-01
 0.265774927813221E-01
 0.266196584519896E-01
 0.266602200619870E-01
 0.266994446981558E-01
 0.267375091743545E-01
 0.267744543323551E-01
 0.268101928349928E-01
 0.268445707894066E-01
 0.268774586895903E-01
 0.269088317282858E-01
 0.269388020168070E-01
 0.269675860729105E-01
 0.269954209382939E-01
 0.270224669347656E-01
 0.270487420867956E-01
 0.270741190249006E-01
 0.270983864466914E-01
 0.271213474980922E-01
 0.271429106697662E-01
 0.271631327596170E-01
 0.271821960196681E-01
 0.272003318109060E-01
 0.272177266708228E-01
 0.272344532021772E-01
 0.272504555428838E-01
 0.272655937283646E-01
 0.272797244558124E-01
 0.272927796096902E-01
 0.273048062445299E-01
 0.273159519183054E-01
 0.273264068523250E-01
 0.273363338091845E-01
 0.273458173081391E-01
 0.273548484136969E-01
 0.273633432157986E-01
 0.273711842265460E-01
 0.273782740522094E-01
 0.273845899554448E-01
 0.273902206076148E-01
 0.273953608387096E-01
 0.274002516689596E-01
 0.274050841297347E-01
 0.274099167191297E-01
 0.274146591900498E-01
 0.274191393120813E-01
 0.274232162429889E-01
 0.274268732688119E-01
 0.274302374357249E-01
 0.274335219332568E-01
 0.274369324871805E-01
 0.274405916120455E-01
 0.274445131788692E-01
 0.274486269337044E-01
 0.274528315271269E-01
 0.274570515066457E-01
 0.274612798743194E-01
 0.274655939287181E-01
 0.274701377488757E-01
 0.274750745044322E-01
 0.274805258496012E-01
 0.274865259652205E-01
 0.274930148041451E-01
 0.274998770593630E-01
 0.275070093847373E-01
 0.275143824972770E-01
 0.275220666395830E-01
 0.275302077619568E-01
 0.275389672397358E-01
 0.275484559712705E-01
 0.275586948016538E-01
 0.275696178140419E-01
 0.275811129076170E-01
 0.275930778091213E-01
 0.276054664773103E-01
 0.276183090641856E-01
 0.276317009709143E-01
 0.276457669566899E-01
 0.276606131619522E-01
 0.276762840613821E-01
 0.276927417838196E-01
 0.277098789095484E-01
 0.277275620972025E-01
 0.277456881997298E-01
 0.277642264909310E-01
 0.277832266210697E-01
 0.278027892561574E-01
 0.278230146720273E-01
 0.278439535226501E-01
 0.278655803270438E-01
 0.278877984353443E-01
 0.279104725135508E-01
 0.279334754938013E-01
 0.279567325181436E-01
 0.279802447611465E-01
 0.280040820432459E-01
 0.280283449146053E-01
 0.280531108455459E-01
 0.280783882818043E-01
 0.281041004509663E-01
 0.281301076651438E-01
 0.281562590072866E-01
 0.281824508486482E-01
 0.282086666084891E-01
 0.282349798408907E-01
 0.282615174004290E-01
 0.282883961021305E-01
 0.283156595131276E-01
 0.283432451857121E-01
 0.283710019997298E-01
 0.283987537679757E-01
 0.284263796180777E-01
 0.284538696812034E-01
 0.284813261037562E-01
 0.285089090636554E-01
 0.285367569452717E-01
 0.285649208674417E-01
 0.285933418477466E-01
 0.286218751769650E-01
 0.286503469414453E-01
 0.286786197661084E-01
 0.287066455696732E-01
 0.287344866645748E-01
 0.287622930694409E-01
 0.287902380010872E-01
 0.288184344946511E-01
 0.288468724650967E-01
 0.288754121668395E-01
 0.289038428959506E-01
 0.289319792847462E-01
 0.289597455006263E-01
 0.289872049542966E-01
 0.290145241010490E-01
 0.290418927481776E-01
 0.290694405117042E-01
 0.290971844576706E-01
 0.291250249426033E-01
 0.291527870770796E-01
 0.291802906470050E-01
 0.292074227604631E-01
 0.292341854210132E-01
 0.292606971180553E-01
 0.292871445524877E-01
 0.293137028665319E-01
 0.293404592851670E-01
 0.293673754652674E-01
 0.293943060783037E-01
 0.294210641876237E-01
 0.294475024611621E-01
 0.294735741788320E-01
 0.294993501693215E-01
 0.295249886070184E-01
 0.295506727683729E-01
 0.295765408460425E-01
 0.296026321002747E-01
 0.296288684269939E-01
 0.296550812432438E-01
 0.296810792266019E-01
 0.297067339747155E-01
 0.297320460398124E-01
 0.297571551926086E-01
 0.297822822850951E-01
 0.298076266924192E-01
 0.298332711541851E-01
 0.298591448928028E-01
 0.298850641162014E-01
 0.299108257702867E-01
 0.299363031088222E-01
 0.299614960074521E-01
 0.299865186876087E-01
 0.300115410825591E-01
 0.300367175699387E-01
 0.300621329518995E-01
 0.300877797445496E-01
 0.301135664913522E-01
 0.301393505468456E-01
 0.301649875115655E-01
 0.301903864580306E-01
 0.302155533223893E-01
 0.302406005979455E-01
 0.302657091002376E-01
 0.302910496449892E-01
 0.303166986728342E-01
 0.303425935463514E-01
 0.303685574130109E-01
 0.303943854611434E-01
 0.304199472972224E-01
 0.304452494532258E-01
 0.304704258123239E-01
 0.304956659451494E-01
 0.305211238944386E-01
 0.305468539427000E-01
 0.305727980571123E-01
 0.305988206760009E-01
 0.306247682098461E-01
 0.306505281364875E-01
 0.306760693228375E-01
 0.307014530732651E-01
 0.307268111874694E-01
 0.307522955960343E-01
 0.307780150543548E-01
 0.308039837463058E-01
 0.308301072055735E-01
 0.308562181491857E-01
 0.308821515497329E-01
 0.309078254037422E-01
 0.309332852414440E-01
 0.309586851696013E-01
 0.309842115743542E-01
 0.310099890960211E-01
 0.310360201741707E-01
 0.310621899265933E-01
 0.310883294232604E-01
 0.311142984850778E-01
 0.311400441532976E-01
 0.311656121388918E-01
 0.311911168503789E-01
 0.312166914611048E-01
 0.312424384202096E-01
 0.312683928487892E-01
 0.312945070266972E-01
 0.313206634933850E-01
 0.313467188423709E-01
 0.313725660361803E-01
 0.313981878322803E-01
 0.314236715206852E-01
 0.314491720950910E-01
 0.314748389257106E-01
 0.315007424844243E-01
 0.315268389652722E-01
 0.315529910062710E-01
