 0.289862721854249E-07
 0.474222693440018E-06
 0.258467094145520E-05
 0.872210968528500E-05
 0.223000574812952E-04
 0.474736982460351E-04
 0.887094699678165E-04
 0.150379344766888E-03
 0.236489511514200E-03
 0.350583392311545E-03
 0.495784052053262E-03
 0.674890373161438E-03
 0.890432378209676E-03
 0.114462322825729E-02
 0.143920146658861E-02
 0.177521131264729E-02
 0.215279828170152E-02
 0.257109131767084E-02
 0.302820607046761E-02
 0.352135471346433E-02
 0.404700788881039E-02
 0.460104069463424E-02
 0.517881150934619E-02
 0.577516076327783E-02
 0.638435848482397E-02
 0.700005589205001E-02
 0.761529633670025E-02
 0.822261548680610E-02
 0.881422186558528E-02
 0.938221423658491E-02
 0.991877683549004E-02
 0.104163031793968E-01
 0.108674290802605E-01
 0.112649920778342E-01
 0.116019621325109E-01
 0.118713960874466E-01
 0.120664542666889E-01
 0.121804891623567E-01
 0.122071865637185E-01
 0.121407212397596E-01
 0.119758889175180E-01
 0.117081918258277E-01
 0.113338776101941E-01
 0.108499498685956E-01
 0.103348145405922E-01
 0.991431053173994E-02
 0.952509967858631E-02
 0.912359830531115E-02
 0.860579336912638E-02
 0.811861085080293E-02
 0.755112409774976E-02
 0.719566758256440E-02
 0.750827462326968E-02
 0.787844725467064E-02
 0.852527487054737E-02
 0.930314764111318E-02
 0.101171090340747E-01
 0.109631018701382E-01
 0.118389504001071E-01
 0.127421762348379E-01
 0.136699769191912E-01
 0.150702720713551E-01
 0.171036955768028E-01
 0.191328024659767E-01
 0.211930207754080E-01
 0.232458476854222E-01
 0.252739684497556E-01
 0.272632741262463E-01
 0.291997177413974E-01
 0.310695585098939E-01
 0.328595449118076E-01
 0.345570442893004E-01
 0.361750591234298E-01
 0.378843735536841E-01
 0.394843581206256E-01
 0.409635240411345E-01
 0.423113061736607E-01
 0.437721245449565E-01
 0.451426804485644E-01
 0.463673284350896E-01
 0.475585187599405E-01
 0.488178489256941E-01
 0.499173806060537E-01
 0.508697995125758E-01
 0.520045613313713E-01
 0.529653935445759E-01
 0.537444081166886E-01
 0.546161290448947E-01
 0.554159682835706E-01
 0.560209955061698E-01
 0.565080064133771E-01
 0.571224769633468E-01
 0.575307683089994E-01
 0.577279997042734E-01
 0.579420106551698E-01
 0.581397134666689E-01
 0.581194106287506E-01
 0.578790796900585E-01
 0.577921456538800E-01
 0.575626730759251E-01
 0.571117850053422E-01
 0.565601655617773E-01
 0.561538535145086E-01
 0.555292806514104E-01
 0.546958712059477E-01
 0.541357229254759E-01
 0.533959830043677E-01
 0.525610495691565E-01
 0.518724567018209E-01
 0.511468557192098E-01
 0.504872168750682E-01
 0.499443253947332E-01
 0.495654955450935E-01
 0.493025457827661E-01
 0.492372487785859E-01
 0.492656585468632E-01
 0.493955807680085E-01
 0.496747532674678E-01
 0.499987542578175E-01
 0.503482518961666E-01
 0.508751394872513E-01
 0.513805284777377E-01
 0.519417973568685E-01
 0.525548467297339E-01
 0.531389688987633E-01
 0.538967076973267E-01
 0.554001846258581E-01
 0.575136038559404E-01
 0.594457381631493E-01
 0.611857508057115E-01
 0.627239291603267E-01
 0.640517224216012E-01
 0.651617530188642E-01
 0.660478257079893E-01
 0.667049464046462E-01
 0.671293493546328E-01
 0.673782275513222E-01
 0.697252804740727E-01
 0.761619217341565E-01
 0.829494446563037E-01
 0.900839876887507E-01
 0.975590320434131E-01
 0.105365297832134E+00
 0.113490707369862E+00
 0.121920417604034E+00
 0.130636897801812E+00
 0.139620020007762E+00
 0.148847140469640E+00
 0.158293169127138E+00
 0.167930638001263E+00
 0.177729782760836E+00
 0.187658648989873E+00
 0.197683231677608E+00
 0.207767653901026E+00
 0.217874384548472E+00
 0.227964483338187E+00
 0.237997849831589E+00
 0.247933451987164E+00
 0.257729525098369E+00
 0.267343757648278E+00
 0.276733499859323E+00
 0.285856027230724E+00
 0.294668863008454E+00
 0.303130127096696E+00
 0.311198860129452E+00
 0.318835285879233E+00
 0.326001014616552E+00
 0.332659226396841E+00
 0.338774879579764E+00
 0.344314962032419E+00
 0.349248763084097E+00
 0.353548124437320E+00
 0.357187641510882E+00
 0.360144818443325E+00
 0.362400201290326E+00
 0.363937507930460E+00
 0.364743749698086E+00
 0.364809324850838E+00
 0.364128074077404E+00
 0.362697313435750E+00
 0.360517872920389E+00
 0.357594151180870E+00
 0.353934159889031E+00
 0.349549508326659E+00
 0.344455296246864E+00
 0.338669933909151E+00
 0.332214953709291E+00
 0.325114878297305E+00
 0.317397159313405E+00
 0.309092134643385E+00
 0.300232921427163E+00
 0.290855192299410E+00
 0.280996851869239E+00
 0.270697687193779E+00
 0.259999068746085E+00
 0.248943728901782E+00
 0.237575584848745E+00
 0.225939548172063E+00
 0.217714603784764E+00
 0.228864162544449E+00
 0.239901689264084E+00
 0.250774583348797E+00
 0.261429559135868E+00
 0.271812855742646E+00
 0.281870505596896E+00
 0.291548639340591E+00
 0.300793779405974E+00
 0.309553095278161E+00
 0.317774639038478E+00
 0.325407605229059E+00
 0.332402637937777E+00
 0.338712158348751E+00
 0.344290654955222E+00
 0.349094898578081E+00
 0.353084101300050E+00
 0.356220082758756E+00
 0.358467497868301E+00
 0.359794122193595E+00
 0.360171133101268E+00
 0.359573315970071E+00
 0.357979173026985E+00
 0.355370977463320E+00
 0.351734843772827E+00
 0.347060855245364E+00
 0.341778226293149E+00
 0.338157016947751E+00
 0.333530283369556E+00
 0.327892749009610E+00
 0.323757876413308E+00
 0.319226498012441E+00
 0.313981885830834E+00
 0.310483171179481E+00
 0.306047832434631E+00
 0.301655618583250E+00
 0.298221648098381E+00
 0.293881719039455E+00
 0.288639523402001E+00
 0.283121601275730E+00
 0.278535703876243E+00
 0.273623031561981E+00
 0.268714630259456E+00
 0.263817445461699E+00
 0.259035762763549E+00
 0.254262662001390E+00
 0.249536649118687E+00
 0.244881153210577E+00
 0.240306777926702E+00
 0.235813552998855E+00
 0.231391337544153E+00
 0.227022666772753E+00
 0.222683314632166E+00
 0.218486020009161E+00
 0.214488353952645E+00
 0.210488100326825E+00
 0.211871892842091E+00
 0.215935220872371E+00
 0.219977707544530E+00
 0.239178167682466E+00
 0.257740243528001E+00
 0.275605684715762E+00
 0.292719160522686E+00
 0.309028555846288E+00
 0.324485184658098E+00
 0.339043965470201E+00
 0.352663612243325E+00
 0.365306844357427E+00
 0.376940563711507E+00
 0.387535943885788E+00
 0.397068433133707E+00
 0.405517738974999E+00
 0.412867874994139E+00
 0.419107293604253E+00
 0.424229046977025E+00
 0.428230879369405E+00
 0.431115189472491E+00
 0.432888881508158E+00
 0.433563184204930E+00
 0.433153512539228E+00
 0.431679387845602E+00
 0.429164370083523E+00
 0.425635941205492E+00
 0.421125317018204E+00
 0.417018367054838E+00
 0.413432697755540E+00
 0.408894908762730E+00
 0.403439076839682E+00
 0.399797057361619E+00
 0.395273788932083E+00
 0.390704176004027E+00
 0.387091514720570E+00
 0.382590328038211E+00
 0.378839261412373E+00
 0.375225546873027E+00
 0.370751667724060E+00
 0.365449323600036E+00
 0.361559038201537E+00
 0.357130459100581E+00
 0.351907388616527E+00
 0.345923397419908E+00
 0.339232748147417E+00
 0.332484890752992E+00
 0.325981996583985E+00
 0.319734444120225E+00
 0.313674229036589E+00
 0.307822588150120E+00
 0.302234334447254E+00
 0.296821822634649E+00
 0.291580865312238E+00
 0.286497147391717E+00
 0.281546923256337E+00
 0.276854185472717E+00
 0.272319670379074E+00
 0.268354959274453E+00
 0.266095189905195E+00
 0.264106643704519E+00
 0.262143602267145E+00
 0.260198961758025E+00
 0.258262358769792E+00
 0.256320574946653E+00
 0.254365372899437E+00
 0.252563558895567E+00
 0.250743513420267E+00
 0.248884644667454E+00
 0.246989015838310E+00
 0.245292648325654E+00
 0.243528847449968E+00
 0.241672859497264E+00
 0.240026880581857E+00
 0.238325880575512E+00
 0.236493601482599E+00
 0.234948518947581E+00
 0.233258097684473E+00
 0.231562055305185E+00
 0.230010396698375E+00
 0.228182483303199E+00
 0.225906401762141E+00
 0.223190998304240E+00
 0.220811461174892E+00
 0.217991458823769E+00
 0.218838872578067E+00
 0.221473229372560E+00
 0.224282644668113E+00
 0.226700524149344E+00
 0.229208820097128E+00
 0.231564710493788E+00
 0.233642680471401E+00
 0.235948407342895E+00
 0.237859987115807E+00
 0.239877066091495E+00
 0.241746045422290E+00
 0.243851185146932E+00
 0.246574279734064E+00
 0.248969608449352E+00
 0.251729725534931E+00
 0.254076352322553E+00
 0.256520833770830E+00
 0.258909362362761E+00
 0.260942723071482E+00
 0.263384708452650E+00
 0.265405287130513E+00
 0.267493128633356E+00
 0.269571368808824E+00
 0.271229153935504E+00
 0.272475453699844E+00
 0.273320428323202E+00
 0.273775363629067E+00
 0.274672031592238E+00
 0.275181151460589E+00
 0.275309340133166E+00
 0.275069997274140E+00
 0.274477407093048E+00
 0.273546642022908E+00
 0.272293477107264E+00
 0.270734317702144E+00
 0.268886130511246E+00
 0.266784630541480E+00
 0.264647409333715E+00
 0.262533218315003E+00
 0.260429572317810E+00
 0.258373505573870E+00
 0.256319482545929E+00
 0.254292634409072E+00
 0.252309139881010E+00
 0.250346615873157E+00
 0.248407360139833E+00
 0.246491458675201E+00
 0.244596572279986E+00
 0.248621212789514E+00
 0.255424273471431E+00
 0.261767675320791E+00
 0.267611960862272E+00
 0.272919058037513E+00
 0.277652483399976E+00
 0.281777536461870E+00
 0.285261477034061E+00
 0.288073691233451E+00
 0.290185860516886E+00
 0.291572143563226E+00
 0.292209364416583E+00
 0.292077182720062E+00
 0.291158217633611E+00
 0.289438114189517E+00
 0.286905571536847E+00
 0.283552374475393E+00
 0.280007908876622E+00
 0.277457427265751E+00
 0.274111040659195E+00
 0.269964078876275E+00
 0.267016490505617E+00
 0.263702097388143E+00
 0.259818828096158E+00
 0.257282444898683E+00
 0.254004018890456E+00
 0.250718111579120E+00
 0.248196580552080E+00
 0.244957254551882E+00
 0.240996607888875E+00
 0.236455662953937E+00
 0.233266899748249E+00
 0.229386966978947E+00
 0.224890883295122E+00
 0.220409208585051E+00
 0.216060998651435E+00
 0.211840390684518E+00
 0.207731668622850E+00
 0.203795217618845E+00
 0.199955685631236E+00
 0.196214132518172E+00
 0.192561885856216E+00
 0.188982942248826E+00
 0.185538057659038E+00
 0.182233559087567E+00
 0.178988381619460E+00
 0.175759694757540E+00
 0.172582583241739E+00
 0.169625701339808E+00
 0.166657047187748E+00
 0.170744283745466E+00
 0.185048142316171E+00
 0.198758557032267E+00
 0.211825693822996E+00
 0.224201840924314E+00
 0.235841650504122E+00
 0.246702335306881E+00
 0.256743821692094E+00
 0.265928897163013E+00
 0.274223388256822E+00
 0.281596364866654E+00
 0.288020324904326E+00
 0.293471308228892E+00
 0.297928930424048E+00
 0.301376383638274E+00
 0.303800474419953E+00
 0.305191733181726E+00
 0.305544561836710E+00
 0.304857342015649E+00
 0.303132445632755E+00
 0.300376157579783E+00
 0.296598578457056E+00
 0.294675827456762E+00
 0.291890054291546E+00
 0.288113355982419E+00
 0.285018259543181E+00
 0.282229007874758E+00
 0.278483135685198E+00
 0.276021832484069E+00
 0.273235976481971E+00
 0.269525417136242E+00
 0.267622055394844E+00
 0.264844700533883E+00
 0.261172440224462E+00
 0.258027330289690E+00
 0.255270800565799E+00
 0.251656103268831E+00
 0.247199341082334E+00
 0.242481761815088E+00
 0.237934841167811E+00
 0.233519026013272E+00
 0.229309086049065E+00
 0.225239513328155E+00
 0.221293767363675E+00
 0.217484367364239E+00
 0.213809687207807E+00
 0.210256308754049E+00
 0.206801153545238E+00
 0.203411991279517E+00
 0.200143208367386E+00
 0.197090262179956E+00
 0.194059656980060E+00
 0.190984254826931E+00
 0.188125723502891E+00
 0.185350799868655E+00
 0.182432713502940E+00
 0.179805576607616E+00
 0.190800732695978E+00
 0.201563318105366E+00
 0.211532585940885E+00
 0.220677575437731E+00
 0.228970850455288E+00
 0.236388528203472E+00
 0.242910300564850E+00
 0.248519498333492E+00
 0.253203195676127E+00
 0.256952303053234E+00
 0.259761595232831E+00
 0.261629669088085E+00
 0.262558880173846E+00
 0.262555316132885E+00
 0.261628817372977E+00
 0.259792993400389E+00
 0.257065165439508E+00
 0.254074937701814E+00
 0.252204584400740E+00
 0.249468564661855E+00
 0.245887512863232E+00
 0.243619328461035E+00
 0.240898405183619E+00
 0.237483908996047E+00
 0.235590867797447E+00
 0.232889206640512E+00
 0.229971184663343E+00
 0.228074530760961E+00
 0.225395033820721E+00
 0.221952027908838E+00
 0.217960673916217E+00
 0.215314585950937E+00
 0.211936184706484E+00
 0.207965750707575E+00
 0.204033824402622E+00
 0.200212381058234E+00
 0.196466139623625E+00
 0.192840001652484E+00
 0.189336292505010E+00
 0.185908681654496E+00
 0.182557942515384E+00
 0.179275787058768E+00
 0.176044952201782E+00
 0.172966082059650E+00
 0.169987895057367E+00
 0.167047535181668E+00
 0.164104846753148E+00
 0.161263357152721E+00
 0.158583119440690E+00
 0.155869666590595E+00
 0.153177032929694E+00
 0.150701752055763E+00
 0.148273799898195E+00
 0.146928733376643E+00
 0.145633105906213E+00
 0.144348880999565E+00
 0.143078353546463E+00
 0.141820456203900E+00
 0.140571165255171E+00
 0.139345858677104E+00
 0.138190106887127E+00
 0.137045508996291E+00
 0.135899349829226E+00
 0.134736945265239E+00
 0.133570505273959E+00
 0.132538827991676E+00
 0.131470418210869E+00
 0.130344756049202E+00
 0.129307237210032E+00
 0.128308104903911E+00
 0.127218209893978E+00
 0.126209089209474E+00
 0.125232788791993E+00
 0.124126088416348E+00
 0.123198637771823E+00
 0.122183716211827E+00
 0.121126417102570E+00
 0.120423630543620E+00
 0.119933944081709E+00
 0.119556323303340E+00
 0.118822602475843E+00
 0.118584827076244E+00
 0.119440871332843E+00
 0.119987293586681E+00
 0.120159395445611E+00
 0.119962507132909E+00
 0.119822709065619E+00
 0.119643886160539E+00
 0.119103067559281E+00
 0.118208494723054E+00
 0.116971187902508E+00
 0.115594597697427E+00
 0.114216541457287E+00
 0.112848184907921E+00
 0.111477219872485E+00
 0.110247136120207E+00
 0.110733094057816E+00
 0.110872481435396E+00
 0.111126792330577E+00
 0.111282564891789E+00
 0.111094043744296E+00
 0.110568188893420E+00
 0.109713291747220E+00
 0.108664936079797E+00
 0.107631829723798E+00
 0.106604111643858E+00
 0.105573837060644E+00
 0.104578034980478E+00
 0.103571765408015E+00
 0.102568295331265E+00
 0.101607576973623E+00
 0.100655629874014E+00
 0.997143670084347E-01
 0.987844035441705E-01
 0.978638518463493E-01
 0.969759455443575E-01
 0.961258359372082E-01
 0.952889356369049E-01
 0.944568421498063E-01
 0.936193264230964E-01
 0.927851727220146E-01
 0.920442880125666E-01
 0.912832522266422E-01
 0.904864335156119E-01
 0.897488658535857E-01
 0.890420718711636E-01
 0.920928100351613E-01
 0.101612652293299E+00
 0.110993090938944E+00
 0.120195564774732E+00
 0.130693399516479E+00
 0.142519149272099E+00
 0.154115452395792E+00
 0.165434298731717E+00
 0.176428769978131E+00
 0.187053222780064E+00
 0.197263438756972E+00
 0.207016785110196E+00
 0.216272421800649E+00
 0.224991548185845E+00
 0.233137638483645E+00
 0.240676609666870E+00
 0.247576906201448E+00
 0.253809542909377E+00
 0.259348173429112E+00
 0.264169223648277E+00
 0.268252068856565E+00
 0.271579190701019E+00
 0.274136260978168E+00
 0.275912152643982E+00
 0.276898925976902E+00
 0.277091838473837E+00
 0.276489384092967E+00
 0.275093324026212E+00
 0.272908668549194E+00
 0.269943608366040E+00
 0.266209435174060E+00
 0.263936237766750E+00
 0.260972252085400E+00
 0.257262444155389E+00
 0.254052358436442E+00
 0.251113249370251E+00
 0.247454632895216E+00
 0.244914272185667E+00
 0.242004282426202E+00
 0.238640005940542E+00
 0.236444986475871E+00
 0.233566392539970E+00
 0.230014999278417E+00
 0.227052049367558E+00
 0.224214031931325E+00
 0.220731186541722E+00
 0.216616734326829E+00
 0.212178413781397E+00
 0.207892239889942E+00
 0.203797875504556E+00
 0.199837762525196E+00
 0.196057245122726E+00
 0.192397340886737E+00
 0.188869503999468E+00
 0.185474072709351E+00
 0.182201620704809E+00
 0.179034804714913E+00
 0.175948423041009E+00
 0.172910601823936E+00
 0.170099183160648E+00
 0.167351215610265E+00
 0.164592439773354E+00
 0.161904428865537E+00
 0.159387311323709E+00
 0.156797773973938E+00
 0.154319499877290E+00
 0.151914882395066E+00
 0.149826956005241E+00
 0.153356812257741E+00
 0.156633676166462E+00
 0.160026893213318E+00
 0.163261363924174E+00
 0.166219571751905E+00
 0.169397657823103E+00
 0.172298306570389E+00
 0.175042168500933E+00
 0.177886376483070E+00
 0.180423241448340E+00
 0.182991020055964E+00
 0.185465598027329E+00
 0.187623365873114E+00
 0.190042531881306E+00
 0.192129743088543E+00
 0.194170462937956E+00
 0.196202853999754E+00
 0.197891238903191E+00
 0.199855704703788E+00
 0.201492796043432E+00
 0.203108516229406E+00
 0.204705641018024E+00
 0.205979960202038E+00
 0.207549138769155E+00
 0.208754555971430E+00
 0.210039791058347E+00
 0.211224702941918E+00
 0.212191540102866E+00
 0.213367654201354E+00
 0.214170243207397E+00
 0.215193808474545E+00
 0.215994931677347E+00
 0.216710315413104E+00
 0.217521081052580E+00
 0.217951961374837E+00
 0.218004932473464E+00
 0.217683266045115E+00
 0.216991537646554E+00
 0.216552491287722E+00
 0.215878092295815E+00
 0.214838908731251E+00
 0.213442274000258E+00
 0.211696846741994E+00
 0.209612516757443E+00
 0.207233623347878E+00
 0.204832825527276E+00
 0.202464288451003E+00
 0.200134690241227E+00
 0.197817458456256E+00
 0.195813446844142E+00
 0.194391519380939E+00
 0.192946205780675E+00
 0.191485482268919E+00
 0.190051745754156E+00
 0.188623696350606E+00
 0.187197902758873E+00
 0.185777933826311E+00
 0.184364800990160E+00
 0.182957425983115E+00
 0.181588173652027E+00
 0.180254616138924E+00
 0.178933672051218E+00
 0.184227867368725E+00
 0.193361403870627E+00
 0.202635515288534E+00
 0.212005518644166E+00
 0.221425271068668E+00
 0.230847270412962E+00
 0.240222779214534E+00
 0.249502032653484E+00
 0.258634535586003E+00
 0.267569392883299E+00
 0.276255599460252E+00
 0.284642253710622E+00
 0.292678717843560E+00
 0.300314782439529E+00
 0.307500877044482E+00
 0.314188322819171E+00
 0.320329589314637E+00
 0.325878523064118E+00
 0.330790551050256E+00
 0.335022890552910E+00
 0.338534789116076E+00
 0.341287779878739E+00
 0.343245904599474E+00
 0.344375863925227E+00
 0.344647101821982E+00
 0.344031880908389E+00
 0.342505413468659E+00
 0.340046067677470E+00
 0.336635603781263E+00
 0.332259362688308E+00
 0.327396378835932E+00
 0.323995366524717E+00
 0.319657692174346E+00
 0.314372838601747E+00
 0.310391460542061E+00
 0.306121525493357E+00
 0.301123506715524E+00
 0.297795745197729E+00
 0.293594843150023E+00
 0.289399957667348E+00
 0.286113656308955E+00
 0.281982726347426E+00
 0.276998387748291E+00
 0.271171120254815E+00
 0.266651342291957E+00
 0.261784035796560E+00
 0.256263939626426E+00
 0.250831698313023E+00
 0.245592622568729E+00
 0.240453522972310E+00
 0.235571610397259E+00
 0.230809296266764E+00
 0.226179509894922E+00
 0.221684056470416E+00
 0.217313057366342E+00
 0.213047215089068E+00
 0.208859553881064E+00
 0.204875779125175E+00
 0.201030657354262E+00
 0.197244967400510E+00
 0.201958358039356E+00
 0.218617591053958E+00
 0.239246409300619E+00
 0.260681143999144E+00
 0.281646713835791E+00
 0.302080244807200E+00
 0.321920367768633E+00
 0.341107366341098E+00
 0.359583406582998E+00
 0.377292852790370E+00
 0.394182607062376E+00
 0.410202387854150E+00
 0.425304901514594E+00
 0.439445929523147E+00
 0.452584399580563E+00
 0.464682499214831E+00
 0.475705840287202E+00
 0.485623636866024E+00
 0.494408853441466E+00
 0.502038312365091E+00
 0.508492782520514E+00
 0.513757071648198E+00
 0.517820113027074E+00
 0.520675007715918E+00
 0.522318991330637E+00
 0.522753340136719E+00
 0.521983277516508E+00
 0.520017944769902E+00
 0.516870449647222E+00
 0.512557937759801E+00
 0.507101599833679E+00
 0.501402791361353E+00
 0.497039506622746E+00
 0.491567422218138E+00
 0.485011181467481E+00
 0.479638957408912E+00
 0.474195415540894E+00
 0.467839074450786E+00
 0.463464518910339E+00
 0.458057305181926E+00
 0.452758907628744E+00
 0.448392292843434E+00
 0.443026884933901E+00
 0.436685883717138E+00
 0.431322806077799E+00
 0.426017568676709E+00
 0.419777651487677E+00
 0.412628819644962E+00
 0.404624652697768E+00
 0.396548256242526E+00
 0.388755614793642E+00
 0.381238856288977E+00
 0.373973327736116E+00
 0.366915026456231E+00
 0.360099440842045E+00
 0.353529223857299E+00
 0.347175127625975E+00
 0.341036872479178E+00
 0.335107710261330E+00
 0.329361259146032E+00
 0.323740761025159E+00
 0.318191498165873E+00
 0.312869293495538E+00
 0.307744150522763E+00
 0.302645300711364E+00
 0.297664075046693E+00
 0.292883584189784E+00
 0.288097490258320E+00
 0.283507766587975E+00
 0.278998175260753E+00
 0.274556558216688E+00
 0.270233760929988E+00
 0.266006117810023E+00
 0.261866181920273E+00
 0.257841351026301E+00
 0.253898901580884E+00
 0.250027186482725E+00
 0.246269908787183E+00
 0.242565546866354E+00
 0.240994987876878E+00
 0.244411694821496E+00
 0.248752677954375E+00
 0.252587205061058E+00
 0.256540432591821E+00
 0.260263404261127E+00
 0.263714193853458E+00
 0.267337796501972E+00
 0.270432277372504E+00
 0.273838695751378E+00
 0.276838702143018E+00
 0.279793662745813E+00
 0.282714777969124E+00
 0.285230431346505E+00
 0.288087871048366E+00
 0.290394079020678E+00
 0.292983924262892E+00
 0.295235595093263E+00
 0.297422705084815E+00
 0.299636755427601E+00
 0.301417829188257E+00
 0.303610787250229E+00
 0.305238817075235E+00
 0.307167414456222E+00
 0.308784264702623E+00
 0.310313366851831E+00
 0.311933495970025E+00
 0.312986114339706E+00
 0.313480317971717E+00
 0.313426882625941E+00
 0.313280437557158E+00
 0.313242769748596E+00
 0.313190512503756E+00
 0.314155604840440E+00
 0.314540928869058E+00
 0.314357180060281E+00
 0.313616683499667E+00
 0.312333397665506E+00
 0.311173421245902E+00
 0.309712782462016E+00
 0.307750396124725E+00
 0.305421654784304E+00
 0.303070589777391E+00
 0.300732208523733E+00
 0.298415797383758E+00
 0.296151941256101E+00
 0.293934874315349E+00
 0.291696884284486E+00
 0.289510785818537E+00
 0.287337019034261E+00
 0.285171981667516E+00
 0.283026001251178E+00
 0.280905000999896E+00
 0.278811270077467E+00
 0.276743722799211E+00
 0.274697838235058E+00
 0.272666273609017E+00
 0.270638635791675E+00
 0.268660568739913E+00
 0.266765659725893E+00
 0.264863916320357E+00
 0.262937002225320E+00
 0.261018273467777E+00
 0.259235966483464E+00
 0.257400269961234E+00
 0.255486987967357E+00
 0.253774076800860E+00
 0.251988027689644E+00
 0.250106981762696E+00
 0.248444425579039E+00
 0.246649499362364E+00
 0.244869958882583E+00
 0.243176208931589E+00
 0.241275297774949E+00
 0.239255483366154E+00
 0.241401076008561E+00
 0.242963436368998E+00
 0.243920353937425E+00
 0.244252301558428E+00
 0.243942401726430E+00
 0.242976412631614E+00
 0.241342793853576E+00
 0.239032850375134E+00
 0.236040900659724E+00
 0.232751701432564E+00
 0.230440463146549E+00
 0.227468067804923E+00
 0.223832227586592E+00
 0.221107363060393E+00
 0.218175566171487E+00
 0.214711310980439E+00
 0.212438852470982E+00
 0.209550010297574E+00
 0.206626460193966E+00
 0.204378799027333E+00
 0.201534579778194E+00
 0.198092503020030E+00
 0.194066612135001E+00
 0.190657926649814E+00
 0.187294252094604E+00
 0.183461438558075E+00
 0.179685006147985E+00
 0.176034021297686E+00
 0.172454571921579E+00
 0.169042303864889E+00
 0.165720261069201E+00
 0.162484984889758E+00
 0.159337422127823E+00
 0.156270464112855E+00
 0.153269758606144E+00
 0.150316561078222E+00
 0.147530883433074E+00
 0.144821497125730E+00
 0.142131780488113E+00
 0.139433232553264E+00
 0.136932764119366E+00
 0.134475166809194E+00
 0.133678933280352E+00
 0.139056809267597E+00
 0.149050296733992E+00
 0.158472740759220E+00
 0.167290717466410E+00
 0.175473085911788E+00
 0.182991136586966E+00
 0.189818809576056E+00
 0.195932924489548E+00
 0.201313361526458E+00
 0.205943166456983E+00
 0.209808591465759E+00
 0.212899101466248E+00
 0.215207368573138E+00
 0.216729263573095E+00
 0.217463849832037E+00
 0.217413391843387E+00
 0.216583391947851E+00
 0.214982651954030E+00
 0.212623327540333E+00
 0.211258743876356E+00
 0.209618924658095E+00
 0.207243129828551E+00
 0.204985701237777E+00
 0.203324724630400E+00
 0.200953513874488E+00
 0.199115809155174E+00
 0.197440277567243E+00
 0.195078221059927E+00
 0.196559806644582E+00
 0.198181035765137E+00
 0.199654214468871E+00
 0.201280185099761E+00
 0.202574827666397E+00
 0.204093782255474E+00
 0.205399360442258E+00
 0.206630711490309E+00
 0.207958652683294E+00
 0.208936780556079E+00
 0.209557311077680E+00
 0.209813705403801E+00
 0.209960439137690E+00
 0.210244195573476E+00
 0.210156836752183E+00
 0.209694387236151E+00
 0.208854261811377E+00
 0.207635278764924E+00
 0.206037636007248E+00
 0.204231291380304E+00
 0.202435212202448E+00
 0.200631255430128E+00
 0.198825547963139E+00
 0.197026158219492E+00
 0.195238017179925E+00
 0.193442060891162E+00
 0.191647242703732E+00
 0.189860225673076E+00
 0.188084608818665E+00
 0.186321375298473E+00
 0.184569696154757E+00
 0.182826733286449E+00
 0.181087948814509E+00
 0.179347522044967E+00
 0.177641128481109E+00
 0.176001687038980E+00
 0.174358216015136E+00
 0.172700518800255E+00
 0.171044252280656E+00
 0.169510777415781E+00
 0.167949973952518E+00
 0.166348283742901E+00
 0.164864702805473E+00
 0.163388627391938E+00
 0.161849728942880E+00
 0.160436361096500E+00
 0.159016371968484E+00
 0.157506895734628E+00
 0.156202946980643E+00
 0.154609083310792E+00
 0.153582992593381E+00
 0.152380125203103E+00
 0.150903188274104E+00
 0.149476293891745E+00
 0.147929810665749E+00
 0.146115598264732E+00
 0.144036361461191E+00
 0.141695782304128E+00
 0.139098528167738E+00
 0.136339420053477E+00
 0.133830565754312E+00
 0.131079423849573E+00
 0.128387448003598E+00
 0.125635888631085E+00
 0.123626122352539E+00
 0.130901599225049E+00
 0.137666652763606E+00
 0.143882063445336E+00
 0.149510870140892E+00
 0.154518520512755E+00
 0.158873041592444E+00
 0.162545230343814E+00
 0.165508856608135E+00
 0.167740858647008E+00
 0.169221500961271E+00
 0.169934466853308E+00
 0.169866880259169E+00
 0.169009283863230E+00
 0.167355622551723E+00
 0.164903274854135E+00
 0.163566793661273E+00
 0.161908235900498E+00
 0.159474444593522E+00
 0.157545604160554E+00
 0.155896780508100E+00
 0.153499115077377E+00
 0.151984355940849E+00
 0.150349206531163E+00
 0.147989822828678E+00
 0.146837375359287E+00
 0.145218502322005E+00
 0.142898326408428E+00
 0.141901750056321E+00
 0.140305848192440E+00
 0.138037307300777E+00
 0.135386952621445E+00
 0.133372668674417E+00
 0.131183421870373E+00
 0.128726428052731E+00
 0.126333631346421E+00
 0.124006582472725E+00
 0.121743986135208E+00
 0.119537914841405E+00
 0.117390482324850E+00
 0.115294144339817E+00
 0.116300913040848E+00
 0.126054075433468E+00
 0.135451762102915E+00
 0.146884399395582E+00
 0.159171962441347E+00
 0.171005938953184E+00
 0.182333979664030E+00
 0.193105396569853E+00
 0.203271425960220E+00
 0.212785499238831E+00
 0.221603498304320E+00
 0.229683970262578E+00
 0.236988286432951E+00
 0.243480751281237E+00
 0.249128688118876E+00
 0.253902537403542E+00
 0.257775993023531E+00
 0.260726175941691E+00
 0.262733817008284E+00
 0.263783407865761E+00
 0.263863288779714E+00
 0.262965669017549E+00
 0.261086602618432E+00
 0.258225954300678E+00
 0.255078981340300E+00
 0.253167278343236E+00
 0.250302712164839E+00
 0.246489222654918E+00
 0.244268466236893E+00
 0.241423759077579E+00
 0.237879329236493E+00
 0.235949031223712E+00
 0.233128936698322E+00
 0.230096597944200E+00
 0.228165554118848E+00
 0.225373209946463E+00
 0.221723696858352E+00
 0.217396193018294E+00
 0.214418908480744E+00
 0.210844200148701E+00
 0.206764601955825E+00
 0.202806140464511E+00
 0.198952622111612E+00
 0.195214906523801E+00
 0.191601035077605E+00
 0.188066695996963E+00
 0.184623979847984E+00
 0.181272709243534E+00
 0.178000534565204E+00
 0.174786829858325E+00
 0.171604619767991E+00
 0.168618012886892E+00
 0.165719179375519E+00
 0.162821899170441E+00
 0.159999810381779E+00
 0.175431018615512E+00
 0.190345997167144E+00
 0.204691845036363E+00
 0.218417786450644E+00
 0.231475416870249E+00
 0.243818952264746E+00
 0.255405450092563E+00
 0.266194978615584E+00
 0.276150730806176E+00
 0.285239100360451E+00
 0.293429749368467E+00
 0.300695693702750E+00
 0.307013415282881E+00
 0.312362989800354E+00
 0.316728205620174E+00
 0.320096650048723E+00
 0.322459749955357E+00
 0.323812767018467E+00
 0.324154757588493E+00
 0.323488512165462E+00
 0.321820491042391E+00
 0.319160770521299E+00
 0.315523006343492E+00
 0.312062223196631E+00
 0.309372628936349E+00
 0.305734299373121E+00
 0.301164375226567E+00
 0.298438148805050E+00
 0.294828381705637E+00
 0.290991841849118E+00
 0.288300730333312E+00
 0.284724148216544E+00
 0.281561435782753E+00
 0.278878091245227E+00
 0.275337702866740E+00
 0.271348738307527E+00
 0.268681055199528E+00
 0.265191465504048E+00
 0.260895877471881E+00
 0.255878535549021E+00
 0.250843454227769E+00
 0.245997953817377E+00
 0.241333111816708E+00
 0.236807523931311E+00
 0.232407995856989E+00
 0.228163627617537E+00
 0.224065864051245E+00
 0.220108827880285E+00
 0.216279906369899E+00
 0.212561104017560E+00
 0.208909513568499E+00
 0.205283580145698E+00
 0.201854050771497E+00
 0.198517403340106E+00
 0.195180579695316E+00
 0.191944222883919E+00
 0.188818807658608E+00
 0.185687616888175E+00
 0.182701173139554E+00
 0.179758528195237E+00
 0.176862410307464E+00
 0.175833289754486E+00
 0.184741908056034E+00
 0.192977043907773E+00
 0.200528055889919E+00
 0.207387493674808E+00
 0.213551126777499E+00
 0.219017944475131E+00
 0.223790113436995E+00
 0.227872891536292E+00
 0.231274513175666E+00
 0.234006072269890E+00
 0.236081425277566E+00
 0.237517119495168E+00
 0.238332331547437E+00
 0.238548789759224E+00
 0.238190657800806E+00
 0.237284372441260E+00
 0.235858446095395E+00
 0.233943255650449E+00
 0.231570838361315E+00
 0.229419702889477E+00
 0.227476160522636E+00
 0.225089321181616E+00
 0.222292007140614E+00
 0.220070583433118E+00
 0.217689912079142E+00
 0.215083242950206E+00
 0.213126062960609E+00
 0.210755825073259E+00
 0.208562882363778E+00
 0.206604992780661E+00
 0.204247511980817E+00
 0.201520447171518E+00
 0.198455023172663E+00
 0.195083489649955E+00
 0.192247938698223E+00
 0.189232717062209E+00
 0.185924411713845E+00
 0.185328236159711E+00
 0.185055818981646E+00
 0.185530777900708E+00
 0.185534052729660E+00
 0.185069342298174E+00
 0.184141917542762E+00
 0.182758579634758E+00
 0.181697268155809E+00
 0.180381162104087E+00
 0.178776931205442E+00
 0.177170396973832E+00
 0.175564117945024E+00
 0.173955348178407E+00
 0.172378062693835E+00
 0.170801429844026E+00
 0.169222796340362E+00
 0.167656238504408E+00
 0.166125900147865E+00
 0.164619461323635E+00
 0.163127071771645E+00
 0.161670068813098E+00
 0.160255616612273E+00
 0.158868970952834E+00
 0.157503139133119E+00
 0.156148851678643E+00
 0.154794768706830E+00
 0.153455981455369E+00
 0.153692283864679E+00
 0.156901161360079E+00
 0.160069259632462E+00
 0.163158666986748E+00
 0.166130989953872E+00
 0.168947594591839E+00
 0.171569837414487E+00
 0.173959269118438E+00
 0.176077805349130E+00
 0.177887876687895E+00
 0.179352584450548E+00
 0.180435888474493E+00
 0.181102835242915E+00
 0.181319809628728E+00
 0.181054777713773E+00
 0.180277491850976E+00
 0.178959648729924E+00
 0.177075012703314E+00
 0.174599527109258E+00
 0.171511432758195E+00
 0.169462738815783E+00
 0.167021497997005E+00
 0.163985847514982E+00
 0.161445330398227E+00
 0.159053643246021E+00
 0.156088297695093E+00
 0.154036290560098E+00
 0.151694163488279E+00
 0.148955943237848E+00
 0.147180181677198E+00
 0.144887049029993E+00
 0.142057864375416E+00
 0.138811486667299E+00
 0.135629976013640E+00
 0.132572461729617E+00
 0.129585681854219E+00
 0.126727235093353E+00
 0.128024792023706E+00
 0.130119864550487E+00
 0.132287598005757E+00
 0.134523236222201E+00
 0.136821048439785E+00
 0.139174362372720E+00
 0.141575608188294E+00
 0.144016353234514E+00
 0.146487319173682E+00
 0.151677791836353E+00
 0.165293287047063E+00
 0.178783458967081E+00
 0.195957207147356E+00
 0.213102432774400E+00
 0.230082969153344E+00
 0.246842837490958E+00
 0.263326022390517E+00
 0.279476743181648E+00
 0.295239750840800E+00
 0.310560613973360E+00
 0.325385962650054E+00
 0.339663682500458E+00
 0.353343077997661E+00
 0.366375036247291E+00
 0.378712214649018E+00
 0.390309256022686E+00
 0.401123018144699E+00
 0.411112800024147E+00
 0.420240551990752E+00
 0.428471062153941E+00
 0.435772113458518E+00
 0.442114606832581E+00
 0.447472652662609E+00
 0.451823644828275E+00
 0.455148340336949E+00
 0.457430963384755E+00
 0.458659333825680E+00
 0.458824996609821E+00
 0.457923316338958E+00
 0.455953509599438E+00
 0.452918613618985E+00
 0.448825417512694E+00
 0.443684394481534E+00
 0.438663669629120E+00
 0.434541166318707E+00
 0.429402662799315E+00
 0.423262369633975E+00
 0.418690820407882E+00
 0.413594924532528E+00
 0.408090322162130E+00
 0.403989679883015E+00
 0.398942404038522E+00
 0.394399915711395E+00
 0.390320493523874E+00
 0.385325605808530E+00
 0.379451443356525E+00
 0.375403339449753E+00
 0.370478051519809E+00
 0.364688891466465E+00
 0.358052267788983E+00
 0.350810987641139E+00
 0.343773360328215E+00
 0.336984095791360E+00
 0.330386747748980E+00
 0.324056414371328E+00
 0.317944939182927E+00
 0.312007747754192E+00
 0.306242078165767E+00
 0.300632318711081E+00
 0.295152577708334E+00
 0.289842383733374E+00
 0.284730343511808E+00
 0.279745740112674E+00
 0.274827694507604E+00
 0.270036507533121E+00
 0.265413924667772E+00
 0.260878462741586E+00
 0.256444277564193E+00
 0.252137939583933E+00
 0.247923477168896E+00
 0.243836259280895E+00
 0.239837212895855E+00
 0.235954973799085E+00
 0.232160790626933E+00
 0.228474316632623E+00
 0.224871401972925E+00
 0.225614804546129E+00
 0.228820159891554E+00
 0.231951338431946E+00
 0.235045931526230E+00
 0.237683170486254E+00
 0.240662895231374E+00
 0.243190187618368E+00
 0.245696773408786E+00
 0.248127228558192E+00
 0.250173979843991E+00
 0.252823126858154E+00
 0.256532584894107E+00
 0.260129371939525E+00
 0.263774188495697E+00
 0.266928797949342E+00
 0.270467070068952E+00
 0.273555359122185E+00
 0.276632415221072E+00
 0.279667715579835E+00
 0.282292390032860E+00
 0.285289006814417E+00
 0.287756666083274E+00
 0.290441449642793E+00
 0.292875955205582E+00
 0.295144647050687E+00
 0.297562096317827E+00
 0.299429962112924E+00
 0.301831558714311E+00
 0.303690181961366E+00
 0.305697405488517E+00
 0.307562865791340E+00
 0.309168638815120E+00
 0.311056577517771E+00
 0.312372141433128E+00
 0.313116956620352E+00
 0.313294437596030E+00
 0.313991775176996E+00
 0.314198262350663E+00
 0.313839938505739E+00
 0.312923738283555E+00
 0.311458319343003E+00
 0.309454024156277E+00
 0.306922838376023E+00
 0.304009871428912E+00
 0.301120413589037E+00
 0.298348163285862E+00
 0.295579713492037E+00
 0.292832992738959E+00
 0.290110575959624E+00
 0.287420458484972E+00
 0.284758610135798E+00
 0.282104514969359E+00
 0.279473486911047E+00
 0.276876401247013E+00
 0.274320092096490E+00
 0.271807608165042E+00
 0.269338573557702E+00
 0.266909456341503E+00
 0.264513796219135E+00
 0.262142462161647E+00
 0.259827584549626E+00
 0.258158923307783E+00
 0.256499349240197E+00
 0.254805836954179E+00
 0.253058850710192E+00
 0.251486228211346E+00
 0.249872663734882E+00
 0.248176318747961E+00
 0.246612296736974E+00
 0.245044450182695E+00
 0.243356636966935E+00
 0.241862715785548E+00
 0.240287928754892E+00
 0.238647375074653E+00
 0.237180207812820E+00
 0.235410811161365E+00
 0.233251503416755E+00
 0.240914115828123E+00
 0.250555334443068E+00
 0.259795837494510E+00
 0.268586901844361E+00
 0.276881278420471E+00
 0.284633408217829E+00
 0.291799674679553E+00
 0.298338659207211E+00
 0.304211363813743E+00
 0.309381384432369E+00
 0.313815043666703E+00
 0.317481504620232E+00
 0.320352882400127E+00
 0.322404356602649E+00
 0.323614280421551E+00
 0.323964284657683E+00
 0.323439380143562E+00
 0.322028059322952E+00
 0.319722385723306E+00
 0.316518049654369E+00
 0.312414372607930E+00
 0.308255681237273E+00
 0.305056563740106E+00
 0.300985039221136E+00
 0.296044180263213E+00
 0.292638765097296E+00
 0.288628000968874E+00
 0.284261128803806E+00
 0.281126411586019E+00
 0.277178405494382E+00
 0.273534565942762E+00
 0.270436894863602E+00
 0.266552402172573E+00
 0.261884436812163E+00
 0.256461117912168E+00
 0.251895019346935E+00
 0.247334910233839E+00
 0.242185534328915E+00
 0.237117726004723E+00
 0.232228114716737E+00
 0.227430435935241E+00
 0.222866540545810E+00
 0.218409188346759E+00
 0.214072795167672E+00
 0.209859570803838E+00
 0.205760815885647E+00
 0.201759345360688E+00
 0.197831921920211E+00
 0.194075708235323E+00
 0.190460377482346E+00
 0.186909564962082E+00
 0.183363980816145E+00
 0.179992213220947E+00
 0.176761114851118E+00
 0.174054245827485E+00
 0.181049273545072E+00
 0.195015538699104E+00
 0.208371321503348E+00
 0.221079787947013E+00
 0.233106845163894E+00
 0.244421291441977E+00
 0.254994934416802E+00
 0.264802665522152E+00
 0.273822497880972E+00
 0.282035594338012E+00
 0.289426315165094E+00
 0.295982295671689E+00
 0.301694534998475E+00
 0.306557459992773E+00
 0.310568935240837E+00
 0.313730216457643E+00
 0.316045870211833E+00
 0.317523690866003E+00
 0.318174632836439E+00
 0.318012755144381E+00
 0.317055161949916E+00
 0.315321924551459E+00
 0.312835981260779E+00
 0.309623019536463E+00
 0.306907210441513E+00
 0.304375722793516E+00
 0.301139533349884E+00
 0.297226245607477E+00
 0.294651010344086E+00
 0.291419553475306E+00
 0.288148992000741E+00
 0.285585054769220E+00
 0.282364432417809E+00
 0.279682705665300E+00
 0.277112875420631E+00
 0.273907803681887E+00
 0.271284967585684E+00
 0.268718331866845E+00
 0.267509337177287E+00
 0.268075686526179E+00
 0.268839850909795E+00
 0.269130920004286E+00
 0.268942715225813E+00
 0.268270643714203E+00
 0.267111721752508E+00
 0.265464588880140E+00
 0.263356047510594E+00
 0.261449809367275E+00
 0.259446452143158E+00
 0.257336415436037E+00
 0.255232807697048E+00
 0.253109206213289E+00
 0.251028923990533E+00
 0.248912789272447E+00
 0.246812145071491E+00
 0.244743763370775E+00
 0.242676828460662E+00
 0.240618055866165E+00
 0.238570919316519E+00
 0.236536013846242E+00
 0.234511302471168E+00
 0.232492357080092E+00
 0.230541775785375E+00
 0.228635782435665E+00
 0.226738452067693E+00
 0.224838382651951E+00
 0.222922632559842E+00
 0.221122223688688E+00
 0.219358602790316E+00
 0.217562379018584E+00
 0.215741830191470E+00
 0.214105987020849E+00
 0.212411495380197E+00
 0.210637781044480E+00
 0.209095919329841E+00
 0.207464670552241E+00
 0.205786592766118E+00
 0.204294591888565E+00
 0.202496411011714E+00
 0.200326981716837E+00
 0.197992142112410E+00
 0.195728472938343E+00
 0.193105387996444E+00
 0.190128054467811E+00
 0.186802813792646E+00
 0.183137155477727E+00
 0.179814541586757E+00
 0.176259719854777E+00
 0.172545429359370E+00
 0.168948601488624E+00
 0.165506006954945E+00
 0.161908566164712E+00
 0.158016548950372E+00
 0.153838554651502E+00
 0.149384113497043E+00
 0.147907043943398E+00
 0.149312426893325E+00
 0.150873651147514E+00
 0.152157407022352E+00
 0.153632501565593E+00
 0.154928624966344E+00
 0.156185452105802E+00
 0.157501338074158E+00
 0.158540334331427E+00
 0.159873906384640E+00
 0.160935378124211E+00
 0.162042277781337E+00
 0.163132600051923E+00
 0.163947937034333E+00
 0.164499363123194E+00
 0.164798663091437E+00
 0.165154690522777E+00
 0.165482652737571E+00
 0.165568967602971E+00
 0.165426728625397E+00
 0.165069531650317E+00
 0.164511403208129E+00
 0.163766726378836E+00
 0.162850162249769E+00
 0.161776567661870E+00
 0.160560912400614E+00
 0.159228577283139E+00
 0.157880222382490E+00
 0.164871012343577E+00
 0.176252388200714E+00
 0.187482811890932E+00
 0.198513045508282E+00
 0.209293791318341E+00
 0.219775905198436E+00
 0.229910609467259E+00
 0.239649718088743E+00
 0.248945870523604E+00
 0.257752757054737E+00
 0.266025322654876E+00
 0.273719955418864E+00
 0.280794681151586E+00
 0.287209381544690E+00
 0.292926030680418E+00
 0.297908922011266E+00
 0.302124855505827E+00
 0.305543276045633E+00
 0.308136383120839E+00
 0.309879245487207E+00
 0.310749942041833E+00
 0.310729721896063E+00
 0.309803154894636E+00
 0.307958245040457E+00
 0.305186500785682E+00
 0.301482979095512E+00
 0.298211950636337E+00
 0.295421324369112E+00
 0.291726901290582E+00
 0.287354469732420E+00
 0.284569402487976E+00
 0.280912038876177E+00
 0.277219854428685E+00
 0.274446225045532E+00
 0.270829711196384E+00
 0.267748238631007E+00
 0.264990948840823E+00
 0.261418195925528E+00
 0.257029723932066E+00
 0.251910380396987E+00
 0.248093535300380E+00
 0.243797070452736E+00
 0.238944333055304E+00
 0.234173576657497E+00
 0.229591561461902E+00
 0.225098493787300E+00
 0.220795598805231E+00
 0.216591868317935E+00
 0.212501850246185E+00
 0.208527204800551E+00
 0.204658031202942E+00
 0.200876522101994E+00
 0.197157956302474E+00
 0.193599315563287E+00
 0.190187325083965E+00
 0.186823127993381E+00
 0.183449218426200E+00
 0.180258911614430E+00
 0.178279911183859E+00
 0.194152481263031E+00
 0.209421988470972E+00
 0.224034402297883E+00
 0.237937884012410E+00
 0.251083037924769E+00
 0.263423140526045E+00
 0.274914326164447E+00
 0.285515735908497E+00
 0.295189655367949E+00
 0.303901662460973E+00
 0.311620783658954E+00
 0.318319637965600E+00
 0.323974548589031E+00
 0.328565621364782E+00
 0.332076808500468E+00
 0.334495977850406E+00
 0.335814989413822E+00
 0.336029758289838E+00
 0.335140277721014E+00
 0.333150593849683E+00
 0.330068751036259E+00
 0.325906739285064E+00
 0.323568257950060E+00
 0.320458863693832E+00
 0.316301560695261E+00
 0.312702989324808E+00
 0.309594185652165E+00
 0.305473796743988E+00
 0.302593130132091E+00
 0.299491939280854E+00
 0.295412961370093E+00
 0.293163565496835E+00
 0.290075177715789E+00
 0.286040527748604E+00
 0.283424682416741E+00
 0.280361594569150E+00
 0.276391070247127E+00
 0.271529809404572E+00
 0.266364533629557E+00
 0.261362638538529E+00
 0.256510956028845E+00
 0.251773930817655E+00
 0.247223381892825E+00
 0.242771222327045E+00
 0.238424021926221E+00
 0.234174741631512E+00
 0.230005294629017E+00
 0.225968853560047E+00
 0.222051506147854E+00
 0.218217751946257E+00
 0.214449242957260E+00
 0.210792809555999E+00
 0.207290322748631E+00
 0.203810065525885E+00
 0.200317187065718E+00
 0.197144441590371E+00
 0.193973981167156E+00
 0.197349426920492E+00
 0.209394577336675E+00
 0.220656426139903E+00
 0.231104355469884E+00
 0.240711205041785E+00
 0.249453330118261E+00
 0.257310669954935E+00
 0.264266831948028E+00
 0.270309170552993E+00
 0.275428830627114E+00
 0.279620740580005E+00
 0.282883568776402E+00
 0.285219673450229E+00
 0.286635067676771E+00
 0.287139394368827E+00
 0.286745885136600E+00
 0.285471279696102E+00
 0.283335706314466E+00
 0.280362546542449E+00
 0.277290642921638E+00
 0.275120192464877E+00
 0.272137147707632E+00
 0.268367531174733E+00
 0.265815212851477E+00
 0.262847252291577E+00
 0.259306543618184E+00
 0.257116738656527E+00
 0.254168429805779E+00
 0.251166787665195E+00
 0.248975481401365E+00
 0.246049978388873E+00
 0.242414550714408E+00
 0.238096069619718E+00
 0.234135545457841E+00
 0.230563376814737E+00
 0.226342367814585E+00
 0.221954741425183E+00
 0.217693437010594E+00
 0.213563681170864E+00
 0.209534506714537E+00
 0.205589607706961E+00
 0.201753004316567E+00
 0.198036478168909E+00
 0.194435961565516E+00
 0.190945615359257E+00
 0.187553024212678E+00
 0.184235251059645E+00
 0.180967092041905E+00
 0.177720507196986E+00
 0.174695833582811E+00
 0.171741891070404E+00
 0.168768856642622E+00
 0.165889437203045E+00
 0.163197456627193E+00
 0.160444244467209E+00
 0.157796694825485E+00
 0.155309072049993E+00
 0.152698807526150E+00
 0.150362253269536E+00
 0.147989409528122E+00
 0.145630358201921E+00
 0.143469426688518E+00
 0.141141400541657E+00
 0.139144216797963E+00
 0.137521045746326E+00
 0.136400414615441E+00
 0.135258145379949E+00
 0.134163818702956E+00
 0.133316324909097E+00
 0.132815816602756E+00
 0.131976759316128E+00
 0.131393122072219E+00
 0.130540786565828E+00
 0.129763559851067E+00
 0.128909318200151E+00
 0.127961844016666E+00
 0.127116199273358E+00
 0.125937770828456E+00
 0.124499183008168E+00
 0.123012983680732E+00
 0.123159789188859E+00
 0.124376116901036E+00
 0.125301637713725E+00
 0.126483543984440E+00
 0.127327331826130E+00
 0.128440344992544E+00
 0.129256761638788E+00
 0.130253266789235E+00
 0.131052154803653E+00
 0.131924631582591E+00
 0.132715105612193E+00
 0.133452532212438E+00
 0.134243153904709E+00
 0.134690855653527E+00
 0.134805161060169E+00
 0.134716763502072E+00
 0.134838177613545E+00
 0.135291227655308E+00
 0.135510568532529E+00
 0.135881100095063E+00
 0.136111070689844E+00
 0.136011959993173E+00
 0.135595313269967E+00
 0.134873812550824E+00
 0.133861207587816E+00
 0.132586049675519E+00
 0.131616830932267E+00
 0.130391242725595E+00
 0.129110608539883E+00
 0.127838663320018E+00
 0.126570643980135E+00
 0.125321793674804E+00
 0.124080310677094E+00
 0.122875898436520E+00
 0.121683219233012E+00
 0.120510214955441E+00
 0.119362645363973E+00
 0.118244208554831E+00
 0.117156426790195E+00
 0.116098960248875E+00
 0.115069492496066E+00
 0.114063746933126E+00
 0.121187681218746E+00
 0.132406141971337E+00
 0.144026269427186E+00
 0.155570269332592E+00
 0.166990583366493E+00
 0.178239811077263E+00
 0.189270906039937E+00
 0.200037347735452E+00
 0.210493318684224E+00
 0.220593911826422E+00
 0.230295367504097E+00
 0.239555313918363E+00
 0.248332980136773E+00
 0.256589369537572E+00
 0.264287407652440E+00
 0.271392090236427E+00
 0.277870646316953E+00
 0.283692707855412E+00
 0.288830463362719E+00
 0.293258779936077E+00
 0.296955299775137E+00
 0.299900532758339E+00
 0.302077960669774E+00
 0.303474145644126E+00
 0.304078816569281E+00
 0.303884911226748E+00
 0.302888577032268E+00
 0.301089157660657E+00
 0.298489194428420E+00
 0.295094447859052E+00
 0.291176942601285E+00
 0.288558796558493E+00
 0.285169913575790E+00
 0.281019294422645E+00
 0.277637158566056E+00
 0.274280415539112E+00
 0.270188849935217E+00
 0.267530955934611E+00
 0.264210070280376E+00
 0.260740839444113E+00
 0.258153684555479E+00
 0.254871274053579E+00
 0.251405227185915E+00
 0.248838519395990E+00
 0.245605319252121E+00
 0.241714251033562E+00
 0.237180772666850E+00
 0.232474060811319E+00
 0.227901023501996E+00
 0.223441145745581E+00
 0.219110992555709E+00
 0.214913479934210E+00
 0.210807613797879E+00
 0.206799126300024E+00
 0.202884057297161E+00
 0.199050878496466E+00
 0.195329047769903E+00
 0.191713563280780E+00
 0.188175812526478E+00
 0.184745399871377E+00
 0.181411905004047E+00
 0.178285307944256E+00
 0.175221573777240E+00
 0.172175443130912E+00
 0.169143767931892E+00
 0.166612277058021E+00
 0.163967133698378E+00
 0.161452847042248E+00
 0.162013102081308E+00
 0.163125369431383E+00
 0.164082881757427E+00
 0.164805697549800E+00
 0.165659026472270E+00
 0.166880246287536E+00
 0.169823225736399E+00
 0.172697176112436E+00
 0.175250155169780E+00
 0.178009538979414E+00
 0.180479931986531E+00
 0.182831639130421E+00
 0.185224513389246E+00
 0.187269159592920E+00
 0.189504842733719E+00
 0.191470320936515E+00
 0.193344641734792E+00
 0.195240640132161E+00
 0.196769253620653E+00
 0.198606660622719E+00
 0.200068510744341E+00
 0.201595208715910E+00
 0.203686300828629E+00
 0.205841405630853E+00
 0.207641107091441E+00
 0.209781300476659E+00
 0.211543501637190E+00
 0.213408959001709E+00
 0.215161065990395E+00
 0.216739551448432E+00
 0.218493481387242E+00
 0.219852574080946E+00
 0.221552907338081E+00
 0.222919928533819E+00
 0.224348095122332E+00
 0.225734625033433E+00
 0.226712819365174E+00
 0.227281278955691E+00
 0.227681841156414E+00
 0.228277292532612E+00
 0.228461093226527E+00
 0.228234722924181E+00
 0.227601106645692E+00
 0.226564595165494E+00
 0.225130943445834E+00
 0.223313931358444E+00
 0.221377676961510E+00
 0.219566006307230E+00
 0.217722264357334E+00
 0.215875784815828E+00
 0.214043715618816E+00
 0.212218062831883E+00
 0.210391682236167E+00
 0.208555042880756E+00
 0.206751583968485E+00
 0.204964946940635E+00
 0.203186121516594E+00
 0.201417949179177E+00
 0.199660898950751E+00
 0.197913359041742E+00
 0.196198165902216E+00
 0.194533428536019E+00
 0.192883940418630E+00
 0.191241712770644E+00
 0.189597039281846E+00
 0.187953002997320E+00
 0.186428457750416E+00
 0.184889606355594E+00
 0.188844167061560E+00
 0.200120173071060E+00
 0.211464352711930E+00
 0.222824054024591E+00
 0.234145611447054E+00
 0.245374576233175E+00
 0.256455961374992E+00
 0.267334484401802E+00
 0.277954800635243E+00
 0.288261735122483E+00
 0.298200527755432E+00
 0.307717095619990E+00
 0.316758297904491E+00
 0.325272179429518E+00
 0.333208179965051E+00
 0.340517320879756E+00
 0.347152397841562E+00
 0.353068202132636E+00
 0.358221767091617E+00
 0.362572611366165E+00
 0.366082947651689E+00
 0.368717846333059E+00
 0.370445369791351E+00
 0.371236703387593E+00
 0.371066296960052E+00
 0.369912009302838E+00
 0.367755237002194E+00
 0.364581016288446E+00
 0.360378102988682E+00
 0.355139044560144E+00
 0.351262149569539E+00
 0.347082509397151E+00
 0.341898149632066E+00
 0.336864465554097E+00
 0.332738340817813E+00
 0.327642790163257E+00
 0.323532649387589E+00
 0.319462941872500E+00
 0.314456676854374E+00
 0.311168832797241E+00
 0.307157585547747E+00
 0.302240427233781E+00
 0.296415267750092E+00
 0.289947898591311E+00
 0.285096699307448E+00
 0.279416679415879E+00
 0.273444638466224E+00
 0.267662616162487E+00
 0.262061230061817E+00
 0.256648609616835E+00
 0.251361184013885E+00
 0.246232414475025E+00
 0.241280153467155E+00
 0.236497802891426E+00
 0.231876897397651E+00
 0.227400093512708E+00
 0.223035423161157E+00
 0.218748479742257E+00
 0.214501734326772E+00
 0.210543537220012E+00
 0.206695230129431E+00
 0.214352311703575E+00
 0.235460133211140E+00
 0.256169593450725E+00
 0.276323010621596E+00
 0.295861639137116E+00
 0.314728807737250E+00
 0.332870144676026E+00
 0.350233790144717E+00
 0.366770589471914E+00
 0.382434275773620E+00
 0.397181653114967E+00
 0.410972777527857E+00
 0.423771117123604E+00
 0.435543671634483E+00
 0.446261050028917E+00
 0.455897527982209E+00
 0.464431114661459E+00
 0.471843642542118E+00
 0.478120866520294E+00
 0.483252540990220E+00
 0.487232449338144E+00
 0.490058384252839E+00
 0.491732100333510E+00
 0.492259265474101E+00
 0.491649422421865E+00
 0.489915950642843E+00
 0.487076008958351E+00
 0.483150447723702E+00
 0.478163694111785E+00
 0.472808122089346E+00
 0.468827249833819E+00
 0.463817748341362E+00
 0.457807026210449E+00
 0.452687963694462E+00
 0.447697392060774E+00
 0.441741411741154E+00
 0.437667874995858E+00
 0.432704142254263E+00
 0.427654766052386E+00
 0.423650731670096E+00
 0.418719761106822E+00
 0.412955617820962E+00
 0.408962969371782E+00
 0.404081751431221E+00
 0.398336944262436E+00
 0.391756278545148E+00
 0.384400276904310E+00
 0.376969641999493E+00
 0.369744769284490E+00
 0.362678702460549E+00
 0.355864029792387E+00
 0.349187939079462E+00
 0.342676918225398E+00
 0.336342212936044E+00
 0.330169399187496E+00
 0.324150059958907E+00
 0.318271989065151E+00
 0.312559902950375E+00
 0.306987959180276E+00
 0.301586572857122E+00
 0.296304467521380E+00
 0.291177346969934E+00
 0.286179163994813E+00
 0.281298536608344E+00
 0.276638137585621E+00
 0.271980127395668E+00
 0.268081722653140E+00
 0.265903251118228E+00
 0.263701045653125E+00
 0.261456579983480E+00
 0.259430036341235E+00
 0.257363995415776E+00
 0.255229397301001E+00
 0.253209427142427E+00
 0.251256949360621E+00
 0.249200535157987E+00
 0.247262082006698E+00
 0.245377304776064E+00
 0.243346440190499E+00
 0.241552573947976E+00
 0.239292273389868E+00
 0.236564471744389E+00
 0.233870121878977E+00
 0.231022806700262E+00
 0.230900217738599E+00
 0.234254837875936E+00
 0.237927426101309E+00
 0.241194577372841E+00
 0.244419442713647E+00
 0.247609924180351E+00
 0.250402299560026E+00
 0.253528209175319E+00
 0.256163585454957E+00
 0.258977271031429E+00
 0.261552703820275E+00
 0.263983707364096E+00
 0.266513402494925E+00
 0.268571603286898E+00
 0.271069812360724E+00
 0.273059639720809E+00
 0.275242273166437E+00
 0.277207802271467E+00
 0.279046589381185E+00
 0.281001752200585E+00
 0.282493629402218E+00
 0.284451924962627E+00
 0.285890501490065E+00
 0.287564115402151E+00
 0.289012851754044E+00
 0.289946068319993E+00
 0.290375435426913E+00
 0.290593924336484E+00
 0.291043019482318E+00
 0.290999268445729E+00
 0.290477155718349E+00
 0.299723764119228E+00
 0.311732942418399E+00
 0.323649271429931E+00
 0.335431270605075E+00
 0.347038449626805E+00
 0.358431831037429E+00
 0.369573993936001E+00
 0.380428671031675E+00
 0.390960052338812E+00
 0.401132047259800E+00
 0.410907809011483E+00
 0.420249784018886E+00
 0.429120384853724E+00
 0.437483141834141E+00
 0.445303980743169E+00
 0.452552217319911E+00
 0.459200984511223E+00
 0.465227043740975E+00
 0.470610157914601E+00
 0.475332332570841E+00
 0.479377237375776E+00
 0.482730025980108E+00
 0.485377620600516E+00
 0.487309367176552E+00
 0.488517847471655E+00
 0.488999593609058E+00
 0.488755495884637E+00
 0.487790801769371E+00
 0.486114733483424E+00
 0.483739866884717E+00
 0.480681484658535E+00
 0.476957114713578E+00
 0.472586379843217E+00
 0.467591145093616E+00
 0.461995820869317E+00
 0.455827628334615E+00
 0.449116676905910E+00
 0.441895800919668E+00
 0.434200193154436E+00
 0.426066923470292E+00
 0.417534445890690E+00
 0.408642191417581E+00
 0.399430316111577E+00
 0.389939617175885E+00
 0.380211555814373E+00
 0.370288270514531E+00
 0.360212461928853E+00
 0.350027083745981E+00
 0.339774855041830E+00
 0.329497683195735E+00
 0.319236127486262E+00
 0.309029027173765E+00
 0.298913358206947E+00
 0.288924284152454E+00
 0.279095274704112E+00
 0.269458136374858E+00
 0.260042859676891E+00
 0.250877299708976E+00
 0.241986799466338E+00
 0.233393884460687E+00
 0.225118108383628E+00
 0.217176059113717E+00
 0.209581483402779E+00
 0.202345465640013E+00
 0.195476590394956E+00
 0.188981025794042E+00
 0.182862491648784E+00
 0.177122122180872E+00
 0.171758280207416E+00
 0.166766404356137E+00
 0.162138963466504E+00
 0.157865560006295E+00
 0.153933180289023E+00
 0.150326545979939E+00
 0.147028494043490E+00
 0.144020317261416E+00
 0.142836949037958E+00
 0.144594985312640E+00
 0.145820835687382E+00
 0.146516943200373E+00
 0.146688132725032E+00
 0.147370236668151E+00
 0.147885275907072E+00
 0.147863358828950E+00
 0.147314188536736E+00
 0.146249468611726E+00
 0.144683022764648E+00
 0.142814875171150E+00
 0.141707903022741E+00
 0.140117469083984E+00
 0.138515066399630E+00
 0.137378280679261E+00
 0.135775806828079E+00
 0.134514581634089E+00
 0.133355326167304E+00
 0.131746586661786E+00
 0.130779133377019E+00
 0.129602432177020E+00
 0.129147152063906E+00
 0.129890277234570E+00
 0.130903402500656E+00
 0.131643723671565E+00
 0.132108600718860E+00
 0.132297291287141E+00
 0.132671448006016E+00
 0.132990578339657E+00
 0.133403498900118E+00
 0.133534182984598E+00
 0.133384262383911E+00
 0.133475795008177E+00
 0.133302374500261E+00
 0.132858974056433E+00
 0.132150431787072E+00
 0.131183017194983E+00
 0.129964376906674E+00
 0.128503394340035E+00
 0.126809999720218E+00
 0.124894996731158E+00
 0.122769962733039E+00
 0.121538097499671E+00
 0.120527218477610E+00
 0.119570531318776E+00
 0.118652892851848E+00
 0.117761161459773E+00
 0.116886319242380E+00
 0.116014152235469E+00
 0.115146857415784E+00
 0.114284136965059E+00
 0.113423712547851E+00
 0.112561836308487E+00
 0.111693584120105E+00
 0.110813278090265E+00
 0.109914630934721E+00
 0.109052471275076E+00
 0.108191623479581E+00
 0.107308053199368E+00
 0.106394188288481E+00
 0.105541742823830E+00
 0.104680129856156E+00
 0.103780355425438E+00
 0.102914739711710E+00
 0.102074875894258E+00
 0.101186175318907E+00
 0.100343008863385E+00
 0.995168234195748E-01
 0.986282969683049E-01
 0.978383673835685E-01
 0.970098222885944E-01
 0.964199209346873E-01
 0.957826683132047E-01
 0.949876588904550E-01
 0.943157886559539E-01
 0.935110019692361E-01
 0.926819861316846E-01
 0.918477407965489E-01
 0.908595220005296E-01
 0.897190782756432E-01
 0.884287331653434E-01
 0.869913795316359E-01
 0.854104699557995E-01
 0.836900035810080E-01
 0.820305022332820E-01
 0.803251267765860E-01
 0.784902378759564E-01
 0.765308714562985E-01
 0.744525370516169E-01
 0.722682540131001E-01
 0.702668891141284E-01
 0.681569705486012E-01
 0.659447573905234E-01
 0.644592491060971E-01
 0.633932102520775E-01
 0.623400815122596E-01
 0.613237975325570E-01
 0.603218968867968E-01
 0.596814107819401E-01
 0.591202609142540E-01
 0.585645293981446E-01
 0.580139981878543E-01
 0.574679007425407E-01
 0.569836701700291E-01
 0.565862810493391E-01
 0.561815010999850E-01
 0.557735342193954E-01
 0.553664225093013E-01
 0.549640059423087E-01
 0.545698840870475E-01
 0.541873833681411E-01
 0.538195336468965E-01
 0.534690582493062E-01
 0.531474305864212E-01
 0.528561987001945E-01
 0.525904270941064E-01
 0.523515113452390E-01
 0.521796312726527E-01
 0.520623479933149E-01
 0.519865882004957E-01
 0.519392102700000E-01
 0.519195858014259E-01
 0.519268780740644E-01
 0.519729254145945E-01
 0.520492681715460E-01
 0.521478761375878E-01
 0.522670641307200E-01
 0.524050721666858E-01
 0.525660831770685E-01
 0.527480709697475E-01
 0.529420598751907E-01
 0.531460640695260E-01
 0.533580672647133E-01
 0.535760547846638E-01
 0.537980565693154E-01
 0.540221829490179E-01
 0.542466400847257E-01
 0.544704663572851E-01
 0.546921188818168E-01
 0.549083481069584E-01
 0.551177381581748E-01
 0.553189688826327E-01
 0.555109998303878E-01
 0.556950804827498E-01
 0.558685204942628E-01
 0.560304619887660E-01
 0.561801917937835E-01
 0.563171565410339E-01
 0.564409662297064E-01
 0.565513781475520E-01
 0.566482633502785E-01
 0.567315691688296E-01
 0.568012957650077E-01
 0.568574983303364E-01
 0.569003121347644E-01
 0.569358367968071E-01
 0.569589723185476E-01
 0.569698269096333E-01
 0.569689101769216E-01
 0.569567779368081E-01
 0.569340393852536E-01
 0.569013653005577E-01
 0.568594906551814E-01
 0.568092098999188E-01
 0.567513659311839E-01
 0.566868329706730E-01
 0.566164928646772E-01
 0.565412078949115E-01
 0.564618000153624E-01
 0.563790493546957E-01
 0.562937172583058E-01
 0.562065830702905E-01
 0.561184706083137E-01
 0.560302418320514E-01
 0.559427532815106E-01
 0.558567941517145E-01
 0.557730373232719E-01
 0.556920278178987E-01
 0.556142120585036E-01
 0.555399899238200E-01
 0.554697623016060E-01
 0.554039528610487E-01
 0.553429979161192E-01
 0.552873127664021E-01
 0.552372500189773E-01
 0.551930645115434E-01
 0.551548945555297E-01
 0.551227644247922E-01
 0.550966090118709E-01
 0.550763160378094E-01
 0.550617730783387E-01
 0.550528999340137E-01
 0.550496488649487E-01
 0.550519695430482E-01
 0.550597560516492E-01
 0.550728060969464E-01
 0.550908169527589E-01
 0.551134207135637E-01
 0.551402380779096E-01
 0.551709212931683E-01
 0.552051676644459E-01
 0.552427052995088E-01
 0.552832673017002E-01
 0.553265712321559E-01
 0.553723110683072E-01
 0.554201592472575E-01
 0.554707657648929E-01
 0.555229272599418E-01
 0.555760340707411E-01
 0.556298195101792E-01
 0.556840525963483E-01
 0.557385312995277E-01
 0.557930788899350E-01
 0.558475400618315E-01
 0.559017726522967E-01
 0.559556370399144E-01
 0.560089916784946E-01
 0.560617021379241E-01
 0.561136614663128E-01
 0.561648086668462E-01
 0.562151294793560E-01
 0.562646339991029E-01
 0.563133230215447E-01
 0.563611659485853E-01
 0.564081071083736E-01
 0.564540968745351E-01
 0.564991244993929E-01
 0.565432274718923E-01
 0.565864700421310E-01
 0.566289067812180E-01
 0.566705565076988E-01
 0.567114010247427E-01
 0.567514032479114E-01
 0.567905281606019E-01
 0.568287548294810E-01
 0.568660799211564E-01
 0.569025191083704E-01
 0.569381080248620E-01
 0.569728971371448E-01
 0.570069355841118E-01
 0.570402488496182E-01
 0.570728246312615E-01
 0.571046200783486E-01
 0.571355905778671E-01
 0.571657247617722E-01
 0.571950642432929E-01
 0.572236949077771E-01
 0.572517142393360E-01
 0.572791944333156E-01
 0.573061635188265E-01
 0.573326144897022E-01
 0.573585339715420E-01
 0.573839304559445E-01
 0.574088455675376E-01
 0.574333462614924E-01
 0.574575087551305E-01
 0.574814064537384E-01
 0.575051055689501E-01
 0.575286638872817E-01
 0.575521283170432E-01
 0.575755331938261E-01
 0.575989047926950E-01
 0.576222729381460E-01
 0.576456826446033E-01
 0.576691963760494E-01
 0.576928840732045E-01
 0.577168076432266E-01
 0.577410104724609E-01
 0.577655179328459E-01
 0.577903466281833E-01
 0.578155149861144E-01
 0.578410484494506E-01
 0.578669770380243E-01
 0.578933280398224E-01
 0.579201194606066E-01
 0.579473590999470E-01
 0.579750497526178E-01
 0.580031958090712E-01
 0.580318050367213E-01
 0.580608837478408E-01
 0.580904302114182E-01
 0.581204331466783E-01
 0.581508767939210E-01
 0.581817468835200E-01
 0.582130310329760E-01
 0.582447140626887E-01
 0.582767755190425E-01
 0.583091947785149E-01
 0.583419596738854E-01
 0.583750682297475E-01
 0.584085181753484E-01
 0.584422914812944E-01
 0.584763483363140E-01
 0.585106384208233E-01
 0.585451223700660E-01
 0.585797867711876E-01
 0.586146406541531E-01
 0.586496960149241E-01
 0.586849470659859E-01
 0.587203633068544E-01
 0.587559007096538E-01
 0.587915219031762E-01
 0.588272099428658E-01
 0.588629656133601E-01
 0.588987915788862E-01
 0.589346778560055E-01
 0.589706020849875E-01
 0.590065442438515E-01
 0.590425004675881E-01
 0.590784796738842E-01
 0.591144831187194E-01
 0.591504861612762E-01
 0.591864431908556E-01
 0.592223161842107E-01
 0.592581030958872E-01
 0.592938389703570E-01
 0.593295658364773E-01
 0.593652960503287E-01
 0.594010002709778E-01
 0.594366292760186E-01
 0.594721494046955E-01
 0.595075617811988E-01
 0.595428925966308E-01
 0.595781675024129E-01
 0.596133939592689E-01
 0.596485642501797E-01
 0.596836719665895E-01
 0.597187242536486E-01
 0.597537379607405E-01
 0.597887229731181E-01
 0.598236676990846E-01
 0.598585413667316E-01
 0.598933154450586E-01
 0.599279903492285E-01
 0.599626059043809E-01
 0.599972231410730E-01
 0.600318867453416E-01
 0.600665951134100E-01
 0.601013017996227E-01
 0.601359482048528E-01
 0.601705023610321E-01
 0.602049750819531E-01
 0.602394057265200E-01
 0.602738352056346E-01
 0.603082899499928E-01
 0.603427838209452E-01
 0.603773248389604E-01
 0.604119115020437E-01
 0.604465203507385E-01
 0.604811026796252E-01
 0.605156048758440E-01
 0.605500051728860E-01
 0.605843399765950E-01
 0.606186948029689E-01
 0.606531588863580E-01
 0.606877703191847E-01
 0.607224884572957E-01
 0.607572140573264E-01
 0.607918460903180E-01
 0.608263393736958E-01
 0.608607267854581E-01
 0.608950944490509E-01
 0.609295299808060E-01
 0.609640790713276E-01
 0.609987339162346E-01
 0.610334502616712E-01
 0.610681719307216E-01
 0.611028463184123E-01
 0.611374323425807E-01
 0.611719119951470E-01
 0.612063069996744E-01
 0.612406850051047E-01
 0.612751373230850E-01
 0.613097304084573E-01
 0.613444596459947E-01
 0.613792407793781E-01
 0.614139516735018E-01
 0.614485013241228E-01
 0.614828823229910E-01
 0.615171733733911E-01
 0.615514916560846E-01
 0.615859265904114E-01
 0.616204955965997E-01
 0.616551448535539E-01
 0.616897877900851E-01
 0.617243523453616E-01
 0.617588085543343E-01
 0.617931675519081E-01
 0.618274643583375E-01
 0.618617426326042E-01
 0.618960478068460E-01
 0.619304203135390E-01
 0.619648798579756E-01
 0.619994062389996E-01
 0.620339356219700E-01
 0.620683859995520E-01
 0.621027027090578E-01
 0.621368944770333E-01
 0.621710327351924E-01
 0.622052120749316E-01
 0.622394973231351E-01
 0.622738908492396E-01
 0.623083377402999E-01
 0.623427608188760E-01
 0.623771011745514E-01
 0.624113416279475E-01
 0.624455052204393E-01
 0.624796365039975E-01
 0.625137803752694E-01
 0.625479690355548E-01
 0.625822176450700E-01
 0.626165225519794E-01
 0.626508585528297E-01
 0.626851801352893E-01
 0.627194352989332E-01
 0.627535919495531E-01
 0.627876618754564E-01
 0.628217017405037E-01
 0.628557840800391E-01
 0.628899550231356E-01
 0.629242080550957E-01
 0.629584916974241E-01
