 0.000000000000000E+00
 0.000000000000000E+00
 0.000000000000000E+00
 0.000000000000000E+00
 0.000000000000000E+00
 0.000000000000000E+00
 0.000000000000000E+00
 0.000000000000000E+00
 0.000000000000000E+00
 0.000000000000000E+00
 0.000000000000000E+00
 0.000000000000000E+00
 0.000000000000000E+00
 0.000000000000000E+00
 0.000000000000000E+00
 0.000000000000000E+00
 0.000000000000000E+00
 0.000000000000000E+00
 0.000000000000000E+00
 0.000000000000000E+00
 0.000000000000000E+00
 0.000000000000000E+00
 0.000000000000000E+00
 0.000000000000000E+00
 0.000000000000000E+00
 0.000000000000000E+00
 0.000000000000000E+00
 0.000000000000000E+00
 0.153723969491457E-47
 0.156554638918483E-44
 0.560382570516488E-30
 0.215969385944873E-28
 0.405411819261933E-27
 0.515215733347367E-26
 0.504160601638020E-25
 0.407313841891158E-24
 0.330235920525768E-23
 0.231613539387754E-22
 0.143037899497282E-21
 0.795121358971876E-21
 0.452437680381443E-20
 0.236673824450114E-19
 0.114422914624195E-18
 0.515424414305565E-18
 0.221125759525101E-17
 0.934474099228869E-17
 0.369386182225340E-16
 0.137211970824825E-15
 0.480801710063155E-15
 0.159444417250647E-14
 0.501808383470213E-14
 0.153976384671414E-13
 0.454925567644024E-13
 0.128030844579028E-12
 0.344012880716130E-12
 0.884364694245721E-12
 0.217930778553771E-11
 0.515704049779936E-11
 0.117375518419148E-10
 0.263477116833226E-10
 0.571181055151898E-10
 0.119378384372622E-09
 0.240851535724646E-09
 0.469612597798801E-09
 0.903702974071148E-09
 0.168552097184907E-08
 0.304282677271792E-08
 0.532104752062044E-08
 0.901951441662768E-08
 0.148517323644776E-07
 0.241805623839481E-07
 0.381751215192382E-07
 0.584568130705400E-07
 0.885150073597088E-07
 0.130077844106948E-06
 0.185279423776412E-06
 0.262800232902619E-06
 0.380438398299755E-06
 0.534482637679530E-06
 0.740886340749867E-06
 0.998997929073410E-06
 0.133070444511242E-05
 0.171789326653703E-05
 0.214531945278400E-05
 0.264621470069851E-05
 0.322248106098109E-05
 0.377682232737890E-05
 0.435439741695328E-05
 0.499995105535708E-05
 0.554147634248335E-05
 0.612685758781904E-05
 0.660605555083712E-05
 0.707542398249016E-05
 0.750684480987773E-05
 0.792695330904443E-05
 0.845974574720564E-05
 0.897396218747465E-05
 0.941971833252306E-05
 0.982544533160924E-05
 0.103533101303483E-04
 0.116918474253900E-04
 0.130855950924527E-04
 0.142510972053871E-04
 0.153318242573441E-04
 0.163039542357157E-04
 0.173417684803701E-04
 0.186782350279050E-04
 0.199134490934277E-04
 0.210207719684673E-04
 0.218803095729828E-04
 0.227392270678864E-04
 0.233389616614068E-04
 0.240621148392828E-04
 0.246081383221535E-04
 0.250926061627812E-04
 0.254723855011148E-04
 0.257012573857705E-04
 0.257693454207877E-04
 0.256564417942235E-04
 0.258764599219878E-04
 0.259759466099695E-04
 0.260036648503453E-04
 0.256772181393713E-04
 0.255727728875073E-04
 0.254957800717236E-04
 0.252611100617255E-04
 0.249382074051488E-04
 0.248405863672675E-04
 0.244923122184506E-04
 0.243060318418018E-04
 0.239094016425932E-04
 0.238212137822085E-04
 0.235989891806584E-04
 0.232737574366197E-04
 0.229693872295285E-04
 0.227002039149729E-04
 0.225601685087467E-04
 0.222556305826924E-04
 0.220805067508785E-04
 0.216762521699815E-04
 0.215253204320278E-04
 0.213167806763229E-04
 0.208595826834143E-04
 0.205739900086241E-04
 0.202794711440976E-04
 0.197333823572028E-04
 0.193682717596179E-04
 0.190036928313896E-04
 0.183571377234027E-04
 0.180327383932215E-04
 0.175783342787598E-04
 0.170489201628884E-04
 0.166231207613616E-04
 0.163811170364363E-04
 0.160816382592561E-04
 0.161814335759399E-04
 0.160193135036190E-04
 0.155707653727851E-04
 0.154553523715252E-04
 0.153765004259466E-04
 0.152538208487934E-04
 0.151682599650233E-04
 0.151729807209547E-04
 0.149083065316612E-04
 0.149565098426963E-04
 0.149009813173917E-04
 0.146881260312125E-04
 0.144810068142190E-04
 0.145749631024698E-04
 0.147857396919423E-04
 0.146341190254848E-04
 0.157800851850107E-04
 0.149221848779652E-04
 0.167488011777916E-04
 0.165794492088690E-04
 0.175496188316818E-04
 0.171175843801748E-04
 0.183519165436107E-04
 0.189252976801364E-04
 0.201517143752839E-04
 0.199095908386206E-04
 0.210363038153390E-04
 0.230772961287092E-04
 0.214701295872484E-04
 0.217329585430401E-04
 0.211954455266488E-04
 0.245159341228222E-04
 0.230046359552200E-04
 0.235078509920491E-04
 0.226606723509624E-04
 0.266736779125911E-04
 0.240141990842937E-04
 0.260785402771623E-04
 0.240227602883644E-04
 0.265717594864038E-04
 0.267122282972043E-04
 0.274109212441731E-04
 0.281419584864711E-04
 0.268091883413351E-04
 0.283660515755141E-04
 0.272101277359202E-04
 0.301975689557195E-04
 0.282439793513473E-04
 0.293960314795539E-04
 0.289459757284889E-04
 0.308479589514692E-04
 0.299609426317929E-04
 0.287195410444145E-04
 0.322841128006774E-04
 0.315851884352578E-04
 0.316441376694964E-04
 0.324578835723513E-04
 0.341469408740961E-04
 0.348796944884498E-04
 0.337576821993024E-04
 0.402358156626123E-04
 0.368615585567403E-04
 0.394634001196409E-04
 0.352786111839783E-04
 0.393339284266929E-04
 0.357887349948171E-04
 0.389758053122426E-04
 0.371450113393481E-04
 0.356140363338206E-04
 0.382975176697051E-04
 0.388536712606468E-04
 0.354810402827615E-04
 0.349208937304671E-04
 0.385762144994284E-04
 0.343547425931279E-04
 0.396332150343656E-04
 0.347168425307589E-04
 0.371326164555686E-04
 0.349815581277950E-04
 0.362447207070519E-04
 0.339956814693909E-04
 0.380902328883571E-04
 0.336417708582994E-04
 0.358678619212330E-04
 0.356025206966556E-04
 0.338290209364347E-04
 0.351800788993676E-04
 0.343485287208246E-04
 0.352131388625933E-04
 0.332147843029865E-04
 0.341058433567204E-04
 0.319190122122000E-04
 0.357811108944540E-04
 0.314845258076882E-04
 0.343023947882442E-04
 0.323704943336987E-04
 0.335377411958168E-04
 0.323570165539092E-04
 0.310723208731866E-04
 0.302008247168639E-04
 0.293519088794721E-04
 0.311797951070404E-04
 0.240585354217385E-04
 0.289226659639132E-04
 0.266070777151040E-04
 0.225149643850803E-04
 0.236900804134072E-04
 0.228558778086206E-04
 0.202184712266253E-04
 0.192188427540416E-04
 0.201819245497278E-04
 0.194223249496198E-04
 0.183754014046440E-04
 0.206552588611010E-04
 0.186931486398589E-04
 0.187552004812596E-04
 0.175108036684017E-04
 0.193627856270203E-04
 0.181591532432216E-04
 0.199434799636219E-04
 0.184618191110089E-04
 0.178482737837108E-04
 0.191938634841490E-04
 0.163330934094644E-04
 0.191165032802661E-04
 0.166565285868505E-04
 0.159538730568926E-04
 0.141683666475508E-04
 0.166534490511429E-04
 0.142510369180311E-04
 0.131166153420302E-04
 0.129399701268602E-04
 0.112392864169640E-04
 0.108851137964311E-04
 0.121444608130557E-04
 0.106981151096723E-04
 0.111451350672146E-04
 0.110582084717826E-04
 0.109733625052117E-04
 0.104013840946671E-04
 0.117456801626199E-04
 0.114140915970238E-04
 0.107819818602857E-04
 0.118738611697630E-04
 0.102403980015083E-04
 0.119158539800143E-04
 0.103835462741085E-04
 0.109108348047049E-04
 0.955172389453388E-05
 0.114736415307098E-04
 0.110117832983536E-04
 0.120712646642085E-04
 0.106698226088070E-04
 0.101021758722159E-04
 0.101148474798866E-04
 0.107834096154689E-04
 0.109899662969462E-04
 0.109676582382808E-04
 0.107946250116588E-04
 0.899810276274695E-05
 0.107578559285665E-04
 0.941962574362297E-05
 0.889686740371519E-05
 0.982244115821178E-05
 0.908842864117329E-05
 0.732944690062983E-05
 0.741205760128853E-05
 0.663341943355383E-05
 0.719650850668509E-05
 0.669460219860126E-05
 0.756798013094161E-05
 0.637488897157047E-05
 0.664587261599727E-05
 0.623492371863547E-05
 0.654114398141742E-05
 0.617622847139623E-05
 0.611712174946501E-05
 0.607506103217026E-05
 0.591375076067311E-05
 0.621286629918671E-05
 0.568174749719597E-05
 0.618117533928986E-05
 0.577770116381006E-05
 0.574527739803161E-05
 0.538710642881977E-05
 0.646338481260810E-05
 0.562937000050216E-05
 0.616871204260786E-05
 0.569367843384330E-05
 0.571301227740219E-05
 0.559936715105702E-05
 0.592167819585730E-05
 0.573293272771787E-05
 0.626015981095381E-05
 0.568749938081943E-05
 0.572779129623648E-05
 0.561505581066299E-05
 0.569134630786816E-05
 0.590780457332093E-05
 0.592472364916758E-05
 0.594614959486936E-05
 0.558405157205637E-05
 0.574120923638340E-05
 0.584371737827026E-05
 0.642150007236638E-05
 0.596735086542560E-05
 0.586890802394743E-05
 0.636551297858977E-05
 0.590286547482449E-05
 0.552649096269859E-05
 0.500063214074053E-05
 0.558280165702936E-05
 0.489585444904587E-05
 0.498864495839654E-05
 0.450430945066710E-05
 0.501875091657683E-05
 0.457039446977498E-05
 0.519135467650750E-05
 0.451898921103812E-05
 0.490478854419774E-05
 0.437696260722914E-05
 0.501378765483261E-05
 0.424570676383330E-05
 0.486489252002483E-05
 0.428810580978539E-05
 0.497497984762515E-05
 0.424115367745541E-05
 0.446901341022916E-05
 0.449791129056349E-05
 0.452893462799130E-05
 0.457921736876203E-05
 0.419468182925252E-05
 0.430498265655456E-05
 0.401195045929415E-05
 0.449752259207711E-05
 0.474320145021517E-05
 0.482810462875309E-05
 0.423444043630865E-05
 0.376028316577535E-05
 0.388125695727507E-05
 0.371350998286442E-05
 0.352769224706693E-05
 0.369352955241980E-05
 0.368468729617446E-05
 0.354936469768567E-05
 0.358985955004134E-05
 0.338065617828244E-05
 0.343196864205350E-05
 0.309792381670551E-05
 0.358876924557784E-05
 0.325404336771056E-05
 0.374225863868375E-05
 0.336363296180747E-05
 0.351172485301648E-05
 0.342916613353995E-05
 0.355082375764747E-05
 0.345637833005374E-05
 0.335966749988814E-05
 0.332359086672495E-05
 0.306553173667664E-05
 0.333596439886748E-05
 0.322263108101520E-05
 0.326518008778474E-05
 0.316558421261511E-05
 0.330985875987805E-05
 0.356328393606674E-05
 0.365081167553267E-05
 0.324917510121278E-05
 0.359373696110782E-05
 0.323252655870400E-05
 0.372566359149742E-05
 0.309701524751716E-05
 0.334132061436671E-05
 0.336837311855585E-05
 0.305319654987681E-05
 0.359942513085983E-05
 0.312888505395691E-05
 0.322162265305107E-05
 0.313664256425062E-05
 0.309751462672445E-05
 0.316717693415222E-05
 0.293714603684255E-05
 0.301755863808922E-05
 0.285799905414369E-05
 0.294580743080968E-05
 0.306645809476031E-05
 0.287800728368419E-05
 0.288716853087432E-05
 0.291752157946021E-05
 0.293858561511994E-05
 0.293895596775834E-05
 0.302202319425289E-05
 0.297197120007840E-05
 0.287675846620878E-05
 0.303382142019816E-05
 0.288988215201185E-05
 0.293659294710022E-05
 0.281679610696929E-05
 0.280705108889289E-05
 0.275626759894353E-05
 0.273552584241425E-05
 0.258761762756739E-05
 0.264547293048092E-05
 0.269114631083734E-05
 0.270968650886153E-05
 0.279305094140246E-05
 0.265777931098532E-05
 0.275545270618865E-05
 0.241505165343411E-05
 0.250628155312087E-05
 0.234754842366799E-05
 0.242393135773736E-05
 0.238141522939807E-05
 0.240689815389250E-05
 0.240594555584764E-05
 0.223540472086767E-05
 0.249973338920274E-05
 0.241433627616200E-05
 0.224111081008600E-05
 0.244580722856256E-05
 0.257059320550070E-05
 0.229527121960786E-05
 0.254045411313893E-05
 0.245077586186706E-05
 0.245082758790372E-05
 0.249569139581052E-05
 0.264199876945039E-05
 0.257533812284108E-05
 0.259389002069361E-05
 0.271196500169788E-05
 0.261305264101104E-05
 0.288433477110441E-05
 0.271071667333290E-05
 0.271948048343602E-05
 0.265845806830346E-05
 0.264777596444759E-05
 0.250335150167114E-05
 0.263293400748091E-05
 0.254394884587717E-05
 0.260079127247370E-05
 0.248785635038217E-05
 0.242510439766936E-05
 0.223730526638146E-05
 0.240091693867982E-05
 0.240694703245093E-05
 0.235574058360124E-05
 0.228950062506292E-05
 0.219207227342764E-05
 0.218198848062549E-05
 0.215886116076463E-05
 0.206526024879015E-05
 0.225668826463869E-05
 0.201172267498964E-05
 0.217485658956088E-05
 0.202979646750860E-05
 0.218243815281784E-05
 0.205595631093961E-05
 0.218111709343570E-05
 0.207910343917775E-05
 0.203589007167466E-05
 0.201238649802835E-05
 0.215540355078737E-05
 0.205873814751952E-05
 0.217922854796803E-05
 0.229631767163772E-05
 0.209000482038128E-05
 0.225742576954935E-05
 0.234853632425946E-05
 0.209178274745163E-05
 0.230450463167765E-05
 0.241246154470944E-05
 0.213914022635011E-05
 0.231733536447968E-05
 0.233200625705612E-05
 0.210354034639104E-05
 0.223770268020704E-05
 0.233515874191803E-05
 0.226917970531609E-05
 0.227123585308176E-05
 0.226217883860805E-05
 0.229322834286881E-05
 0.228656787826519E-05
 0.225987441771529E-05
 0.228905807571368E-05
 0.228970556656302E-05
 0.230338541462021E-05
 0.238573213946437E-05
 0.233104177637171E-05
 0.228600587219771E-05
 0.242669061495470E-05
 0.223586945617813E-05
 0.230384647529664E-05
 0.240489771068247E-05
 0.221581454337166E-05
 0.229471202591543E-05
 0.240737240641525E-05
 0.209397858820896E-05
 0.231446134170742E-05
 0.197181247461961E-05
 0.201462788789644E-05
 0.180807156959932E-05
 0.179864775279862E-05
 0.183751060413778E-05
 0.171014607120711E-05
 0.182168025767058E-05
 0.183781945447692E-05
 0.179885251592515E-05
 0.179895229493991E-05
 0.181928532454196E-05
 0.188889674613616E-05
 0.175244829214347E-05
 0.172929144500609E-05
 0.186907818191445E-05
 0.172593845421765E-05
 0.181888925680475E-05
 0.201755634140884E-05
 0.187846214410906E-05
 0.188942145075026E-05
 0.207653830366270E-05
 0.199276166947426E-05
 0.203032632994774E-05
 0.217162969905214E-05
 0.204591218794332E-05
 0.203799863069185E-05
 0.222701398007161E-05
 0.211778180795863E-05
 0.205181223607334E-05
 0.235592471371275E-05
 0.206217914787942E-05
 0.204751290046051E-05
 0.209375127808156E-05
 0.208934299544968E-05
 0.193583048998635E-05
 0.216978173454312E-05
 0.200976847323191E-05
 0.192944817139284E-05
 0.204071097946994E-05
 0.195901577487114E-05
 0.186717718230232E-05
 0.198750256151271E-05
 0.186935901517425E-05
 0.184631258824190E-05
 0.186576879677168E-05
 0.172792181052197E-05
 0.182086233196490E-05
 0.182568753192851E-05
 0.179472950602105E-05
 0.184217296348265E-05
 0.169189768890948E-05
 0.167095402536820E-05
 0.174740403391679E-05
 0.179037505941134E-05
 0.171236120022665E-05
 0.162355407442139E-05
 0.149004225324845E-05
 0.169645811478391E-05
 0.163364044207843E-05
 0.175224636587525E-05
 0.159312089104114E-05
 0.173875924036521E-05
 0.183812169654728E-05
 0.160917541909013E-05
 0.181465849193834E-05
 0.196216822921873E-05
 0.172932303778438E-05
 0.188203673096475E-05
 0.201150151686218E-05
 0.180697702286492E-05
 0.190978505738073E-05
 0.206172930808614E-05
 0.186683272351735E-05
 0.192143161730389E-05
 0.206922541316516E-05
 0.188369368016136E-05
 0.197122127638365E-05
 0.206035390221046E-05
 0.191466085673141E-05
 0.196362266764175E-05
 0.210262928341227E-05
 0.180305904216167E-05
 0.189709720068135E-05
 0.197772066712046E-05
 0.173764363708068E-05
 0.182156101257109E-05
 0.176534092721262E-05
 0.159699244326157E-05
 0.171122881341483E-05
 0.170153584951692E-05
 0.161921482088194E-05
 0.168022436992760E-05
 0.148394297571663E-05
 0.161068092924071E-05
 0.154086003896825E-05
 0.143470586845884E-05
 0.155596313578305E-05
 0.144175742022686E-05
 0.145005389030778E-05
 0.149390152015941E-05
 0.154400270012026E-05
 0.152212894829225E-05
 0.149241635982529E-05
 0.174875937166007E-05
 0.175229261480660E-05
 0.169197693026703E-05
 0.185828945339987E-05
 0.190515794548359E-05
 0.190616539111747E-05
 0.193837720349312E-05
 0.205294547274431E-05
 0.197177769378182E-05
 0.207937165309860E-05
 0.214759612634204E-05
 0.197294240003646E-05
 0.214061313698393E-05
 0.215981862343153E-05
 0.204889887148447E-05
 0.211711046180478E-05
 0.216919423352354E-05
 0.203696411678823E-05
 0.211969235853361E-05
 0.212479303474777E-05
 0.205776821958332E-05
 0.205545173684513E-05
 0.214186140438344E-05
 0.198007381907385E-05
 0.203515503975995E-05
 0.195671191859323E-05
 0.189489528298296E-05
 0.193800542578703E-05
 0.182953262800662E-05
 0.180249570174465E-05
 0.181154081951508E-05
 0.174571673214292E-05
 0.175528058195428E-05
 0.165024011377040E-05
 0.161935775250872E-05
 0.165885187090258E-05
 0.150905385018511E-05
 0.151011328197641E-05
 0.156121065594134E-05
 0.136711595306310E-05
 0.138980803008449E-05
 0.144916915756743E-05
 0.133970896081579E-05
 0.136740454509774E-05
 0.130567544038641E-05
 0.145505937205648E-05
 0.152784573333656E-05
 0.150455771361270E-05
 0.168791145177995E-05
 0.176068615106942E-05
 0.173206030257590E-05
 0.190436139160984E-05
 0.193547230500374E-05
 0.189700814874662E-05
 0.206537397703352E-05
 0.205872390460163E-05
 0.211994680308372E-05
 0.215459342212365E-05
 0.217192528310712E-05
 0.216064291781878E-05
 0.215752326653538E-05
 0.217497444148421E-05
 0.222764274289188E-05
 0.217407897939184E-05
 0.212482039556300E-05
 0.220091285014082E-05
 0.218274801646036E-05
 0.208890597032855E-05
 0.216853229692337E-05
 0.215728897764884E-05
 0.197670012944656E-05
 0.210787827959722E-05
 0.207601192923741E-05
 0.189533039083690E-05
 0.196076587368500E-05
 0.197168554227118E-05
 0.183905145063098E-05
 0.187921060273426E-05
 0.180648797570569E-05
 0.182368354499866E-05
 0.179604666457476E-05
 0.161354350592076E-05
 0.171268158306027E-05
 0.169323912348177E-05
 0.158214590232863E-05
 0.161241948898091E-05
 0.153681577274865E-05
 0.151410286923304E-05
 0.144138994097601E-05
 0.135393183310566E-05
 0.146272646439564E-05
 0.128556777059598E-05
 0.122039532665000E-05
 0.130770180086007E-05
 0.128958043579676E-05
 0.126131263373766E-05
 0.135948996179361E-05
 0.139026536953860E-05
 0.155485480803083E-05
 0.151977158563266E-05
 0.157467822562432E-05
 0.174719354541162E-05
 0.165798927688832E-05
 0.166802770765364E-05
 0.191849883400528E-05
 0.177937305303326E-05
 0.176333111449027E-05
 0.202101610653890E-05
 0.190605175040942E-05
 0.177670266119913E-05
 0.207486141050168E-05
 0.193779559300170E-05
 0.182509362118115E-05
 0.204312922356654E-05
 0.195426222713418E-05
 0.186217289343648E-05
 0.198590912424799E-05
 0.195873183874690E-05
 0.181306214215569E-05
 0.190139681480946E-05
 0.182560205180449E-05
 0.176111839932555E-05
 0.181556651841052E-05
 0.168402441386241E-05
 0.176605299454860E-05
 0.172487021143176E-05
 0.154439494277405E-05
 0.170698192419946E-05
 0.168381900698247E-05
 0.163216574900291E-05
 0.166914131059821E-05
 0.157095542301721E-05
 0.165994234687247E-05
 0.156935988785678E-05
 0.143959593190619E-05
 0.153100769528435E-05
 0.140610704552792E-05
 0.128466700357058E-05
 0.141284394683718E-05
 0.125348889461847E-05
 0.115543160921954E-05
 0.135825580636563E-05
 0.122117970208841E-05
 0.128136726723279E-05
 0.115866414636719E-05
 0.138043654414991E-05
 0.150275858812405E-05
 0.126852942594505E-05
 0.153437896682086E-05
 0.171006166304889E-05
 0.148449063340982E-05
 0.159487359789866E-05
 0.181139618304058E-05
 0.162431734177997E-05
 0.166050771919359E-05
 0.188101514872763E-05
 0.173214022928307E-05
 0.166461401474063E-05
 0.189902525157548E-05
 0.176588837516681E-05
 0.174176042463801E-05
 0.182164312522734E-05
 0.168808673882895E-05
 0.172945567933079E-05
 0.176107629357459E-05
 0.161412580509076E-05
 0.175223667895402E-05
 0.165461871909991E-05
 0.153429781675314E-05
 0.168263037276630E-05
 0.155780400170318E-05
 0.154967115683266E-05
 0.161415593651157E-05
 0.148804713432306E-05
 0.154543763021563E-05
 0.153067896293178E-05
 0.137440782698221E-05
 0.154386290437715E-05
 0.136473347953052E-05
 0.127752630502652E-05
 0.154072185393893E-05
 0.129118061230637E-05
 0.119039135500850E-05
 0.145490120521636E-05
 0.132393013250280E-05
 0.128988801848327E-05
 0.135863383190626E-05
 0.125241522118346E-05
 0.125422895165308E-05
 0.123551372420648E-05
 0.138345454646209E-05
 0.147170188267932E-05
 0.141149110367374E-05
 0.151187266478731E-05
 0.162288242691752E-05
 0.153302990492963E-05
 0.164496547508268E-05
 0.171765246892922E-05
 0.160653618994037E-05
 0.160661679348513E-05
 0.173018257116096E-05
 0.166501843143190E-05
 0.165071724024856E-05
 0.176678170778540E-05
 0.171700090084873E-05
 0.158974509294496E-05
 0.168076867102446E-05
 0.160295523166653E-05
 0.158104757891926E-05
 0.166482941281644E-05
 0.156497689840886E-05
 0.158386766270885E-05
 0.158094359928595E-05
 0.163141772550767E-05
 0.157841056493613E-05
 0.151593377650458E-05
 0.159516597622531E-05
 0.150668200924942E-05
 0.146542944216217E-05
 0.162825074989775E-05
 0.139920679412601E-05
 0.141561053744070E-05
 0.163042301461981E-05
 0.132257526372215E-05
 0.130849760399935E-05
 0.148720125040413E-05
 0.124042093715809E-05
 0.119985929826676E-05
 0.134016421960647E-05
 0.120104412468708E-05
 0.115631944461154E-05
 0.121616335193631E-05
 0.119561921340222E-05
 0.124983896987060E-05
 0.118536719638294E-05
 0.140748519392206E-05
 0.132762555765609E-05
 0.133452444859874E-05
 0.159051768862088E-05
 0.153452669406191E-05
 0.146228469938149E-05
 0.171395836140888E-05
 0.167259185780598E-05
 0.161805225403260E-05
 0.179866311216137E-05
 0.174286471225041E-05
 0.165588891341974E-05
 0.176755741202000E-05
 0.174078709329363E-05
 0.166354722856150E-05
 0.174168900489230E-05
 0.172498651248447E-05
 0.168353452434758E-05
 0.172155390356212E-05
 0.162236377135758E-05
 0.172075471405261E-05
 0.166350255309145E-05
 0.156483738217628E-05
 0.168544415736962E-05
 0.164572822536101E-05
 0.157913284375998E-05
 0.163989475891039E-05
 0.155947342093436E-05
 0.157478215414570E-05
 0.157323108201734E-05
 0.152069894422455E-05
 0.150072153845174E-05
 0.152540202815341E-05
 0.145314519412833E-05
 0.142806193760385E-05
 0.149042539691387E-05
 0.137894558577529E-05
 0.132525912569416E-05
 0.141610620076517E-05
 0.123227319593732E-05
 0.123865101580780E-05
 0.129854068202563E-05
 0.117057430545026E-05
 0.117077808026832E-05
 0.113132009052723E-05
 0.113250431352600E-05
 0.119140264428690E-05
 0.119097438714747E-05
 0.128445822586378E-05
 0.138175753300500E-05
 0.137758288477120E-05
 0.144607539462065E-05
 0.153106525828136E-05
 0.152952810330319E-05
 0.151992518662888E-05
 0.162031389330272E-05
 0.163121140984743E-05
 0.164013959200700E-05
 0.170710723419814E-05
 0.169633433838198E-05
 0.165508196928531E-05
 0.172490288264901E-05
 0.170159633829681E-05
 0.166116633827906E-05
 0.175625113075036E-05
 0.176154898614077E-05
 0.162929247033556E-05
 0.171358079235739E-05
 0.173908046965003E-05
 0.161902143058271E-05
 0.172021845756020E-05
 0.172253338632552E-05
 0.154128522655075E-05
 0.209307003567943E-05
 0.444926355440933E-05
 0.829999035060423E-05
 0.140435108454135E-04
 0.220383766314789E-04
 0.325940244758353E-04
 0.459751862422849E-04
 0.624119952456373E-04
 0.821064325147621E-04
 0.105228765959974E-03
 0.132084154852534E-03
 0.162844890404176E-03
 0.197418944490360E-03
 0.235741064072357E-03
 0.277674485940550E-03
 0.323038923287404E-03
 0.371646870914816E-03
 0.423338767225808E-03
 0.478008724320670E-03
 0.535617035740585E-03
 0.596191501586509E-03
 0.659824084894869E-03
 0.726670439469761E-03
 0.796957031073828E-03
 0.870995471926264E-03
 0.949199026099847E-03
 0.103209444120880E-02
 0.112032411798603E-02
 0.121463791903711E-02
 0.131587816322847E-02
 0.142496330117474E-02
 0.154287466557736E-02
 0.167064755954025E-02
 0.180936476387404E-02
 0.196014895723501E-02
 0.212415100065751E-02
 0.230253282538027E-02
 0.249644560498854E-02
 0.270700511210695E-02
 0.293526640968952E-02
 0.318219956824921E-02
 0.344866738029267E-02
 0.373540542805896E-02
 0.404300452338583E-02
 0.437189549295502E-02
 0.472233649243792E-02
 0.509440346697758E-02
 0.548798490151243E-02
 0.590278223699549E-02
 0.633831671936817E-02
 0.679394176751487E-02
 0.726885779572166E-02
 0.776212513135942E-02
 0.827267135076199E-02
 0.879929188321923E-02
 0.934064561897259E-02
 0.989524879292211E-02
 0.104614700492443E-01
 0.110375282309696E-01
 0.116214934125380E-01
 0.122112914907127E-01
 0.128047127085082E-01
 0.133994241032753E-01
 0.139929850825143E-01
 0.145828648202626E-01
 0.151788293416023E-01
 0.157725976150512E-01
 0.163553961728015E-01
 0.169244070574775E-01
 0.174768153628314E-01
 0.180098296070319E-01
 0.185206985254935E-01
 0.190067256246356E-01
 0.194652830177373E-01
 0.198938253087852E-01
 0.202899038181198E-01
 0.206511819987447E-01
 0.209754536261425E-01
 0.212606645456029E-01
 0.215049360365310E-01
 0.217065852886052E-01
 0.218641389340013E-01
 0.219763394691425E-01
 0.220421486372065E-01
 0.220607525662520E-01
 0.220315700245851E-01
 0.219542609892901E-01
 0.218287318430166E-01
 0.216551363897364E-01
 0.214338751418202E-01
 0.211655955407069E-01
 0.208511929986081E-01
 0.204918100143389E-01
 0.200888307260481E-01
 0.196438706779302E-01
 0.191587638163283E-01
 0.186355490544183E-01
 0.180764574617844E-01
 0.174838996065772E-01
 0.168604518103920E-01
 0.162088404186569E-01
 0.155319245229673E-01
 0.148326790127823E-01
 0.141141797066236E-01
 0.133795896740636E-01
 0.126321424982666E-01
 0.118751180469549E-01
 0.111118112793115E-01
 0.103455012927531E-01
 0.957942952790367E-02
 0.881678975182446E-02
 0.806072304606345E-02
 0.731817553125244E-02
 0.661402228139566E-02
 0.592526054574931E-02
 0.525449511487076E-02
 0.489367922086730E-02
 0.506464912775178E-02
 0.521840015713645E-02
 0.535370386047159E-02
 0.546936368913914E-02
 0.556427386366807E-02
 0.563748435270870E-02
 0.569290162495366E-02
 0.573157320176153E-02
 0.574659357153652E-02
 0.573742991525962E-02
 0.570370104738344E-02
 0.566008787922431E-02
 0.559247684169285E-02
 0.551193015965548E-02
 0.540821049119619E-02
 0.528044794749938E-02
 0.512906749016731E-02
 0.495457278378622E-02
 0.476688447628119E-02
 0.456654300327933E-02
 0.434564056978011E-02
 0.410531287470254E-02
 0.386742187713338E-02
 0.380404847924512E-02
 0.388660875781106E-02
 0.396881121198951E-02
 0.405051806834319E-02
 0.412398769390227E-02
 0.418335886552602E-02
 0.424126658325084E-02
 0.429219286320019E-02
 0.432861053721953E-02
 0.437299275142901E-02
 0.440328247640997E-02
 0.443804764003516E-02
 0.446494011274639E-02
 0.449953418887565E-02
 0.452614495628774E-02
 0.456797855543266E-02
 0.460679988713936E-02
 0.465123624512005E-02
 0.471052783980001E-02
 0.477899456461235E-02
 0.485175843967093E-02
 0.494133039744613E-02
 0.508931997603315E-02
 0.527345679417166E-02
 0.543684933788382E-02
 0.557888840120526E-02
 0.569912187628355E-02
 0.579734713494460E-02
 0.587358875902547E-02
 0.592796994450720E-02
 0.596059073990329E-02
 0.597153058290173E-02
 0.596097861035482E-02
 0.592936773076156E-02
 0.587965929609368E-02
 0.583553445385977E-02
 0.577578877957824E-02
 0.569666183140074E-02
 0.559910119947876E-02
 0.548399887573110E-02
 0.535216412423025E-02
 0.520443810340434E-02
 0.504182930216759E-02
 0.486554004890895E-02
 0.468040964841479E-02
 0.448427703254213E-02
 0.427767098832080E-02
 0.406171776493307E-02
 0.383758755236794E-02
 0.361426070944422E-02
 0.352174339245215E-02
 0.343923882635406E-02
 0.335329444581310E-02
 0.327445332837140E-02
 0.318887089097855E-02
 0.309193175747134E-02
 0.298399966407565E-02
 0.286553372407502E-02
 0.273905860666472E-02
 0.260518588753877E-02
 0.246231816712657E-02
 0.247029537445982E-02
 0.250922595016981E-02
 0.254286335248353E-02
 0.258330764551000E-02
 0.261856033850727E-02
 0.265996900741782E-02
 0.269585539076733E-02
 0.273695306322131E-02
 0.277360391969949E-02
 0.281731768874677E-02
 0.285261136848190E-02
 0.288847239780482E-02
 0.291833920904434E-02
 0.294073797311680E-02
 0.296311151608162E-02
 0.297578377652144E-02
 0.298018168037161E-02
 0.298316985494586E-02
 0.298516255851026E-02
 0.297853065895009E-02
 0.296221607804315E-02
 0.294266459365021E-02
 0.291528765866402E-02
 0.287835550605491E-02
 0.283354535033406E-02
 0.278783036838662E-02
 0.274956774794004E-02
 0.272768974268162E-02
 0.271180909489088E-02
 0.269750931013333E-02
 0.268128590124030E-02
 0.266551268927767E-02
 0.265127818760911E-02
 0.263645122639389E-02
 0.261895780244681E-02
 0.260078128686469E-02
 0.258290305867200E-02
 0.256016556360448E-02
 0.253968661135536E-02
 0.250896679257868E-02
 0.246833746887852E-02
 0.241816034418889E-02
 0.235988745278782E-02
 0.229615196819068E-02
 0.222429985179617E-02
 0.214472260848162E-02
 0.205781405499542E-02
 0.196401892798399E-02
 0.186882321864890E-02
 0.177017738695444E-02
 0.166622647751449E-02
 0.156354060370622E-02
 0.145964086729249E-02
 0.135786016653500E-02
 0.125658376832046E-02
 0.116244709933720E-02
 0.107119889049523E-02
 0.108628422526776E-02
 0.112387204685237E-02
 0.118567249041244E-02
 0.125814693804171E-02
 0.132288018004389E-02
 0.137976038893854E-02
 0.142882183039700E-02
 0.147452123849704E-02
 0.151275145197345E-02
 0.154352720433925E-02
 0.156683374912802E-02
 0.158343259968009E-02
 0.159790633587963E-02
 0.161289154839223E-02
 0.162343379629530E-02
 0.162706627899638E-02
 0.162896383563911E-02
 0.162649128351909E-02
 0.161776322729482E-02
 0.160847327172234E-02
 0.159558218517195E-02
 0.157730000559270E-02
 0.156096429914240E-02
 0.153987647783730E-02
 0.151495971272725E-02
 0.150818300753423E-02
 0.150499272377212E-02
 0.150200881751795E-02
 0.149937209808314E-02
 0.149643222075020E-02
 0.148686512131704E-02
 0.147173492991407E-02
 0.145714804388241E-02
 0.143624207684648E-02
 0.141154416424646E-02
 0.138684619533785E-02
 0.135653191145629E-02
 0.132535961481924E-02
 0.129238786448309E-02
 0.125417973029070E-02
 0.121843710913849E-02
 0.117880827110713E-02
 0.113729003994769E-02
 0.109696628355105E-02
 0.105254327596583E-02
 0.103311009787769E-02
 0.104084715828526E-02
 0.104804362047087E-02
 0.105472936485670E-02
 0.106097471184452E-02
 0.106710027595744E-02
 0.107406120863500E-02
 0.108052171154433E-02
 0.108646345674004E-02
 0.109180701716571E-02
 0.109638105385259E-02
 0.109997620108111E-02
 0.110338823081977E-02
 0.110721585734039E-02
 0.110988165432619E-02
 0.111144091186377E-02
 0.111183716691828E-02
 0.111209791203936E-02
 0.111313464205172E-02
 0.111284587374323E-02
 0.111129844618537E-02
 0.110859821179538E-02
 0.110486252638867E-02
 0.110020292295081E-02
 0.109473295395203E-02
 0.108859137683860E-02
 0.108245206915647E-02
 0.107589771518199E-02
 0.106951515301954E-02
 0.106339495478978E-02
 0.105718900888752E-02
 0.105156125663774E-02
 0.104629491343622E-02
 0.104140368871357E-02
 0.103688169031498E-02
 0.103273047019400E-02
 0.102895884120580E-02
 0.102555912436113E-02
 0.102248255264984E-02
 0.101963644768946E-02
 0.101690896107057E-02
 0.101430788549302E-02
 0.101186540399520E-02
 0.100928311859324E-02
 0.100652776874990E-02
 0.100343302470547E-02
 0.999817502669841E-03
 0.995632660238576E-03
 0.991500076067059E-03
 0.987045263621918E-03
 0.982324355455356E-03
 0.977376830128433E-03
 0.972681936770212E-03
 0.968148248439202E-03
 0.963772468148963E-03
 0.959488427318898E-03
 0.955238846512277E-03
 0.951093745261538E-03
 0.947250234478119E-03
 0.943909488672774E-03
 0.941135134275056E-03
 0.938816305351952E-03
 0.936768312710783E-03
 0.934882148204232E-03
 0.933190802184476E-03
 0.931797196276846E-03
 0.930736511976107E-03
 0.929906252085697E-03
 0.929133308159435E-03
 0.928318282581861E-03
 0.927524155111329E-03
 0.926926684944215E-03
 0.926669383846737E-03
 0.926750277955510E-03
 0.927036369498605E-03
 0.927387296578699E-03
 0.927776396109037E-03
 0.928850240403494E-03
 0.930052905646951E-03
 0.931204950950068E-03
 0.932374973636168E-03
 0.933686229264173E-03
 0.935189208915473E-03
 0.936801257814432E-03
 0.938367270542780E-03
 0.939790352608420E-03
 0.941117557917433E-03
 0.942500987049245E-03
 0.944062536637561E-03
 0.945778407683580E-03
 0.947486390110116E-03
 0.949012019654819E-03
 0.950303320116048E-03
 0.951455926085804E-03
 0.952609955737054E-03
 0.953815808990754E-03
 0.954991202385538E-03
 0.956004549164840E-03
 0.956803223628296E-03
 0.957466910970405E-03
 0.958137906795745E-03
 0.958892511273780E-03
 0.959668720392211E-03
 0.960313614224893E-03
 0.960709313455027E-03
 0.960870605308724E-03
 0.960933340325866E-03
 0.961044963993110E-03
 0.961249262679500E-03
 0.961460937344775E-03
 0.961549728426409E-03
 0.961460944575567E-03
 0.961267387697965E-03
 0.961106260451757E-03
 0.961056127715205E-03
 0.961064748037069E-03
 0.960995712006439E-03
 0.960754923725527E-03
 0.960383221953237E-03
 0.960029597956420E-03
 0.959827211383503E-03
 0.959782952114824E-03
 0.959778548837378E-03
 0.959679634287564E-03
 0.959453308634430E-03
 0.959191201132380E-03
 0.959022901910369E-03
 0.959001029951753E-03
 0.959059165799325E-03
 0.959075458450416E-03
 0.958982635350726E-03
 0.958828445378914E-03
 0.958735864756576E-03
 0.958797777446151E-03
 0.958995228193799E-03
 0.959208679809749E-03
 0.959314599675274E-03
 0.959287634364708E-03
 0.959221636387453E-03
 0.959249624661694E-03
 0.959429642468395E-03
 0.959695295213897E-03
 0.959915120103829E-03
 0.960008823354038E-03
 0.960016610693678E-03
 0.960059337601814E-03
 0.960226026517414E-03
 0.960491149764915E-03
 0.960736306680833E-03
 0.960855711392383E-03
 0.960850098636335E-03
 0.960826101025722E-03
 0.960903486683073E-03
 0.961112512112116E-03
 0.961369196392931E-03
 0.961547145966426E-03
 0.961583093169160E-03
 0.961527446963812E-03
 0.961499007892509E-03
 0.961582895547981E-03
 0.961757578973223E-03
 0.961913088256113E-03
 0.961946512675795E-03
 0.961854141267092E-03
 0.961739147013753E-03
 0.961724134246532E-03
 0.961842011842873E-03
 0.962002065779085E-03
 0.962065226556295E-03
 0.961965307162179E-03
 0.961768952031764E-03
 0.961619295972186E-03
 0.961612117456210E-03
 0.961714334239204E-03
 0.961796603708193E-03
 0.961749274897345E-03
 0.961577504603298E-03
 0.961392380419533E-03
 0.961308934379611E-03
 0.961343371819368E-03
 0.961399902798223E-03
 0.961357251918183E-03
 0.961178181054601E-03
 0.960946229726731E-03
 0.960796771637681E-03
 0.960800209427337E-03
 0.960897366106575E-03
 0.960944814202865E-03
 0.960834877790585E-03
 0.960589048394291E-03
 0.960342776558168E-03
 0.960231529987356E-03
 0.960275253440583E-03
 0.960362771952738E-03
 0.960351205266885E-03
 0.960192635894694E-03
 0.959974435140226E-03
 0.959836880451475E-03
 0.959843310038942E-03
 0.959921709647476E-03
 0.959931388694493E-03
 0.959793869920380E-03
 0.959568367101894E-03
 0.959402496323000E-03
 0.959401513017617E-03
 0.959532380439368E-03
 0.959648079089000E-03
 0.959611881379863E-03
 0.959414378691841E-03
 0.959182556739440E-03
 0.959073038915120E-03
 0.959140573436016E-03
 0.959293831900740E-03
 0.959375927587424E-03
 0.959299977510896E-03
 0.959122112776727E-03
 0.958988189248083E-03
 0.959001291993620E-03
 0.959128346128386E-03
 0.959230716401238E-03
 0.959192461823741E-03
 0.959029907889937E-03
 0.958880818648038E-03
 0.958880282743503E-03
 0.959035176912922E-03
 0.959212631375929E-03
 0.959255316703169E-03
 0.959120989136694E-03
 0.958921233840679E-03
 0.958824890681481E-03
 0.958912245258721E-03
 0.959108168815378E-03
 0.959250534001871E-03
 0.959231108660646E-03
 0.959085367465932E-03
 0.958955734343524E-03
 0.958964137268078E-03
 0.959106661020255E-03
 0.959260963417037E-03
 0.959297615001223E-03
 0.959196319551395E-03
 0.959064409323010E-03
 0.959040908090734E-03
 0.959170616067966E-03
 0.959360579541975E-03
 0.959459794347059E-03
 0.959393312258799E-03
 0.959231422802749E-03
 0.959130423999911E-03
 0.959195835427389E-03
 0.959389306655514E-03
 0.959562323118204E-03
 0.959586615378928E-03
 0.959465145992259E-03
 0.959326144839770E-03
 0.959307895450039E-03
 0.959438104857501E-03
 0.959613550411945E-03
 0.959694662425375E-03
 0.959628978583715E-03
 0.959495081042286E-03
 0.959430859815139E-03
 0.959510989470083E-03
 0.959680997011855E-03
 0.959804823573199E-03
 0.959784260215584E-03
 0.959646380563423E-03
 0.959522078161970E-03
 0.959532687039729E-03
 0.959682608811141E-03
 0.959852999654417E-03
 0.959904576680155E-03
 0.959800585315776E-03
 0.959640500939937E-03
 0.959572589119764E-03
 0.959662064194811E-03
 0.959833044095684E-03
 0.959937063075272E-03
 0.959886539445903E-03
 0.959732654775840E-03
 0.959617875945212E-03
