 0.231756513354428E-09
 0.365246175208504E-08
 0.191194012973950E-07
 0.617207144417907E-07
 0.150232668285004E-06
 0.302750175237653E-06
 0.531958626662030E-06
 0.841413217792439E-06
 0.122363954388359E-05
 0.166011372643517E-05
 0.212253429493594E-05
 0.257450443917274E-05
 0.297287876310092E-05
 0.326848805833323E-05
 0.374168889575591E-05
 0.533830300985381E-05
 0.746042271616789E-05
 0.102178892897493E-04
 0.137314591790706E-04
 0.181382196731859E-04
 0.236291320257573E-04
 0.303885290793020E-04
 0.385652381578337E-04
 0.483464805403558E-04
 0.600426253306540E-04
 0.738759013121503E-04
 0.900016133241752E-04
 0.108640780986504E-03
 0.130341971404680E-03
 0.155180061143475E-03
 0.183331611839273E-03
 0.215135219946174E-03
 0.251325040388296E-03
 0.291675605453363E-03
 0.336400858751119E-03
 0.386285229458517E-03
 0.441573362077683E-03
 0.502012195469507E-03
 0.567737755798883E-03
 0.639240461933953E-03
 0.717351236281348E-03
 0.801176830584379E-03
 0.890703576332129E-03
 0.985869811007057E-03
 0.108656340445271E-02
 0.119261985638570E-02
 0.130382120924073E-02
 0.141989582516528E-02
 0.154090975040178E-02
 0.166750780009808E-02
 0.179804715941047E-02
 0.193205829542919E-02
 0.209828680123316E-02
 0.238715597386911E-02
 0.270036449602687E-02
 0.303844459655941E-02
 0.340180961473917E-02
 0.379074591525583E-02
 0.420540442429672E-02
 0.464579128200254E-02
 0.511175876873500E-02
 0.560299868033338E-02
 0.611903941473515E-02
 0.665924589271969E-02
 0.722282009856395E-02
 0.780880067032407E-02
 0.841606175385746E-02
 0.904331252231721E-02
 0.968909863788423E-02
 0.103518062090130E-01
 0.110296683204739E-01
 0.117207739339902E-01
 0.124230784998742E-01
 0.131344153292957E-01
 0.138525073734778E-01
 0.145749802164979E-01
 0.152993772423920E-01
 0.160231762098984E-01
 0.167452590462509E-01
 0.174776701231135E-01
 0.182022252505403E-01
 0.189161824076522E-01
 0.196168070034043E-01
 0.203013774119942E-01
 0.209671918325186E-01
 0.216115831900246E-01
 0.222319428578499E-01
 0.228257483639936E-01
 0.233905893831483E-01
 0.239241892358397E-01
 0.244244217037825E-01
 0.248893233611810E-01
 0.253171017611652E-01
 0.257061416318010E-01
 0.260550130725484E-01
 0.263624842790400E-01
 0.266275365903690E-01
 0.268493761449881E-01
 0.270274381403418E-01
 0.271613850591094E-01
 0.272511036764713E-01
 0.272967041316968E-01
 0.272985206279690E-01
 0.272571120373005E-01
 0.271732622502355E-01
 0.270479807388757E-01
 0.268825014529541E-01
 0.266782760844287E-01
 0.264369601945471E-01
 0.261603963160156E-01
 0.258506002761368E-01
 0.255097519243074E-01
 0.251401842094317E-01
 0.247443638937044E-01
 0.243248648962676E-01
 0.238843430367870E-01
 0.234255196876200E-01
 0.229511726198603E-01
 0.224641255161723E-01
 0.219672306910584E-01
 0.214633482046091E-01
 0.209553280300637E-01
 0.204459960831800E-01
 0.199381370403023E-01
 0.194419913724029E-01
 0.189733390589554E-01
 0.185138875180558E-01
 0.180657853003687E-01
 0.176310117397220E-01
 0.172113737752468E-01
 0.168085092267016E-01
 0.164238933468106E-01
 0.160588454052173E-01
 0.157145315367345E-01
 0.153919579532372E-01
 0.150919490412866E-01
 0.148151130401354E-01
 0.145618107907041E-01
 0.143321479779469E-01
 0.141259989970262E-01
 0.139430480120824E-01
 0.137828198070792E-01
 0.136446829434336E-01
 0.135278323384307E-01
 0.134312752186629E-01
 0.133538392879724E-01
 0.132942022262423E-01
 0.132509265519437E-01
 0.132224843724014E-01
 0.132072671820223E-01
 0.132035851235451E-01
 0.132096635117289E-01
 0.132236448862233E-01
 0.132436039181930E-01
 0.132675771783881E-01
 0.132935999946880E-01
 0.133197364422768E-01
 0.133440943649510E-01
 0.133648314235692E-01
 0.133801652671191E-01
 0.133883915428172E-01
 0.133878975941720E-01
 0.133771577218891E-01
 0.133547143627253E-01
 0.133191704375808E-01
 0.132692167878839E-01
 0.132036918957105E-01
 0.131216429415155E-01
 0.130223542637831E-01
 0.129053330402356E-01
 0.127702691236949E-01
 0.126169941159546E-01
 0.124454541446142E-01
 0.122556983083325E-01
 0.120478815964411E-01
 0.120704437166265E-01
 0.121818517054445E-01
 0.122784508575112E-01
 0.123600520612149E-01
 0.124265367780116E-01
 0.124778523403794E-01
 0.125140168503757E-01
 0.125443622973783E-01
 0.125669625722700E-01
 0.125746821330645E-01
 0.125678263820669E-01
 0.125468143317115E-01
 0.125121650165462E-01
 0.124644732873962E-01
 0.124043827291273E-01
 0.123325658105234E-01
 0.122497175747773E-01
 0.121565609610007E-01
 0.120538550363490E-01
 0.119423972723875E-01
 0.118230174025554E-01
 0.116965676493406E-01
 0.115639159259789E-01
 0.114259438184248E-01
 0.112835446526391E-01
 0.111376151278226E-01
 0.109890388585637E-01
 0.108386676694099E-01
 0.106873101823031E-01
 0.105357337186867E-01
 0.103846769833931E-01
 0.102348633077783E-01
 0.100870027737952E-01
 0.994177769313387E-02
 0.979981625939469E-02
 0.966166747533460E-02
 0.952779125758275E-02
 0.939856988984510E-02
 0.927433522309107E-02
 0.915539762819343E-02
 0.904206290802477E-02
 0.893463132324706E-02
 0.883338247583538E-02
 0.874539118176012E-02
 0.866521299382658E-02
 0.859167453061473E-02
 0.852469213873580E-02
 0.846413505188211E-02
 0.840983896579513E-02
 0.836161496204121E-02
 0.831925405251390E-02
 0.828252947759698E-02
 0.825119945821629E-02
 0.822501260391762E-02
 0.820371682967744E-02
 0.818707045765040E-02
 0.817485172020284E-02
 0.816686170269506E-02
 0.816291755398549E-02
 0.816283751013709E-02
 0.816711144656706E-02
 0.817527376326397E-02
 0.818593152118213E-02
 0.819883264600650E-02
 0.821376936788924E-02
 0.823114154905211E-02
 0.825185518096359E-02
 0.827476086501564E-02
 0.829975062227652E-02
 0.832673193716640E-02
 0.835561919654719E-02
 0.838633081723885E-02
 0.841879120339237E-02
 0.845293403431999E-02
 0.848870316171478E-02
 0.852604952903697E-02
 0.856492529296895E-02
 0.860527776275910E-02
 0.864704531096934E-02
 0.869015609835279E-02
 0.873452961381820E-02
 0.878008086487615E-02
 0.882672673237591E-02
 0.887439291895924E-02
 0.893102299956965E-02
 0.898872756165154E-02
 0.904716488069653E-02
 0.910625648246851E-02
 0.916588514763420E-02
 0.922588460641444E-02
 0.928603942414188E-02
 0.934609565738846E-02
 0.940578109320749E-02
 0.946483070522036E-02
 0.952300968687625E-02
 0.958012554391746E-02
 0.963602411923365E-02
 0.969057147389663E-02
 0.974363062948391E-02
 0.979504452332653E-02
 0.984463188059674E-02
 0.989278989533097E-02
 0.993876528978127E-02
 0.998160772119833E-02
 0.100211007034143E-01
 0.100579401123110E-01
 0.100921230669667E-01
 0.101229470600263E-01
 0.101502192020736E-01
 0.101737938736502E-01
 0.101935799113056E-01
 0.102095399268363E-01
 0.102216846299632E-01
 0.102300634184002E-01
 0.102347506338483E-01
 0.102358279786189E-01
 0.102333671372086E-01
 0.102274191864021E-01
 0.102180161156460E-01
 0.102051850614141E-01
 0.101889704321414E-01
 0.101694557290132E-01
 0.101467768550462E-01
 0.101211219265215E-01
 0.100927178965805E-01
 0.100618095824503E-01
 0.100286394910851E-01
 0.999343577975578E-02
 0.995641163727463E-02
 0.991777476140417E-02
 0.987774233277079E-02
 0.983826195758245E-02
 0.980066096309569E-02
 0.976217775421899E-02
 0.972302895430648E-02
 0.968342705646707E-02
 0.964358718913995E-02
 0.960373878705133E-02
 0.956413514339516E-02
 0.952505426175248E-02
 0.948678860190195E-02
 0.944962627334735E-02
 0.941382966369538E-02
 0.937961846895637E-02
 0.934716245939471E-02
 0.931658554602152E-02
 0.928797843542780E-02
 0.926141469652524E-02
 0.923696553431668E-02
 0.921471059248869E-02
 0.919474318465162E-02
 0.917716783258761E-02
 0.916208806778519E-02
 0.914958552246330E-02
 0.913969650069833E-02
 0.913239533212760E-02
 0.912759154955030E-02
 0.912514150906002E-02
 0.912575866435923E-02
 0.913037709585256E-02
 0.913661769255599E-02
 0.914437726537784E-02
 0.915359922746592E-02
 0.916423751866951E-02
 0.917622515087331E-02
 0.918945714095525E-02
 0.920378758524114E-02
 0.921903593103470E-02
 0.923499879416883E-02
 0.925146598548661E-02
 0.926823856499740E-02
 0.928514370453380E-02
 0.930204015501099E-02
 0.931881161333526E-02
 0.933535138068888E-02
 0.935154631022512E-02
 0.936726846925847E-02
 0.938237928122661E-02
 0.939674501926737E-02
 0.941025684303254E-02
 0.942284575548950E-02
 0.943448490214488E-02
 0.944517801641384E-02
 0.945493970332529E-02
 0.946377599133577E-02
 0.947167090240012E-02
 0.947858024895263E-02
 0.948443220032747E-02
 0.948913607215142E-02
 0.949260206561309E-02
 0.949477105932190E-02
 0.949564612854202E-02
 0.949531242444590E-02
 0.949393473455245E-02
 0.949173163000908E-02
 0.948893534182377E-02
 0.948575137978800E-02
 0.948233007111430E-02
 0.947875641407186E-02
 0.947505825333988E-02
 0.947122760505057E-02
 0.946724689051486E-02
 0.946311172606580E-02
 0.945884478835552E-02
 0.945449935766099E-02
 0.945015397700003E-02
 0.944590056188494E-02
 0.944182887200139E-02
 0.943801186282942E-02
 0.943449763077453E-02
 0.943131151112952E-02
 0.942846611316027E-02
 0.942597187381880E-02
 0.942384105220211E-02
 0.942208413522214E-02
 0.942070386962189E-02
 0.941969288208303E-02
 0.941903618035145E-02
 0.941871523281617E-02
 0.941871039188627E-02
 0.941900192158622E-02
 0.941957180663087E-02
 0.942040640161764E-02
 0.942149682013480E-02
 0.942283435488894E-02
 0.942440257570493E-02
 0.942617161343353E-02
 0.942809925032327E-02
 0.943013846192982E-02
 0.943224657533646E-02
 0.943439069942519E-02
 0.943654692422287E-02
 0.943869415280498E-02
 0.944080574294476E-02
 0.944284356200744E-02
 0.944475928572285E-02
 0.944650521979476E-02
 0.944805125004143E-02
 0.944939902402255E-02
 0.945058413964256E-02
 0.945166353053385E-02
 0.945269400323138E-02
 0.945371232285688E-02
 0.945472471422014E-02
 0.945570759193057E-02
 0.945661703314507E-02
 0.945740360855751E-02
 0.945802922857938E-02
 0.945848143760665E-02
 0.945877947390015E-02
 0.945896846372646E-02
 0.945910358421487E-02
 0.945923114822157E-02
 0.945937434659196E-02
 0.945952781705766E-02
 0.945966088999731E-02
 0.945972724882976E-02
 0.945967836496971E-02
 0.945947732128400E-02
 0.945910838979443E-02
 0.945857828865310E-02
 0.945790885002471E-02
 0.945712573958835E-02
 0.945624980277815E-02
 0.945529487978779E-02
 0.945427109511541E-02
 0.945318974903086E-02
 0.945206650425270E-02
 0.945092172121825E-02
 0.944977824484584E-02
 0.944865747410517E-02
 0.944757524778899E-02
 0.944653988013542E-02
 0.944555398255724E-02
 0.944461888911174E-02
 0.944373778553818E-02
 0.944291425091531E-02
 0.944214716826350E-02
 0.944142702852620E-02
 0.944073817205904E-02
 0.944006637176401E-02
 0.943940612495872E-02
 0.943876209826728E-02
 0.943814447905100E-02
 0.943756350116769E-02
 0.943702885546657E-02
 0.943655458337778E-02
 0.943616401538820E-02
 0.943588775793937E-02
 0.943575218616983E-02
 0.943576307945016E-02
 0.943589373363202E-02
 0.943608581080955E-02
 0.943626491512804E-02
 0.943636511888774E-02
 0.943635184463815E-02
 0.943623321270105E-02
 0.943605548123437E-02
 0.943588514708841E-02
 0.943578495540204E-02
 0.943579198406528E-02
 0.943590431275655E-02
 0.943608051938744E-02
 0.943625378505187E-02
 0.943635847580857E-02
 0.943636120639891E-02
 0.943628314658265E-02
 0.943620045279260E-02
 0.943621800659095E-02
 0.943642526702761E-02
 0.943685411215191E-02
 0.943745941651697E-02
 0.943813227204526E-02
 0.943873938094117E-02
 0.943916991035277E-02
 0.943936955678360E-02
 0.943935017547971E-02
 0.943917574020338E-02
 0.943893445236589E-02
 0.943870910292994E-02
 0.943855469388120E-02
 0.943848762141634E-02
 0.943848721574814E-02
 0.943850835138584E-02
 0.943850180094784E-02
 0.943843625668260E-02
 0.943831377278107E-02
 0.943817133007149E-02
 0.943806664473985E-02
 0.943805432998292E-02
 0.943816431551495E-02
 0.943839359725589E-02
 0.943871457014949E-02
 0.943909318531555E-02
 0.943950479778973E-02
 0.943993847770160E-02
 0.944038923423144E-02
 0.944084544231056E-02
 0.944128051767112E-02
 0.944165365308830E-02
 0.944191868600033E-02
 0.944203714244542E-02
 0.944199161408747E-02
 0.944179630776650E-02
 0.944150106925911E-02
 0.944118470111104E-02
 0.944093567107228E-02
 0.944082391895044E-02
 0.944087345484140E-02
 0.944104757261863E-02
 0.944125480269894E-02
 0.944137582851980E-02
 0.944130318414227E-02
 0.944098005425545E-02
 0.944042392965310E-02
 0.943972573773581E-02
 0.943902407113509E-02
 0.943846383551317E-02
 0.943815449475407E-02
 0.943814220946115E-02
 0.943840350475266E-02
 0.943885972627599E-02
 0.943940530655676E-02
 0.943993991602229E-02
 0.944039409894805E-02
 0.944073976042561E-02
 0.944098190758025E-02
 0.944113627401598E-02
 0.944120530470426E-02
 0.944116684623592E-02
 0.944098298480603E-02
 0.944062430767586E-02
 0.944009531255403E-02
 0.943944600382621E-02
 0.943876286186381E-02
 0.943814363878095E-02
 0.943766807196980E-02
 0.943737715527413E-02
 0.943726802287982E-02
 0.943730358696434E-02
 0.943743013054996E-02
 0.943759480578033E-02
 0.943775810765559E-02
 0.943790067555517E-02
 0.943802560116822E-02
 0.943815611280622E-02
 0.943832713145303E-02
 0.943857121869759E-02
 0.943890426860296E-02
 0.943931896249821E-02
 0.943979024212566E-02
 0.944028867223717E-02
 0.944079172207568E-02
 0.944128533051315E-02
 0.944175677644673E-02
 0.944218708770943E-02
 0.944255094445857E-02
 0.944282549273397E-02
 0.944300299940077E-02
 0.944310044767108E-02
 0.944316123489865E-02
 0.944324683192110E-02
 0.944341857404281E-02
 0.944371328087258E-02
 0.944412139001601E-02
 0.944457915393972E-02
 0.944498281161943E-02
 0.944522266795764E-02
 0.944522452367372E-02
 0.944498159779833E-02
 0.944456399647428E-02
 0.944410165857294E-02
 0.944374599824677E-02
 0.944362254962791E-02
 0.944379054622059E-02
 0.944422388277338E-02
 0.944482023829869E-02
 0.944543375480025E-02
 0.944591778474457E-02
 0.944616309347416E-02
 0.944612276648412E-02
 0.944582186884950E-02
 0.944535262476782E-02
 0.944485551171884E-02
 0.944448799020962E-02
 0.944438753637639E-02
 0.944464017129246E-02
 0.944526419156657E-02
 0.944621095607169E-02
 0.944737644750051E-02
 0.944861543643381E-02
 0.944975499216233E-02
 0.945061036504555E-02
 0.945100816973854E-02
 0.945081815656650E-02
 0.944998863093858E-02
 0.944857526289121E-02
 0.944675067669009E-02
 0.944478420307478E-02
 0.944298868823585E-02
 0.944164346893145E-02
 0.944091501766829E-02
 0.944080276134616E-02
 0.944113292970550E-02
 0.944160886545710E-02
 0.944190681685844E-02
 0.944178777813861E-02
 0.944118468421128E-02
 0.944022694713037E-02
 0.943918533320677E-02
 0.943835521011794E-02
 0.943792904647228E-02
 0.943791884276962E-02
 0.943816565510272E-02
 0.943842765530365E-02
 0.943849750513385E-02
 0.943828868597935E-02
 0.943785323532936E-02
 0.943733291696877E-02
 0.943687759184421E-02
 0.943657333569952E-02
 0.943640980370588E-02
 0.943629353659764E-02
 0.943609435560768E-02
 0.943570290954142E-02
 0.943507890648916E-02
 0.943427688756032E-02
 0.943344400345316E-02
 0.943278955165712E-02
 0.943253081427485E-02
 0.943282711141447E-02
 0.943372292184817E-02
 0.943512437531956E-02
 0.943682388517500E-02
 0.943856608740209E-02
 0.944012668733792E-02
 0.944136938980468E-02
 0.944226011703713E-02
 0.944284247888377E-02
 0.944319695656722E-02
 0.944340787083793E-02
 0.944354972127387E-02
 0.944368933297483E-02
 0.944389213924099E-02
 0.944422190686822E-02
 0.944472954543461E-02
 0.944543388579767E-02
 0.944630278395839E-02
 0.944724501446880E-02
 0.944812103657233E-02
 0.944877416162958E-02
 0.944907540695831E-02
 0.944896874896500E-02
 0.944850081742651E-02
 0.944782112121974E-02
 0.944714620172159E-02
 0.944669364270942E-02
 0.944660649023641E-02
 0.944689787259457E-02
 0.944744153891652E-02
 0.944801551355869E-02
 0.944838207142254E-02
 0.944837148721275E-02
 0.944793770270485E-02
 0.944716828804843E-02
 0.944624894633560E-02
 0.944539637471877E-02
 0.944478101321783E-02
 0.944446457772523E-02
 0.944437537361621E-02
 0.944433395841648E-02
 0.944412285761880E-02
 0.944357421957121E-02
 0.944263980476818E-02
 0.944141496409163E-02
 0.944010846924959E-02
 0.943897216125762E-02
 0.943821808141277E-02
 0.943795219136722E-02
 0.943814526898488E-02
 0.943864783925089E-02
 0.943924163332222E-02
 0.943970902669412E-02
 0.943989738610237E-02
 0.943975848939888E-02
 0.943935249461632E-02
 0.943881765102153E-02
 0.943831747408529E-02
 0.943798396752483E-02
 0.943787675567435E-02
 0.943797220032939E-02
 0.943818442920688E-02
 0.943840649736762E-02
 0.943855206972870E-02
 0.943858088479455E-02
 0.943850250033087E-02
 0.943836413623394E-02
 0.943823239757862E-02
 0.943817497938591E-02
 0.943824342552521E-02
 0.943845771185541E-02
 0.943879745641841E-02
 0.943920674835675E-02
 0.943961479263443E-02
 0.943996464880984E-02
 0.944023517743448E-02
 0.944044375041110E-02
 0.944062875531307E-02
 0.944082352085846E-02
 0.944103808463289E-02
 0.944125914710870E-02
 0.944146629546059E-02
 0.944165259848768E-02
 0.944183604823466E-02
 0.944205506556157E-02
 0.944235119921695E-02
 0.944274888375166E-02
 0.944324232304296E-02
 0.944379446140499E-02
 0.944434679003305E-02
 0.944483518470946E-02
 0.944520684003601E-02
 0.944543455259592E-02
 0.944552480074908E-02
 0.944551545834393E-02
 0.944546027517027E-02
 0.944540265949429E-02
 0.944534912271708E-02
 0.944525733527898E-02
 0.944504964233384E-02
 0.944465012062883E-02
 0.944402881744518E-02
 0.944323031416684E-02
 0.944237031233176E-02
 0.944160007014646E-02
 0.944105456625456E-02
 0.944080726795096E-02
 0.944084975843976E-02
 0.944110243901155E-02
 0.944144986473444E-02
 0.944178588037422E-02
 0.944205117376291E-02
 0.944224886406379E-02
 0.944243158049391E-02
 0.944266464594589E-02
 0.944298094300996E-02
 0.944334866862074E-02
 0.944366946034495E-02
 0.944381159983220E-02
 0.944366659252024E-02
 0.944320533506056E-02
 0.944250840950478E-02
 0.944175477773279E-02
 0.944116989340956E-02
 0.944095069440699E-02
 0.944119440447191E-02
 0.944185721979276E-02
 0.944275863851511E-02
 0.944363150516402E-02
 0.944420225099853E-02
 0.944427534826436E-02
 0.944379403880517E-02
 0.944285689313237E-02
 0.944168469149140E-02
 0.944054955380592E-02
 0.943969159715463E-02
 0.943925209730038E-02
 0.943924449680001E-02
 0.943956906856588E-02
 0.944006059289233E-02
 0.944054799816789E-02
 0.944090406737377E-02
 0.944107082358362E-02
 0.944105749803444E-02
 0.944091789763618E-02
 0.944071928445599E-02
 0.944051510567867E-02
 0.944033051902060E-02
 0.944016436734979E-02
 0.944000515611254E-02
 0.943985267184227E-02
 0.943973315404981E-02
 0.943969724574228E-02
 0.943979774894912E-02
 0.944005591246923E-02
 0.944043400418985E-02
 0.944083169470675E-02
 0.944111299592283E-02
 0.944115495195322E-02
 0.944089806478393E-02
 0.944037745702034E-02
 0.943972214153633E-02
 0.943912186887014E-02
 0.943877154889558E-02
 0.943881006379981E-02
 0.943927312587031E-02
 0.944007763064140E-02
 0.944104603718897E-02
 0.944196457448480E-02
 0.944265424484614E-02
 0.944302685401690E-02
 0.944310449144310E-02
 0.944299737933492E-02
 0.944285305076239E-02
 0.944280028020860E-02
 0.944290999235677E-02
 0.944318485825161E-02
 0.944357569166190E-02
 0.944401244877733E-02
 0.944443436033592E-02
 0.944480755223805E-02
 0.944512631831798E-02
 0.944540160895877E-02
 0.944564421402713E-02
 0.944585030162427E-02
 0.944599513283824E-02
 0.944603818269924E-02
 0.944593920731173E-02
 0.944567957128877E-02
 0.944527832861277E-02
 0.944479231157615E-02
 0.944429651704739E-02
 0.944385269440601E-02
 0.944348268640994E-02
 0.944316191206152E-02
 0.944283719767757E-02
 0.944245909468800E-02
 0.944201100907675E-02
 0.944152032505862E-02
 0.944104739415518E-02
 0.944065969461767E-02
 0.944040452926414E-02
 0.944029240745055E-02
 0.944029684922360E-02
 0.944036868043722E-02
 0.944045744847823E-02
 0.944053104025503E-02
 0.944058645412271E-02
 0.944064823439756E-02
 0.944075489771404E-02
 0.944093751794237E-02
 0.944119849771986E-02
 0.944150094163802E-02
 0.944177693039431E-02
 0.944195471768076E-02
 0.944199349991925E-02
 0.944190730882973E-02
 0.944176306737882E-02
 0.944165122842494E-02
 0.944164241303681E-02
 0.944175047978441E-02
 0.944191812603564E-02
 0.944203016201441E-02
 0.944194950182987E-02
 0.944156528472827E-02
 0.944083978961935E-02
 0.943983878395853E-02
 0.943873044808500E-02
 0.943774546407922E-02
 0.943710622054372E-02
 0.943694982126425E-02
 0.943727688296638E-02
 0.943794929593210E-02
 0.943873873559962E-02
 0.943940558271160E-02
 0.943977686026386E-02
 0.943979592519923E-02
 0.943953101020508E-02
 0.943914534577278E-02
 0.943884202419789E-02
 0.943880083431013E-02
 0.943912423928189E-02
 0.943980729860209E-02
 0.944074112428860E-02
 0.944175013934840E-02
 0.944265121423187E-02
 0.944331283205341E-02
 0.944369120094278E-02
 0.944383030202134E-02
 0.944382975029589E-02
 0.944379852452507E-02
 0.944381603898875E-02
 0.944391399420246E-02
 0.944407979697551E-02
 0.944427365132812E-02
 0.944445029906977E-02
 0.944457972834808E-02
 0.944466344677194E-02
 0.944474199890208E-02
 0.944488826751906E-02
 0.944518412447109E-02
 0.944568586163314E-02
 0.944639196868865E-02
 0.944722890544206E-02
 0.944806370768536E-02
 0.944873976641474E-02
 0.944912112160714E-02
 0.944912747710546E-02
 0.944874831201513E-02
 0.944803568380235E-02
 0.944708452774315E-02
 0.944601126654177E-02
 0.944493648745801E-02
 0.944397050412117E-02
 0.944319791022365E-02
 0.944266080821789E-02
 0.944234651823184E-02
 0.944218798283573E-02
 0.944208063743901E-02
 0.944191110866017E-02
 0.944158710922334E-02
 0.944105849331885E-02
 0.944032516596477E-02
 0.943943325669210E-02
 0.943846295456461E-02
 0.943751047162234E-02
 0.943666630561062E-02
 0.943599414870578E-02
 0.943551730350556E-02
 0.943521850051721E-02
 0.943505341606874E-02
 0.943497132122874E-02
 0.943493330027939E-02
 0.943492161854117E-02
 0.943494030087206E-02
 0.943501140624969E-02
 0.943517064676840E-02
 0.943546166674751E-02
 0.943592548067066E-02
 0.943658386451600E-02
 0.943742164006697E-02
 0.943837749924135E-02
 0.943935145812420E-02
 0.944022913833649E-02
 0.944091391534893E-02
 0.944135381298166E-02
 0.944155337431278E-02
 0.944156862239532E-02
 0.944148998401363E-02
 0.944142008618277E-02
 0.944145152615268E-02
 0.944164763532682E-02
 0.944202923639866E-02
 0.944257132989997E-02
 0.944321254722320E-02
 0.944387572976021E-02
 0.944449238491442E-02
 0.944502122749853E-02
 0.944545396555031E-02
 0.944580823216004E-02
 0.944611348801028E-02
 0.944639706194772E-02
 0.944667437495643E-02
 0.944694343156133E-02
 0.944718254999137E-02
 0.944735232840431E-02
 0.944740464323983E-02
 0.944729941535370E-02
 0.944702409002407E-02
 0.944660586129221E-02
 0.944610791505619E-02
 0.944560918464726E-02
 0.944517704869176E-02
 0.944484665723819E-02
 0.944461588043228E-02
 0.944445497440888E-02
 0.944432244455150E-02
 0.944417811656966E-02
 0.944398970587606E-02
 0.944373473317558E-02
 0.944340128210128E-02
 0.944298915289369E-02
 0.944251073511873E-02
 0.944199072612781E-02
 0.944146492998752E-02
 0.944097853266888E-02
 0.944058267227427E-02
 0.944032660875151E-02
 0.944024398522908E-02
 0.944033622715457E-02
 0.944056143504679E-02
 0.944083866728783E-02
 0.944107209700286E-02
 0.944118842074465E-02
 0.944117037188450E-02
 0.944106719336382E-02
 0.944097311485674E-02
 0.944098244282599E-02
 0.944114355757287E-02
 0.944143437711143E-02
 0.944176881590806E-02
 0.944202743828094E-02
 0.944209715869995E-02
 0.944190729801991E-02
 0.944145561413532E-02
 0.944081985207071E-02
 0.944014778213970E-02
 0.943961964743426E-02
 0.943938781556567E-02
 0.943951479163486E-02
 0.943993926347853E-02
 0.944049040730236E-02
 0.944094688953660E-02
 0.944111435389100E-02
 0.944088839508899E-02
 0.944028143221225E-02
 0.943941118368272E-02
 0.943846258681143E-02
 0.943763842737988E-02
 0.943711040015925E-02
 0.943697879832432E-02
 0.943724871552446E-02
 0.943783094192015E-02
 0.943857178049472E-02
 0.943930589561495E-02
 0.943991394851612E-02
 0.944036036154590E-02
 0.944069303712310E-02
 0.944100564533762E-02
 0.944138395200235E-02
 0.944186634014399E-02
 0.944243777361634E-02
 0.944305287768375E-02
 0.944366504446269E-02
 0.944423884123678E-02
 0.944474132515288E-02
 0.944512800127950E-02
 0.944534383059588E-02
 0.944534546485022E-02
 0.944513071048061E-02
 0.944475256728298E-02
 0.944430492408564E-02
 0.944388653327115E-02
 0.944356374930204E-02
 0.944335148732105E-02
 0.944321909631725E-02
 0.944311412052948E-02
 0.944299090116157E-02
 0.944283333416692E-02
 0.944266643933556E-02
 0.944255459600988E-02
 0.944258514441262E-02
 0.944283826694830E-02
 0.944335023108279E-02
 0.944408447930355E-02
 0.944492684942549E-02
 0.944571259355694E-02
 0.944627683612262E-02
 0.944650683113207E-02
 0.944637346601975E-02
 0.944593163593649E-02
 0.944529521132792E-02
 0.944460118164244E-02
 0.944397555931168E-02
 0.944350667437304E-02
 0.944322777702491E-02
 0.944311223213032E-02
 0.944308552480304E-02
 0.944305325774184E-02
 0.944293503243604E-02
 0.944268868254462E-02
 0.944231409612876E-02
 0.944183854463990E-02
 0.944129667525528E-02
 0.944071979057231E-02
 0.944014015466746E-02
 0.943960373174175E-02
 0.943917760070310E-02
 0.943894086582625E-02
 0.943895859796658E-02
 0.943925077450359E-02
 0.943977441824155E-02
 0.944043210642306E-02
 0.944110545962618E-02
 0.944169699860094E-02
 0.944215850271667E-02
 0.944249280318388E-02
 0.944273231153395E-02
 0.944290945091106E-02
 0.944303416932523E-02
 0.944308514168793E-02
 0.944301361305703E-02
 0.944275767218363E-02
 0.944226650265712E-02
 0.944153139003199E-02
 0.944061159050595E-02
 0.943963680309378E-02
 0.943877422495422E-02
 0.943816790852796E-02
 0.943787915068806E-02
 0.943786220518223E-02
 0.943799246494842E-02
 0.943813378355653E-02
 0.943820781648933E-02
 0.943822732179092E-02
 0.943827779869565E-02
 0.943846236904898E-02
 0.943884354104228E-02
 0.943941206259500E-02
 0.944009303233658E-02
 0.944077854076878E-02
 0.944136741853536E-02
 0.944179724685122E-02
 0.944206251528865E-02
 0.944221678348750E-02
 0.944235590069277E-02
 0.944258118339340E-02
 0.944295102444151E-02
 0.944344179108542E-02
 0.944394216611120E-02
 0.944429179161327E-02
 0.944435075974812E-02
 0.944406696366702E-02
 0.944350739348607E-02
 0.944283815951961E-02
 0.944226420746462E-02
 0.944195754175868E-02
 0.944200370138320E-02
 0.944238307865315E-02
 0.944298663055855E-02
 0.944365424102547E-02
 0.944422167896777E-02
 0.944456515688461E-02
 0.944463504888462E-02
 0.944447008473302E-02
 0.944418388658562E-02
 0.944392268288750E-02
 0.944380691213286E-02
 0.944388211887172E-02
 0.944410456026031E-02
 0.944437006703229E-02
 0.944457013949580E-02
 0.944464396436681E-02
 0.944459996873856E-02
 0.944450119089091E-02
 0.944442920975752E-02
 0.944444808760129E-02
 0.944458216103389E-02
 0.944480987330990E-02
 0.944507006241124E-02
 0.944527803322584E-02
 0.944534996271357E-02
 0.944523083879943E-02
 0.944491553618954E-02
 0.944445155235347E-02
 0.944391920268625E-02
 0.944339735949050E-02
 0.944293201286689E-02
 0.944252435617826E-02
 0.944214423259346E-02
 0.944175973156666E-02
 0.944136378594862E-02
 0.944098070046965E-02
 0.944064914017821E-02
 0.944039434751799E-02
 0.944020938495424E-02
 0.944005741055015E-02
 0.943989060286636E-02
 0.943967005431328E-02
 0.943937400990489E-02
 0.943899526050032E-02
 0.943853855760419E-02
 0.943802545419687E-02
 0.943750085487974E-02
 0.943702728915971E-02
 0.943666020413524E-02
 0.943641585886210E-02
 0.943625606461185E-02
 0.943610751523018E-02
 0.943591026471521E-02
 0.943566723258056E-02
 0.943546225494403E-02
 0.943543223119005E-02
 0.943570693402011E-02
 0.943634909033911E-02
 0.943732567056562E-02
 0.943852172161608E-02
 0.943978447434023E-02
 0.944097259622511E-02
 0.944198917417813E-02
 0.944279144160250E-02
 0.944338346977487E-02
 0.944380161398552E-02
 0.944409766649446E-02
 0.944431984785866E-02
 0.944449368135862E-02
 0.944461130715208E-02
 0.944463976770464E-02
 0.944454976667253E-02
 0.944435072191285E-02
 0.944410863264402E-02
 0.944393056955128E-02
 0.944392053440097E-02
 0.944413101462384E-02
 0.944453791792626E-02
 0.944505145945301E-02
 0.944555386756348E-02
 0.944594207290104E-02
 0.944615655481054E-02
 0.944619019218302E-02
 0.944608165260494E-02
 0.944589991424415E-02
 0.944572279864577E-02
 0.944561058581944E-02
 0.944557994967318E-02
 0.944558979695754E-02
 0.944555102648008E-02
 0.944536230602593E-02
 0.944495813974953E-02
 0.944434484847223E-02
 0.944360388634718E-02
 0.944285960831366E-02
 0.944222896219094E-02
 0.944177959860330E-02
 0.944151462706674E-02
 0.944138376580174E-02
 0.944130641230711E-02
 0.944119211567368E-02
 0.944095523909920E-02
 0.944053070478186E-02
 0.943989608401050E-02
 0.943909338261059E-02
 0.943823397039356E-02
 0.943747390704004E-02
 0.943696418932329E-02
 0.943679834081833E-02
 0.943698365575959E-02
 0.943744853993820E-02
 0.943807713824191E-02
 0.943874947846197E-02
 0.943936876606667E-02
 0.943987183623771E-02
 0.944023087970799E-02
 0.944045497968235E-02
 0.944059063341080E-02
 0.944071203059345E-02
 0.944089415873215E-02
 0.944117477968614E-02
 0.944152471690110E-02
 0.944184742520433E-02
 0.944201452734104E-02
 0.944192239690086E-02
 0.944154108153473E-02
 0.944093103792593E-02
 0.944022225951238E-02
 0.943957047750800E-02
 0.943911260187515E-02
 0.943893601632366E-02
 0.943906347349872E-02
 0.943944927097075E-02
 0.943998623202421E-02
 0.944052861954292E-02
 0.944093315662984E-02
 0.944110778077965E-02
 0.944104615970113E-02
 0.944082785168393E-02
 0.944058135677876E-02
 0.944042867185835E-02
 0.944043971150911E-02
 0.944061658757904E-02
 0.944090877025125E-02
 0.944124479330556E-02
 0.944156325648187E-02
 0.944183308485841E-02
 0.944206135128855E-02
 0.944229002859065E-02
 0.944258189033789E-02
 0.944299604500552E-02
 0.944355856638689E-02
 0.944424041213688E-02
 0.944495642612204E-02
 0.944559119128815E-02
 0.944604255335586E-02
 0.944626107838467E-02
 0.944626328398441E-02
 0.944611074483462E-02
 0.944586811888258E-02
 0.944556666477464E-02
 0.944519583136181E-02
 0.944472625808553E-02
 0.944414680102006E-02
 0.944349079417064E-02
 0.944283666270914E-02
 0.944228562072957E-02
 0.944193034099554E-02
 0.944182704137818E-02
 0.944197559095078E-02
 0.944230864612131E-02
 0.944269473823649E-02
 0.944296397731297E-02
 0.944295863916693E-02
 0.944259415096620E-02
 0.944190127709580E-02
 0.944102247980119E-02
 0.944015769420050E-02
 0.943948392166388E-02
 0.943908894734954E-02
 0.943895071495423E-02
 0.943896659111905E-02
 0.943900964780733E-02
 0.943897934882481E-02
 0.943882530087607E-02
 0.943854400314302E-02
 0.943816358917503E-02
 0.943773129717894E-02
 0.943730678025010E-02
 0.943695391653717E-02
 0.943672457483920E-02
 0.943663874469744E-02
 0.943667528667336E-02
 0.943678507448145E-02
 0.943692310519198E-02
 0.943708018838573E-02
 0.943729235809162E-02
 0.943762077971004E-02
 0.943811555202714E-02
 0.943878687968520E-02
 0.943959906919402E-02
 0.944048459664025E-02
 0.944136298982401E-02
 0.944215194797944E-02
 0.944277117859800E-02
 0.944314921793675E-02
 0.944324062040788E-02
 0.944304851038320E-02
 0.944263765365436E-02
 0.944212547641965E-02
 0.944165147215604E-02
 0.944133866982546E-02
 0.944126412818488E-02
 0.944144741004416E-02
 0.944185444609756E-02
 0.944240864932563E-02
 0.944300457764405E-02
 0.944352617173714E-02
 0.944387291101068E-02
 0.944398993442965E-02
 0.944388837999840E-02
 0.944364055142847E-02
 0.944334633014158E-02
 0.944308613888753E-02
 0.944288732978486E-02
 0.944272436141360E-02
 0.944255140301064E-02
 0.944234450827923E-02
 0.944212524008554E-02
 0.944195209266549E-02
 0.944188851828607E-02
 0.944196987876624E-02
 0.944218787964845E-02
 0.944249595409601E-02
 0.944282617963868E-02
 0.944310658772900E-02
 0.944327489870145E-02
 0.944329125141598E-02
 0.944315142657228E-02
 0.944289533857426E-02
 0.944260161308911E-02
 0.944236427724356E-02
 0.944225970168047E-02
 0.944232118768243E-02
 0.944253593693810E-02
 0.944286463941218E-02
 0.944326794950802E-02
 0.944371960506669E-02
 0.944419740325416E-02
 0.944466209116805E-02
 0.944504508932795E-02
 0.944525952980562E-02
 0.944523044864856E-02
 0.944492464990350E-02
 0.944436137601914E-02
 0.944360024672509E-02
 0.944271928041403E-02
 0.944179947784247E-02
 0.944092169792401E-02
 0.944016741076450E-02
 0.943961056831007E-02
 0.943929688844696E-02
 0.943922082593589E-02
 0.943931697071102E-02
 0.943947590256482E-02
 0.943957982253418E-02
 0.943954158104701E-02
 0.943932989868453E-02
 0.943897285744455E-02
 0.943854333888299E-02
 0.943813588860566E-02
 0.943784237128406E-02
 0.943772866869204E-02
 0.943781347521376E-02
 0.943805483334788E-02
 0.943835469315136E-02
 0.943858825597587E-02
 0.943865140409266E-02
 0.943850486105766E-02
 0.943819093230190E-02
 0.943781304703015E-02
 0.943749081946502E-02
 0.943731697725648E-02
 0.943733695138315E-02
 0.943755288862271E-02
 0.943793789250318E-02
 0.943844577738517E-02
 0.943901400331769E-02
 0.943956889285196E-02
 0.944004129117359E-02
 0.944038898422227E-02
 0.944061153957300E-02
 0.944074472353338E-02
 0.944083519907611E-02
 0.944091119956371E-02
 0.944096931259286E-02
 0.944098748827296E-02
 0.944095664472307E-02
 0.944090998545669E-02
 0.944092950055713E-02
 0.944112297375116E-02
 0.944158282115427E-02
 0.944234814546361E-02
 0.944338743079185E-02
 0.944460580530400E-02
 0.944586880939331E-02
 0.944703204698005E-02
 0.944797101404790E-02
 0.944860895373594E-02
 0.944893721099523E-02
 0.944901682320727E-02
 0.944895237083635E-02
 0.944884368360237E-02
 0.944873885340460E-02
 0.944861716605062E-02
 0.944841493677768E-02
 0.944807980791346E-02
 0.944761983732818E-02
 0.944711719859793E-02
 0.944669952267555E-02
 0.944648726734811E-02
 0.944654563840563E-02
 0.944686062345257E-02
 0.944734123461320E-02
 0.944783854398654E-02
 0.944817272947105E-02
 0.944816646211934E-02
 0.944768582776130E-02
 0.944668332508164E-02
 0.944522672978681E-02
 0.944349438813948E-02
 0.944172915449275E-02
 0.944016503182847E-02
 0.943895795523165E-02
 0.943815157647178E-02
 0.943768939618127E-02
 0.943745938372949E-02
 0.943734356589208E-02
 0.943725050328388E-02
 0.943712563235624E-02
 0.943694820623115E-02
 0.943672491308714E-02
 0.943648266695708E-02
 0.943625729131271E-02
 0.943607746785579E-02
 0.943595077790955E-02
 0.943586162950725E-02
 0.943578436760021E-02
 0.943570354991700E-02
 0.943562718961513E-02
 0.943558363122744E-02
 0.943560505955865E-02
 0.943571053626017E-02
 0.943590115463334E-02
 0.943616999351274E-02
 0.943651803378380E-02
 0.943696280793738E-02
 0.943753210743876E-02
 0.943824589692967E-02
 0.943909760362459E-02
 0.944004589380230E-02
 0.944102098891376E-02
 0.944194140725212E-02
 0.944273342194588E-02
 0.944334755997355E-02
 0.944377034385506E-02
 0.944403059411499E-02
 0.944419722691079E-02
 0.944436370096270E-02
 0.944461804582618E-02
 0.944500690960562E-02
 0.944551081240174E-02
 0.944604715596114E-02
 0.944650453840046E-02
 0.944679342655585E-02
 0.944688699333974E-02
 0.944683074723967E-02
 0.944671780498848E-02
 0.944664575220159E-02
 0.944667841993814E-02
 0.944682860261727E-02
 0.944706351561684E-02
 0.944732433381818E-02
 0.944754914558677E-02
 0.944769187456720E-02
 0.944773275047315E-02
 0.944767741340453E-02
 0.944754453084769E-02
 0.944734752880966E-02
 0.944708132771992E-02
 0.944672411036719E-02
 0.944625544336351E-02
 0.944568082087022E-02
 0.944504716417876E-02
 0.944443818175598E-02
 0.944394967362944E-02
 0.944365556618971E-02
 0.944357985687901E-02
 0.944368642868761E-02
 0.944389037340121E-02
 0.944408523550000E-02
 0.944417470323960E-02
 0.944409746238567E-02
 0.944383951631989E-02
 0.944343482532490E-02
 0.944295759889075E-02
 0.944250723260072E-02
 0.944218454683457E-02
 0.944206113069035E-02
 0.944215151116217E-02
 0.944240278279314E-02
 0.944271080159937E-02
 0.944295753265716E-02
 0.944305126259079E-02
 0.944295056402740E-02
 0.944266454742113E-02
 0.944223626867478E-02
 0.944172257739717E-02
 0.944117992710566E-02
 0.944065789319603E-02
 0.944019738882772E-02
 0.943983042663415E-02
 0.943957978227913E-02
 0.943945765744243E-02
 0.943946299066291E-02
 0.943957863906810E-02
 0.943977125691503E-02
 0.943999606383518E-02
 0.944020562372013E-02
 0.944035900978323E-02
 0.944042800039841E-02
 0.944039967589294E-02
 0.944027694392506E-02
 0.944007828819855E-02
 0.943983662992709E-02
 0.943959675451612E-02
 0.943941141529820E-02
 0.943933635383390E-02
 0.943942356137768E-02
 0.943971192599883E-02
 0.944021651093331E-02
 0.944092057418784E-02
 0.944177465275265E-02
 0.944270358166860E-02
 0.944361846058655E-02
 0.944443026868593E-02
 0.944506464338500E-02
 0.944547854389279E-02
 0.944567591210771E-02
 0.944571415517666E-02
 0.944569319279792E-02
 0.944572681615861E-02
 0.944590693389243E-02
 0.944627614485791E-02
 0.944681920805408E-02
 0.944747384088294E-02
 0.944815342846686E-02
 0.944877216230255E-02
 0.944926485814236E-02
 0.944959627943144E-02
 0.944975805104956E-02
 0.944975620366016E-02
 0.944959737782618E-02
 0.944928249740409E-02
 0.944881128202862E-02
 0.944819301993136E-02
 0.944745511115200E-02
 0.944664382989877E-02
 0.944581790081352E-02
 0.944503903246226E-02
 0.944436270482466E-02
 0.944383036955425E-02
 0.944346395621196E-02
 0.944326434466808E-02
 0.944321425832771E-02
 0.944328270613932E-02
 0.944342658174989E-02
 0.944358856484192E-02
 0.944369664566758E-02
 0.944367280619052E-02
 0.944345293453288E-02
 0.944301084915078E-02
 0.944237451311895E-02
 0.944162630742908E-02
 0.944088775361533E-02
 0.944029486311946E-02
 0.943997010739496E-02
 0.943999448526260E-02
 0.944038368973207E-02
 0.944107621703951E-02
 0.944194276202905E-02
 0.944281999050701E-02
 0.944355921450084E-02
 0.944407002462460E-02
 0.944433914888133E-02
 0.944441705882861E-02
 0.944438171340240E-02
 0.944429962368786E-02
 0.944420294550608E-02
 0.944408983389215E-02
 0.944394211996293E-02
 0.944374740345526E-02
 0.944351417456193E-02
 0.944327492132829E-02
 0.944307792438869E-02
 0.944297107795602E-02
 0.944298206006432E-02
 0.944310089171961E-02
 0.944327304586753E-02
 0.944341049869252E-02
 0.944342178019879E-02
 0.944325190043748E-02
 0.944291504061281E-02
 0.944250313011837E-02
 0.944216303613646E-02
 0.944204917284746E-02
 0.944226928543424E-02
 0.944284364496319E-02
 0.944369170485841E-02
 0.944464954266915E-02
 0.944551138890033E-02
 0.944608254667457E-02
 0.944622941581838E-02
 0.944591382418250E-02
 0.944520243863135E-02
 0.944424786819433E-02
 0.944324630993664E-02
 0.944238520944888E-02
 0.944179900165924E-02
 0.944154763467407E-02
 0.944162176154956E-02
 0.944196613632243E-02
 0.944250638021632E-02
 0.944316717660102E-02
 0.944387868662668E-02
 0.944457568347748E-02
 0.944519613001753E-02
 0.944568352329275E-02
 0.944599408893628E-02
 0.944610810164302E-02
 0.944604331710909E-02
 0.944586602663477E-02
 0.944569231330351E-02
 0.944567198032225E-02
 0.944595299554731E-02
 0.944663398483155E-02
 0.944772124315050E-02
 0.944910907017648E-02
 0.945059521827123E-02
 0.945192927084888E-02
 0.945287756532121E-02
 0.945328137838704E-02
 0.945308929910380E-02
 0.945235722219498E-02
 0.945122232460683E-02
 0.944986350874714E-02
 0.944845910645812E-02
 0.944714855022717E-02
 0.944600405823263E-02
 0.944502088252231E-02
 0.944413396710254E-02
 0.944325971685185E-02
 0.944234714731436E-02
 0.944141367754725E-02
 0.944054628612589E-02
 0.943986707322921E-02
 0.943948145581673E-02
 0.943943449942005E-02
 0.943969290468978E-02
 0.944015466135276E-02
 0.944067669118335E-02
 0.944110865417140E-02
 0.944132559192407E-02
 0.944125620301133E-02
 0.944090303404415E-02
 0.944034758497073E-02
 0.943973295676685E-02
 0.943922329098525E-02
 0.943895105689748E-02
 0.943897278493386E-02
 0.943925314690327E-02
 0.943968449173980E-02
 0.944013113762228E-02
 0.944047651376935E-02
 0.944065381773413E-02
 0.944065392029552E-02
 0.944051690670781E-02
 0.944031703229046E-02
 0.944014569703685E-02
 0.944009168806547E-02
 0.944021922331289E-02
 0.944055049089781E-02
 0.944106236544853E-02
 0.944170136779049E-02
 0.944240993338950E-02
 0.944314957546304E-02
 0.944390870637231E-02
 0.944469280275310E-02
 0.944550480991117E-02
 0.944632790447375E-02
 0.944712000780745E-02
 0.944782291340369E-02
 0.944838224036038E-02
 0.944876989951165E-02
 0.944899943579249E-02
 0.944912687625536E-02
 0.944923489257317E-02
 0.944940429422905E-02
 0.944968197926558E-02
 0.945005714495506E-02
 0.945045694234522E-02
 0.945076766627720E-02
 0.945087749000983E-02
 0.945072458275118E-02
 0.945032738442178E-02
 0.944977907955982E-02
 0.944920606560083E-02
 0.944871069348647E-02
 0.944832807863920E-02
 0.944801847559196E-02
 0.944769638963365E-02
 0.944727895313757E-02
 0.944672969477919E-02
 0.944608008134312E-02
 0.944542282492720E-02
 0.944488086927168E-02
 0.944456229280704E-02
 0.944451550232668E-02
 0.944470111845683E-02
 0.944499423479703E-02
 0.944522110990387E-02
 0.944521992662836E-02
 0.944490254656647E-02
 0.944429050672901E-02
 0.944350749775232E-02
 0.944272962074935E-02
 0.944211525247092E-02
 0.944174719500268E-02
 0.944161338525410E-02
 0.944163093153740E-02
 0.944169430381662E-02
 0.944171778922707E-02
 0.944165166687283E-02
 0.944147282215881E-02
 0.944116687797728E-02
 0.944071904715126E-02
 0.944011825760262E-02
 0.943936730123676E-02
 0.943849080302713E-02
 0.943753993793814E-02
 0.943659709397722E-02
 0.943577884336996E-02
 0.943522737076941E-02
 0.943508056543675E-02
 0.943542396144848E-02
 0.943624502142602E-02
 0.943741702147786E-02
 0.943872814094708E-02
 0.943994758663859E-02
 0.944090017185337E-02
 0.944151655168736E-02
 0.944183986048969E-02
 0.944199148719556E-02
 0.944211623775542E-02
 0.944233178819069E-02
 0.944269934868800E-02
 0.944321912029044E-02
 0.944384413062592E-02
 0.944450346330756E-02
 0.944512810243993E-02
 0.944567395603580E-02
 0.944613491125132E-02
 0.944653804713972E-02
 0.944691916651364E-02
 0.944728933074692E-02
 0.944761318285823E-02
 0.944781690189835E-02
 0.944782608117981E-02
 0.944761294278051E-02
 0.944722401252766E-02
 0.944677076628945E-02
 0.944638869481262E-02
 0.944618807253052E-02
 0.944622086087525E-02
 0.944647449647537E-02
 0.944688687542327E-02
 0.944736915130403E-02
 0.944782646081133E-02
 0.944817478500126E-02
 0.944835622243959E-02
 0.944835181927974E-02
 0.944818528079020E-02
 0.944791027422360E-02
 0.944758247998630E-02
 0.944723020083008E-02
 0.944684324746738E-02
 0.944639102068269E-02
 0.944586070005765E-02
 0.944528966854103E-02
 0.944476710397564E-02
 0.944439942900477E-02
 0.944425880476011E-02
 0.944434460284636E-02
 0.944457771951225E-02
 0.944482648819042E-02
 0.944494767928558E-02
 0.944482540552083E-02
 0.944439935277288E-02
 0.944368024493618E-02
 0.944274990736075E-02
 0.944174119251190E-02
 0.944079751493475E-02
 0.944002341881786E-02
 0.943944774295507E-02
 0.943901947445060E-02
 0.943864130723881E-02
 0.943822557559949E-02
 0.943774419795035E-02
 0.943724676681209E-02
 0.943683784544461E-02
 0.943662631481553E-02
 0.943667374566328E-02
 0.943696715060731E-02
 0.943742578623807E-02
 0.943793276317957E-02
 0.943837249821836E-02
 0.943865900217153E-02
 0.943875105161294E-02
 0.943865750800456E-02
 0.943843475155524E-02
 0.943817383856823E-02
 0.943797614929868E-02
 0.943792432430985E-02
 0.943806208301396E-02
 0.943839321085359E-02
 0.943889726875130E-02
 0.943954808259245E-02
 0.944032114098608E-02
 0.944118735432524E-02
 0.944210268813182E-02
 0.944300567623658E-02
 0.944382711434564E-02
 0.944450667404110E-02
 0.944500801585736E-02
 0.944532778918715E-02
 0.944549856382475E-02
 0.944558581414643E-02
 0.944567560330497E-02
 0.944584881306744E-02
 0.944614441270955E-02
 0.944652595404645E-02
 0.944687298485686E-02
 0.944701309527474E-02
 0.944678999426554E-02
 0.944613929023954E-02
 0.944513324461456E-02
 0.944396866330140E-02
 0.944290207489940E-02
 0.944216384179999E-02
 0.944188962389641E-02
 0.944209144877424E-02
 0.944266657152680E-02
 0.944342873282432E-02
 0.944414904929518E-02
 0.944460263885056E-02
 0.944461886334762E-02
 0.944412537845191E-02
 0.944316925097128E-02
 0.944190321044864E-02
 0.944054110501697E-02
 0.943930187985935E-02
 0.943836411664598E-02
 0.943784248324255E-02
 0.943778307024003E-02
 0.943816737380281E-02
 0.943891784403395E-02
 0.943990618419025E-02
 0.944097080620541E-02
 0.944194718535640E-02
 0.944270565184132E-02
 0.944318202809147E-02
 0.944338542063764E-02
 0.944337787287923E-02
 0.944323717672599E-02
 0.944302491921393E-02
 0.944277730270779E-02
 0.944251876210649E-02
 0.944228176846441E-02
 0.944211410079175E-02
 0.944206796625380E-02
 0.944218067358999E-02
 0.944246034497851E-02
 0.944288133633724E-02
 0.944338434391560E-02
 0.944387677656700E-02
 0.944423826122454E-02
 0.944434171969145E-02
 0.944409289627987E-02
 0.944347477122103E-02
 0.944257232506373E-02
 0.944155851696997E-02
 0.944064174471584E-02
 0.943999551060949E-02
 0.943969988412722E-02
 0.943971786080527E-02
 0.943991332715336E-02
 0.944010039068949E-02
 0.944010394428713E-02
 0.943981130684093E-02
 0.943920203634340E-02
 0.943835164260796E-02
 0.943741020913134E-02
 0.943655934169544E-02
 0.943595508211494E-02
 0.943567285458916E-02
 0.943567770613559E-02
 0.943583884856655E-02
 0.943598771872912E-02
 0.943599336900578E-02
 0.943581659526369E-02
 0.943551625976872E-02
 0.943521047080318E-02
 0.943502047056109E-02
 0.943502895881269E-02
 0.943526776351460E-02
 0.943572835066757E-02
 0.943637877416809E-02
 0.943717545429969E-02
 0.943806844676617E-02
 0.943900423147389E-02
 0.943992828906477E-02
 0.944078626532354E-02
 0.944152289177675E-02
 0.944208190325860E-02
 0.944241307486276E-02
 0.944248981147394E-02
 0.944233277173057E-02
 0.944202681915881E-02
 0.944171653624883E-02
 0.944157300929001E-02
 0.944173912712264E-02
 0.944227434491570E-02
 0.944312384176186E-02
 0.944412756092624E-02
 0.944506667373098E-02
 0.944572908771251E-02
 0.944597025300103E-02
 0.944575125850066E-02
 0.944514658575438E-02
 0.944432212180722E-02
 0.944348875608738E-02
 0.944284140149741E-02
 0.944249962070016E-02
 0.944247060565937E-02
 0.944265124612591E-02
 0.944287083456546E-02
 0.944295624956349E-02
 0.944278996718440E-02
 0.944233692824190E-02
 0.944163605269129E-02
 0.944077205361053E-02
 0.943984897846964E-02
 0.943897593284408E-02
 0.943825896465503E-02
 0.943778649791174E-02
 0.943760478014611E-02
 0.943769537605307E-02
 0.943797308667877E-02
 0.943831225401485E-02
 0.943859014442925E-02
 0.943872426210863E-02
 0.943868583410471E-02
 0.943848914676802E-02
 0.943817112301512E-02
 0.943777665656286E-02
 0.943735453017762E-02
 0.943695730677511E-02
 0.943663602760232E-02
 0.943642742698940E-02
 0.943634040440712E-02
 0.943635176719533E-02
 0.943641629190379E-02
 0.943648680941100E-02
 0.943653310402307E-02
 0.943654899520786E-02
 0.943654493675079E-02
 0.943653320641679E-02
 0.943651685062376E-02
 0.943648878746152E-02
 0.943643827067705E-02
 0.943635689096634E-02
 0.943623998299015E-02
 0.943608710403811E-02
 0.943590768671655E-02
 0.943573102621186E-02
 0.943561029358163E-02
 0.943560968005331E-02
 0.943577568490321E-02
 0.943610852342571E-02
 0.943655348817508E-02
 0.943701992497764E-02
 0.943741688384190E-02
 0.943768468999525E-02
 0.943780751526709E-02
 0.943780678062105E-02
 0.943772615054385E-02
 0.943761897206693E-02
 0.943754148749123E-02
 0.943754828988757E-02
 0.943768561824125E-02
 0.943798225731659E-02
 0.943844228905358E-02
 0.943904457452244E-02
 0.943974977026184E-02
 0.944050982155584E-02
 0.944127234236384E-02
 0.944197671569699E-02
 0.944254815460256E-02
 0.944290238589413E-02
 0.944296907698466E-02
 0.944272710064425E-02
 0.944223043136317E-02
 0.944160340824544E-02
 0.944100139109600E-02
 0.944055561106757E-02
 0.944033170726007E-02
 0.944032190686093E-02
 0.944046907279540E-02
 0.944070339749581E-02
 0.944097019227489E-02
 0.944123790296356E-02
 0.944148885128073E-02
 0.944170271624093E-02
 0.944184303537985E-02
 0.944185346584975E-02
 0.944166638996886E-02
 0.944122241646381E-02
 0.944049513467864E-02
 0.943951182594770E-02
 0.943835969339955E-02
 0.943717057402979E-02
 0.943608548613222E-02
 0.943521109777148E-02
 0.943458737991919E-02
 0.943418304248565E-02
 0.943392162083705E-02
 0.943372361468546E-02
 0.943354110866914E-02
 0.943336810616398E-02
 0.943322728831821E-02
 0.943314797200804E-02
 0.943315008722663E-02
 0.943323773442920E-02
 0.943339619668172E-02
 0.943358790271775E-02
 0.943375243986689E-02
 0.943382072769162E-02
 0.943374559080277E-02
 0.943353539995859E-02
 0.943326842811375E-02
 0.943307299897726E-02
 0.943307867122555E-02
 0.943336227202523E-02
 0.943391630842905E-02
 0.943465390651012E-02
 0.943544362822378E-02
 0.943615330362139E-02
 0.943668280099943E-02
 0.943697863063290E-02
 0.943703680908670E-02
 0.943690328106689E-02
 0.943667221367640E-02
 0.943647217428408E-02
 0.943643158624731E-02
 0.943663033841202E-02
 0.943706153359191E-02
 0.943762907069717E-02
 0.943818785754851E-02
 0.943860696609165E-02
 0.943882240728490E-02
 0.943885514629717E-02
 0.943879257825891E-02
 0.943874979710504E-02
 0.943882981456278E-02
 0.943909337786890E-02
 0.943954070349781E-02
 0.944010601515357E-02
 0.944066836939666E-02
 0.944108181178388E-02
 0.944122115943412E-02
 0.944102984613497E-02
 0.944054986846951E-02
 0.943991646302101E-02
 0.943931316704952E-02
 0.943890197645445E-02
 0.943875851136881E-02
 0.943884280078578E-02
 0.943901947247876E-02
 0.943911616630696E-02
 0.943899205343344E-02
 0.943858919986794E-02
 0.943795323358745E-02
 0.943722273865141E-02
 0.943659124907009E-02
 0.943624688241497E-02
 0.943630204970843E-02
 0.943673849688145E-02
 0.943739744180967E-02
 0.943802844384664E-02
 0.943837917782894E-02
 0.943828356261008E-02
 0.943770747518186E-02
 0.943673846596751E-02
 0.943553737106059E-02
 0.943428343967662E-02
 0.943313566532478E-02
 0.943221438328151E-02
 0.943159515895435E-02
 0.943130731224297E-02
 0.943133602709668E-02
 0.943163077837144E-02
 0.943212011978893E-02
 0.943272706741212E-02
 0.943337670379690E-02
 0.943399233331158E-02
 0.943448690619057E-02
 0.943476483331828E-02
 0.943474663024861E-02
 0.943441276110303E-02
 0.943384331850885E-02
 0.943322302714507E-02
 0.943279658227505E-02
 0.943278852208885E-02
 0.943332363938073E-02
 0.943438269828850E-02
 0.943580708452466E-02
 0.943734302353717E-02
 0.943870624457439E-02
 0.943965091788348E-02
 0.944003104230251E-02
 0.943984130288400E-02
 0.943922284245160E-02
 0.943842667228588E-02
 0.943774419366653E-02
 0.943742998067396E-02
 0.943764519331552E-02
 0.943843925963727E-02
 0.943977097874878E-02
 0.944155687102695E-02
 0.944372769698799E-02
 0.944627305065883E-02
 0.944925893066255E-02
 0.945281443206993E-02
 0.945709730598637E-02
 0.946225614380540E-02
 0.946840413567205E-02
 0.947560923205858E-02
 0.948389723388403E-02
 0.949326301469432E-02
 0.950368714429854E-02
 0.951515422931269E-02
 0.952766527181896E-02
 0.954123607785302E-02
 0.955588153955338E-02
 0.957159595322368E-02
 0.958834188932626E-02
 0.960605117391627E-02
 0.962463008851515E-02
 0.964395878865592E-02
 0.966388388334595E-02
 0.968421274568723E-02
 0.970471770895270E-02
 0.972514860576046E-02
 0.974619504680903E-02
 0.976875743322070E-02
 0.979090153509051E-02
 0.981229614597298E-02
 0.983252583186169E-02
 0.985108671227446E-02
 0.986741067701131E-02
 0.988090958826958E-02
 0.989101614472340E-02
 0.989720050429460E-02
 0.989895870256550E-02
 0.989578636246580E-02
 0.988715690501330E-02
 0.987251598892207E-02
 0.985129108872799E-02
 0.982290629820159E-02
 0.978679223831710E-02
 0.974238804625469E-02
 0.968914141589402E-02
 0.962651687432646E-02
 0.955401778000102E-02
 0.947121615191554E-02
 0.937777504551782E-02
 0.927344962778364E-02
 0.915806594846207E-02
 0.903149089321327E-02
 0.889361100276723E-02
 0.874432904637711E-02
 0.858414076436769E-02
 0.841238077043514E-02
 0.822864707249456E-02
 0.803315371092207E-02
 0.782646652113473E-02
 0.760972973133654E-02
 0.738296378655250E-02
 0.714692567932706E-02
 0.690247540705972E-02
 0.665052676785941E-02
 0.639202277353485E-02
 0.612794214842353E-02
 0.585932256186156E-02
 0.558727852596728E-02
 0.531300120816853E-02
 0.503995706299129E-02
 0.477778169347402E-02
 0.451765601882407E-02
 0.426095401008291E-02
 0.448349706911165E-02
 0.493371268520869E-02
 0.539270858537023E-02
 0.585923912098356E-02
 0.633209789144722E-02
 0.681004971513857E-02
 0.729177307054728E-02
 0.777585640339685E-02
 0.826085073489621E-02
 0.874534144443490E-02
 0.922799848591698E-02
 0.970759379860787E-02
 0.101830043130947E-01
 0.106532220062330E-01
 0.111173728134254E-01
 0.115747281294185E-01
 0.120246933369480E-01
 0.124667739727632E-01
 0.129062032722725E-01
 0.133387382939732E-01
 0.137607864275465E-01
 0.141721646240605E-01
 0.145729317361225E-01
 0.149633457793199E-01
 0.153437893483919E-01
 0.157146828544657E-01
 0.160764021992233E-01
 0.164292202248679E-01
 0.167732959576362E-01
 0.171087264204798E-01
 0.174356462674688E-01
 0.177543287989245E-01
 0.180713793458006E-01
 0.183844787240027E-01
 0.186918531514671E-01
 0.189942072209526E-01
 0.192921918580204E-01
 0.195863031187706E-01
 0.198768466124020E-01
 0.201639745585652E-01
 0.204477635302172E-01
 0.207282858050224E-01
 0.210056397994402E-01
 0.212799302139103E-01
 0.215512099372214E-01
 0.218194074015068E-01
 0.220842661190526E-01
 0.223453185194370E-01
 0.226019042090930E-01
 0.228532270303474E-01
 0.230984321905264E-01
 0.233366778930454E-01
 0.235671748127963E-01
 0.237891723749427E-01
 0.240018883060584E-01
 0.242044080706010E-01
 0.243956086758428E-01
 0.245741613649830E-01
 0.247386276991995E-01
 0.248876042193459E-01
 0.250198355553627E-01
 0.251342338995007E-01
 0.252298019827217E-01
 0.253055132258384E-01
 0.253602192267617E-01
 0.253926289968124E-01
 0.254013631487494E-01
 0.253850565539265E-01
 0.253424725920831E-01
 0.252725943512111E-01
 0.251746669735937E-01
 0.250481804420641E-01
 0.248928020364129E-01
 0.247082853538989E-01
 0.244943905052957E-01
 0.242508463074893E-01
 0.239773730096477E-01
 0.236737649849647E-01
 0.233400081078232E-01
 0.229763846569572E-01
 0.225835159717655E-01
 0.221623200616064E-01
 0.217148224994190E-01
 0.212515316172141E-01
 0.207629735658607E-01
 0.202502544765645E-01
 0.197145263076189E-01
 0.191570893106798E-01
 0.185794837224113E-01
 0.179835202036725E-01
 0.173712330352426E-01
 0.167447828938433E-01
 0.161063569900704E-01
 0.154581045501543E-01
 0.148021209349926E-01
 0.141404738574272E-01
 0.134752551123871E-01
 0.130742527011031E-01
 0.128006198778211E-01
 0.125370104661854E-01
 0.122840614709120E-01
 0.120423567706029E-01
 0.118124241470801E-01
 0.115947229540148E-01
 0.113896256039485E-01
 0.112047242854264E-01
 0.110386879862813E-01
 0.108851183467366E-01
 0.107439758959442E-01
 0.106151709375985E-01
 0.104985721792371E-01
 0.103940137322832E-01
 0.103012981934955E-01
 0.102201933147623E-01
 0.101504216845404E-01
 0.100916472137154E-01
 0.100434668231299E-01
 0.100054161530014E-01
 0.997699176745260E-02
 0.995768244941789E-02
 0.994699638724636E-02
 0.994447444017520E-02
 0.994968933698896E-02
 0.996223810689718E-02
 0.998173452040496E-02
 0.100078023782376E-01
 0.100400667070162E-01
 0.100781425732636E-01
 0.101216270027739E-01
 0.101701015147046E-01
 0.102231479512544E-01
 0.102803720514119E-01
 0.103414237499061E-01
 0.104060039566451E-01
 0.104738536590632E-01
 0.105447292538632E-01
 0.106183745351602E-01
 0.107072295382784E-01
 0.107990233366310E-01
 0.108928640843822E-01
 0.109883760710713E-01
 0.110852089712187E-01
 0.111830567824946E-01
 0.112816649428179E-01
 0.113808196922918E-01
 0.114803248101451E-01
 0.115877722992295E-01
 0.117003297422888E-01
 0.118121327107701E-01
 0.119227763993365E-01
 0.120318264632180E-01
 0.121388611834390E-01
 0.122434981266053E-01
 0.123453967605707E-01
 0.124442460158244E-01
 0.125397516350267E-01
 0.126316311669931E-01
 0.127196148839156E-01
 0.128034482044298E-01
 0.128828950547862E-01
 0.129577445747445E-01
 0.130278207246704E-01
 0.130929884474754E-01
 0.131531478937262E-01
 0.132082134694821E-01
 0.132580844446598E-01
 0.133026221484218E-01
 0.133416496311530E-01
 0.133749809822241E-01
 0.134024721699624E-01
 0.134240711427222E-01
 0.134398415054023E-01
 0.134499459049589E-01
 0.134545965323972E-01
 0.134539971709972E-01
 0.134483027493961E-01
 0.134376091500165E-01
 0.134219698047158E-01
 0.134014278950757E-01
 0.133760549112796E-01
 0.133459898188838E-01
 0.133114712907687E-01
 0.132728507556016E-01
 0.132305749145408E-01
 0.131851373994194E-01
 0.131370150144724E-01
 0.130912956924300E-01
 0.130459548810490E-01
 0.129985118641760E-01
 0.129492390716582E-01
 0.128984022266971E-01
 0.128462630353222E-01
 0.127930877345177E-01
 0.127391612562023E-01
 0.126847994772607E-01
 0.126303501483936E-01
 0.125761798466478E-01
 0.125226543564664E-01
 0.124701238021119E-01
 0.124189175910666E-01
 0.123693438313439E-01
 0.123216837579783E-01
 0.122761780655003E-01
 0.122330126114616E-01
 0.121923153022981E-01
 0.121541697449791E-01
 0.121186398791170E-01
 0.120857927568997E-01
 0.120557088103163E-01
 0.120284774699839E-01
 0.120041840377822E-01
 0.119828963097852E-01
 0.119646563471818E-01
 0.119494774169192E-01
 0.119373427315054E-01
 0.119282035428751E-01
 0.119219780702890E-01
 0.119185553043752E-01
 0.119178051503438E-01
 0.119195898031293E-01
 0.119237671108918E-01
 0.119301810103882E-01
 0.119386454655036E-01
 0.119489371420830E-01
 0.119608087933759E-01
 0.119740203884214E-01
 0.119883699204564E-01
 0.120037035744395E-01
 0.120198981581510E-01
 0.120368271622148E-01
 0.120543314195789E-01
 0.120722100061191E-01
 0.120903155884804E-01
 0.121091115766548E-01
 0.121274552118783E-01
 0.121451759515146E-01
 0.121621047179892E-01
 0.121780819273900E-01
 0.121929709895709E-01
 0.122066724120261E-01
 0.122191311189860E-01
 0.122303317154403E-01
 0.122402819775765E-01
 0.122489907091688E-01
 0.122575323375253E-01
 0.122648790451104E-01
 0.122708826982541E-01
 0.122755090492362E-01
 0.122787786857051E-01
 0.122807700725365E-01
 0.122816141459037E-01
 0.122814788841365E-01
 0.122805423588863E-01
 0.122789589270389E-01
 0.122768313329094E-01
 0.122742033115566E-01
 0.122710787324812E-01
 0.122674590765291E-01
 0.122633808793814E-01
 0.122589354587691E-01
 0.122542635576058E-01
 0.122495302434926E-01
 0.122448931646535E-01
 0.122404771687038E-01
 0.122363623943916E-01
 0.122325858158671E-01
 0.122291518281050E-01
 0.122260469892630E-01
 0.122232555634585E-01
 0.122207730642280E-01
 0.122186137363090E-01
 0.122168074198322E-01
 0.122153849168400E-01
 0.122143584591321E-01
 0.122137095810849E-01
 0.122133942864593E-01
 0.122133644932964E-01
 0.122135928853294E-01
 0.122140850703968E-01
 0.122148713476844E-01
 0.122159838934051E-01
 0.122174334988011E-01
 0.122191979508350E-01
 0.122212252557915E-01
 0.122234470007249E-01
 0.122257950663216E-01
 0.122282173106252E-01
 0.122306901815317E-01
 0.122332258410031E-01
 0.122358697784537E-01
 0.122386855997985E-01
 0.122417285371001E-01
 0.122450162579263E-01
 0.122485100280682E-01
 0.122521170247345E-01
 0.122557153753058E-01
 0.122591919905318E-01
 0.122624764378354E-01
 0.122655563512025E-01
 0.122684696029590E-01
 0.122712792450608E-01
 0.122740428590797E-01
 0.122767869862212E-01
 0.122794930286220E-01
 0.122820973291867E-01
 0.122845058380545E-01
 0.122866208879683E-01
 0.122883729470370E-01
 0.122897458912988E-01
 0.122907843060063E-01
 0.122915775961254E-01
 0.122922259538083E-01
 0.122928020892083E-01
 0.122933251275477E-01
 0.122937577130792E-01
 0.122940268026125E-01
 0.122940581560782E-01
 0.122938092505970E-01
 0.122932874718469E-01
 0.122925480984825E-01
 0.122916752053577E-01
 0.122907540729693E-01
 0.122898448855720E-01
 0.122889659122576E-01
 0.122880915504252E-01
 0.122871665646353E-01
 0.122861321952561E-01
 0.122849541300033E-01
 0.122836402666926E-01
 0.122822403333855E-01
 0.122808281482297E-01
 0.122794753266335E-01
 0.122782278696941E-01
 0.122770938610716E-01
 0.122760448767577E-01
 0.122750292303407E-01
 0.122739926831219E-01
 0.122729005754180E-01
 0.122717539984457E-01
 0.122705930246317E-01
 0.122694838137147E-01
 0.122684931373777E-01
 0.122676604110828E-01
 0.122669798399726E-01
 0.122664017166164E-01
 0.122658533572890E-01
 0.122652705806097E-01
 0.122646250530490E-01
 0.122639346850615E-01
 0.122632529561366E-01
 0.122626436696435E-01
 0.122621539277907E-01
 0.122617968935257E-01
 0.122615492618150E-01
 0.122613614640619E-01
 0.122611751858606E-01
 0.122609425763148E-01
 0.122606421362096E-01
 0.122602865056037E-01
 0.122599184726049E-01
 0.122595950450136E-01
 0.122593646369113E-01
 0.122592463711896E-01
 0.122592204992012E-01
 0.122592346778722E-01
 0.122592242694591E-01
 0.122591386957657E-01
 0.122589626932747E-01
 0.122587228245752E-01
 0.122584758940627E-01
 0.122582844179682E-01
 0.122581904369592E-01
 0.122581991324590E-01
 0.122582782109503E-01
 0.122583717576678E-01
 0.122584222412995E-01
 0.122583926618744E-01
 0.122582812251744E-01
 0.122581227016607E-01
 0.122579746890639E-01
 0.122578935014151E-01
 0.122579103395778E-01
 0.122580191116377E-01
 0.122581811554337E-01
 0.122583430837632E-01
 0.122584583201258E-01
 0.122585035411815E-01
 0.122584856409719E-01
 0.122584386029937E-01
 0.122584114199485E-01
 0.122584498925178E-01
 0.122585781049590E-01
 0.122587875331345E-01
 0.122590397315697E-01
 0.122592821657599E-01
 0.122594700316987E-01
 0.122595843532839E-01
 0.122596391531037E-01
 0.122596754160532E-01
 0.122597442267186E-01
 0.122598851933163E-01
 0.122601088769847E-01
 0.122603916930031E-01
 0.122606867182661E-01
 0.122609454458235E-01
 0.122611391768161E-01
 0.122612694302371E-01
 0.122613639638693E-01
 0.122614628930646E-01
 0.122616024904312E-01
 0.122618023692739E-01
 0.122620588372152E-01
 0.122623459776103E-01
 0.122626251778071E-01
 0.122628609116305E-01
 0.122630363611767E-01
 0.122631609146007E-01
 0.122632653251259E-01
 0.122633871623712E-01
 0.122635540800637E-01
 0.122637724565493E-01
 0.122640255039172E-01
 0.122642809862738E-01
 0.122645054956309E-01
 0.122646795255003E-01
 0.122648061730633E-01
 0.122649084754940E-01
 0.122650166342635E-01
 0.122651528568937E-01
 0.122653227124839E-01
 0.122655163864648E-01
 0.122657160239384E-01
 0.122659029804994E-01
 0.122660623826387E-01
 0.122661866875421E-01
 0.122662795960551E-01
 0.122663576341314E-01
 0.122664449985832E-01
 0.122665615881831E-01
 0.122667109961692E-01
 0.122668773229632E-01
 0.122670339375602E-01
 0.122671585276141E-01
 0.122672446344865E-01
 0.122673033477420E-01
 0.122673559582423E-01
 0.122674230737433E-01
 0.122675156988778E-01
 0.122676312747642E-01
 0.122677554562086E-01
 0.122678688525140E-01
 0.122679561316363E-01
 0.122680132320406E-01
 0.122680488604661E-01
 0.122680796562413E-01
 0.122681221690843E-01
 0.122681860361136E-01
 0.122682708629137E-01
 0.122683667531481E-01
 0.122684576149370E-01
 0.122685268843814E-01
 0.122685648532885E-01
 0.122685746923069E-01
 0.122685729260592E-01
 0.122685823147736E-01
 0.122686201883206E-01
 0.122686890857035E-01
 0.122687754355067E-01
 0.122688567039972E-01
 0.122689123474362E-01
 0.122689327196885E-01
 0.122689225491361E-01
 0.122688987009274E-01
 0.122688835743048E-01
 0.122688961401179E-01
 0.122689435715374E-01
 0.122690172555884E-01
 0.122690959009094E-01
 0.122691549480612E-01
 0.122691777262356E-01
 0.122691627997021E-01
 0.122691244143137E-01
 0.122690866242153E-01
 0.122690738958025E-01
 0.122691013464990E-01
 0.122691677059671E-01
 0.122692541871797E-01
 0.122693313304484E-01
 0.122693722512685E-01
 0.122693661577637E-01
 0.122693244273595E-01
 0.122692753098226E-01
 0.122692502259869E-01
 0.122692694283755E-01
 0.122693341090701E-01
 0.122694273272704E-01
