 0.275882714556000E-09
 0.442676196652298E-08
 0.259661906342768E-07
 0.945069888365060E-07
 0.261318453628114E-06
 0.603367085116987E-06
 0.122620502301017E-05
 0.226625638414340E-05
 0.389313118449615E-05
 0.631232748553835E-05
 0.976823551623632E-05
 0.145469469624799E-04
 0.210225336338560E-04
 0.296223521013775E-04
 0.407458782787394E-04
 0.548724093351393E-04
 0.727215637152756E-04
 0.952855277971243E-04
 0.122871657434864E-03
 0.156154164892225E-03
 0.195820903961059E-03
 0.242562750444031E-03
 0.297063069549020E-03
 0.359987837183085E-03
 0.431976741951282E-03
 0.513635254346599E-03
 0.605527401517874E-03
 0.708168984270846E-03
 0.822021215998893E-03
 0.947485082073984E-03
 0.108489688928363E-02
 0.123452537865127E-02
 0.139657048502469E-02
 0.157116355426509E-02
 0.175836876085095E-02
 0.195818562005884E-02
 0.217055268964969E-02
 0.239535259250269E-02
 0.263241829225041E-02
 0.288154026156758E-02
 0.314457180576090E-02
 0.341963520970264E-02
 0.370595345995571E-02
 0.400317315108040E-02
 0.431093762494144E-02
 0.462889655542273E-02
 0.495671494927784E-02
 0.529408146137325E-02
 0.564071596007745E-02
 0.599637610609503E-02
 0.636086245459274E-02
 0.673402156543125E-02
 0.711574705121629E-02
 0.750597928515881E-02
 0.790470509022164E-02
 0.831195852903742E-02
 0.872782278298507E-02
 0.915243168267465E-02
 0.958596879015385E-02
 0.100286627276632E-01
 0.104821318090045E-01
 0.109499037993994E-01
 0.114283366999199E-01
 0.119177499656757E-01
 0.124184787817158E-01
 0.129308704332918E-01
 0.134552808510044E-01
 0.139920694641442E-01
 0.145415901103235E-01
 0.151041771371362E-01
 0.156801284277205E-01
 0.162696892193371E-01
 0.168730405711664E-01
 0.174902937918046E-01
 0.181214885340693E-01
 0.187665900618861E-01
 0.194254819966762E-01
 0.200979540763813E-01
 0.207836877483874E-01
 0.214822435601934E-01
 0.221930530092871E-01
 0.229154153400177E-01
 0.236484984556131E-01
 0.243913429077178E-01
 0.251428677534926E-01
 0.259018761238551E-01
 0.266670573277600E-01
 0.274369828588749E-01
 0.282100965064731E-01
 0.289847025999461E-01
 0.297589586863239E-01
 0.305308778512747E-01
 0.312983417932298E-01
 0.320591208854914E-01
 0.328108944845136E-01
 0.335512652858177E-01
 0.342777653969151E-01
 0.349878570420099E-01
 0.356789345893103E-01
 0.363483346489808E-01
 0.369933571566752E-01
 0.376112948637371E-01
 0.381994647258360E-01
 0.387552343348465E-01
 0.392760394112132E-01
 0.397593924850801E-01
 0.402028863450081E-01
 0.406207137536880E-01
 0.409993321560221E-01
 0.413316775033042E-01
 0.416156487409623E-01
 0.418493039340207E-01
 0.420308768228768E-01
 0.421587860789064E-01
 0.422316359843748E-01
 0.422482111687302E-01
 0.422074725763107E-01
 0.421085637355904E-01
 0.419508330355809E-01
 0.417338698789869E-01
 0.414575444524661E-01
 0.411220370748526E-01
 0.407278456846883E-01
 0.402757677500956E-01
 0.397668625963591E-01
 0.392024082510413E-01
 0.385838698903150E-01
 0.379128923562454E-01
 0.371913176832282E-01
 0.364212153610973E-01
 0.356049058276588E-01
 0.347449611608396E-01
 0.338441788980910E-01
 0.329055376570995E-01
 0.319321497133462E-01
 0.309272243869919E-01
 0.298940502764941E-01
 0.288359974822556E-01
 0.277565338144094E-01
 0.266592417720658E-01
 0.255478187493154E-01
 0.244260464857077E-01
 0.232977291173008E-01
 0.221666167401610E-01
 0.210363423131086E-01
 0.199103956145491E-01
 0.187921396898251E-01
 0.176848528681843E-01
 0.165917658142132E-01
 0.155160659940947E-01
 0.144608599828302E-01
 0.134291075257579E-01
 0.124235570702031E-01
 0.114467109986507E-01
 0.105091195621960E-01
 0.961786856878211E-02
 0.902461675346651E-02
 0.894833079581393E-02
 0.886541968029593E-02
 0.877690210405809E-02
 0.868375048363217E-02
 0.858689463990401E-02
 0.848722436454414E-02
 0.838558483169285E-02
 0.828276743405068E-02
 0.817950360946320E-02
 0.807646748036039E-02
 0.797428687442237E-02
 0.787355673079066E-02
 0.777484800860899E-02
 0.767870907237292E-02
 0.758946868137913E-02
 0.750591056919423E-02
 0.742703025835450E-02
 0.735319429319343E-02
 0.728472313648428E-02
 0.722188958775266E-02
 0.716490616735396E-02
 0.711390072760109E-02
 0.706888678447999E-02
 0.703552975780962E-02
 0.701280179775543E-02
 0.699503519006575E-02
 0.698190232909334E-02
 0.697303489721285E-02
 0.696804942765757E-02
 0.696656330473073E-02
 0.696820005508081E-02
 0.697258955569936E-02
 0.698177230428241E-02
 0.699729245422508E-02
 0.701376158651985E-02
 0.703089157667865E-02
 0.704842333991129E-02
 0.706608559415581E-02
 0.708357155077827E-02
 0.710054164268682E-02
 0.711664972540219E-02
 0.713158061049358E-02
 0.714508200826251E-02
 0.716143715279183E-02
 0.717656633302262E-02
 0.719016612603390E-02
 0.720214917428714E-02
 0.721245596921222E-02
 0.722104751336712E-02
 0.722790343796386E-02
 0.723302438410018E-02
 0.723643593286912E-02
 0.724215479266717E-02
 0.724780813063774E-02
 0.725225478701610E-02
 0.725553002250196E-02
 0.725772919212275E-02
 0.725902322063285E-02
 0.725964739137820E-02
 0.725986907932168E-02
 0.725995078512072E-02
 0.726012406604658E-02
 0.726057964900338E-02
 0.726146740441509E-02
 0.726289510542692E-02
 0.726905127648131E-02
 0.727715573408154E-02
 0.728572491844897E-02
 0.729459298630930E-02
 0.730350841295392E-02
 0.731219845560168E-02
 0.732044491154751E-02
 0.732814752988808E-02
 0.733535239456306E-02
 0.734223165085169E-02
 0.734901716919842E-02
 0.735590892462659E-02
 0.736299063600955E-02
 0.737018393823412E-02
 0.737725804910893E-02
 0.738389131170245E-02
 0.738976295210163E-02
 0.739464367420286E-02
 0.739845393281953E-02
 0.740126835924796E-02
 0.740326138420916E-02
 0.740461171469143E-02
 0.740540216821200E-02
 0.740555643697010E-02
 0.740561446216642E-02
 0.740814526378160E-02
 0.740958389391490E-02
 0.740987299774390E-02
 0.740904071397808E-02
 0.740718286515277E-02
 0.740441613749619E-02
 0.740082098699046E-02
 0.739639825310556E-02
 0.739105835742386E-02
 0.738464925359607E-02
 0.737701455798082E-02
 0.736806210477411E-02
 0.735781925766078E-02
 0.734645572046162E-02
 0.733426553308613E-02
 0.732161345443751E-02
 0.730886247144020E-02
 0.729630527301924E-02
 0.728412150093436E-02
 0.727237435460273E-02
 0.726104641892325E-02
 0.725009975716467E-02
 0.723953594344463E-02
 0.722943331514512E-02
 0.721995115425977E-02
 0.721130655570853E-02
 0.720373971723203E-02
 0.719748253180827E-02
 0.719273732710575E-02
 0.718966533987407E-02
 0.718838264887490E-02
 0.718896260850359E-02
 0.719144330930748E-02
 0.719583508981709E-02
 0.720212104935340E-02
 0.721024763266967E-02
 0.722011156076378E-02
 0.723155648941645E-02
 0.724439090092664E-02
 0.725842770451614E-02
 0.727353263980570E-02
 0.728966105197782E-02
 0.730686488830386E-02
 0.732526232056428E-02
 0.734497664734805E-02
 0.736606389291417E-02
 0.738845490197154E-02
 0.741334554042007E-02
 0.744019964500730E-02
 0.746739036677214E-02
 0.749440738441424E-02
 0.752074169859686E-02
 0.754595931512747E-02
 0.756974668841582E-02
 0.759192017238769E-02
 0.761240605046420E-02
 0.763120533495195E-02
 0.764835614059702E-02
 0.766390045696200E-02
 0.767785764811888E-02
 0.769020611310211E-02
 0.770087479153970E-02
 0.770974480575965E-02
 0.771671559180731E-02
 0.772298656078520E-02
 0.772702119891845E-02
 0.772882918784398E-02
 0.772846522322091E-02
 0.772601813389152E-02
 0.772159569550252E-02
 0.771530750791447E-02
 0.770724756370718E-02
 0.769747842682378E-02
 0.768602156578214E-02
 0.767286142709592E-02
 0.765796992279691E-02
 0.764135024459659E-02
 0.762308669666092E-02
 0.760337811955654E-02
 0.758253432124254E-02
 0.756092960535973E-02
 0.753892821019012E-02
 0.751681144652126E-02
 0.749473647216328E-02
 0.747274181871928E-02
 0.745079379409889E-02
 0.742885231637345E-02
 0.740693138401641E-02
 0.738513680362511E-02
 0.736367499549466E-02
 0.734283515434878E-02
 0.732295092299939E-02
 0.730434946181973E-02
 0.728729818028213E-02
 0.727196222296945E-02
 0.725838583541363E-02
 0.724650493630044E-02
 0.723618723491676E-02
 0.722728503434855E-02
 0.721968082563273E-02
 0.721331024658561E-02
 0.720815868238581E-02
 0.720424013239904E-02
 0.720157330416121E-02
 0.720016760056727E-02
 0.720002323410368E-02
 0.720114044852029E-02
 0.720352743773116E-02
 0.720719703700980E-02
 0.721214801550924E-02
 0.721833548419950E-02
 0.722564298580412E-02
 0.723387201624963E-02
 0.724275991019362E-02
 0.725202489679611E-02
 0.726142337267213E-02
 0.727079706022119E-02
 0.728009162003817E-02
 0.728934130563832E-02
 0.729862850224573E-02
 0.730803472614482E-02
 0.731759864074243E-02
 0.732729051089638E-02
 0.733700642359153E-02
 0.734658174745069E-02
 0.735582044573923E-02
 0.736453341343880E-02
 0.737257574736311E-02
 0.737987227721168E-02
 0.738642415400026E-02
 0.739229540900984E-02
 0.739758427758341E-02
 0.740238783644247E-02
 0.740677006391877E-02
 0.741074318803464E-02
 0.741426958039140E-02
 0.741728558220672E-02
 0.741974027233755E-02
 0.742163460975738E-02
 0.742304379781781E-02
 0.742411033612922E-02
 0.742500574578196E-02
 0.742587142324978E-02
 0.742675892348232E-02
 0.742759348159488E-02
 0.742817959959824E-02
 0.742825421915865E-02
 0.742757489852092E-02
 0.742601434193035E-02
 0.742362627045311E-02
 0.742065534422478E-02
 0.741748361130971E-02
 0.741452976169861E-02
 0.741213524445386E-02
 0.741047582129033E-02
 0.740952701101030E-02
 0.740909168712241E-02
 0.740887601403416E-02
 0.740858439567991E-02
 0.740800062820434E-02
 0.740703139344195E-02
 0.740570493025712E-02
 0.740413469874311E-02
 0.740246830568015E-02
 0.740084264973682E-02
 0.739935844008610E-02
 0.739807564331191E-02
 0.739702186114866E-02
 0.739620250909439E-02
 0.739560572952679E-02
 0.739520278730273E-02
 0.739495040054979E-02
 0.739480063114782E-02
 0.739471709209210E-02
 0.739468883453018E-02
 0.739473184621832E-02
 0.739487478647149E-02
 0.739513610835221E-02
 0.739550641859095E-02
 0.739594763557005E-02
 0.739641041571000E-02
 0.739685994313478E-02
 0.739729468050608E-02
 0.739774631973235E-02
 0.739825974188159E-02
 0.739886328022624E-02
 0.739954551167738E-02
 0.740025163935082E-02
 0.740090176011403E-02
 0.740142107593136E-02
 0.740176584503642E-02
 0.740193244859829E-02
 0.740194770447413E-02
 0.740184902494691E-02
 0.740166651423505E-02
 0.740141470553827E-02
 0.740109420858054E-02
 0.740069896138400E-02
 0.740022494354064E-02
 0.739967833327479E-02
 0.739908154028463E-02
 0.739847391330610E-02
 0.739790325527245E-02
 0.739740750366722E-02
 0.739699231961266E-02
 0.739661556081789E-02
 0.739618929991136E-02
 0.739560333462226E-02
 0.739476435624160E-02
 0.739363716948095E-02
 0.739227216943474E-02
 0.739080716183431E-02
 0.738943956828539E-02
 0.738837431887854E-02
 0.738776097937458E-02
 0.738763907272175E-02
 0.738791127453704E-02
 0.738835836997959E-02
 0.738869721413956E-02
 0.738866651680944E-02
 0.738811185840092E-02
 0.738703849164617E-02
 0.738561150230811E-02
 0.738410352126467E-02
 0.738281028747676E-02
 0.738196429572873E-02
 0.738167346520672E-02
 0.738189980694559E-02
 0.738247996156294E-02
 0.738317975637256E-02
 0.738376829939067E-02
 0.738409174142459E-02
 0.738412363224777E-02
 0.738397196989633E-02
 0.738383585434711E-02
 0.738392457280699E-02
 0.738437003545820E-02
 0.738516932443050E-02
 0.738618274073836E-02
 0.738718850303630E-02
 0.738796994336625E-02
 0.738839731441401E-02
 0.738847065092626E-02
 0.738830940023206E-02
 0.738809819432265E-02
 0.738801448379640E-02
 0.738816648877201E-02
 0.738856078213143E-02
 0.738910497420416E-02
 0.738963954157112E-02
 0.738998685256414E-02
 0.739000378455712E-02
 0.738962479193460E-02
 0.738888424383333E-02
 0.738791128000341E-02
 0.738689781651270E-02
 0.738604896750597E-02
 0.738553152496556E-02
 0.738543699183341E-02
 0.738577001265785E-02
 0.738646295415128E-02
 0.738740722023565E-02
 0.738848639927187E-02
 0.738959824031270E-02
 0.739066055611642E-02
 0.739160563204586E-02
 0.739237296633034E-02
 0.739290856728976E-02
 0.739317273981174E-02
 0.739315227775089E-02
 0.739287094971822E-02
 0.739239396377375E-02
 0.739182475773152E-02
 0.739129357412439E-02
 0.739093721477513E-02
 0.739087040836790E-02
 0.739115281925423E-02
 0.739176071901044E-02
 0.739257555032612E-02
 0.739339989380611E-02
 0.739400349813779E-02
 0.739418979028786E-02
 0.739386142336899E-02
 0.739305851229980E-02
 0.739195037846939E-02
 0.739078034000068E-02
 0.738978519299512E-02
 0.738912413197403E-02
 0.738884712623730E-02
 0.738891176318651E-02
 0.738923224084643E-02
 0.738972931579354E-02
 0.739035355704546E-02
 0.739107279174314E-02
 0.739183654568589E-02
 0.739254349264598E-02
 0.739303634987784E-02
 0.739313418143616E-02
 0.739269246740505E-02
 0.739166622289138E-02
 0.739014815017154E-02
 0.738836369453306E-02
 0.738662262794329E-02
 0.738524326697480E-02
 0.738447327490681E-02
 0.738442892927730E-02
 0.738506705569913E-02
 0.738619561960292E-02
 0.738752173505525E-02
 0.738872786052689E-02
 0.738955756106145E-02
 0.738988511353525E-02
 0.738974454241475E-02
 0.738930632522862E-02
 0.738880986621325E-02
 0.738847752454089E-02
 0.738844284791582E-02
 0.738871883383695E-02
 0.738921512254988E-02
 0.738979327584318E-02
 0.739033434866764E-02
 0.739078865130443E-02
 0.739118623934718E-02
 0.739160534184146E-02
 0.739211636767568E-02
 0.739273098666380E-02
 0.739338253059227E-02
 0.739394724927838E-02
 0.739429490555458E-02
 0.739434290859991E-02
 0.739408752877630E-02
 0.739359828261013E-02
 0.739298062166310E-02
 0.739232805554396E-02
 0.739168956026508E-02
 0.739106866396710E-02
 0.739045178635740E-02
 0.738984621445440E-02
 0.738930328659359E-02
 0.738891279532708E-02
 0.738877261938180E-02
 0.738895057902713E-02
 0.738945593418679E-02
 0.739022878736905E-02
 0.739114644468982E-02
 0.739204316481450E-02
 0.739274184641012E-02
 0.739309613748865E-02
 0.739303553684522E-02
 0.739259837306081E-02
 0.739193604006950E-02
 0.739128049955170E-02
 0.739088191828375E-02
 0.739093600800145E-02
 0.739152488857237E-02
 0.739259037654272E-02
 0.739394779657105E-02
 0.739533574004246E-02
 0.739648603932426E-02
 0.739719182073922E-02
 0.739735265135832E-02
 0.739698490224773E-02
 0.739619896818598E-02
 0.739515675978801E-02
 0.739402775800630E-02
 0.739295852432309E-02
 0.739206132451665E-02
 0.739141688111202E-02
 0.739107905738560E-02
 0.739106956173426E-02
 0.739135983434152E-02
 0.739185114040737E-02
 0.739237334922579E-02
 0.739271875344832E-02
 0.739270833815268E-02
 0.739226451980138E-02
 0.739145293177904E-02
 0.739046673304093E-02
 0.738955567085540E-02
 0.738893149031628E-02
 0.738869321359054E-02
 0.738880387001333E-02
 0.738912303340028E-02
 0.738947352317258E-02
 0.738970911458421E-02
 0.738975608625621E-02
 0.738961828327229E-02
 0.738935269206678E-02
 0.738903239907633E-02
 0.738871403881002E-02
 0.738842039759574E-02
 0.738814079918335E-02
 0.738784599651463E-02
 0.738751124713883E-02
 0.738713975541816E-02
 0.738677791075434E-02
 0.738651482491917E-02
 0.738646325085405E-02
 0.738672656465133E-02
 0.738736342873977E-02
 0.738836352640093E-02
 0.738964292931152E-02
 0.739105936640486E-02
 0.739244101265818E-02
 0.739362023444591E-02
 0.739446484290432E-02
 0.739490099455101E-02
 0.739492301252053E-02
 0.739458774565142E-02
 0.739399597451369E-02
 0.739326881832751E-02
 0.739252860178614E-02
 0.739188868535627E-02
 0.739144836580015E-02
 0.739128407815810E-02
 0.739143168162463E-02
 0.739186452809769E-02
 0.739248040796087E-02
 0.739311017992431E-02
 0.739355155298374E-02
 0.739361957419346E-02
 0.739319839724274E-02
 0.739227938673210E-02
 0.739097537708476E-02
 0.738950573472957E-02
 0.738815121847986E-02
 0.738718432362583E-02
 0.738679110755655E-02
 0.738701010337411E-02
 0.738771470256496E-02
 0.738865224185260E-02
 0.738952972219301E-02
 0.739011432487787E-02
 0.739030890315269E-02
 0.739017307701669E-02
 0.738988390485301E-02
 0.738965475519316E-02
 0.738964628196894E-02
 0.738990435017139E-02
 0.739034768460821E-02
 0.739080839017595E-02
 0.739110843991444E-02
 0.739114158723662E-02
 0.739092774140003E-02
 0.739061677460699E-02
 0.739043770197158E-02
 0.739061042740675E-02
 0.739125293566371E-02
 0.739232071453714E-02
 0.739360489424745E-02
 0.739479381274765E-02
 0.739557731072930E-02
 0.739575473527711E-02
 0.739530518613783E-02
 0.739439373629991E-02
 0.739331311720174E-02
 0.739238447819228E-02
 0.739185317511057E-02
 0.739181340961206E-02
 0.739218325778140E-02
 0.739273557551648E-02
 0.739317448947801E-02
 0.739323347788883E-02
 0.739276220476309E-02
 0.739177036913374E-02
 0.739041159129752E-02
 0.738891550047434E-02
 0.738750006802337E-02
 0.738630499178657E-02
 0.738537428300820E-02
 0.738468881643122E-02
 0.738422331414558E-02
 0.738399170305114E-02
 0.738405448535490E-02
 0.738448446615369E-02
 0.738530981669166E-02
 0.738646505165382E-02
 0.738777704624752E-02
 0.738899777908486E-02
 0.738987539504783E-02
 0.739023864104831E-02
 0.739006298478786E-02
 0.738949215522142E-02
 0.738880428988231E-02
 0.738833160801812E-02
 0.738835943442269E-02
 0.738903839835360E-02
 0.739033954770348E-02
 0.739206686832644E-02
 0.739392065807168E-02
 0.739558690200962E-02
 0.739682030846234E-02
 0.739749503884161E-02
 0.739761314780758E-02
 0.739727737442447E-02
 0.739664453476862E-02
 0.739587665855013E-02
 0.739510279248918E-02
 0.739439919607127E-02
 0.739379043729502E-02
 0.739326752492049E-02
 0.739281247504680E-02
 0.739241580315014E-02
 0.739207831171148E-02
 0.739179968356652E-02
 0.739156618055250E-02
 0.739135031369711E-02
 0.739112570319730E-02
 0.739088778465827E-02
 0.739066517270212E-02
 0.739051148323545E-02
 0.739047916327789E-02
 0.739058727977765E-02
 0.739079858410848E-02
 0.739101722075474E-02
 0.739111053972042E-02
 0.739095012119866E-02
 0.739046033437957E-02
 0.738965863390622E-02
 0.738867158014215E-02
 0.738771553343718E-02
 0.738704134791207E-02
 0.738685616696540E-02
 0.738724787526250E-02
 0.738814243167081E-02
 0.738931604616047E-02
 0.739046340074504E-02
 0.739129820126971E-02
 0.739164649217876E-02
 0.739149626235381E-02
 0.739098784159217E-02
 0.739035613513514E-02
 0.738985280431938E-02
 0.738967688197947E-02
 0.738993060819174E-02
 0.739060419706272E-02
 0.739158617044515E-02
 0.739269424136269E-02
 0.739372037528616E-02
 0.739447973800103E-02
 0.739484937286503E-02
 0.739478386449672E-02
 0.739430424610291E-02
 0.739346938071938E-02
 0.739234827438683E-02
 0.739101049734571E-02
 0.738953924734901E-02
 0.738805440267468E-02
 0.738672247812638E-02
 0.738573523898492E-02
 0.738525760770781E-02
 0.738536661436776E-02
 0.738601185299418E-02
 0.738701795140029E-02
 0.738812826411526E-02
 0.738907118432033E-02
 0.738962613573258E-02
 0.738967334710952E-02
 0.738922010454911E-02
 0.738839969029072E-02
 0.738744020470396E-02
 0.738660588105429E-02
 0.738612498914065E-02
 0.738612864408808E-02
 0.738662394817101E-02
 0.738751040776560E-02
 0.738862851089788E-02
 0.738981592314780E-02
 0.739094705549007E-02
 0.739194378956954E-02
 0.739276105173327E-02
 0.739336273289543E-02
 0.739370654326413E-02
 0.739375010237905E-02
 0.739347786295361E-02
 0.739293533760052E-02
 0.739225037076781E-02
 0.739162477814328E-02
 0.739129190065002E-02
 0.739145041893090E-02
 0.739219571050463E-02
 0.739347346388024E-02
 0.739507539095159E-02
 0.739668444602009E-02
 0.739795951856801E-02
 0.739863291591615E-02
 0.739858626801815E-02
 0.739787745596831E-02
 0.739671072974958E-02
 0.739536454474649E-02
 0.739410570167920E-02
 0.739311908947511E-02
 0.739247258774652E-02
 0.739212290657547E-02
 0.739195513199827E-02
 0.739183877174284E-02
 0.739167825082858E-02
 0.739143883043087E-02
 0.739114038434004E-02
 0.739082679039418E-02
 0.739052969079610E-02
 0.739024595293038E-02
 0.738993887952232E-02
 0.738956032201824E-02
 0.738908123007470E-02
 0.738851531687797E-02
 0.738792434258256E-02
 0.738740205925176E-02
 0.738704392832581E-02
 0.738691669494914E-02
 0.738704137176117E-02
 0.738739471263174E-02
 0.738792336363706E-02
 0.738855955858197E-02
 0.738923101437114E-02
 0.738986609651298E-02
 0.739040000698986E-02
 0.739078464377876E-02
 0.739099801092824E-02
 0.739104634474797E-02
 0.739095663927168E-02
 0.739076450218926E-02
 0.739050507739326E-02
 0.739021077144746E-02
 0.738991317595597E-02
 0.738964400531813E-02
 0.738943253108316E-02
 0.738930093919248E-02
 0.738925992105664E-02
 0.738930473547986E-02
 0.738941087660719E-02
 0.738953107254147E-02
 0.738959940253907E-02
 0.738954845131915E-02
 0.738933857415972E-02
 0.738898776010368E-02
 0.738858416218829E-02
 0.738826773001835E-02
 0.738818227314807E-02
 0.738841673090134E-02
 0.738896344709294E-02
 0.738971508443046E-02
 0.739050288232078E-02
 0.739115799997439E-02
 0.739156715484508E-02
 0.739169962448807E-02
 0.739160029267586E-02
 0.739136082915342E-02
 0.739108755611103E-02
 0.739087805782192E-02
 0.739080662921980E-02
 0.739091181849993E-02
 0.739118280609748E-02
 0.739155112163315E-02
 0.739190043836693E-02
 0.739210234263048E-02
 0.739207098972945E-02
 0.739181379003975E-02
 0.739145022540107E-02
 0.739118215995296E-02
 0.739122193309338E-02
 0.739170662799228E-02
 0.739263551283619E-02
 0.739385776505181E-02
 0.739511489825811E-02
 0.739611932249415E-02
 0.739663855044368E-02
 0.739655740801322E-02
 0.739590337610254E-02
 0.739483423715102E-02
 0.739359629553012E-02
 0.739246479701350E-02
 0.739167875380568E-02
 0.739138289436251E-02
 0.739158979445193E-02
 0.739217318726176E-02
 0.739289730039154E-02
 0.739347756997125E-02
 0.739365819773127E-02
 0.739328530486064E-02
 0.739235358096381E-02
 0.739101045159677E-02
 0.738951407767684E-02
 0.738815676974434E-02
 0.738717828838413E-02
 0.738669825345586E-02
 0.738669041969774E-02
 0.738700588043744E-02
 0.738743397779847E-02
 0.738777675115059E-02
 0.738791017780564E-02
 0.738781317099410E-02
 0.738755894425948E-02
 0.738727703695761E-02
 0.738710322108502E-02
 0.738713629713004E-02
 0.738741564833093E-02
 0.738792376725728E-02
 0.738860766467993E-02
 0.738940622567223E-02
 0.739026994070340E-02
 0.739116505691346E-02
 0.739206315893786E-02
 0.739292488406865E-02
 0.739368893839302E-02
 0.739427378730486E-02
 0.739459200748593E-02
 0.739457101944759E-02
 0.739417230584203E-02
 0.739340411837387E-02
 0.739232665372376E-02
 0.739105020746371E-02
 0.738972550016275E-02
 0.738852416246527E-02
 0.738760942817371E-02
 0.738710233465981E-02
 0.738705351364843E-02
 0.738743089665706E-02
 0.738812839861683E-02
 0.738899269724206E-02
 0.738985878786325E-02
 0.739058282994706E-02
 0.739106331192766E-02
 0.739124742032362E-02
 0.739112628527805E-02
 0.739072725120261E-02
 0.739011059724402E-02
 0.738937199963970E-02
 0.738864433558945E-02
 0.738808902574684E-02
 0.738787115926538E-02
 0.738812158592938E-02
 0.738889678087834E-02
 0.739014917743973E-02
 0.739171757086799E-02
 0.739334289877541E-02
 0.739471109655279E-02
 0.739551992509116E-02
 0.739555841319989E-02
 0.739477787573880E-02
 0.739332885676970E-02
 0.739154459517822E-02
 0.738986831311643E-02
 0.738874175508073E-02
 0.738848701609667E-02
 0.738921714844345E-02
 0.739080275599018E-02
 0.739290496788039E-02
 0.739506510713174E-02
 0.739682438650613E-02
 0.739783889181117E-02
 0.739795852921242E-02
 0.739725115661297E-02
 0.739596912329585E-02
 0.739446986095176E-02
 0.739311288837195E-02
 0.739216194488925E-02
 0.739172100670576E-02
 0.739172379830824E-02
 0.739197831400954E-02
 0.739224719899230E-02
 0.739233172912476E-02
 0.739212859173770E-02
 0.739164342736339E-02
 0.739096468507528E-02
 0.739021608394517E-02
 0.738951035377185E-02
 0.738892104465361E-02
 0.738847720030342E-02
 0.738817377683026E-02
 0.738798499113442E-02
 0.738787131806139E-02
 0.738778071172394E-02
 0.738765282819956E-02
 0.738743432839196E-02
 0.738710371606704E-02
 0.738669351191546E-02
 0.738629504651887E-02
 0.738603917453751E-02
 0.738605869653851E-02
 0.738644659313766E-02
 0.738722436351301E-02
 0.738832922592795E-02
 0.738962238411756E-02
 0.739091559525626E-02
 0.739200993471437E-02
 0.739273859183838E-02
 0.739300500806025E-02
 0.739280850421196E-02
 0.739225071566099E-02
 0.739151754387441E-02
 0.739083513866481E-02
 0.739040698236558E-02
 0.739035049151058E-02
 0.739065823409644E-02
 0.739120318817233E-02
 0.739178913013528E-02
 0.739222558396407E-02
 0.739239465364274E-02
 0.739228160359222E-02
 0.739195919814149E-02
 0.739153757279789E-02
 0.739110643503073E-02
 0.739069849110300E-02
 0.739029147292666E-02
 0.738984586208648E-02
 0.738935600496780E-02
 0.738888450628641E-02
 0.738855879460186E-02
 0.738852950425011E-02
 0.738891002176060E-02
 0.738972391933021E-02
 0.739088035580520E-02
 0.739218433136154E-02
 0.739337762157784E-02
 0.739420015371317E-02
 0.739445797731030E-02
 0.739408070426633E-02
 0.739315043562450E-02
 0.739188967654294E-02
 0.739060817141991E-02
 0.738962333269786E-02
 0.738917911338418E-02
 0.738938903296158E-02
 0.739022003096853E-02
 0.739151818225405E-02
 0.739306130674943E-02
 0.739461472193732E-02
 0.739597000972470E-02
 0.739696093327342E-02
 0.739746610213989E-02
 0.739741363837222E-02
 0.739679535617784E-02
 0.739568408642588E-02
 0.739423959503012E-02
 0.739269212435971E-02
 0.739130373025014E-02
 0.739031713667622E-02
 0.738990456589701E-02
 0.739012693359132E-02
 0.739091161376147E-02
 0.739205594684645E-02
 0.739326089498390E-02
 0.739419219564458E-02
 0.739455668758712E-02
 0.739417407195205E-02
 0.739302336740792E-02
 0.739124960118029E-02
 0.738912791034533E-02
 0.738699570009251E-02
 0.738517412179833E-02
 0.738390289852515E-02
 0.738330510894950E-02
 0.738338439666048E-02
 0.738404453907785E-02
 0.738511774790831E-02
 0.738639382157400E-02
 0.738765048000060E-02
 0.738868806498164E-02
 0.738936717610365E-02
 0.738964032970964E-02
 0.738956494084703E-02
 0.738928816546881E-02
 0.738900320607334E-02
 0.738888785927330E-02
 0.738904510326935E-02
 0.738946825901914E-02
 0.739004674213281E-02
 0.739061322232347E-02
 0.739101490082410E-02
 0.739117959145048E-02
 0.739114821324582E-02
 0.739105930821874E-02
 0.739109158092521E-02
 0.739138781133098E-02
 0.739199063292236E-02
 0.739281536764795E-02
 0.739367025927390E-02
 0.739431651036403E-02
 0.739454678234749E-02
 0.739425598687453E-02
 0.739348233186716E-02
 0.739240612836227E-02
 0.739130513273139E-02
 0.739047668549629E-02
 0.739014783127976E-02
 0.739040181748608E-02
 0.739114749610011E-02
 0.739214442702960E-02
 0.739307551569365E-02
 0.739364134794878E-02
 0.739364484230886E-02
 0.739304194105850E-02
 0.739194712208055E-02
 0.739059485716479E-02
 0.738926824064829E-02
 0.738821521303271E-02
 0.738757946031536E-02
 0.738737130434030E-02
 0.738748961104683E-02
 0.738778334711827E-02
 0.738812307632115E-02
 0.738844961736171E-02
 0.738878092806766E-02
 0.738918031985888E-02
 0.738970706188073E-02
 0.739037611863549E-02
 0.739114614971774E-02
 0.739193881477746E-02
 0.739267590481931E-02
 0.739331221060862E-02
 0.739384615740246E-02
 0.739430471762269E-02
 0.739471469983592E-02
 0.739507906097760E-02
 0.739537106518208E-02
 0.739554672489996E-02
 0.739556645318471E-02
 0.739541525602853E-02
 0.739511479637716E-02
 0.739472481868544E-02
 0.739433307431548E-02
 0.739403369701468E-02
 0.739389664745327E-02
 0.739393562191633E-02
 0.739408625192141E-02
 0.739420739453776E-02
 0.739411360887928E-02
 0.739363595153629E-02
 0.739269341581674E-02
 0.739134545149369E-02
 0.738979617038198E-02
 0.738833800123429E-02
 0.738725098098547E-02
 0.738669816168490E-02
 0.738666261787625E-02
 0.738695357167428E-02
 0.738727859642320E-02
 0.738735205660110E-02
 0.738699819453920E-02
 0.738621222206099E-02
 0.738515958778896E-02
 0.738411586890973E-02
 0.738337091515565E-02
 0.738313361447198E-02
 0.738347184265613E-02
 0.738430571906054E-02
 0.738544935787029E-02
 0.738667868734851E-02
 0.738779794995411E-02
 0.738868400672045E-02
 0.738929922429038E-02
 0.738967527330273E-02
 0.738987958591055E-02
 0.738998192292878E-02
 0.739003724103176E-02
 0.739009082501796E-02
 0.739019653649690E-02
 0.739042891426780E-02
 0.739087307298085E-02
 0.739159173835438E-02
 0.739258559536773E-02
 0.739376961658988E-02
 0.739498058170659E-02
 0.739601580363719E-02
 0.739668972809251E-02
 0.739688914291734E-02
 0.739660895451968E-02
 0.739595623969961E-02
 0.739511906897023E-02
 0.739430777667751E-02
 0.739368752726951E-02
 0.739332719025007E-02
 0.739318577748385E-02
 0.739314331180352E-02
 0.739306339676941E-02
 0.739285937827671E-02
 0.739253330499556E-02
 0.739216941127591E-02
 0.739188598324988E-02
 0.739176996614003E-02
 0.739182668831669E-02
 0.739196859333598E-02
 0.739204713294733E-02
 0.739191207779125E-02
 0.739147238527583E-02
 0.739073555645854E-02
 0.738981386534504E-02
 0.738889848212375E-02
 0.738821087913602E-02
 0.738794413437859E-02
 0.738820727002165E-02
 0.738898588875991E-02
 0.739013163834045E-02
 0.739138857699684E-02
 0.739245432421208E-02
 0.739306032165329E-02
 0.739304551453421E-02
 0.739239836072082E-02
 0.739125452776122E-02
 0.738985527037989E-02
 0.738848421200661E-02
 0.738740232263983E-02
 0.738679480027344E-02
 0.738673658918160E-02
 0.738718010511935E-02
 0.738796781588107E-02
 0.738886912652566E-02
 0.738963423057712E-02
 0.739005113578462E-02
 0.738999100092251E-02
 0.738943207167530E-02
 0.738845992519084E-02
 0.738724702287946E-02
 0.738601687773793E-02
 0.738499953326141E-02
 0.738438680643156E-02
 0.738429651715751E-02
 0.738475279738170E-02
 0.738568498907673E-02
 0.738694326995281E-02
 0.738832694358801E-02
 0.738962066574313E-02
 0.739063302542392E-02
 0.739123071681580E-02
 0.739136168418091E-02
 0.739106308271925E-02
 0.739045332192689E-02
 0.738970973512613E-02
 0.738903449349238E-02
 0.738861331951496E-02
 0.738857532864222E-02
 0.738896539382391E-02
 0.738973869823469E-02
 0.739077965592303E-02
 0.739193820688645E-02
 0.739307122386626E-02
 0.739407732738864E-02
 0.739491701689753E-02
 0.739561333268391E-02
 0.739623141187171E-02
 0.739684089671451E-02
 0.739747332890764E-02
 0.739809256404481E-02
 0.739859371586210E-02
 0.739883420418381E-02
 0.739868549561242E-02
 0.739808503080028E-02
 0.739706903478016E-02
 0.739577567728060E-02
 0.739441821730489E-02
 0.739323522380486E-02
 0.739242958376126E-02
 0.739211118360561E-02
 0.739225963685289E-02
 0.739272099391728E-02
 0.739324416127538E-02
 0.739354982608217E-02
 0.739341150983509E-02
 0.739272120153765E-02
 0.739151579125411E-02
 0.738995557747083E-02
 0.738826642982687E-02
 0.738667231006565E-02
 0.738534592171514E-02
 0.738439154514182E-02
 0.738385461540270E-02
 0.738374011042438E-02
 0.738402346882618E-02
 0.738464986823665E-02
 0.738552947824826E-02
 0.738653913644633E-02
 0.738753486562474E-02
 0.738837189736983E-02
 0.738892609745033E-02
 0.738911329504952E-02
 0.738890601411373E-02
 0.738834614091880E-02
 0.738754814815529E-02
 0.738668587755329E-02
 0.738596048630106E-02
 0.738555622723748E-02
 0.738559788481215E-02
 0.738612346183986E-02
 0.738707835977490E-02
 0.738832848572436E-02
 0.738968543728848E-02
 0.739093831897707E-02
 0.739188970846612E-02
 0.739239293991708E-02
 0.739238366886209E-02
 0.739189514557626E-02
 0.739104896610806E-02
 0.739002198388323E-02
 0.738900059350187E-02
 0.738813903984934E-02
 0.738753548366460E-02
 0.738723038553940E-02
 0.738722164090535E-02
 0.738748460872522E-02
 0.738798496794035E-02
 0.738867785644877E-02
 0.738949561057979E-02
 0.739033462610082E-02
 0.739105493611474E-02
 0.739150153104374E-02
 0.739154585042804E-02
 0.739113460602617E-02
 0.739032696161160E-02
 0.738930287633051E-02
 0.738833399835703E-02
 0.738772061840056E-02
 0.738771031951920E-02
 0.738842252506298E-02
 0.738980442499625E-02
 0.739163541885726E-02
 0.739358104598188E-02
 0.739527998257061E-02
 0.739643701486105E-02
 0.739689495816079E-02
 0.739666714185447E-02
 0.739592396060441E-02
 0.739493831691736E-02
 0.739400487854117E-02
 0.739335653886778E-02
 0.739310507810049E-02
 0.739322701516403E-02
 0.739359887288433E-02
 0.739406472953594E-02
 0.739450418497090E-02
 0.739486969890072E-02
 0.739517899426475E-02
 0.739547191156448E-02
 0.739575888341546E-02
 0.739599076685863E-02
 0.739606643486898E-02
 0.739587331287637E-02
 0.739533895460717E-02
 0.739446773241659E-02
 0.739334646565805E-02
 0.739211900340961E-02
 0.739094274524518E-02
 0.738994446222908E-02
 0.738918970860696E-02
 0.738867379972974E-02
 0.738833538714444E-02
 0.738808637160584E-02
 0.738784538512397E-02
 0.738756022719836E-02
 0.738721094757300E-02
 0.738679752034932E-02
 0.738632577646049E-02
 0.738580440006390E-02
 0.738525470725180E-02
 0.738472301099448E-02
 0.738428275050971E-02
 0.738402174535227E-02
 0.738402087735009E-02
 0.738433474442785E-02
 0.738498024995675E-02
 0.738593177689312E-02
 0.738711895076310E-02
 0.738842675613671E-02
 0.738970336263559E-02
 0.739078241499891E-02
 0.739152114523443E-02
 0.739184560388662E-02
 0.739178499259090E-02
 0.739147491426181E-02
 0.739111870177476E-02
 0.739091529585514E-02
 0.739098205691966E-02
 0.739130828340954E-02
 0.739176262453857E-02
 0.739215074362625E-02
 0.739229490124710E-02
 0.739209960386827E-02
 0.739157935945026E-02
 0.739084503593531E-02
 0.739006087873548E-02
 0.738938960949469E-02
 0.738894207721101E-02
 0.738874589237421E-02
 0.738874414176625E-02
 0.738882674384027E-02
 0.738888301464067E-02
 0.738885174468635E-02
 0.738874423363470E-02
 0.738862952723278E-02
 0.738859216092358E-02
 0.738868776734744E-02
 0.738892131343460E-02
 0.738925712917972E-02
 0.738964952020727E-02
 0.739007071148923E-02
 0.739051677382964E-02
 0.739098920533555E-02
 0.739146815747877E-02
 0.739189986898569E-02
 0.739221090922662E-02
 0.739234283676852E-02
 0.739228709847587E-02
 0.739210101466649E-02
 0.739189881468779E-02
 0.739182510889019E-02
 0.739202210974971E-02
 0.739259694747877E-02
 0.739359037953418E-02
 0.739495010125593E-02
 0.739651858722563E-02
 0.739804812683572E-02
 0.739924830518386E-02
 0.739985656775058E-02
 0.739971024118081E-02
 0.739879628376098E-02
 0.739726330067419E-02
 0.739539288728364E-02
 0.739353781329773E-02
 0.739204082883364E-02
 0.739115155663641E-02
 0.739096146061427E-02
 0.739137668051811E-02
 0.739214198354409E-02
 0.739291448178948E-02
 0.739336680838740E-02
 0.739328503053225E-02
 0.739262589568869E-02
 0.739151383779395E-02
 0.739018350862222E-02
 0.738889513275580E-02
 0.738785669647545E-02
 0.738717744536947E-02
 0.738685963950290E-02
 0.738682093467482E-02
 0.738693382534607E-02
 0.738706947255760E-02
 0.738713578661695E-02
 0.738710108268632E-02
 0.738699646655430E-02
 0.738689517905332E-02
 0.738687561506642E-02
 0.738698293164583E-02
 0.738720678395077E-02
 0.738748667690997E-02
 0.738774339633010E-02
 0.738792135330052E-02
 0.738802029593860E-02
 0.738810012620365E-02
 0.738825688031962E-02
 0.738858263018645E-02
 0.738912831848329E-02
 0.738988381201910E-02
 0.739077889559839E-02
 0.739170036192932E-02
 0.739251768057744E-02
 0.739311099917603E-02
 0.739339656244007E-02
 0.739334492911057E-02
 0.739298850217894E-02
 0.739241794449877E-02
 0.739176993363892E-02
 0.739120852373442E-02
 0.739089965203031E-02
 0.739097742460407E-02
 0.739150535213485E-02
 0.739244381788709E-02
 0.739364003518039E-02
 0.739485268355094E-02
 0.739581035849308E-02
 0.739628713142869E-02
 0.739616822237711E-02
 0.739548004452606E-02
 0.739437266061936E-02
 0.739306377274373E-02
 0.739177118710508E-02
 0.739066412436476E-02
 0.738984913018450E-02
 0.738938273506092E-02
 0.738928756817686E-02
 0.738955315496898E-02
 0.739012255870026E-02
 0.739088340895683E-02
 0.739168125381487E-02
 0.739235581345198E-02
 0.739278289619112E-02
 0.739290191776607E-02
 0.739272153781989E-02
 0.739231051734804E-02
 0.739178462614070E-02
 0.739129285089157E-02
 0.739099757892993E-02
 0.739104332952646E-02
 0.739151705540609E-02
 0.739241258968177E-02
 0.739361526963290E-02
 0.739491802304409E-02
 0.739606934958743E-02
 0.739684052609272E-02
 0.739708914979153E-02
 0.739679474187340E-02
 0.739605271693663E-02
 0.739503149417830E-02
 0.739391332206359E-02
 0.739284312876170E-02
 0.739190101064087E-02
 0.739110107717778E-02
 0.739041076628395E-02
 0.738978187550473E-02
 0.738918335658452E-02
 0.738862426240794E-02
 0.738815644570573E-02
 0.738785450502489E-02
 0.738778235865997E-02
 0.738796301141714E-02
 0.738836448085169E-02
 0.738890395181119E-02
 0.738946386274562E-02
 0.738991371218895E-02
 0.739013608107751E-02
 0.739005627282922E-02
 0.738966921331211E-02
 0.738905113888386E-02
 0.738834574863765E-02
 0.738772620663476E-02
 0.738734762872287E-02
 0.738730946086139E-02
 0.738764025026093E-02
 0.738830433788004E-02
 0.738921999172911E-02
 0.739027706267762E-02
 0.739134865263400E-02
 0.739230006802799E-02
 0.739300298429112E-02
 0.739335956417777E-02
 0.739333201167296E-02
 0.739296455776382E-02
 0.739238455192340E-02
 0.739177877412286E-02
 0.739135373288942E-02
 0.739129489392115E-02
 0.739173537834327E-02
 0.739273509192871E-02
 0.739426618771348E-02
 0.739620462398283E-02
 0.739833517696853E-02
 0.740037913868902E-02
 0.740204572002284E-02
 0.740309483889315E-02
 0.740339025752650E-02
 0.740292433749746E-02
 0.740180767471144E-02
 0.740023145731437E-02
 0.739841980604869E-02
 0.739658935624679E-02
 0.739492487134721E-02
 0.739356837150028E-02
 0.739261257167574E-02
 0.739209178107886E-02
 0.739197232523224E-02
 0.739215182976843E-02
 0.739247529010711E-02
 0.739276651484421E-02
 0.739286448883412E-02
 0.739265320837463E-02
 0.739208022842340E-02
 0.739116577945162E-02
 0.739000424504640E-02
 0.738875470471363E-02
 0.738761504125758E-02
 0.738677997702345E-02
 0.738639378723320E-02
 0.738651440710244E-02
 0.738710176606727E-02
 0.738803241403475E-02
 0.738913259694153E-02
 0.739021801821503E-02
 0.739112985854107E-02
 0.739175975559352E-02
 0.739205971274981E-02
 0.739203702006935E-02
 0.739173925144405E-02
 0.739123770849945E-02
 0.739061634105993E-02
 0.738996738667835E-02
 0.738938877902196E-02
 0.738897639969717E-02
 0.738880787841982E-02
 0.738892125757636E-02
 0.738929714998319E-02
 0.738985393436807E-02
 0.739046142293266E-02
 0.739097104912899E-02
 0.739125343511689E-02
 0.739123105875408E-02
 0.739089659628162E-02
 0.739031450731417E-02
 0.738960964925033E-02
 0.738894800333312E-02
 0.738851134148338E-02
 0.738846468265469E-02
 0.738891749133748E-02
 0.738988669243535E-02
 0.739127614181964E-02
 0.739288649782540E-02
 0.739445925201435E-02
 0.739574341979065E-02
 0.739656148039246E-02
 0.739684976543469E-02
 0.739665923549548E-02
 0.739612037123433E-02
 0.739539146728429E-02
 0.739461455906955E-02
 0.739389513645878E-02
 0.739330616587860E-02
 0.739290371267316E-02
 0.739273826919343E-02
 0.739285288982142E-02
 0.739326979184239E-02
 0.739397376700054E-02
 0.739490102086371E-02
 0.739593874959725E-02
 0.739693770654585E-02
 0.739773788508884E-02
 0.739820415945945E-02
 0.739826335135360E-02
 0.739792957293933E-02
 0.739730551043660E-02
 0.739655541773198E-02
 0.739585751475554E-02
 0.739535262644921E-02
 0.739510732254527E-02
 0.739510336818415E-02
 0.739525482272937E-02
 0.739544440071713E-02
 0.739556495799168E-02
 0.739555136007560E-02
 0.739539224497888E-02
 0.739511894930486E-02
 0.739477768094500E-02
 0.739439772735405E-02
 0.739397030112868E-02
 0.739344847406373E-02
 0.739276986567555E-02
 0.739189369760978E-02
 0.739083666215998E-02
 0.738969105838996E-02
 0.738861469509489E-02
 0.738779298283261E-02
 0.738738502461528E-02
 0.738747265530004E-02
 0.738803130970974E-02
 0.738893417142206E-02
 0.738998882177891E-02
 0.739099301756017E-02
 0.739178842780585E-02
 0.739229220341617E-02
 0.739249673073502E-02
 0.739244343760909E-02
 0.739218894757082E-02
 0.739178379901393E-02
 0.739127378106930E-02
 0.739071775837195E-02
 0.739020390086339E-02
 0.738984623696862E-02
 0.738975554499324E-02
 0.738999534771373E-02
 0.739054499980430E-02
 0.739129081452251E-02
 0.739205329663089E-02
 0.739264096675693E-02
 0.739290870331838E-02
 0.739279774062162E-02
 0.739234514592113E-02
 0.739166550999677E-02
 0.739091739876600E-02
 0.739026712477041E-02
 0.738985588368913E-02
 0.738977124635909E-02
 0.739002550992669E-02
 0.739054864299834E-02
 0.739120435979635E-02
 0.739182925443964E-02
 0.739228133361665E-02
 0.739247677848757E-02
 0.739240013062529E-02
 0.739208984418915E-02
 0.739161549009596E-02
 0.739106352839897E-02
 0.739053559047693E-02
 0.739014817913324E-02
 0.739001867321820E-02
 0.739023314490340E-02
 0.739080832122986E-02
 0.739166980698662E-02
 0.739266376620517E-02
 0.739360260594451E-02
 0.739432727285612E-02
 0.739475988240298E-02
 0.739492468908338E-02
 0.739492965265841E-02
 0.739491749547054E-02
 0.739500671305056E-02
 0.739524550049086E-02
 0.739559546991956E-02
 0.739595091557583E-02
 0.739618728282603E-02
 0.739622222226406E-02
 0.739606607700722E-02
 0.739583835075008E-02
 0.739573560892120E-02
 0.739595481549439E-02
 0.739659857945587E-02
 0.739760361189424E-02
 0.739872984558397E-02
 0.739962332039430E-02
 0.739993210814035E-02
 0.739942936460181E-02
 0.739809462385823E-02
 0.739612398859256E-02
 0.739386984782391E-02
 0.739173586776202E-02
 0.739006420518258E-02
 0.738904923735162E-02
 0.738870067335665E-02
 0.738886342902091E-02
 0.738928491195389E-02
 0.738970545267751E-02
 0.738993957835230E-02
 0.738991958603417E-02
 0.738968881530421E-02
 0.738935371699466E-02
 0.738902081967200E-02
 0.738874872411269E-02
 0.738853508149243E-02
 0.738834016664755E-02
 0.738813137869191E-02
 0.738792421532012E-02
 0.738779771353572E-02
 0.738787406964740E-02
 0.738826814657337E-02
 0.738902672974924E-02
 0.739008417773014E-02
 0.739125725430137E-02
 0.739228789301015E-02
 0.739292319634290E-02
 0.739300493161946E-02
 0.739253395639355E-02
 0.739168242511463E-02
 0.739074609934979E-02
 0.739005260669453E-02
 0.738985880251791E-02
 0.739027394669907E-02
 0.739123412905242E-02
 0.739253292782891E-02
 0.739389285277253E-02
 0.739504973176056E-02
 0.739582135255563E-02
 0.739614084773741E-02
 0.739604977046001E-02
 0.739565999292941E-02
 0.739510282390839E-02
 0.739448536849601E-02
 0.739386808955923E-02
 0.739326673702194E-02
 0.739267140372443E-02
 0.739207028936575E-02
 0.739146752973824E-02
 0.739089064436826E-02
 0.739038884347190E-02
 0.739002504602958E-02
 0.738986250714683E-02
 0.738994535534624E-02
 0.739027473255586E-02
 0.739078825925991E-02
 0.739135541604414E-02
 0.739179940126151E-02
 0.739194535129424E-02
 0.739168020413430E-02
 0.739099981500042E-02
 0.739002139067184E-02
 0.738895405749061E-02
 0.738803964110516E-02
 0.738748843311277E-02
 0.738743374579996E-02
 0.738791611176463E-02
 0.738889228478238E-02
 0.739025574282700E-02
 0.739185778131053E-02
 0.739352665103369E-02
 0.739508795491194E-02
 0.739638790395596E-02
 0.739731492714476E-02
 0.739781181743479E-02
 0.739787447633400E-02
 0.739754143776804E-02
 0.739688311842433E-02
 0.739599635770614E-02
 0.739500124322545E-02
 0.739403171151599E-02
 0.739321471777335E-02
 0.739264251041278E-02
 0.739235024144433E-02
 0.739230996547713E-02
 0.739244298125523E-02
 0.739264297358587E-02
 0.739279956478501E-02
 0.739281626691164E-02
 0.739262301644745E-02
 0.739218578552880E-02
 0.739151333274127E-02
 0.739065782360455E-02
 0.738970599970661E-02
 0.738876141606340E-02
 0.738792297329918E-02
 0.738726692112170E-02
 0.738683738515008E-02
 0.738664584337847E-02
 0.738667588717054E-02
 0.738688859641963E-02
 0.738722650291452E-02
 0.738761837703370E-02
 0.738798921035884E-02
 0.738827698144117E-02
 0.738845117160731E-02
 0.738852283936802E-02
 0.738853803454252E-02
 0.738855597897712E-02
 0.738862426108741E-02
 0.738876630952219E-02
 0.738898799250029E-02
 0.738929600582250E-02
 0.738971163006875E-02
 0.739026655818325E-02
 0.739098033843861E-02
 0.739183190167917E-02
 0.739274194962705E-02
 0.739357726076845E-02
 0.739417761745636E-02
 0.739439763132807E-02
 0.739415200490624E-02
 0.739345237204625E-02
 0.739242465679065E-02
 0.739129780953381E-02
 0.739035969382537E-02
 0.738988510012966E-02
 0.739005267094253E-02
 0.739087695609412E-02
 0.739218276415923E-02
 0.739363788557413E-02
 0.739483943707721E-02
 0.739542710757927E-02
 0.739518452358090E-02
 0.739409470790597E-02
 0.739233500562793E-02
 0.739022050066348E-02
 0.738812087862286E-02
 0.738637795560098E-02
 0.738524254913071E-02
 0.738483802766422E-02
 0.738515042234330E-02
 0.738604275529849E-02
 0.738729104078336E-02
 0.738863737225089E-02
 0.738985048195000E-02
 0.739077862359520E-02
 0.739137804039332E-02
 0.739170607762030E-02
 0.739188074588759E-02
 0.739202296170394E-02
 0.739220595202836E-02
 0.739243290417235E-02
 0.739264994647214E-02
 0.739278457730082E-02
 0.739278898390238E-02
 0.739266813169042E-02
 0.739248197090705E-02
 0.739232325457907E-02
 0.739228149692980E-02
 0.739240711675177E-02
 0.739268830172502E-02
 0.739304816795733E-02
 0.739336308945089E-02
 0.739349656305361E-02
 0.739333855268158E-02
 0.739283893710725E-02
 0.739202526798746E-02
 0.739099892996833E-02
 0.738990973546962E-02
 0.738891631985270E-02
 0.738814584564750E-02
 0.738766740032211E-02
 0.738748686730870E-02
 0.738755996897138E-02
 0.738781190486765E-02
 0.738815241284432E-02
 0.738848320356454E-02
 0.738870327021964E-02
 0.738871941575936E-02
 0.738846375615021E-02
 0.738791264109671E-02
 0.738709858736291E-02
 0.738610969234658E-02
 0.738507605090920E-02
 0.738414621069192E-02
 0.738345818069466E-02
 0.738311062663284E-02
 0.738314118392744E-02
 0.738351865059582E-02
 0.738415261467118E-02
 0.738491867542619E-02
 0.738569249995918E-02
 0.738638339211949E-02
 0.738695778317626E-02
 0.738744464798255E-02
 0.738791908999288E-02
 0.738846798891384E-02
 0.738915047077861E-02
 0.738997047817648E-02
 0.739087410916384E-02
 0.739177186819802E-02
 0.739257321668845E-02
 0.739321623208328E-02
 0.739368095804546E-02
 0.739398559599732E-02
 0.739417208890674E-02
 0.739428835644759E-02
 0.739437128460092E-02
 0.739443259361699E-02
 0.739445075662551E-02
 0.739437356510040E-02
 0.739413403713357E-02
 0.739367659938965E-02
 0.739298427923149E-02
 0.739209546766487E-02
 0.739110245924211E-02
 0.739013140092656E-02
 0.738931040032474E-02
 0.738873611441707E-02
 0.738844847262813E-02
 0.738841979284500E-02
 0.738856049006888E-02
 0.738874002230525E-02
 0.738881872553595E-02
 0.738868359949876E-02
 0.738827945391112E-02
 0.738762721086991E-02
 0.738682414861042E-02
 0.738602560059858E-02
 0.738541219500447E-02
 0.738514961630192E-02
 0.738534895477616E-02
 0.738603576864446E-02
 0.738713540261970E-02
 0.738848020512849E-02
 0.738984011083033E-02
 0.739097178296356E-02
 0.739167500027059E-02
 0.739184095736927E-02
 0.739147782091217E-02
 0.739070484704576E-02
 0.738971617485479E-02
 0.738872569363809E-02
 0.738791083611860E-02
 0.738737264699681E-02
 0.738712228935508E-02
 0.738709422173275E-02
 0.738717855770253E-02
 0.738726190477367E-02
 0.738726579524333E-02
 0.738717218976972E-02
 0.738702668333897E-02
 0.738691505170343E-02
 0.738691927927944E-02
 0.738707117404341E-02
 0.738732668136366E-02
 0.738757613253828E-02
 0.738768772729598E-02
 0.738756422180089E-02
 0.738718669397819E-02
 0.738662705007780E-02
 0.738602633368338E-02
 0.738554962706585E-02
 0.738533485637618E-02
 0.738545211633788E-02
 0.738588484252555E-02
 0.738653651603567E-02
 0.738725833190481E-02
 0.738788696657677E-02
 0.738828016502337E-02
 0.738834206750544E-02
 0.738803700647398E-02
 0.738739509882957E-02
 0.738651261344888E-02
 0.738554626539879E-02
 0.738469727717208E-02
 0.738418141465660E-02
 0.738418567848845E-02
 0.738481909261294E-02
 0.738607125566686E-02
 0.738779481519402E-02
 0.738972399796629E-02
 0.739153029028995E-02
 0.739290198250721E-02
 0.739362351432258E-02
 0.739362932086975E-02
 0.739301576016944E-02
 0.739200870729742E-02
 0.739089725294834E-02
 0.738995245946100E-02
 0.738935431893052E-02
 0.738914969258296E-02
 0.738925670027695E-02
 0.738951517523788E-02
 0.738976255859960E-02
 0.738990052186732E-02
 0.738992018912795E-02
 0.738987477367752E-02
 0.738981733191025E-02
 0.738974146079522E-02
 0.738956186714608E-02
 0.738914977926763E-02
 0.738840716739007E-02
 0.738734064080129E-02
 0.738609335407862E-02
 0.738491308380987E-02
 0.738406672478127E-02
 0.738373885726677E-02
 0.738396015297192E-02
 0.738459641867758E-02
 0.738540021341622E-02
 0.738610026129442E-02
 0.738649192845485E-02
 0.738649716460866E-02
 0.738617777744441E-02
 0.738570276675754E-02
 0.738528342012874E-02
 0.738509786885926E-02
 0.738522969490702E-02
 0.738564170549149E-02
 0.738619516092081E-02
 0.738670860938631E-02
 0.738703473236832E-02
 0.738712498743072E-02
 0.738705468055464E-02
 0.738699529612949E-02
 0.738714184727390E-02
 0.738762280004015E-02
 0.738843004298130E-02
 0.738940064867475E-02
 0.739026180682612E-02
 0.739072387675727E-02
 0.739058616263063E-02
 0.738981478172091E-02
 0.738856316529966E-02
 0.738712742028952E-02
 0.738585217576347E-02
 0.738501984757806E-02
 0.738476222430387E-02
 0.738502558000864E-02
 0.738560086061716E-02
 0.738620567316473E-02
 0.738658511811963E-02
 0.738659276657754E-02
 0.738622352756920E-02
 0.738559126371438E-02
 0.738486613124763E-02
 0.738420101930145E-02
 0.738367840750224E-02
 0.738329823895935E-02
 0.738300811739572E-02
 0.738275726264449E-02
 0.738254474712698E-02
 0.738243672332132E-02
 0.738254461627611E-02
 0.738297661504261E-02
 0.738378666205486E-02
 0.738494317013220E-02
 0.738632764250551E-02
 0.738775992961760E-02
 0.738903886579319E-02
 0.738998589705948E-02
 0.739048239572071E-02
 0.739049529971615E-02
 0.739008836981132E-02
 0.738941703883969E-02
 0.738870443223091E-02
 0.738819726594826E-02
 0.738810576628672E-02
 0.738854119275680E-02
 0.738947260201305E-02
 0.739072353115616E-02
 0.739201595130008E-02
 0.739304855952724E-02
 0.739358080274855E-02
 0.739349239353243E-02
 0.739280086965906E-02
 0.739163859299435E-02
 0.739020500506744E-02
 0.738871426728688E-02
 0.738735370145978E-02
 0.738625974329538E-02
 0.738551039710710E-02
 0.738512908955955E-02
 0.738509443551982E-02
 0.738535200922122E-02
 0.738582559968241E-02
 0.738642574261738E-02
 0.738705373996232E-02
 0.738760173583537E-02
 0.738795351494864E-02
 0.738799328553130E-02
 0.738762708879797E-02
 0.738681356945887E-02
 0.738559245203195E-02
 0.738409634285282E-02
 0.738253707470743E-02
 0.738116731284163E-02
 0.738022668975494E-02
 0.737988584184923E-02
 0.738020170140839E-02
 0.738109539222906E-02
 0.738236062347853E-02
 0.738370447439092E-02
 0.738481358538754E-02
 0.738542932032372E-02
 0.738540965566819E-02
 0.738475709524928E-02
 0.738360186464084E-02
 0.738214543988058E-02
 0.738058510291276E-02
 0.737904808561961E-02
 0.737755873516710E-02
 0.737604552739800E-02
 0.737437571601825E-02
 0.737239521289118E-02
 0.736995521427956E-02
 0.736692028939839E-02
 0.736316453358580E-02
 0.735856566127792E-02
 0.735300285243845E-02
 0.734635941994297E-02
 0.733853031834331E-02
 0.732943544713882E-02
 0.731903822537218E-02
 0.730736401103406E-02
 0.729450858163079E-02
 0.728062782107889E-02
 0.726590657779308E-02
 0.725051354077867E-02
 0.742313999672194E-02
 0.800624874869680E-02
 0.860084901752826E-02
 0.920517423401149E-02
 0.981740099903058E-02
 0.104355035738283E-01
 0.110571798915929E-01
 0.116798863139536E-01
 0.123009534799104E-01
 0.129177111640624E-01
 0.135275539723700E-01
 0.141279219264303E-01
 0.147162181527026E-01
 0.152897144932944E-01
 0.158454994106280E-01
 0.163805068608760E-01
 0.168916349963452E-01
 0.173759252400900E-01
 0.178307397839200E-01
 0.182538695619501E-01
 0.186435354500726E-01
 0.189982983674251E-01
 0.193169364981358E-01
 0.195983535591428E-01
 0.198415506366586E-01
 0.200456496991059E-01
 0.202099282106220E-01
 0.203338256739881E-01
 0.204169092326206E-01
 0.204588189894203E-01
 0.204592347259573E-01
 0.204179012753185E-01
 0.203347204249269E-01
 0.202098788353024E-01
 0.200439579424285E-01
 0.198379792770753E-01
 0.195933725877819E-01
 0.193118918344955E-01
 0.189955217258753E-01
 0.186464077974488E-01
 0.182668184666493E-01
 0.178591274494329E-01
 0.174398558513894E-01
 0.170076850018779E-01
 0.165553663058514E-01
 0.160855711672892E-01
 0.156010491062376E-01
 0.151044553428493E-01
 0.145981993972182E-01
 0.140843819476344E-01
 0.135648420736653E-01
 0.130412847078251E-01
 0.125154282812715E-01
 0.119891169135766E-01
 0.114643677399434E-01
 0.109433497493081E-01
 0.104283044049339E-01
 0.992142658982904E-02
 0.942473709497227E-02
 0.893999087211537E-02
 0.846866075398353E-02
 0.801200330227024E-02
 0.757116627344288E-02
 0.714726924947439E-02
 0.674140407300301E-02
 0.635455111727684E-02
 0.598745591980224E-02
 0.564052647336482E-02
 0.531379090166379E-02
 0.500692087747117E-02
 0.471930302104196E-02
 0.446618839135259E-02
 0.422935293043184E-02
 0.400655444387939E-02
 0.379706550314966E-02
 0.365565947779719E-02
 0.412750568907468E-02
 0.459715674387710E-02
 0.506265931131223E-02
 0.552205779586021E-02
 0.597529725113879E-02
 0.642037408173739E-02
 0.685441707145349E-02
 0.727546195606165E-02
 0.768150618155670E-02
 0.807049728216447E-02
 0.844033629672487E-02
 0.878890308476400E-02
 0.911410313842411E-02
 0.941392727110652E-02
 0.968651010065339E-02
 0.993017320439257E-02
 0.101434441860325E-01
 0.103250509118623E-01
 0.104854650406732E-01
 0.106242092972251E-01
 0.107435269032217E-01
 0.108290737529157E-01
 0.108801446856423E-01
 0.108961762216026E-01
 0.108767393467653E-01
 0.108351445447821E-01
 0.107725492080220E-01
 0.106756184609952E-01
 0.105445438731940E-01
 0.103796818902226E-01
 0.101815167040317E-01
 0.996355256564588E-02
 0.974339303089776E-02
 0.949399167873082E-02
 0.921615107819684E-02
 0.947023207364751E-02
 0.977260573364003E-02
 0.100661252953282E-01
 0.103706159558043E-01
 0.106634867220615E-01
 0.109450282583841E-01
 0.112121748711519E-01
 0.114642171484302E-01
 0.117274519765267E-01
 0.119782606859628E-01
 0.122132966756575E-01
 0.124406635570591E-01
 0.126573657589221E-01
 0.128821956029145E-01
 0.130984762001832E-01
 0.132978375307542E-01
 0.134801819037393E-01
 0.136767443097928E-01
 0.138600504655833E-01
 0.140268639028712E-01
 0.142024287959769E-01
 0.143754331790659E-01
 0.145309097573146E-01
 0.146819217931558E-01
 0.148393385696049E-01
 0.149779089258131E-01
 0.151033967950462E-01
 0.152417026239636E-01
 0.153606525888513E-01
 0.154605897918078E-01
 0.155735613582143E-01
 0.156703412854141E-01
 0.157468867744890E-01
 0.158232815238830E-01
 0.158912540834991E-01
 0.159596572146703E-01
 0.160720918065209E-01
 0.162398183931223E-01
 0.163791457540997E-01
 0.164907792645341E-01
 0.165754942058362E-01
 0.166340347968737E-01
 0.166670425503362E-01
 0.166750386188085E-01
 0.166584727411062E-01
 0.166178284714156E-01
 0.165537480197807E-01
 0.164671243985885E-01
 0.163591163865781E-01
 0.162310742555306E-01
 0.160844066987798E-01
 0.159204485798279E-01
 0.157403875292345E-01
 0.155452756959467E-01
 0.153361099067986E-01
 0.151139335461251E-01
 0.148799109483601E-01
 0.146353466643807E-01
 0.143816516532803E-01
 0.141202797205386E-01
 0.138526627574083E-01
 0.135801652890527E-01
 0.133040656030810E-01
 0.130255596343553E-01
 0.127457781931120E-01
 0.124658076025973E-01
 0.121895235990102E-01
 0.119219055501755E-01
 0.116576460663288E-01
 0.113976123284727E-01
 0.111426054594725E-01
 0.108933549106899E-01
 0.106505133865403E-01
 0.104146573798194E-01
 0.101862986806482E-01
 0.996590825048669E-02
 0.975394671908700E-02
 0.955088981831822E-02
 0.935723700813242E-02
 0.917774171681305E-02
 0.901438476979712E-02
 0.886100041398568E-02
 0.871784180659822E-02
 0.858511196501540E-02
 0.846297361258629E-02
 0.837486365800095E-02
 0.833816172910897E-02
 0.830744857208705E-02
 0.828255939532917E-02
 0.826594895098277E-02
 0.825500350343543E-02
 0.824913953699438E-02
 0.824840709035884E-02
 0.825283627083804E-02
 0.826239049446799E-02
 0.827693105101395E-02
 0.829620605387889E-02
 0.831987428676212E-02
 0.834756350540928E-02
 0.838200223160545E-02
 0.843009617043111E-02
 0.848282523259972E-02
 0.854137178761826E-02
 0.860318923383489E-02
 0.866770237913205E-02
 0.873442930610834E-02
 0.880307492012273E-02
 0.887353829087044E-02
 0.895239062594810E-02
 0.903570375671026E-02
 0.911988823695474E-02
 0.920450320318898E-02
 0.929184981399325E-02
 0.938236071734120E-02
 0.947211075157616E-02
 0.956075099199416E-02
 0.964801701377484E-02
 0.973371286774346E-02
 0.986056531685592E-02
 0.999461263179924E-02
 0.101265224791308E-01
 0.102557200626115E-01
 0.103816949742794E-01
 0.105039898062394E-01
 0.106221843681753E-01
 0.107358791236470E-01
 0.108446831085179E-01
 0.109482120048921E-01
 0.110460991711253E-01
 0.111380167341965E-01
 0.112236984015938E-01
 0.113029540557156E-01
 0.113756698378355E-01
 0.114417941512057E-01
 0.115013155887363E-01
 0.115542402684762E-01
 0.116005740520267E-01
 0.116403127278335E-01
 0.116734425127848E-01
 0.116999528542368E-01
 0.117198605057964E-01
 0.117332376961204E-01
 0.117402319533265E-01
 0.117410664459015E-01
 0.117360191851375E-01
 0.117258771577287E-01
 0.117169196119161E-01
 0.117028195373458E-01
 0.116838265620036E-01
 0.116602356197619E-01
 0.116323986185261E-01
 0.116007203024173E-01
 0.115656343772393E-01
 0.115275658144262E-01
 0.114868947436449E-01
 0.114439397268990E-01
 0.113989702134627E-01
 0.113522431118564E-01
 0.113040455430448E-01
 0.112547233321135E-01
 0.112046841857206E-01
 0.111543788151382E-01
 0.111042722231682E-01
 0.110548158098039E-01
 0.110064231058977E-01
 0.109594472087650E-01
 0.109141615304185E-01
 0.108707526819215E-01
 0.108293351597987E-01
 0.107899870319933E-01
 0.107527906166078E-01
 0.107178555167550E-01
 0.106853111761448E-01
 0.106552765911751E-01
 0.106278304864334E-01
 0.106030037666276E-01
 0.105807984939137E-01
 0.105612175665836E-01
 0.105442816968554E-01
 0.105300201254925E-01
 0.105184406064410E-01
 0.105094982442594E-01
 0.105030821479770E-01
 0.104990252322584E-01
 0.104971268472814E-01
 0.104971719643516E-01
 0.104989379091607E-01
 0.105021929606946E-01
 0.105066987354909E-01
 0.105122237290427E-01
 0.105185631919139E-01
 0.105255521008286E-01
 0.105330613293082E-01
 0.105409794264097E-01
 0.105491927198444E-01
 0.105575758968913E-01
 0.105659951064987E-01
 0.105743158070854E-01
 0.105824068221237E-01
 0.105901399630381E-01
 0.105973925240986E-01
 0.106040596604005E-01
 0.106100748885220E-01
 0.106154274813848E-01
 0.106201640320131E-01
 0.106243699989488E-01
 0.106281394718227E-01
 0.106315484114553E-01
 0.106346430729202E-01
 0.106374441265709E-01
 0.106399568745233E-01
 0.106421766791668E-01
 0.106440868122725E-01
 0.106456560022239E-01
 0.106468456333109E-01
 0.106476286477872E-01
 0.106480100255547E-01
 0.106480330890318E-01
 0.106477627674879E-01
 0.106472520161069E-01
 0.106465096544674E-01
 0.106454882122484E-01
 0.106440992679815E-01
 0.106422492892952E-01
 0.106398798392034E-01
 0.106369956745942E-01
 0.106336706189639E-01
 0.106300300119959E-01
 0.106262168286128E-01
 0.106223541942688E-01
 0.106185183148380E-01
 0.106147318224972E-01
 0.106109793200946E-01
 0.106072379321699E-01
 0.106035099829312E-01
 0.105998448126298E-01
 0.105963417602869E-01
 0.105931339832316E-01
 0.105903598386260E-01
 0.105881322734943E-01
 0.105865158605922E-01
 0.105855169077597E-01
 0.105850873888427E-01
 0.105851407933199E-01
 0.105855771938283E-01
 0.105863133868948E-01
 0.105873103155746E-01
 0.105885864446092E-01
 0.105902073442415E-01
 0.105922511185979E-01
 0.105947626948814E-01
 0.105977186303504E-01
 0.106010209419736E-01
 0.106045241883074E-01
 0.106080830341465E-01
 0.106115979097363E-01
 0.106150390174293E-01
 0.106184409510167E-01
 0.106218738796829E-01
 0.106254055301241E-01
 0.106290685374537E-01
 0.106328424974381E-01
 0.106366537928738E-01
 0.106403920675554E-01
 0.106439397538000E-01
 0.106472079479788E-01
 0.106501673822463E-01
 0.106528604274558E-01
 0.106553841033739E-01
 0.106578465933866E-01
 0.106603151100224E-01
 0.106627807925699E-01
 0.106651595409859E-01
 0.106673290106607E-01
 0.106691828333711E-01
 0.106706753161986E-01
 0.106718371270327E-01
 0.106727586771241E-01
 0.106735527013523E-01
 0.106743137813357E-01
 0.106750897470564E-01
 0.106758722495603E-01
 0.106766061591243E-01
 0.106772124737682E-01
 0.106776172717775E-01
 0.106777787681813E-01
 0.106777048605952E-01
 0.106774550099975E-01
 0.106771240671312E-01
 0.106768120032565E-01
 0.106765901974360E-01
 0.106764778344897E-01
 0.106764382238833E-01
 0.106763959378002E-01
 0.106762668862183E-01
 0.106759896918036E-01
 0.106755485291093E-01
 0.106749815504049E-01
 0.106743721274727E-01
 0.106738230453739E-01
 0.106734190997896E-01
 0.106731910090161E-01
 0.106730979267430E-01
 0.106730409283113E-01
 0.106729051786749E-01
 0.106726119046185E-01
 0.106721539654869E-01
 0.106715966734808E-01
 0.106710443173385E-01
 0.106705910122407E-01
 0.106702811914146E-01
 0.106700972344790E-01
 0.106699754694391E-01
 0.106698375947871E-01
 0.106696203167361E-01
 0.106692921455046E-01
 0.106688564267152E-01
 0.106683458901192E-01
 0.106678131298423E-01
 0.106673171824422E-01
 0.106669052335510E-01
 0.106665930514659E-01
 0.106663536985554E-01
 0.106661241338823E-01
 0.106658306776198E-01
 0.106654222282934E-01
 0.106648939139018E-01
 0.106642887516678E-01
 0.106636774928984E-01
 0.106631282071231E-01
 0.106626803440046E-01
 0.106623329138418E-01
 0.106620483786215E-01
 0.106617681946799E-01
 0.106614341371256E-01
 0.106610095940140E-01
 0.106604948692353E-01
 0.106599304575060E-01
 0.106593844071897E-01
 0.106589256808268E-01
 0.106585932100227E-01
 0.106583754602456E-01
 0.106582129621601E-01
 0.106580255086781E-01
 0.106577516595908E-01
 0.106573796860885E-01
 0.106569526929083E-01
 0.106565451803823E-01
 0.106562247304929E-01
 0.106560201831512E-01
 0.106559121573196E-01
 0.106558477659275E-01
 0.106557685582371E-01
 0.106556363458490E-01
 0.106554460370725E-01
 0.106552229696095E-01
 0.106550090327729E-01
 0.106548446995480E-01
 0.106547536381570E-01
 0.106547345550688E-01
 0.106547624204748E-01
 0.106547985353444E-01
 0.106548061558725E-01
 0.106547660956984E-01
 0.106546858367863E-01
 0.106545972799178E-01
 0.106545427152289E-01
 0.106545545225515E-01
 0.106546383695241E-01
 0.106547690632718E-01
 0.106549021090014E-01
 0.106549955633876E-01
 0.106550310130355E-01
 0.106550229150612E-01
 0.106550116400942E-01
 0.106550437084627E-01
 0.106551487740596E-01
 0.106553244128761E-01
 0.106555363225269E-01
 0.106557344271989E-01
 0.106558774216992E-01
 0.106559534040458E-01
 0.106559857036233E-01
 0.106560207931654E-01
 0.106561049896661E-01
 0.106562624100465E-01
 0.106564849177395E-01
 0.106567373870724E-01
 0.106569738510748E-01
 0.106571564170703E-01
 0.106572697703146E-01
 0.106573271107022E-01
 0.106573660651082E-01
 0.106574352455935E-01
 0.106575747844137E-01
 0.106577974993028E-01
 0.106580793781622E-01
 0.106583661296121E-01
 0.106585957886306E-01
 0.106587284249706E-01
 0.106587681060000E-01
 0.106587641084611E-01
 0.106587885132606E-01
 0.106589006967826E-01
 0.106591175873650E-01
 0.106594058871824E-01
 0.106596998339676E-01
 0.106599335780501E-01
 0.106600703287893E-01
 0.106601148146128E-01
 0.106601067690409E-01
 0.106601025558563E-01
 0.106601543380389E-01
 0.106602928852390E-01
 0.106605166573475E-01
 0.106607894925849E-01
 0.106610501067453E-01
 0.106612342470262E-01
 0.106613034084367E-01
 0.106612668434670E-01
 0.106611829785386E-01
 0.106611353996152E-01
 0.106611930816837E-01
 0.106613752584659E-01
 0.106616404854257E-01
 0.106619065855942E-01
 0.106620908953844E-01
 0.106621492468877E-01
 0.106620940007240E-01
 0.106619842683482E-01
 0.106618965045982E-01
 0.106618917634604E-01
 0.106619937982713E-01
 0.106621837857045E-01
 0.106624096691334E-01
 0.106626049358278E-01
 0.106627117631801E-01
 0.106627031889500E-01
 0.106625970124424E-01
 0.106624534546537E-01
 0.106623531696830E-01
