 0.231756513354428E-09
 0.365246175208504E-08
 0.191194012973950E-07
 0.617207144417907E-07
 0.150232668285004E-06
 0.302750175237653E-06
 0.531958626662030E-06
 0.841413217792439E-06
 0.122363954388359E-05
 0.166011372643517E-05
 0.212253429493594E-05
 0.257450443917274E-05
 0.297287876310092E-05
 0.326848805833323E-05
 0.374168889575591E-05
 0.533830300985381E-05
 0.746042271616789E-05
 0.102178892897493E-04
 0.137314591790706E-04
 0.181382196731859E-04
 0.236291320257573E-04
 0.303885290793020E-04
 0.385652381578337E-04
 0.483464805403558E-04
 0.600426253306540E-04
 0.738759013121503E-04
 0.900016133241752E-04
 0.108640780986504E-03
 0.130341971404680E-03
 0.155180061143475E-03
 0.183331611839273E-03
 0.215135219946174E-03
 0.251325040388296E-03
 0.291675605453363E-03
 0.336400858751119E-03
 0.386285229458517E-03
 0.441573362077683E-03
 0.502012195469507E-03
 0.567737755798883E-03
 0.639240461933953E-03
 0.717351236281348E-03
 0.801176830584379E-03
 0.890703576332129E-03
 0.985869811007057E-03
 0.108656340445271E-02
 0.119261985638570E-02
 0.130382120924073E-02
 0.141989582516528E-02
 0.154090975040178E-02
 0.166750780009808E-02
 0.179804715941047E-02
 0.193205829542919E-02
 0.209828680123316E-02
 0.238715597386911E-02
 0.270036449602687E-02
 0.303844459655941E-02
 0.340180961473917E-02
 0.379074591525583E-02
 0.420540442429672E-02
 0.464579128200254E-02
 0.511175876873500E-02
 0.560299868033338E-02
 0.611903941473515E-02
 0.665924589271969E-02
 0.722282009856395E-02
 0.780880067032407E-02
 0.841606175385746E-02
 0.904331252231721E-02
 0.968909863788423E-02
 0.103518062090130E-01
 0.110296683204739E-01
 0.117207739339902E-01
 0.124230784998742E-01
 0.131344153292957E-01
 0.138525073734778E-01
 0.145749802164979E-01
 0.152993772423920E-01
 0.160231762098984E-01
 0.167452590462509E-01
 0.174776701231135E-01
 0.182022252505403E-01
 0.189161824076522E-01
 0.196168070034043E-01
 0.203013774119942E-01
 0.209671918325186E-01
 0.216115831900246E-01
 0.222319428578499E-01
 0.228257483639936E-01
 0.233905893831483E-01
 0.239241892358397E-01
 0.244244217037825E-01
 0.248893233611810E-01
 0.253171017611652E-01
 0.257061416318010E-01
 0.260550130725484E-01
 0.263624842790400E-01
 0.266275365903690E-01
 0.268493761449881E-01
 0.270274381403418E-01
 0.271613850591094E-01
 0.272511036764713E-01
 0.272967041316968E-01
 0.272985206279690E-01
 0.272571120373005E-01
 0.271732622502355E-01
 0.270479807388757E-01
 0.268825014529541E-01
 0.266782760844287E-01
 0.264369601945471E-01
 0.261603963160156E-01
 0.258506002761368E-01
 0.255097519243074E-01
 0.251401842094317E-01
 0.247443638937044E-01
 0.243248648962676E-01
 0.238843430367870E-01
 0.234255196876200E-01
 0.229511726198603E-01
 0.224641255161723E-01
 0.219672306910584E-01
 0.214633482046091E-01
 0.209553280300637E-01
 0.204459960831800E-01
 0.199381370403023E-01
 0.194419913724029E-01
 0.189733390589554E-01
 0.185138875180558E-01
 0.180657853003687E-01
 0.176310117397220E-01
 0.172113737752468E-01
 0.168085092267016E-01
 0.164238933468106E-01
 0.160588454052173E-01
 0.157145315367345E-01
 0.153919579532372E-01
 0.150919490412866E-01
 0.148151130401354E-01
 0.145618107907041E-01
 0.143321479779469E-01
 0.141259989970262E-01
 0.139430480120824E-01
 0.137828198070792E-01
 0.136446829434336E-01
 0.135278323384307E-01
 0.134312752186629E-01
 0.133538392879724E-01
 0.132942022262423E-01
 0.132509265519437E-01
 0.132224843724014E-01
 0.132072671820223E-01
 0.132035851235451E-01
 0.132096635117289E-01
 0.132236448862233E-01
 0.132436039181930E-01
 0.132675771783881E-01
 0.132935999946880E-01
 0.133197364422768E-01
 0.133440943649510E-01
 0.133648314235692E-01
 0.133801652671191E-01
 0.133883915428172E-01
 0.133878975941720E-01
 0.133771577218891E-01
 0.133547143627253E-01
 0.133191704375808E-01
 0.132692167878839E-01
 0.132036918957105E-01
 0.131216429415155E-01
 0.130223542637831E-01
 0.129053330402356E-01
 0.127702691236949E-01
 0.126169941159546E-01
 0.124454541446142E-01
 0.122556983083325E-01
 0.120478815964411E-01
 0.120704437166265E-01
 0.121818517054445E-01
 0.122784508575112E-01
 0.123600520612149E-01
 0.124265367780116E-01
 0.124778523403794E-01
 0.125140168503757E-01
 0.125443622973783E-01
 0.125669625722700E-01
 0.125746821330645E-01
 0.125678263820669E-01
 0.125468143317115E-01
 0.125121650165462E-01
 0.124644732873962E-01
 0.124043827291273E-01
 0.123325658105234E-01
 0.122497175747773E-01
 0.121565609610007E-01
 0.120538550363490E-01
 0.119423972723875E-01
 0.118230174025554E-01
 0.116965676493406E-01
 0.115639159259789E-01
 0.114259438184248E-01
 0.112835446526391E-01
 0.111376151278226E-01
 0.109890388585637E-01
 0.108386676694099E-01
 0.106873101823031E-01
 0.105357337186867E-01
 0.103846769833931E-01
 0.102348633077783E-01
 0.100870027737952E-01
 0.994177769313387E-02
 0.979981625939469E-02
 0.966166747533460E-02
 0.952779125758275E-02
 0.939856988984510E-02
 0.927433522309107E-02
 0.915539762819343E-02
 0.904206290802477E-02
 0.893463132324706E-02
 0.883338247583538E-02
 0.874539118176012E-02
 0.866521299382658E-02
 0.859167453061473E-02
 0.852469213873580E-02
 0.846413505188211E-02
 0.840983896579513E-02
 0.836161496204121E-02
 0.831925405251390E-02
 0.828252947759698E-02
 0.825119945821629E-02
 0.822501260391762E-02
 0.820371682967744E-02
 0.818707045765040E-02
 0.817485172020284E-02
 0.816686170269506E-02
 0.816291755398549E-02
 0.816283751013709E-02
 0.816711144656706E-02
 0.817527376326397E-02
 0.818593152118213E-02
 0.819883264600650E-02
 0.821376936788924E-02
 0.823114154905211E-02
 0.825185518096359E-02
 0.827476086501564E-02
 0.829975062227652E-02
 0.832673193716640E-02
 0.835561919654719E-02
 0.838633081723885E-02
 0.841879120339237E-02
 0.845293403431999E-02
 0.848870316171478E-02
 0.852604952903697E-02
 0.856492529296895E-02
 0.860527776275910E-02
 0.864704531096934E-02
 0.869015609835279E-02
 0.873452961381820E-02
 0.878008086487615E-02
 0.882672673237591E-02
 0.887439291895924E-02
 0.893102299956965E-02
 0.898872756165154E-02
 0.904716488069653E-02
 0.910625648246851E-02
 0.916588514763420E-02
 0.922588460641444E-02
 0.928603942414188E-02
 0.934609565738846E-02
 0.940578109320749E-02
 0.946483070522036E-02
 0.952300968687625E-02
 0.958012554391746E-02
 0.963602411923365E-02
 0.969057147389663E-02
 0.974363062948391E-02
 0.979504452332653E-02
 0.984463188059674E-02
 0.989278989533097E-02
 0.993876528978127E-02
 0.998160772119833E-02
 0.100211007034143E-01
 0.100579401123110E-01
 0.100921230669667E-01
 0.101229470600263E-01
 0.101502192020736E-01
 0.101737938736502E-01
 0.101935799113056E-01
 0.102095399268363E-01
 0.102216846299632E-01
 0.102300634184002E-01
 0.102347506338483E-01
 0.102358279786189E-01
 0.102333671372086E-01
 0.102274191864021E-01
 0.102180161156460E-01
 0.102051850614141E-01
 0.101889704321414E-01
 0.101694557290132E-01
 0.101467768550462E-01
 0.101211219265215E-01
 0.100927178965805E-01
 0.100618095824503E-01
 0.100286394910851E-01
 0.999343577975578E-02
 0.995641163727463E-02
 0.991777476140417E-02
 0.987774233277079E-02
 0.983826195758245E-02
 0.980066096309569E-02
 0.976217775421899E-02
 0.972302895430648E-02
 0.968342705646707E-02
 0.964358718913995E-02
 0.960373878705133E-02
 0.956413514339516E-02
 0.952505426175248E-02
 0.948678860190195E-02
 0.944962627334735E-02
 0.941382966369538E-02
 0.937961846895637E-02
 0.934716245939471E-02
 0.931658554602152E-02
 0.928797843542780E-02
 0.926141469652524E-02
 0.923696553431668E-02
 0.921471059248869E-02
 0.919474318465162E-02
 0.917716783258761E-02
 0.916208806778519E-02
 0.914958552246330E-02
 0.913969650069833E-02
 0.913239533212760E-02
 0.912759154955030E-02
 0.912514150906002E-02
 0.912575866435923E-02
 0.913037709585256E-02
 0.913661769255599E-02
 0.914437726537784E-02
 0.915359922746592E-02
 0.916423751866951E-02
 0.917622515087331E-02
 0.918945714095525E-02
 0.920378758524114E-02
 0.921903593103470E-02
 0.923499879416883E-02
 0.925146598548661E-02
 0.926823856499740E-02
 0.928514370453380E-02
 0.930204015501099E-02
 0.931881161333526E-02
 0.933535138068888E-02
 0.935154631022512E-02
 0.936726846925847E-02
 0.938237928122661E-02
 0.939674501926737E-02
 0.941025684303254E-02
 0.942284575548950E-02
 0.943448490214488E-02
 0.944517801641384E-02
 0.945493970332529E-02
 0.946377599133577E-02
 0.947167090240012E-02
 0.947858024895263E-02
 0.948443220032747E-02
 0.948913607215142E-02
 0.949260206561309E-02
 0.949477105932190E-02
 0.949564612854202E-02
 0.949531242444590E-02
 0.949393473455245E-02
 0.949173163000908E-02
 0.948893534182377E-02
 0.948575137978800E-02
 0.948233007111430E-02
 0.947875641407186E-02
 0.947505825333988E-02
 0.947122760505057E-02
 0.946724689051486E-02
 0.946311172606580E-02
 0.945884478835552E-02
 0.945449935766099E-02
 0.945015397700003E-02
 0.944590056188494E-02
 0.944182887200139E-02
 0.943801186282942E-02
 0.943449763077453E-02
 0.943131151112952E-02
 0.942846611316027E-02
 0.942597187381880E-02
 0.942384105220211E-02
 0.942208413522214E-02
 0.942070386962189E-02
 0.941969288208303E-02
 0.941903618035145E-02
 0.941871523281617E-02
 0.941871039188627E-02
 0.941900192158622E-02
 0.941957180663087E-02
 0.942040640161764E-02
 0.942149682013480E-02
 0.942283435488894E-02
 0.942440257570493E-02
 0.942617161343353E-02
 0.942809925032327E-02
 0.943013846192982E-02
 0.943224657533646E-02
 0.943439069942519E-02
 0.943654692422287E-02
 0.943869415280498E-02
 0.944080574294476E-02
 0.944284356200744E-02
 0.944475928572285E-02
 0.944650521979476E-02
 0.944805125004143E-02
 0.944939902402255E-02
 0.945058413964256E-02
 0.945166353053385E-02
 0.945269400323138E-02
 0.945371232285688E-02
 0.945472471422014E-02
 0.945570759193057E-02
 0.945661703314507E-02
 0.945740360855751E-02
 0.945802922857938E-02
 0.945848143760665E-02
 0.945877947390015E-02
 0.945896846372646E-02
 0.945910358421487E-02
 0.945923114822157E-02
 0.945937434659196E-02
 0.945952781705766E-02
 0.945966088999731E-02
 0.945972724882976E-02
 0.945967836496971E-02
 0.945947732128400E-02
 0.945910838979443E-02
 0.945857828865310E-02
 0.945790885002471E-02
 0.945712573958835E-02
 0.945624980277815E-02
 0.945529487978779E-02
 0.945427109511541E-02
 0.945318974903086E-02
 0.945206650425270E-02
 0.945092172121825E-02
 0.944977824484584E-02
 0.944865747410517E-02
 0.944757524778899E-02
 0.944653988013542E-02
 0.944555398255724E-02
 0.944461888911174E-02
 0.944373778553818E-02
 0.944291425091531E-02
 0.944214716826350E-02
 0.944142702852620E-02
 0.944073817205904E-02
 0.944006637176401E-02
 0.943940612495872E-02
 0.943876209826728E-02
 0.943814447905100E-02
 0.943756350116769E-02
 0.943702885546657E-02
 0.943655458337778E-02
 0.943616401538820E-02
 0.943588775793937E-02
 0.943575218616983E-02
 0.943576307945016E-02
 0.943589373363202E-02
 0.943608581080955E-02
 0.943626491512804E-02
 0.943636511888774E-02
 0.943635184463815E-02
 0.943623321270105E-02
 0.943605548123437E-02
 0.943588514708841E-02
 0.943578495540204E-02
 0.943579198406528E-02
 0.943590431275655E-02
 0.943608051938744E-02
 0.943625378505187E-02
 0.943635847580857E-02
 0.943636120639891E-02
 0.943628314658265E-02
 0.943620045279260E-02
 0.943621800659095E-02
 0.943642526702761E-02
 0.943685411215191E-02
 0.943745941651697E-02
 0.943813227204526E-02
 0.943873938094117E-02
 0.943916991035277E-02
 0.943936955678360E-02
 0.943935017547971E-02
 0.943917574020338E-02
 0.943893445236589E-02
 0.943870910292994E-02
 0.943855469388120E-02
 0.943848762141634E-02
 0.943848721574814E-02
 0.943850835138584E-02
 0.943850180094784E-02
 0.943843625668260E-02
 0.943831377278107E-02
 0.943817133007149E-02
 0.943806664473985E-02
 0.943805432998292E-02
 0.943816431551495E-02
 0.943839359725589E-02
 0.943871457014949E-02
 0.943909318531555E-02
 0.943950479778973E-02
 0.943993847770160E-02
 0.944038923423144E-02
 0.944084544231056E-02
 0.944128051767112E-02
 0.944165365308830E-02
 0.944191868600033E-02
 0.944203714244542E-02
 0.944199161408747E-02
 0.944179630776650E-02
 0.944150106925911E-02
 0.944118470111104E-02
 0.944093567107228E-02
 0.944082391895044E-02
 0.944087345484140E-02
 0.944104757261863E-02
 0.944125480269894E-02
 0.944137582851980E-02
 0.944130318414227E-02
 0.944098005425545E-02
 0.944042392965310E-02
 0.943972573773581E-02
 0.943902407113509E-02
 0.943846383551317E-02
 0.943815449475407E-02
 0.943814220946115E-02
 0.943840350475266E-02
 0.943885972627599E-02
 0.943940530655676E-02
 0.943993991602229E-02
 0.944039409894805E-02
 0.944073976042561E-02
 0.944098190758025E-02
 0.944113627401598E-02
 0.944120530470426E-02
 0.944116684623592E-02
 0.944098298480603E-02
 0.944062430767586E-02
 0.944009531255403E-02
 0.943944600382621E-02
 0.943876286186381E-02
 0.943814363878095E-02
 0.943766807196980E-02
 0.943737715527413E-02
 0.943726802287982E-02
 0.943730358696434E-02
 0.943743013054996E-02
 0.943759480578033E-02
 0.943775810765559E-02
 0.943790067555517E-02
 0.943802560116822E-02
 0.943815611280622E-02
 0.943832713145303E-02
 0.943857121869759E-02
 0.943890426860296E-02
 0.943931896249821E-02
 0.943979024212566E-02
 0.944028867223717E-02
 0.944079172207568E-02
 0.944128533051315E-02
 0.944175677644673E-02
 0.944218708770943E-02
 0.944255094445857E-02
 0.944282549273397E-02
 0.944300299940077E-02
 0.944310044767108E-02
 0.944316123489865E-02
 0.944324683192110E-02
 0.944341857404281E-02
 0.944371328087258E-02
 0.944412139001601E-02
 0.944457915393972E-02
 0.944498281161943E-02
 0.944522266795764E-02
 0.944522452367372E-02
 0.944498159779833E-02
 0.944456399647428E-02
 0.944410165857294E-02
 0.944374599824677E-02
 0.944362254962791E-02
 0.944379054622059E-02
 0.944422388277338E-02
 0.944482023829869E-02
 0.944543375480025E-02
 0.944591778474457E-02
 0.944616309347416E-02
 0.944612276648412E-02
 0.944582186884950E-02
 0.944535262476782E-02
 0.944485551171884E-02
 0.944448799020962E-02
 0.944438753637639E-02
 0.944464017129246E-02
 0.944526419156657E-02
 0.944621095607169E-02
 0.944737644750051E-02
 0.944861543643381E-02
 0.944975499216233E-02
 0.945061036504555E-02
 0.945100816973854E-02
 0.945081815656650E-02
 0.944998863093858E-02
 0.945266541753514E-02
 0.946113753810724E-02
 0.946953754470683E-02
 0.947786725635307E-02
 0.948614508049953E-02
 0.949439607962195E-02
 0.950264239741443E-02
 0.951089690186903E-02
 0.951915971679386E-02
 0.952741744061509E-02
 0.953564652536895E-02
 0.954382178628219E-02
 0.955192756833919E-02
 0.955996594345310E-02
 0.956795694327899E-02
 0.957593016132276E-02
 0.958391175404711E-02
 0.959191288982298E-02
 0.959992464502547E-02
 0.960792157907582E-02
 0.961587282824527E-02
 0.962375616536645E-02
 0.963156841147689E-02
 0.963932675959272E-02
 0.964706028650940E-02
 0.965479643214600E-02
 0.966254955488363E-02
 0.967031638370104E-02
 0.967807876071859E-02
 0.968581116237941E-02
 0.969349019309110E-02
 0.970110367615566E-02
 0.970865644523059E-02
 0.971616953809604E-02
 0.972367157123694E-02
 0.973118561235778E-02
 0.973871843003295E-02
 0.974625803568943E-02
 0.975378027679824E-02
 0.976126004953055E-02
 0.976868129639052E-02
 0.977604227132086E-02
 0.978335550627594E-02
 0.979064322270879E-02
 0.979792922219955E-02
 0.980522930612701E-02
 0.981254395170213E-02
 0.981985722606428E-02
 0.982714332000048E-02
 0.983437794340853E-02
 0.984154911967336E-02
 0.984866239562500E-02
 0.985573836174426E-02
 0.986280369376191E-02
 0.986987942510656E-02
 0.987697144432236E-02
 0.988406775608147E-02
 0.989114422955743E-02
 0.989817611033251E-02
 0.990514918236949E-02
 0.991206486602008E-02
 0.991893763726619E-02
 0.992578766367443E-02
 0.993263303299880E-02
 0.993948414973742E-02
 0.994634061265445E-02
 0.995319060983131E-02
 0.996001390148854E-02
 0.996678913657791E-02
 0.997350349783140E-02
 0.998015974140986E-02
 0.998677590530166E-02
 0.999337700130362E-02
 0.999998298626461E-02
 0.100065994665968E-01
 0.100132156537258E-01
 0.100198099137734E-01
 0.100263596745172E-01
 0.100328510263970E-01
 0.100392840331668E-01
 0.100456718545022E-01
 0.100520344929679E-01
 0.100583902607686E-01
 0.100647487491254E-01
 0.100711078186577E-01
 0.100774549625246E-01
 0.100837719091238E-01
 0.100900410398411E-01
 0.100962521638066E-01
 0.101024075172919E-01
 0.101085222223929E-01
 0.101146185632549E-01
 0.101207157720389E-01
 0.101268204461237E-01
 0.101329231579078E-01
 0.101390033165270E-01
 0.101450393321267E-01
 0.101510183472621E-01
 0.101569409255708E-01
 0.101628195802639E-01
 0.101686730049897E-01
 0.101745188249624E-01
 0.101803672208785E-01
 0.101862171542344E-01
 0.101920564718917E-01
 0.101978663057066E-01
 0.102038286733827E-01
 0.102100392037762E-01
 0.102162311913133E-01
 0.102223905745106E-01
 0.102285081148468E-01
 0.102345817547544E-01
 0.102406161575970E-01
 0.102466209246191E-01
 0.102526080267494E-01
 0.102585881558391E-01
 0.102645663738088E-01
 0.102705389343432E-01
 0.102764936346364E-01
 0.102824145687405E-01
 0.102882895508435E-01
 0.102941165613719E-01
 0.102999056397050E-01
 0.103056747600806E-01
 0.103114413561841E-01
 0.103172137058742E-01
 0.103229868134375E-01
 0.103287451403054E-01
 0.103344706386993E-01
 0.103401515016032E-01
 0.103457869724409E-01
 0.103513864042103E-01
 0.103569642240082E-01
 0.103625340185477E-01
 0.103681040689834E-01
 0.103736749584985E-01
 0.103792391829605E-01
 0.103847831069654E-01
 0.103902916637082E-01
 0.103957548513949E-01
 0.104011731568561E-01
 0.104065585292891E-01
 0.104119295074631E-01
 0.104173025059754E-01
 0.104226837269869E-01
 0.104280659837094E-01
 0.104334320775626E-01
 0.104387629399519E-01
 0.104440464348550E-01
 0.104492825971332E-01
 0.104544830485319E-01
 0.104596652793222E-01
 0.104648448387139E-01
 0.104700290483287E-01
 0.104752145795476E-01
 0.104803892031481E-01
 0.104855365336641E-01
 0.104906420952819E-01
 0.104956989865075E-01
 0.105007112546990E-01
 0.105056931430643E-01
 0.105106635431846E-01
 0.105156374159020E-01
 0.105206182456362E-01
 0.105255957761326E-01
 0.105305506369068E-01
 0.105354635380641E-01
 0.105403241560004E-01
 0.105451353003758E-01
 0.105499108459758E-01
 0.105546691191284E-01
 0.105594251153477E-01
 0.105641847042239E-01
 0.105689426461138E-01
 0.105736847559377E-01
 0.105783933338840E-01
 0.105830540537533E-01
 0.105876619003258E-01
 0.105922237544472E-01
 0.105967561508268E-01
 0.106012785642972E-01
 0.106058047365313E-01
 0.106103359715230E-01
 0.106148599453530E-01
 0.106193561187856E-01
 0.106238053613177E-01
 0.106281989266343E-01
 0.106325421710261E-01
 0.106368513799856E-01
 0.106411458575268E-01
 0.106454395904745E-01
 0.106497362098808E-01
 0.106540285825911E-01
 0.106583021495957E-01
 0.106625402992989E-01
 0.106667302674689E-01
 0.106708681840209E-01
 0.106749615386271E-01
 0.106790273234372E-01
 0.106830854755499E-01
 0.106871498389321E-01
 0.106912210339242E-01
 0.106952854278215E-01
 0.106993213835310E-01
 0.107033097999441E-01
 0.107072433632809E-01
 0.107111296653324E-01
 0.107149869191566E-01
 0.107188350591859E-01
 0.107226870567552E-01
 0.107265443839950E-01
 0.107303977868800E-01
 0.107342319140998E-01
 0.107380313098368E-01
 0.107417857538243E-01
 0.107454938195174E-01
 0.107491639061072E-01
 0.107528120177055E-01
 0.107564561127955E-01
 0.107601084415110E-01
 0.107637691679368E-01
 0.107674250615745E-01
 0.107710549992978E-01
 0.107746401699751E-01
 0.107781736681556E-01
 0.107816640443003E-01
 0.107851307722792E-01
 0.107885943537613E-01
 0.107920667026797E-01
 0.107955467098215E-01
 0.107990223433837E-01
 0.108024770008447E-01
 0.108058963961621E-01
 0.108092732901433E-01
 0.108126092854449E-01
 0.108159140366677E-01
 0.108192022498306E-01
 0.108224887353365E-01
 0.108257824780651E-01
 0.108290819517956E-01
 0.108323744290106E-01
 0.108356407169313E-01
 0.108388638722443E-01
 0.108420377315021E-01
 0.108451705264031E-01
 0.108482811878924E-01
 0.108513900022869E-01
 0.108545085923222E-01
 0.108576346001321E-01
 0.108607536328805E-01
 0.108638468318845E-01
 0.108668995771765E-01
 0.108699069967201E-01
 0.108728745283279E-01
 0.108758146015845E-01
 0.108787416940377E-01
 0.108816674677675E-01
 0.108845967855258E-01
 0.108875253396828E-01
 0.108904401342916E-01
 0.108933238046503E-01
 0.108961619773973E-01
 0.108989505055966E-01
 0.109016984707281E-01
 0.109044245880775E-01
 0.109071483120282E-01
 0.109098801681108E-01
 0.109126164768873E-01
 0.109153412465447E-01
 0.109180340892664E-01
 0.109206798929930E-01
 0.109232753596471E-01
 0.109258295509599E-01
 0.109283588891680E-01
 0.109308796555107E-01
 0.109334015819499E-01
 0.109359247779211E-01
 0.109384403078098E-01
 0.109409335603121E-01
 0.109433893466846E-01
 0.109457976166099E-01
 0.109481581171310E-01
 0.109504817180926E-01
 0.109527867367817E-01
 0.109550909461753E-01
 0.109574028391734E-01
 0.109597169163238E-01
 0.109620159545687E-01
 0.109642793196948E-01
 0.109664929490732E-01
 0.109686558449383E-01
 0.109707800613027E-01
 0.109728846782397E-01
 0.109749870665096E-01
 0.109770955881792E-01
 0.109792067273213E-01
 0.109813073694169E-01
 0.109833807276935E-01
 0.109854131986885E-01
 0.109873995340969E-01
 0.109893447343207E-01
 0.109912622675316E-01
 0.109931691714249E-01
 0.109950794197913E-01
 0.109969978069845E-01
 0.109989171081209E-01
 0.110008205267713E-01
 0.110026890940288E-01
 0.110045107763372E-01
 0.110062865827222E-01
 0.110080302787374E-01
 0.110097618011627E-01
 0.110114978912136E-01
 0.110132447002948E-01
 0.110149956890980E-01
 0.110167352601861E-01
 0.110184459778210E-01
 0.110201160238452E-01
 0.110217438532075E-01
 0.110233384134049E-01
 0.110249151461312E-01
 0.110264896007022E-01
 0.110280712552721E-01
 0.110296598505406E-01
 0.110312454916973E-01
 0.110328124854036E-01
 0.110343456703684E-01
 0.110358369865927E-01
 0.110372895005170E-01
 0.110387166559583E-01
 0.110401364837615E-01
 0.110415631864547E-01
 0.110430002819903E-01
 0.110444389375474E-01
 0.110458623594507E-01
 0.110472538400801E-01
 0.110486043217249E-01
 0.110499159680109E-01
 0.110512005126246E-01
 0.110524736176212E-01
 0.110537479867097E-01
 0.110550281685818E-01
 0.110563090339899E-01
 0.110575782849863E-01
 0.110588217116730E-01
 0.110600289362843E-01
 0.110611974277458E-01
 0.110623334144532E-01
 0.110634494327440E-01
 0.110645592761945E-01
 0.110656720347339E-01
 0.110667876202933E-01
 0.110678961185926E-01
 0.110689819018464E-01
 0.110700309592417E-01
 0.110710377824858E-01
 0.110720080279615E-01
 0.110729554537140E-01
 0.110744614502570E-01
 0.110760245151036E-01
 0.110775303218313E-01
 0.110789969063150E-01
 0.110804496284133E-01
 0.110819101790981E-01
 0.110833880739277E-01
 0.110848775210403E-01
 0.110863602324427E-01
 0.110878127571355E-01
 0.110892156432526E-01
 0.110905612418463E-01
 0.110918572446612E-01
 0.110931241900790E-01
 0.110943872308330E-01
 0.110956650505225E-01
 0.110969608089185E-01
 0.110982598852814E-01
 0.110995362700076E-01
 0.111007648794433E-01
 0.111019335551727E-01
 0.111030485051965E-01
 0.111041306357048E-01
 0.111052052218811E-01
 0.111062905091378E-01
 0.111073905366568E-01
 0.111084946117093E-01
 0.111095826292420E-01
 0.111106334725507E-01
 0.111116332854213E-01
 0.111125808673409E-01
 0.111134883527905E-01
 0.111143766949555E-01
 0.111152672834402E-01
 0.111161727921408E-01
 0.111170911776601E-01
 0.111180058952692E-01
 0.111188928694846E-01
 0.111197314963304E-01
 0.111205145786137E-01
 0.111212521244487E-01
 0.111219667889146E-01
 0.111226831066408E-01
 0.111234160327315E-01
 0.111241645595512E-01
 0.111249131737326E-01
 0.111256396831805E-01
 0.111263251155090E-01
 0.111269612697557E-01
 0.111275533946333E-01
 0.111281177164189E-01
 0.111286750796593E-01
 0.111292428302071E-01
 0.111298276554049E-01
 0.111304222468045E-01
 0.111310077167367E-01
 0.111315614395750E-01
 0.111320672481014E-01
 0.111325232794588E-01
 0.111329434451643E-01
 0.111333514151346E-01
 0.111337697399549E-01
 0.111342093141264E-01
 0.111346643547746E-01
 0.111351153364901E-01
 0.111355382926756E-01
 0.111359157736266E-01
 0.111362442383151E-01
 0.111365348468558E-01
 0.111368079998536E-01
 0.111370845691283E-01
 0.111373775299623E-01
 0.111376869385490E-01
 0.111379998149494E-01
 0.111382950327233E-01
 0.111385517632668E-01
 0.111387584572884E-01
 0.111389184908727E-01
 0.111390494331451E-01
 0.111391755985188E-01
 0.111393169571646E-01
 0.111394796364451E-01
 0.111396527428329E-01
 0.111398131978438E-01
 0.111399363132745E-01
 0.111400070244667E-01
 0.111400264740169E-01
 0.111400110284187E-01
 0.111399845100853E-01
 0.111399675147458E-01
 0.111399686801596E-01
 0.111399814374424E-01
 0.111399871130786E-01
 0.111399627037746E-01
 0.111398901663213E-01
 0.111397637829594E-01
 0.111395928165565E-01
 0.111393981198735E-01
 0.111392035426434E-01
 0.111390253767576E-01
 0.111388645267864E-01
 0.111387054035603E-01
 0.111385225681035E-01
 0.111382922687921E-01
 0.111380033865949E-01
 0.111376624920094E-01
 0.111372906468725E-01
 0.111369136338593E-01
 0.111365503383283E-01
 0.111362046109357E-01
 0.111358640293122E-01
 0.111355056964981E-01
 0.111351062032197E-01
 0.111346514125975E-01
 0.111341421623341E-01
 0.111335938173440E-01
 0.111330299667901E-01
 0.111324726793014E-01
 0.111319330836283E-01
 0.111314061975546E-01
 0.111308725572420E-01
 0.111303064492034E-01
 0.111296874106349E-01
 0.111290097516419E-01
 0.111282854526683E-01
 0.111275388673220E-01
 0.111267956752967E-01
 0.111260713265290E-01
 0.111253643473548E-01
 0.111246574064509E-01
 0.111239253572010E-01
 0.111231464147120E-01
 0.111223115032055E-01
 0.111214279021595E-01
 0.111205159238313E-01
 0.111196002489579E-01
 0.111186995847341E-01
 0.111178188425450E-01
 0.111169470101471E-01
 0.111160617078525E-01
 0.111151387548158E-01
 0.111141628434106E-01
 0.111131346256158E-01
 0.111120708005689E-01
 0.111109968759933E-01
 0.111099357836420E-01
 0.111088976189167E-01
 0.111078752655066E-01
 0.111068478211819E-01
 0.111057900878779E-01
 0.111046837416146E-01
 0.111035252625426E-01
 0.111023273004440E-01
 0.111011130413448E-01
 0.110999061051572E-01
 0.110987203609428E-01
 0.110975540360109E-01
 0.110963906098963E-01
 0.110952060453681E-01
 0.110939792119378E-01
 0.110927010424036E-01
 0.110913785153338E-01
 0.110900317066911E-01
 0.110886850707728E-01
 0.110873566621498E-01
 0.110860500728253E-01
 0.110847527853174E-01
 0.110834417520703E-01
 0.110820936483837E-01
 0.110806951156445E-01
 0.110792484540723E-01
 0.110777704162033E-01
 0.110762847950373E-01
 0.110748120420421E-01
 0.110733603052806E-01
 0.110719217291997E-01
 0.110704757494645E-01
 0.110691274698522E-01
 0.110683786552844E-01
 0.110676294368943E-01
 0.110668575280617E-01
 0.110660443193826E-01
 0.110651813669121E-01
 0.110642731988577E-01
 0.110633359798416E-01
 0.110623920469976E-01
 0.110614612363041E-01
 0.110605517255104E-01
 0.110596547390501E-01
 0.110587469073451E-01
 0.110578005172236E-01
 0.110567970608865E-01
 0.110557367807122E-01
 0.110546386702605E-01
 0.110535308119143E-01
 0.110524364630268E-01
 0.110513633598169E-01
 0.110503012855655E-01
 0.110492280622852E-01
 0.110481200000008E-01
 0.110469615805823E-01
 0.110457506791946E-01
 0.110444982988930E-01
 0.110432238964933E-01
 0.110419482321290E-01
 0.110406857424317E-01
 0.110394385176014E-01
 0.110381941963530E-01
 0.110369296669519E-01
 0.110356204504033E-01
 0.110342523632911E-01
 0.110328295576755E-01
 0.110313737650578E-01
 0.110299140762906E-01
 0.110284723640487E-01
 0.110270524515916E-01
 0.110256389763734E-01
 0.110242059945138E-01
 0.110227298729643E-01
 0.110211994810709E-01
 0.110196194353002E-01
 0.110180064959446E-01
 0.110163821068039E-01
 0.110147644342217E-01
 0.110131621760185E-01
 0.110115714394498E-01
 0.110099766094284E-01
 0.110083556330608E-01
 0.110066887542138E-01
 0.110049676814902E-01
 0.110032008106401E-01
 0.110014109539871E-01
 0.109996254211770E-01
 0.109978627459724E-01
 0.109961230567350E-01
 0.109943877650702E-01
 0.109926291142179E-01
 0.109908242808322E-01
 0.109889661395161E-01
 0.109870652652677E-01
 0.109851433307149E-01
 0.109832226622606E-01
 0.109813174899351E-01
 0.109794298579847E-01
 0.109775501117653E-01
 0.109756606113098E-01
 0.109737416488363E-01
 0.109717786796505E-01
 0.109697689167237E-01
 0.109677241202905E-01
 0.109656669667791E-01
 0.109636213590752E-01
 0.109616008480594E-01
 0.109596012651637E-01
 0.109576020210740E-01
 0.109555759545444E-01
 0.109535027555120E-01
 0.109513788174789E-01
 0.109492183408127E-01
 0.109470455086398E-01
 0.109448824915161E-01
 0.109427398115289E-01
 0.109406133327335E-01
 0.109384878381147E-01
 0.109363440105168E-01
 0.109341653933694E-01
 0.109319435824224E-01
 0.109296811716532E-01
 0.109273917686190E-01
 0.109250959200880E-01
 0.109228129395754E-01
 0.109205514797269E-01
 0.109183039266607E-01
 0.109160487234185E-01
 0.109137604059794E-01
 0.109114222614528E-01
 0.109090346231308E-01
 0.109066142930933E-01
 0.109041857120265E-01
 0.109017689384879E-01
 0.108993707138435E-01
 0.108969825876171E-01
 0.108945860227590E-01
 0.108921610677471E-01
 0.108896942513247E-01
 0.108871828112311E-01
 0.108846347145338E-01
 0.108820654488295E-01
 0.108794927400795E-01
 0.108769301413244E-01
 0.108743810081151E-01
 0.108718355184008E-01
 0.108692734166641E-01
 0.108666727224304E-01
 0.108640206937353E-01
 0.108613208969660E-01
 0.108585918043399E-01
 0.108558573536363E-01
 0.108531348678345E-01
 0.108504270840940E-01
 0.108477220762900E-01
 0.108450000472380E-01
 0.108422426526798E-01
 0.108394402987458E-01
 0.108365949190170E-01
 0.108337181869558E-01
 0.108308266291410E-01
 0.108279355268918E-01
 0.108250533695162E-01
 0.108221784277672E-01
 0.108192987691396E-01
 0.108163963632477E-01
 0.108134544829079E-01
 0.108104656727647E-01
 0.108074362989023E-01
 0.108043845387846E-01
 0.108021407454338E-01
 0.107999337976673E-01
 0.107976902278830E-01
 0.107954141622801E-01
 0.107931184131738E-01
 0.107908189736188E-01
 0.107885267695108E-01
 0.107862414372544E-01
 0.107839511566865E-01
 0.107816390015841E-01
 0.107792921596540E-01
 0.107769085223509E-01
 0.107744969075521E-01
 0.107720713789607E-01
 0.107696437653447E-01
 0.107672189643542E-01
 0.107647948551424E-01
 0.107623651683694E-01
 0.107599223828945E-01
 0.107574592907998E-01
 0.107549701853808E-01
 0.107524530224332E-01
 0.107499119573637E-01
 0.107473576567396E-01
 0.107448033422602E-01
 0.107422577618491E-01
 0.107397194433962E-01
 0.107371765918185E-01
 0.107346133864854E-01
 0.107320189203638E-01
 0.107293931197824E-01
 0.107267461048627E-01
 0.107240918865047E-01
 0.107214407649304E-01
 0.107187950101097E-01
 0.107161496062389E-01
 0.107134963529348E-01
 0.107108279754786E-01
 0.107081399939036E-01
 0.107054306095142E-01
 0.107027004200959E-01
 0.106999530318744E-01
 0.106971955392674E-01
 0.106944368019944E-01
 0.106916829812899E-01
 0.106889327966579E-01
 0.106861764704138E-01
 0.106834003398975E-01
 0.106805948075345E-01
 0.106777602711174E-01
 0.106749067533263E-01
 0.106720474832592E-01
 0.106691910164117E-01
 0.106663371618513E-01
 0.106634787278541E-01
 0.106606068108777E-01
 0.106577154413772E-01
 0.106548029254063E-01
 0.106570061823802E-01
 0.106630552423413E-01
 0.106690863827192E-01
 0.106750964060038E-01
 0.106810892488177E-01
 0.106870745047894E-01
 0.106930641762286E-01
 0.106990680865001E-01
 0.107050892807305E-01
 0.107111217016641E-01
 0.107171520522304E-01
 0.107231656695327E-01
 0.107291537043710E-01
 0.107351177854437E-01
 0.107410695224829E-01
 0.107470249559379E-01
 0.107529967605892E-01
 0.107589881906550E-01
 0.107649918184578E-01
 0.107709935477420E-01
 0.107769795667100E-01
 0.107829425036487E-01
 0.107888839154652E-01
 0.107948126574446E-01
 0.108007408110062E-01
 0.108066792945207E-01
 0.108126343415160E-01
 0.108186051979568E-01
 0.108245835930650E-01
 0.108305560300927E-01
 0.108365092261061E-01
 0.108424368488363E-01
 0.108483437911889E-01
 0.108542447623768E-01
 0.108601572329272E-01
 0.108660925180656E-01
 0.108720501398646E-01
 0.108780185477873E-01
 0.108839813958159E-01
 0.108899255912588E-01
 0.108958469342896E-01
 0.109017510802437E-01
 0.109076502081836E-01
 0.109135576039252E-01
 0.109194826692671E-01
 0.109254279609064E-01
 0.109313886559805E-01
 0.109373541641892E-01
 0.109433115577587E-01
 0.109492503887584E-01
 0.109551676540328E-01
 0.109610705341873E-01
 0.109669744921684E-01
 0.109728964155146E-01
 0.109788458631368E-01
 0.109848195402057E-01
 0.109908027319601E-01
 0.109967771128262E-01
 0.110027302278114E-01
 0.110086611307262E-01
 0.110145795766265E-01
 0.110205003049378E-01
 0.110264362504824E-01
 0.110323939084428E-01
 0.110383719064275E-01
 0.110443621600454E-01
 0.110503526737236E-01
 0.110563314240516E-01
 0.110622907479314E-01
 0.110682309772794E-01
 0.110741614516413E-01
 0.110800974939460E-01
 0.110860537623882E-01
 0.110920367690638E-01
 0.110980406667426E-01
 0.111040492937058E-01
 0.111100440524159E-01
 0.111160134612796E-01
 0.111219588530769E-01
 0.111278929785383E-01
 0.111338327540867E-01
 0.111397908197576E-01
 0.111457705543870E-01
 0.111517661933815E-01
 0.111577664494752E-01
 0.111637589630906E-01
 0.111697340341922E-01
 0.111756874841888E-01
 0.111816225522534E-01
 0.111875497966409E-01
 0.111934837600826E-01
 0.111994367025534E-01
 0.112054120965069E-01
 0.112114017238697E-01
 0.112173887584578E-01
 0.112233558084395E-01
 0.112292937383645E-01
 0.112352063431616E-01
 0.112411082128177E-01
 0.112470170557759E-01
 0.112529448860547E-01
 0.112588928483998E-01
 0.112648519215024E-01
 0.112708081550168E-01
 0.112767489509639E-01
 0.112826673827739E-01
 0.112885636654355E-01
 0.112944445380371E-01
 0.113003213255126E-01
 0.113062066119757E-01
 0.113121094893802E-01
 0.113180307939550E-01
 0.113239611868118E-01
 0.113298843714898E-01
 0.113357848058104E-01
 0.113416559488651E-01
 0.113475041150479E-01
 0.113533454245627E-01
 0.113591975398697E-01
 0.113650709341124E-01
 0.113709643976180E-01
 0.113768666755893E-01
 0.113827626149707E-01
 0.113886401625598E-01
 0.113944948913407E-01
 0.114003307219281E-01
 0.114061575738047E-01
 0.114119875810599E-01
 0.114178311547904E-01
 0.114236935154666E-01
 0.114295723069321E-01
 0.114354574554906E-01
 0.114413344349128E-01
 0.114471906173356E-01
 0.114530220079596E-01
 0.114588363562041E-01
 0.114646500673624E-01
 0.114704800500056E-01
 0.114763350533565E-01
 0.114822115305610E-01
 0.114880961695575E-01
 0.114939731218052E-01
 0.114998315453792E-01
 0.115056696977197E-01
 0.115114944425883E-01
 0.115173175185926E-01
 0.115231508184029E-01
 0.115290023777952E-01
 0.115348738547667E-01
 0.115407598388426E-01
 0.115466493292247E-01
 0.115525295064649E-01
 0.115583910244419E-01
 0.115642327798004E-01
 0.115700634996134E-01
 0.115758984899949E-01
 0.115817524425461E-01
 0.115876318609363E-01
 0.115935314567968E-01
 0.115994368170171E-01
 0.116053318816572E-01
 0.116112068695469E-01
 0.116170622990425E-01
 0.116229075167372E-01
 0.116287554699385E-01
 0.116346170074088E-01
 0.116404971803411E-01
 0.116463941642628E-01
 0.116523002395257E-01
 0.116582042547992E-01
 0.116640953041112E-01
 0.116699669940837E-01
 0.116758207398669E-01
 0.116816660828514E-01
 0.116875170110369E-01
 0.116933854486883E-01
 0.116992750820047E-01
 0.117051789955369E-01
 0.117110827358658E-01
 0.117169713781547E-01
 0.117228368110004E-01
 0.117286813124854E-01
 0.117345157069003E-01
 0.117403535349496E-01
 0.117462046888331E-01
 0.117520716722255E-01
 0.117579495843830E-01
 0.117638288236240E-01
 0.117696987568896E-01
 0.117755511662742E-01
 0.117813829981434E-01
 0.117871979042856E-01
 0.117930056167409E-01
 0.117988184627424E-01
 0.118046458159380E-01
 0.118104890771548E-01
 0.118163402319999E-01
 0.118221853334574E-01
 0.118280113358230E-01
 0.118338125771265E-01
 0.118395933699654E-01
 0.118453654713578E-01
 0.118511420872687E-01
 0.118569317404677E-01
 0.118627349744259E-01
 0.118685449925838E-01
 0.118743512541539E-01
 0.118801439499400E-01
 0.118859175078903E-01
 0.118916722550897E-01
 0.118974141913139E-01
 0.119031530814100E-01
 0.119088991040670E-01
 0.119146587290309E-01
 0.119204313647199E-01
 0.119262087796271E-01
 0.119319783963999E-01
 0.119377293658470E-01
 0.119434582718634E-01
 0.119491711086273E-01
 0.119548802597359E-01
 0.119605982330307E-01
 0.119663317370732E-01
 0.119720791538031E-01
 0.119778321931179E-01
 0.119835802343210E-01
 0.119893149327231E-01
 0.119950332191640E-01
 0.120007380051572E-01
 0.120064368428998E-01
 0.120121391890051E-01
 0.120178530343856E-01
 0.120235818098348E-01
 0.120293226650086E-01
 0.120350671238248E-01
 0.120408043943132E-01
 0.120465263027783E-01
 0.120522315840289E-01
 0.120579270640619E-01
 0.120636246569960E-01
 0.120693354954648E-01
 0.120750643843040E-01
 0.120808076910618E-01
 0.120865556841926E-01
 0.120922976640200E-01
 0.120980268676472E-01
 0.121037428185917E-01
 0.121094506715502E-01
 0.121151586243841E-01
 0.121208747935141E-01
 0.121266044579264E-01
 0.121323481626562E-01
 0.121381011965560E-01
 0.121438549840195E-01
 0.121496003777266E-01
 0.121553317612433E-01
 0.121610500165399E-01
 0.121667625835327E-01
 0.121724801840692E-01
 0.121782116206352E-01
 0.121839592971393E-01
 0.121897179118634E-01
 0.121954771118619E-01
 0.122012266723918E-01
 0.122069613422330E-01
 0.122126828196106E-01
 0.122183981672664E-01
 0.122241160276449E-01
 0.122298428691516E-01
 0.122355808322211E-01
 0.122413274330749E-01
 0.122470765983703E-01
 0.122528205797829E-01
 0.122585525628747E-01
 0.122642694912058E-01
 0.122699739122966E-01
 0.122756734531592E-01
 0.122813775307184E-01
 0.122870926506855E-01
 0.122928188362962E-01
 0.122985493252534E-01
 0.123042738363000E-01
 0.123099836438589E-01
 0.123156757209131E-01
 0.123213538403852E-01
 0.123270262805034E-01
 0.123327015851513E-01
 0.123383846780307E-01
 0.123440751311633E-01
 0.123497679855613E-01
 0.123554561954257E-01
 0.123611333294231E-01
 0.123667956318944E-01
 0.123724432025109E-01
 0.123780802089920E-01
 0.123837137975153E-01
 0.123893514573321E-01
 0.123949974875378E-01
 0.124006503345943E-01
 0.124063027146189E-01
 0.124119450124113E-01
 0.124175702836862E-01
 0.124231779470499E-01
 0.124287739851951E-01
 0.124343676666306E-01
 0.124399668441465E-01
 0.124455744446343E-01
 0.124511877240520E-01
 0.124568001693473E-01
 0.124624046957253E-01
 0.124679965402119E-01
 0.124735748154479E-01
 0.124791425120155E-01
 0.124847053096932E-01
 0.124902696877508E-01
 0.124958407232756E-01
 0.125014200226640E-01
 0.125070045590148E-01
 0.125125873653382E-01
 0.125181604474839E-01
 0.125237189007495E-01
 0.125292639690012E-01
 0.125348029161733E-01
 0.125403454050231E-01
 0.125458984188119E-01
 0.125514627994570E-01
 0.125570333517847E-01
 0.125626020775905E-01
 0.125681623028151E-01
 0.125737114208897E-01
 0.125792513296934E-01
 0.125847870773505E-01
 0.125903247820953E-01
 0.125958696053840E-01
 0.126014241195562E-01
 0.126069873133041E-01
 0.126125546264041E-01
 0.126181193742001E-01
 0.126236754350004E-01
 0.126292202701389E-01
 0.126347567393934E-01
 0.126402923600320E-01
 0.126458358669782E-01
 0.126513926453375E-01
 0.126569616612227E-01
 0.126625359060368E-01
 0.126681062276564E-01
 0.126736662006153E-01
 0.126792150870276E-01
 0.126847574217840E-01
 0.126903000729124E-01
 0.126958489380075E-01
 0.127014069557642E-01
 0.127069736837600E-01
 0.127125457769436E-01
 0.127181178882853E-01
 0.127236841195016E-01
 0.127292401605101E-01
 0.127347854948261E-01
 0.127403243362207E-01
 0.127458642195370E-01
 0.127514124693596E-01
 0.127569722499997E-01
 0.127625404697463E-01
 0.127681089668864E-01
 0.127736685564465E-01
 0.127792137558525E-01
 0.127847454822502E-01
 0.127902701867104E-01
 0.127957960911882E-01
 0.128013289296237E-01
 0.128068696239849E-01
 0.128124147202226E-01
 0.128179585549662E-01
 0.128234954967520E-01
 0.128290214154662E-01
 0.128345346212154E-01
 0.128400366442602E-01
 0.128455324241682E-01
 0.128510289508296E-01
 0.128565321486517E-01
 0.128620433941692E-01
 0.128675579810795E-01
 0.128730669879224E-01
 0.128785618142114E-01
 0.128840387806684E-01
 0.128895010534598E-01
 0.128949568147061E-01
 0.129004148627253E-01
 0.129058802163840E-01
 0.129113520602983E-01
 0.129168248069602E-01
 0.129222912358964E-01
 0.129277457395849E-01
 0.129331861400876E-01
 0.129386138119098E-01
 0.129440328313822E-01
 0.129494488350125E-01
 0.129548675690047E-01
 0.129602928345493E-01
 0.129657242693016E-01
 0.129711564454197E-01
 0.129765807141325E-01
 0.129819895531600E-01
 0.129873810424703E-01
 0.129927604520603E-01
 0.129981376217860E-01
 0.130035216609955E-01
 0.130089162678765E-01
 0.130143183605606E-01
 0.130197203806868E-01
 0.130251144396153E-01
 0.130304958544916E-01
 0.130358645791050E-01
 0.130412245216146E-01
 0.130465816851940E-01
 0.130519421104879E-01
 0.130573101099104E-01
 0.130626868972724E-01
 0.130680698040108E-01
 0.130734526417252E-01
 0.130788277838002E-01
 0.130841897098858E-01
 0.130895384152378E-01
 0.130948803927540E-01
 0.131002258882623E-01
 0.131055835343300E-01
 0.131109555490444E-01
 0.131163366112125E-01
 0.131217171054483E-01
 0.131270884930641E-01
 0.131324474017045E-01
 0.131377963735404E-01
 0.131431416941249E-01
 0.131484902674355E-01
 0.131538472243158E-01
 0.131592146938579E-01
 0.131645913581321E-01
 0.131699726038856E-01
 0.131753516307921E-01
 0.131807218233720E-01
 0.131860798289272E-01
 0.131914278137111E-01
 0.131967732506750E-01
 0.132021257126629E-01
 0.132074919757841E-01
 0.132128721055699E-01
 0.132182590134987E-01
 0.132236420528023E-01
 0.132290126667567E-01
 0.132343687033999E-01
 0.132397149051000E-01
 0.132450596807424E-01
 0.132504105859855E-01
 0.132557712472013E-01
 0.132611408190120E-01
 0.132665151584919E-01
 0.132718883683051E-01
 0.132772542351071E-01
 0.132826079651768E-01
 0.132879483097585E-01
 0.132932790237788E-01
 0.132986080857475E-01
 0.133039441879036E-01
 0.133092920388039E-01
 0.133146492962427E-01
 0.133200072671106E-01
 0.133253552358214E-01
 0.133306859988464E-01
 0.133359994355939E-01
 0.133413021749596E-01
 0.133466037707440E-01
 0.133519117663019E-01
 0.133572284066629E-01
 0.133625504190171E-01
 0.133678712776377E-01
 0.133731841624947E-01
 0.133784841312656E-01
 0.133837692266679E-01
 0.133890409966651E-01
 0.133943045331515E-01
 0.133995673430275E-01
 0.134048364777855E-01
 0.134101147465042E-01
 0.134153983137424E-01
 0.134206778366465E-01
 0.134259431400339E-01
 0.134311888150478E-01
 0.134364172336640E-01
 0.134416371169355E-01
 0.134468587111567E-01
 0.134520886185979E-01
 0.134573271264093E-01
 0.134625689744176E-01
 0.134678064657656E-01
 0.134730329366407E-01
 0.134782450583394E-01
 0.134834435295548E-01
 0.134886325312565E-01
 0.134938184369042E-01
 0.134990079556748E-01
 0.135042057741543E-01
 0.135094122400188E-01
 0.135146223421155E-01
 0.135198272612524E-01
 0.135250185038719E-01
 0.135301926814447E-01
 0.135353539483332E-01
 0.135405121863548E-01
 0.135456777648182E-01
 0.135508560848282E-01
 0.135560452254968E-01
 0.135612377721183E-01
 0.135664251590168E-01
 0.135716016866722E-01
 0.135767663216413E-01
 0.135819222371097E-01
 0.135870751767347E-01
 0.135922315771237E-01
 0.135973967009723E-01
 0.136025728111181E-01
 0.136077578641158E-01
 0.136129456546633E-01
 0.136181280345544E-01
 0.136232986815517E-01
 0.136284566341891E-01
 0.136336074414605E-01
 0.136387608256157E-01
 0.136439257870477E-01
 0.136491058297432E-01
 0.136542971506004E-01
 0.136594908912818E-01
 0.136646779946968E-01
 0.136698536639564E-01
 0.136750189952402E-01
 0.136801794744432E-01
 0.136853419327358E-01
 0.136905118775046E-01
 0.136956920332510E-01
 0.137008818034904E-01
 0.137060772634594E-01
 0.137112719463528E-01
 0.137164589398368E-01
 0.137216340017536E-01
 0.137267981625997E-01
 0.137319579244666E-01
 0.137371223522191E-01
 0.137422983727266E-01
 0.137474869457814E-01
 0.137526823992788E-01
 0.137578753477832E-01
 0.137630574908482E-01
 0.137682255727640E-01
 0.137733824481752E-01
 0.137785350157904E-01
 0.137836905358337E-01
 0.137888534476037E-01
 0.137940240371448E-01
 0.137991989468786E-01
 0.138043726638113E-01
 0.138095392382035E-01
 0.138146940512029E-01
 0.138198355828617E-01
 0.138249665918460E-01
 0.138300936393261E-01
 0.138352243985911E-01
 0.138403636874437E-01
 0.138455104786298E-01
 0.138506579711445E-01
 0.138557969845198E-01
 0.138609207477917E-01
 0.138660282503415E-01
 0.138711243363975E-01
 0.138762168130265E-01
 0.138813124832507E-01
 0.138864142457155E-01
 0.138915203902930E-01
 0.138966258867814E-01
 0.139017246630203E-01
 0.139068118423386E-01
 0.139118853295082E-01
 0.139169465123010E-01
 0.139219999535056E-01
 0.139270519557361E-01
 0.139321081386588E-01
 0.139371707835660E-01
 0.139422372789565E-01
 0.139473008758485E-01
 0.139523538361746E-01
 0.139573914901907E-01
 0.139624148659504E-01
 0.139674302347527E-01
 0.139724458048487E-01
 0.139774675623871E-01
 0.139824966352790E-01
 0.139875293786326E-01
 0.139925596577026E-01
 0.139975817833300E-01
 0.140025927039892E-01
 0.140075928752651E-01
 0.140125859084411E-01
 0.140175773034833E-01
 0.140225725545399E-01
 0.140275750558607E-01
 0.140325845425945E-01
 0.140375969076727E-01
 0.140426058074017E-01
 0.140476055792015E-01
 0.140525941431762E-01
 0.140575743353125E-01
 0.140625527944984E-01
 0.140675368199954E-01
 0.140725308032058E-01
 0.140775341565664E-01
 0.140825418393455E-01
 0.140875470905762E-01
 0.140925447775475E-01
 0.140975336073649E-01
 0.141025163191941E-01
 0.141074981558157E-01
 0.141124846071349E-01
 0.141174793798128E-01
 0.141224831395163E-01
 0.141274932653640E-01
 0.141325047348856E-01
 0.141375120484581E-01
 0.141425116286944E-01
 0.141475036459131E-01
 0.141524922216405E-01
 0.141574836722955E-01
 0.141624835292391E-01
 0.141674938210337E-01
 0.141725120277628E-01
 0.141775322550145E-01
 0.141825480332206E-01
 0.141875553438888E-01
 0.141925543976250E-01
 0.141975493477315E-01
 0.142025461682107E-01
 0.142075498123737E-01
 0.142125620342677E-01
 0.142175807948046E-01
 0.142226013188738E-01
 0.142276181472863E-01
 0.142326272741088E-01
 0.142376276232885E-01
 0.142426214273422E-01
 0.142476133631687E-01
 0.142526086346536E-01
 0.142576106348360E-01
 0.142626191940094E-01
 0.142676303655354E-01
 0.142726380439384E-01
 0.142776367367915E-01
 0.142826241270517E-01
 0.142876021257336E-01
 0.142925758923501E-01
 0.142975513243259E-01
 0.143025322390046E-01
 0.143075185779531E-01
 0.143125064533986E-01
 0.143174899767697E-01
 0.143224639575065E-01
 0.143274261589794E-01
 0.143323780783838E-01
 0.143373240217257E-01
 0.143422690793787E-01
 0.143472169911065E-01
 0.143521687184502E-01
 0.143571221081317E-01
 0.143620726699540E-01
 0.143670152634346E-01
 0.143719462244902E-01
 0.143768651315707E-01
 0.143817752888552E-01
 0.143866824290086E-01
 0.143915920595881E-01
 0.143965067457845E-01
 0.144014247920661E-01
 0.144063410664408E-01
 0.144112495410390E-01
 0.144161462222835E-01
 0.144210310038548E-01
 0.144259075973344E-01
 0.144307816880770E-01
 0.144356583091018E-01
 0.144405397202712E-01
 0.144454247083986E-01
 0.144503094326587E-01
 0.144551892163273E-01
 0.144600604304230E-01
 0.144649218360120E-01
 0.144697751045324E-01
 0.144746244106542E-01
 0.144794750552951E-01
 0.144843313418893E-01
 0.144891944749271E-01
 0.144940616480816E-01
 0.144989271570884E-01
 0.145037852481016E-01
 0.145086332110492E-01
 0.145134729085272E-01
 0.145183098351520E-01
 0.145231503099369E-01
 0.145279984488496E-01
 0.145328545034663E-01
 0.145377151925018E-01
 0.145425755467154E-01
 0.145474311876209E-01
 0.145522800334900E-01
 0.145571229165785E-01
 0.145619631234112E-01
 0.145668051821169E-01
 0.145716532901624E-01
 0.145765097583471E-01
 0.145813739095509E-01
 0.145862419761326E-01
 0.145911084057680E-01
 0.145959683706201E-01
 0.146008203847668E-01
 0.146056674639236E-01
 0.146105158400221E-01
 0.146153717260694E-01
 0.146202379950322E-01
 0.146251127812130E-01
 0.146299907428044E-01
 0.146348660036569E-01
 0.146397349148842E-01
 0.146445972555304E-01
 0.146494557149418E-01
 0.146543144186553E-01
 0.146591773484523E-01
 0.146640470720003E-01
 0.146689238694473E-01
 0.146738053967812E-01
 0.146786871950271E-01
 0.146835642211865E-01
 0.146884330357556E-01
 0.146932936667607E-01
 0.146981500005054E-01
 0.147030081329219E-01
 0.147078732670687E-01
 0.147127467870455E-01
 0.147176252855752E-01
 0.147225022688089E-01
 0.147273715847368E-01
 0.147322304970779E-01
 0.147370806286379E-01
 0.147419265077453E-01
 0.147467729740356E-01
 0.147516230923030E-01
 0.147564773924900E-01
 0.147613341504756E-01
 0.147661900447538E-01
 0.147710409545949E-01
 0.147758831296757E-01
 0.147807147571301E-01
 0.147855372397256E-01
 0.147903551218686E-01
 0.147951741750802E-01
 0.147999983985421E-01
 0.148048276374297E-01
 0.148096573641191E-01
 0.148144809221602E-01
 0.148192930133966E-01
 0.148240924217642E-01
 0.148288824334839E-01
 0.148336688351355E-01
 0.148384568175953E-01
 0.148432486280210E-01
 0.148480430939345E-01
 0.148528368056865E-01
 0.148576258418730E-01
 0.148624070614842E-01
 0.148671787962395E-01
 0.148719413122509E-01
 0.148766971406630E-01
 0.148814507515947E-01
 0.148862070031910E-01
 0.148909686916669E-01
 0.148957346231724E-01
 0.149004997615691E-01
 0.149052577800205E-01
 0.149100046206275E-01
 0.149147408408515E-01
 0.149194712881553E-01
 0.149242024044852E-01
 0.149289389054370E-01
 0.149336817532174E-01
 0.149384283077964E-01
 0.149431741584935E-01
 0.149479153403134E-01
 0.149526497984657E-01
 0.149573777497233E-01
 0.149621013018065E-01
 0.149668238203829E-01
 0.149715491509235E-01
 0.149762804832084E-01
 0.149810188964515E-01
 0.149857623010036E-01
 0.149905058300516E-01
 0.149952440795213E-01
 0.149999742064407E-01
 0.150046979147659E-01
 0.150094208088227E-01
 0.150141493382620E-01
 0.150188872691543E-01
 0.150236339124287E-01
 0.150283850171845E-01
 0.150331354137792E-01
 0.150378815795929E-01
 0.150426227965860E-01
 0.150473607943628E-01
 0.150520986438822E-01
 0.150568396673180E-01
 0.150615865910563E-01
 0.150663407828614E-01
 0.150711015487317E-01
 0.150758658912590E-01
 0.150806292945664E-01
 0.150853876408124E-01
 0.150901394782788E-01
 0.150948872408448E-01
 0.150996363344782E-01
 0.151043922851526E-01
 0.151091575611431E-01
 0.151139301060345E-01
 0.151187045625111E-01
 0.151234753379361E-01
 0.151282394676541E-01
 0.151329975852684E-01
 0.151377528243528E-01
 0.151425088374102E-01
 0.151472682944189E-01
 0.151520323498964E-01
 0.151568006682471E-01
 0.151615715029084E-01
 0.151663419045659E-01
 0.151711085580776E-01
 0.151758694175252E-01
 0.151806254718555E-01
 0.151853814637161E-01
 0.151901448108064E-01
 0.151949231538490E-01
 0.151997220265986E-01
 0.152045442657622E-01
 0.152093917655745E-01
 0.152142686741035E-01
 0.152191841702293E-01
 0.152241532517028E-01
 0.152291953090752E-01
 0.152343316627048E-01
 0.152395836684769E-01
 0.152449722312140E-01
 0.152505183712340E-01
 0.152562439155866E-01
 0.152621717869277E-01
 0.152683261171099E-01
 0.152747326086744E-01
 0.152814189770751E-01
 0.152884146288622E-01
 0.152957488522725E-01
 0.153034478278773E-01
 0.153115318564730E-01
 0.153200143173479E-01
 0.153289027775368E-01
 0.153382011719752E-01
 0.153479112151659E-01
 0.153580317389962E-01
 0.153685560391446E-01
 0.153794685318230E-01
 0.153907422648447E-01
 0.154023380501887E-01
 0.154142048647125E-01
 0.154262805379226E-01
 0.154384919705362E-01
 0.154507548441026E-01
 0.154629732604652E-01
 0.154750395681438E-01
 0.154868340807053E-01
 0.154982241883617E-01
 0.155090629027507E-01
 0.155191877394428E-01
 0.155284211338666E-01
 0.155365728143632E-01
 0.155434432198963E-01
 0.155488262709458E-01
 0.155525103094004E-01
 0.155542774577067E-01
 0.155539028607139E-01
 0.155511553351326E-01
 0.155457999195677E-01
 0.155376016040060E-01
 0.155285946937773E-01
 0.155165791651499E-01
 0.155010676433947E-01
 0.154818358469681E-01
 0.154586697352120E-01
 0.154313688088839E-01
 0.153997501096378E-01
 0.153636527717675E-01
 0.153229422083368E-01
 0.152775127319437E-01
 0.152272881245461E-01
 0.151729646730540E-01
 0.151149594884955E-01
 0.150523288225782E-01
 0.149851215336994E-01
 0.149134228602766E-01
 0.148373560933682E-01
 0.147570845016259E-01
 0.146728137506810E-01
 0.145847940159835E-01
 0.144933203236048E-01
 0.143987302654962E-01
 0.143013998766410E-01
 0.142017398140844E-01
 0.141001938130168E-01
 0.139972397316958E-01
 0.138933916279062E-01
 0.137892006594674E-01
 0.136852535084826E-01
 0.135821685701035E-01
 0.134805910688298E-01
 0.133811880740242E-01
 0.132846436126025E-01
 0.131916536205017E-01
 0.131029207390722E-01
 0.133387382939732E-01
 0.137607864275465E-01
 0.141721646240605E-01
 0.145729317361225E-01
 0.149633457793199E-01
 0.153437893483919E-01
 0.157146828544657E-01
 0.160764021992233E-01
 0.164292202248679E-01
 0.167732959576362E-01
 0.171087264204798E-01
 0.174356462674688E-01
 0.177543287989245E-01
 0.180713793458006E-01
 0.183844787240027E-01
 0.186918531514671E-01
 0.189942072209526E-01
 0.192921918580204E-01
 0.195863031187706E-01
 0.198768466124020E-01
 0.201639745585652E-01
 0.204477635302172E-01
 0.207282858050224E-01
 0.210056397994402E-01
 0.212799302139103E-01
 0.215512099372214E-01
 0.218194074015068E-01
 0.220842661190526E-01
 0.223453185194370E-01
 0.226019042090930E-01
 0.228532270303474E-01
 0.230984321905264E-01
 0.233366778930454E-01
 0.235671748127963E-01
 0.237891723749427E-01
 0.240018883060584E-01
 0.242044080706010E-01
 0.243956086758428E-01
 0.245741613649830E-01
 0.247386276991995E-01
 0.248876042193459E-01
 0.250198355553627E-01
 0.251342338995007E-01
 0.252298019827217E-01
 0.253055132258384E-01
 0.253602192267617E-01
 0.253926289968124E-01
 0.254013631487494E-01
 0.253850565539265E-01
 0.253424725920831E-01
 0.252725943512111E-01
 0.251746669735937E-01
 0.250481804420641E-01
 0.248928020364129E-01
 0.247082853538989E-01
 0.244943905052957E-01
 0.242508463074893E-01
 0.239773730096477E-01
 0.236737649849647E-01
 0.233400081078232E-01
 0.229763846569572E-01
 0.225835159717655E-01
 0.221623200616064E-01
 0.217148224994190E-01
 0.213305568145016E-01
 0.212775275627701E-01
 0.212085704061457E-01
 0.211241184232904E-01
 0.210246885171578E-01
 0.209108701287279E-01
 0.207833100389047E-01
 0.206426979210944E-01
 0.204897561889757E-01
 0.203252349680525E-01
 0.201499107014897E-01
 0.199645864551289E-01
 0.197700933035909E-01
 0.195672936907441E-01
 0.193570875549362E-01
 0.191404197317084E-01
 0.189182840780471E-01
 0.186917184813444E-01
 0.184617873215459E-01
 0.182295535558681E-01
 0.179960484024307E-01
 0.177622489656920E-01
 0.175290713101840E-01
 0.172973798584907E-01
 0.170680071712675E-01
 0.168417745622572E-01
 0.166195048549171E-01
 0.164082476259532E-01
 0.162066933827192E-01
 0.160115184010437E-01
 0.158233419761671E-01
 0.156427371356544E-01
 0.154702345645137E-01
 0.153063236017681E-01
 0.151514508529871E-01
 0.150060189014644E-01
 0.148703871784808E-01
 0.147448750093921E-01
 0.146297648958696E-01
 0.145253034764395E-01
 0.144316984770516E-01
 0.143491117177993E-01
 0.142776501262796E-01
 0.142173580442756E-01
 0.141685021859435E-01
 0.141430693501943E-01
 0.141282828240422E-01
 0.141239818931380E-01
 0.141299857168135E-01
 0.141460912569116E-01
 0.141720667766857E-01
 0.142076432120515E-01
 0.142525079031691E-01
 0.143063050545063E-01
 0.143686443573786E-01
 0.144391150461513E-01
 0.145172998596212E-01
 0.146027835726913E-01
 0.146951535104626E-01
 0.147942583000390E-01
 0.149104584853987E-01
 0.150324899001669E-01
 0.151597606757057E-01
 0.152916575672231E-01
 0.154275515695798E-01
 0.155668077574061E-01
 0.157087989382561E-01
 0.158529192892889E-01
 0.159985928042282E-01
 0.161452734339011E-01
 0.162924376988409E-01
 0.164395734728074E-01
 0.165861690959643E-01
 0.167317057109149E-01
 0.168756542917443E-01
 0.170174778686494E-01
 0.171566384395531E-01
 0.172926067177573E-01
 0.174248719793720E-01
 0.175529498823433E-01
 0.176763880178182E-01
 0.177947704866019E-01
 0.179077224942708E-01
 0.180149141405469E-01
 0.181160611204675E-01
 0.182109205431828E-01
 0.182992823262164E-01
 0.183809590493436E-01
 0.184557782769782E-01
 0.185235807518086E-01
 0.185842258480625E-01
 0.186376027899003E-01
 0.186836432980514E-01
 0.187223300696384E-01
 0.187545118331342E-01
 0.187898056919459E-01
 0.188176295214985E-01
 0.188381051143673E-01
 0.188513811117073E-01
 0.188576165750085E-01
 0.188569717827779E-01
 0.188496089760620E-01
 0.188357015997458E-01
 0.188154479004164E-01
 0.187890845010860E-01
 0.187568968361163E-01
 0.187192247043525E-01
 0.186764621583117E-01
 0.186290516872866E-01
 0.185774732352628E-01
 0.185222288511395E-01
 0.184697983443855E-01
 0.184144788846055E-01
 0.183564880091979E-01
 0.182961893964708E-01
 0.182339188060516E-01
 0.181700085642704E-01
 0.181048050608782E-01
 0.180386767192067E-01
 0.179720159679351E-01
 0.179052389482303E-01
 0.178387830666770E-01
 0.177730997898592E-01
 0.177086410484892E-01
 0.176458412803806E-01
 0.175851003941143E-01
 0.175267732645631E-01
 0.174711683365413E-01
 0.174185531899005E-01
 0.173691614490632E-01
 0.173231957630029E-01
 0.172808258488453E-01
 0.172421856084565E-01
 0.172073747091136E-01
 0.171764661839203E-01
 0.171495158711361E-01
 0.171265673987920E-01
 0.171076501790976E-01
 0.170984321371278E-01
 0.170982321395158E-01
 0.171017369661172E-01
 0.171087720844716E-01
 0.171191332668266E-01
 0.171326001587257E-01
 0.171489479705923E-01
 0.171679520815130E-01
 0.171893849293119E-01
 0.172130098923024E-01
 0.172385792362927E-01
 0.172658403646102E-01
 0.172945479157508E-01
 0.173244734963951E-01
 0.173554049805291E-01
 0.173871341401132E-01
 0.174194400937077E-01
 0.174520797921306E-01
 0.174847923976898E-01
 0.175173154246533E-01
 0.175494038970505E-01
 0.175808439728590E-01
 0.176114578794059E-01
 0.176411021854054E-01
 0.176696624993890E-01
 0.176970454636772E-01
 0.177231673812328E-01
 0.177479407522696E-01
 0.177712641789559E-01
 0.177930233028578E-01
 0.178131071526039E-01
 0.178314359439728E-01
 0.178479878135943E-01
 0.178628095036163E-01
 0.178760029242315E-01
 0.178876928121458E-01
 0.178979920631392E-01
 0.179069825844126E-01
 0.179147191694549E-01
 0.179212491239942E-01
 0.179266319945402E-01
 0.179309475649755E-01
 0.179342921472434E-01
 0.179372093516738E-01
 0.179401293873907E-01
 0.179422077282186E-01
 0.179435451160874E-01
 0.179442736056387E-01
 0.179445524249097E-01
 0.179445518850200E-01
 0.179444315919696E-01
 0.179443217123786E-01
 0.179443139485819E-01
 0.179444642945279E-01
 0.179448053800692E-01
 0.179453635016927E-01
 0.179462377669284E-01
 0.179480666321169E-01
 0.179503213268909E-01
 0.179530145568471E-01
 0.179561416522052E-01
 0.179596867183747E-01
 0.179636292321031E-01
 0.179679513199523E-01
 0.179726448746426E-01
 0.179777151480751E-01
 0.179831768219254E-01
 0.179890418653834E-01
 0.179953041645098E-01
 0.180019296877579E-01
 0.180088594197027E-01
 0.180160257791998E-01
 0.180233756351180E-01
 0.180308889414260E-01
 0.180385837018833E-01
 0.180465043193759E-01
 0.180546979894986E-01
 0.180631890491301E-01
 0.180719619517916E-01
 0.180809598546472E-01
 0.180900995317824E-01
 0.180992970555464E-01
 0.181084945368872E-01
 0.181176773485899E-01
 0.181268740723159E-01
 0.181361376587945E-01
 0.181455144556238E-01
 0.181550144560052E-01
 0.181645971134981E-01
 0.181741802451204E-01
 0.181836676848549E-01
 0.181929814402396E-01
 0.182020826504541E-01
 0.182109734494869E-01
 0.182196830708915E-01
 0.182282483661844E-01
 0.182366978226833E-01
 0.182450422535710E-01
 0.182532707420681E-01
 0.182613505229207E-01
 0.182693542882054E-01
 0.182773194056255E-01
 0.182851554292702E-01
 0.182928367194125E-01
 0.183003129819239E-01
 0.183075291115518E-01
 0.183144477809260E-01
 0.183210663131570E-01
 0.183274213999076E-01
 0.183335793276791E-01
 0.183396146904115E-01
 0.183455854903269E-01
 0.183515146992482E-01
 0.183573860306325E-01
 0.183631554835335E-01
 0.183687733179804E-01
 0.183742071796127E-01
 0.183794577343247E-01
 0.183845621312564E-01
 0.183895852038433E-01
 0.183946016691629E-01
 0.183996745198770E-01
 0.184048359220716E-01
 0.184100772019668E-01
 0.184153529421632E-01
 0.184205999694103E-01
 0.184257658053384E-01
 0.184308356048550E-01
 0.184358451229363E-01
 0.184408718600580E-01
 0.184460061125911E-01
 0.184513138018675E-01
 0.184568080935407E-01
 0.184624435371212E-01
 0.184681359758057E-01
 0.184737992616840E-01
 0.184793822795117E-01
 0.184848903927939E-01
 0.184903829784170E-01
 0.184959488604540E-01
 0.185016697744368E-01
 0.185075860546437E-01
 0.185136780017939E-01
 0.185198711700332E-01
 0.185260650354384E-01
 0.185321745345925E-01
 0.185381669345894E-01
 0.185440767396307E-01
 0.185499903302203E-01
 0.185560063371959E-01
 0.185621901109446E-01
 0.185685440253649E-01
 0.185750074422126E-01
 0.185814851263692E-01
 0.185878890829942E-01
 0.185941736386363E-01
 0.186003491666322E-01
 0.186064718346708E-01
 0.186126176400398E-01
 0.186188532934385E-01
 0.186252139946085E-01
 0.186316929053582E-01
 0.186382433827128E-01
 0.186447935181506E-01
 0.186512707340278E-01
 0.186576300917445E-01
 0.186638753281883E-01
 0.186700612132861E-01
 0.186762727878500E-01
 0.186825889502374E-01
 0.186890473833358E-01
 0.186956281551447E-01
 0.187022637167732E-01
 0.187088694492768E-01
 0.187153795532676E-01
 0.187217724901548E-01
 0.187280769664771E-01
 0.187343585396860E-01
 0.187406937478133E-01
 0.187471415597368E-01
 0.187537216168474E-01
 0.187604063761551E-01
 0.187671303786936E-01
 0.187738146059217E-01
 0.187803980640903E-01
 0.187868644042653E-01
 0.187932512871927E-01
 0.187996360980206E-01
 0.188061022917218E-01
 0.188127012164587E-01
 0.188194282189446E-01
 0.188262254589520E-01
 0.188330098289728E-01
 0.188397110203830E-01
 0.188463004842492E-01
 0.188527989372971E-01
 0.188592625462827E-01
 0.188657574675408E-01
 0.188723344249001E-01
 0.188790113883215E-01
 0.188857680553466E-01
 0.188925532126125E-01
 0.188993036945615E-01
 0.189059695491876E-01
 0.189125354973012E-01
 0.189190280822516E-01
 0.189255037441535E-01
 0.189320229472736E-01
 0.189386231272049E-01
 0.189453035349729E-01
 0.189520281647790E-01
 0.189587436033517E-01
 0.189654022460611E-01
 0.189719804875545E-01
 0.189784853515041E-01
 0.189849487932487E-01
 0.189914137235846E-01
 0.189979178879854E-01
 0.190044809853814E-01
 0.190110982271449E-01
 0.190177416389103E-01
 0.190243692305527E-01
 0.190309405404647E-01
 0.190374340167546E-01
 0.190438585940009E-01
 0.190502520669460E-01
 0.190566645764751E-01
 0.190631343434071E-01
 0.190696686189571E-01
 0.190762406966781E-01
 0.190828045030463E-01
 0.190893180445410E-01
 0.190957626857240E-01
 0.191021490374551E-01
 0.191085086303526E-01
 0.191148777552193E-01
 0.191212821357572E-01
 0.191277285637540E-01
 0.191342050184244E-01
 0.191406871167805E-01
 0.191471474856391E-01
 0.191535652794316E-01
 0.191599338773313E-01
 0.191662646097802E-01
 0.191725839458537E-01
 0.191789230343508E-01
 0.191853027201310E-01
 0.191917217007835E-01
 0.191981558519140E-01
 0.192045707833908E-01
 0.192109407990945E-01
 0.192172625600169E-01
 0.192235552404844E-01
 0.192298482467644E-01
 0.192361652689419E-01
 0.192425140623434E-01
 0.192488858191562E-01
 0.192552617782478E-01
 0.192616222112647E-01
 0.192679540317291E-01
 0.192742552006337E-01
 0.192805351114822E-01
 0.192868108051165E-01
 0.192931001513828E-01
 0.192994145614351E-01
 0.193057541173183E-01
 0.193121069940201E-01
 0.193184536223099E-01
 0.193247747331044E-01
 0.193310607850096E-01
 0.193373183829677E-01
 0.193435690355285E-01
 0.193498390210662E-01
 0.193561451588839E-01
 0.193624852021446E-01
