 0.355679578209372E-07
 0.519273417286483E-06
 0.218060674802993E-05
 0.567779185842934E-05
 0.115641588076528E-04
 0.202934949425486E-04
 0.322266355280795E-04
 0.476391827887070E-04
 0.667302382039092E-04
 0.896320294770792E-04
 0.116420296003575E-03
 0.147125269825970E-03
 0.181743071107016E-03
 0.220247343202802E-03
 0.262600981233206E-03
 0.308767822375111E-03
 0.358724154514249E-03
 0.412469866331074E-03
 0.470436369681184E-03
 0.532944966347162E-03
 0.599750904820717E-03
 0.671065385740093E-03
 0.747164189027168E-03
 0.828393003116542E-03
 0.915171643147062E-03
 0.100799705676555E-02
 0.110744493777719E-02
 0.121416979326243E-02
 0.132890346747911E-02
 0.145245231149782E-02
 0.158569323209671E-02
 0.172956869051827E-02
 0.188508047522490E-02
 0.205328196850973E-02
 0.223526880976869E-02
 0.243216821177075E-02
 0.264512742731713E-02
 0.287530176809989E-02
 0.312384221720410E-02
 0.339188237085104E-02
 0.368052448845692E-02
 0.399082480348441E-02
 0.432377861031267E-02
 0.468030564454842E-02
 0.506123589829432E-02
 0.546729562008006E-02
 0.589909325525479E-02
 0.635710553301509E-02
 0.684166439170492E-02
 0.735294544207519E-02
 0.789095810035943E-02
 0.845553682663396E-02
 0.904633274580106E-02
 0.966280553499892E-02
 0.103042163739869E-01
 0.109696231691131E-01
 0.116628158986243E-01
 0.123891445123915E-01
 0.131369852733191E-01
 0.139045635677209E-01
 0.146898940931479E-01
 0.154907882975778E-01
 0.163048628034000E-01
 0.171295483144890E-01
 0.179620996177625E-01
 0.187996077232843E-01
 0.196390145760991E-01
 0.204771297377625E-01
 0.213106479697626E-01
 0.221361672038140E-01
 0.229502074016607E-01
 0.237492312455991E-01
 0.245296669369432E-01
 0.252879321343689E-01
 0.260204573984405E-01
 0.267237081434152E-01
 0.273942055950627E-01
 0.280285483495937E-01
 0.286234357966941E-01
 0.291756930951408E-01
 0.296822958370321E-01
 0.301403923141506E-01
 0.305473226139364E-01
 0.309006355407386E-01
 0.311981051283049E-01
 0.314377477028474E-01
 0.316178388354204E-01
 0.317369285058975E-01
 0.317938532025816E-01
 0.317877450272128E-01
 0.317180388922106E-01
 0.315844786878096E-01
 0.313871221608796E-01
 0.311263433563564E-01
 0.308028317492693E-01
 0.304175884218780E-01
 0.299719206543844E-01
 0.294674360806607E-01
 0.289060362166762E-01
 0.282899078720866E-01
 0.276215109046757E-01
 0.269035621116610E-01
 0.261390167013999E-01
 0.253310493935612E-01
 0.244830362674989E-01
 0.235985368002395E-01
 0.226812744741942E-01
 0.217351146963029E-01
 0.207640401733670E-01
 0.197721251476279E-01
 0.187635100433179E-01
 0.177423771287357E-01
 0.167129266720012E-01
 0.156793527278008E-01
 0.150788055286629E-01
 0.159070401338441E-01
 0.167260990590054E-01
 0.175782841809991E-01
 0.183827204578776E-01
 0.192200261091660E-01
 0.200354598484357E-01
 0.208200855865376E-01
 0.216424743718104E-01
 0.223946460743507E-01
 0.231947101642910E-01
 0.239428585107520E-01
 0.246853753548921E-01
 0.254274234352971E-01
 0.261085743239707E-01
 0.268434712891819E-01
 0.274791824444034E-01
 0.281876972591654E-01
 0.288093709873102E-01
 0.294582000387870E-01
 0.300670736686123E-01
 0.306520266802855E-01
 0.312507879011340E-01
 0.317677700077716E-01
 0.323589787399546E-01
 0.328207076017992E-01
 0.333930693795420E-01
 0.338457038563629E-01
 0.341580382218632E-01
 0.343243166059422E-01
 0.343393536315652E-01
 0.342182223614608E-01
 0.342141614289728E-01
 0.340557000154485E-01
 0.338261880768358E-01
 0.335955788151340E-01
 0.333563333079395E-01
 0.331276552634041E-01
 0.328883860578731E-01
 0.326454420500457E-01
 0.324030174547515E-01
 0.321633215930827E-01
 0.319264735099392E-01
 0.316909743480450E-01
 0.314540943432743E-01
 0.312115073398183E-01
 0.318562262376382E-01
 0.334971328546189E-01
 0.352485594077152E-01
 0.369116602082824E-01
 0.384783752959601E-01
 0.401417075450759E-01
 0.417095407434880E-01
 0.431615960124950E-01
 0.447152651483752E-01
 0.461458446750122E-01
 0.474805516011859E-01
 0.488822752589781E-01
 0.501395782122878E-01
 0.513637543858027E-01
 0.525779460877991E-01
 0.536322824609622E-01
 0.547583624959618E-01
 0.557593731952082E-01
 0.566863028265288E-01
 0.576350871663901E-01
 0.584038491113339E-01
 0.592686316494070E-01
 0.599820657493106E-01
 0.606718608050864E-01
 0.613345516324271E-01
 0.618587603239472E-01
 0.624768044906868E-01
 0.628965314906970E-01
 0.634226165648748E-01
 0.638021214646956E-01
 0.641844542475645E-01
 0.645326251837408E-01
 0.647782886722167E-01
 0.651029533770349E-01
 0.652202745562729E-01
 0.651296894971606E-01
 0.648314636919233E-01
 0.643267659007584E-01
 0.636177371534795E-01
 0.627075178937321E-01
 0.619972165101165E-01
 0.610930285607405E-01
 0.600627874637055E-01
 0.590448131217335E-01
 0.580564356952324E-01
 0.570903911942923E-01
 0.561471722646336E-01
 0.552185518400743E-01
 0.543109773634209E-01
 0.534268288278420E-01
 0.525668079500488E-01
 0.517295068623876E-01
 0.509103657992571E-01
 0.501043966095064E-01
 0.493055878720137E-01
 0.485095184090126E-01
 0.477802982324771E-01
 0.470499116757151E-01
 0.463101470408668E-01
 0.455971547853384E-01
 0.449251690997009E-01
 0.442282164776087E-01
 0.435561115688415E-01
 0.429219804407470E-01
 0.422139151785547E-01
 0.413774472683290E-01
 0.404165558343320E-01
 0.393355599562164E-01
 0.384205925404839E-01
 0.392138075182567E-01
 0.399941045311849E-01
 0.406495601287487E-01
 0.413625341010024E-01
 0.419751436310805E-01
 0.425366195649496E-01
 0.431102314471890E-01
 0.435575532494223E-01
 0.440689788621864E-01
 0.444803868399431E-01
 0.448651157362298E-01
 0.452466684490109E-01
 0.455109832905108E-01
 0.458686613354195E-01
 0.461003566336858E-01
 0.463607424766599E-01
 0.465729898052979E-01
 0.467396719536962E-01
 0.469375476288802E-01
 0.470163164160441E-01
 0.472073371885554E-01
 0.472749477748126E-01
 0.472244799388617E-01
 0.470618241567391E-01
 0.467932376494099E-01
 0.464251771712085E-01
 0.459642192088302E-01
 0.454170914933331E-01
 0.447907868255452E-01
 0.441739020514950E-01
 0.435609488857239E-01
 0.428789359132366E-01
 0.421356126204371E-01
 0.413844915537909E-01
 0.406574614948646E-01
 0.399535335955478E-01
 0.392740546178063E-01
 0.386135030098985E-01
 0.379704547697862E-01
 0.373457724132008E-01
 0.367407874141816E-01
 0.361542317389631E-01
 0.355844618130585E-01
 0.350293803170567E-01
 0.344856123322118E-01
 0.339505373568069E-01
 0.334208777524005E-01
 0.329233484182967E-01
 0.324320879697577E-01
 0.319408180391867E-01
 0.314643733150925E-01
 0.310079853764596E-01
 0.305454791911863E-01
 0.300979577365554E-01
 0.303516682885364E-01
 0.310632607053615E-01
 0.317695725260510E-01
 0.324637395784656E-01
 0.331387138604476E-01
 0.337872710032623E-01
 0.344360544108512E-01
 0.350873760824645E-01
 0.356999250485470E-01
 0.362662380446481E-01
 0.368134715484402E-01
 0.373699781521822E-01
 0.378676530955741E-01
 0.382990388872983E-01
 0.387786919373564E-01
 0.391901026630684E-01
 0.395230107783745E-01
 0.399151362807519E-01
 0.402249541735443E-01
 0.404874856214494E-01
 0.407759783811063E-01
 0.409711255270213E-01
 0.411904782641542E-01
 0.413641048958252E-01
 0.414789060228113E-01
 0.416357865585458E-01
 0.416865409817244E-01
 0.417953408802640E-01
 0.418316732086508E-01
 0.418564266786136E-01
 0.418813247216216E-01
 0.418302223090222E-01
 0.418490690344387E-01
 0.417519525274865E-01
 0.415329437322856E-01
 0.411864337809517E-01
 0.407070226135938E-01
 0.400895293113235E-01
 0.393468646809743E-01
 0.387436671655631E-01
 0.380062102241851E-01
 0.372384289785941E-01
 0.364906418894618E-01
 0.357645635492051E-01
 0.350545487764060E-01
 0.343561423551449E-01
 0.336908570010700E-01
 0.341957761309507E-01
 0.366780262503079E-01
 0.392692822627358E-01
 0.418844142687359E-01
 0.444431282121307E-01
 0.469369577268888E-01
 0.495532339410600E-01
 0.521329893683474E-01
 0.546272236900781E-01
 0.570274500267468E-01
 0.595699271431399E-01
 0.620117874389793E-01
 0.643392170442487E-01
 0.666087156443600E-01
 0.689496953913824E-01
 0.711568201262810E-01
 0.732220884661025E-01
 0.753339020214854E-01
 0.773789677967436E-01
 0.792644747142807E-01
 0.810888196227843E-01
 0.829368720333466E-01
 0.846091351932238E-01
 0.861662697141343E-01
 0.877895952893359E-01
 0.892224533603013E-01
 0.905420281090647E-01
 0.919196049531936E-01
 0.930940220365626E-01
 0.942132046847937E-01
 0.953296459100756E-01
 0.962325659874662E-01
 0.971947043851861E-01
 0.980398822838694E-01
 0.987192243789659E-01
 0.995144620872495E-01
 0.100083786467158E+00
 0.100683321899957E+00
 0.101209067548485E+00
 0.101572654675734E+00
 0.102064041929169E+00
 0.102322094979395E+00
 0.102678348003552E+00
 0.102909164919415E+00
 0.103078274982487E+00
 0.103293040067918E+00
 0.103269911373638E+00
 0.103008612913773E+00
 0.102509565817676E+00
 0.101773744583149E+00
 0.100802652068248E+00
 0.995984285564528E-01
 0.981640477227923E-01
 0.966867301981466E-01
 0.952846594167547E-01
 0.936638401782066E-01
 0.919290476891687E-01
 0.902479925866778E-01
 0.886032796154872E-01
 0.870211212357297E-01
 0.854645156050825E-01
 0.839482959455023E-01
 0.824904542562458E-01
 0.810678369099959E-01
 0.796788271113214E-01
 0.783202561090996E-01
 0.770229786466745E-01
 0.757600977990462E-01
 0.745232099345143E-01
 0.733044173616410E-01
 0.720945687764470E-01
 0.709631300022441E-01
 0.698558485541674E-01
 0.687429183362061E-01
 0.676631031139158E-01
 0.666476008306110E-01
 0.656092571242994E-01
 0.646086483592136E-01
 0.634586188902050E-01
 0.621625160567207E-01
 0.607241994115845E-01
 0.591480791803814E-01
 0.574391351207953E-01
 0.556028691969650E-01
 0.536451966650329E-01
 0.515723367919935E-01
 0.493907756067248E-01
 0.471073232611440E-01
 0.451661330554761E-01
 0.458691042844048E-01
 0.463901593472485E-01
 0.470362260587697E-01
 0.475067340906252E-01
 0.480316154948045E-01
 0.484598420760905E-01
 0.488668992445076E-01
 0.492619199568469E-01
 0.495585474167211E-01
 0.499274059611377E-01
 0.501220460861935E-01
 0.504736382624751E-01
 0.506380754641430E-01
 0.509104303126112E-01
 0.510666709000679E-01
 0.510389277139775E-01
 0.508325364100647E-01
 0.504536788782556E-01
 0.499091824758326E-01
 0.492282952132281E-01
 0.486946042588023E-01
 0.480062614336606E-01
 0.472306899081125E-01
 0.464722473931654E-01
 0.457336509992195E-01
 0.450167342827989E-01
 0.443169758210936E-01
 0.436308416736001E-01
 0.429614605895242E-01
 0.423100022108901E-01
 0.416766035778100E-01
 0.410593135101276E-01
 0.404551149305932E-01
 0.398601119208638E-01
 0.392686825325435E-01
 0.387033724335345E-01
 0.381648437903428E-01
 0.376213154780155E-01
 0.370652144221446E-01
 0.365662000825065E-01
 0.360604031455225E-01
 0.355307615236931E-01
 0.350651398585931E-01
 0.345814627472097E-01
 0.340869469036049E-01
 0.334910604289085E-01
 0.327992762359830E-01
 0.320173590506246E-01
 0.311514364329795E-01
 0.302080095971740E-01
 0.291938962000276E-01
 0.281161562090803E-01
 0.269820533707401E-01
 0.257990529952526E-01
 0.245748065865429E-01
 0.249951621870408E-01
 0.265169942756864E-01
 0.280244213789691E-01
 0.295097918952340E-01
 0.310683669857452E-01
 0.326190880216236E-01
 0.341313197316554E-01
 0.355971286052302E-01
 0.370900935061808E-01
 0.385899141728855E-01
 0.400264300758411E-01
 0.413917417818879E-01
 0.427872552187602E-01
 0.441574197120497E-01
 0.454399673607124E-01
 0.466457574993690E-01
 0.479160786727488E-01
 0.490831904641851E-01
 0.501400158296468E-01
 0.512493837195543E-01
 0.522732263490585E-01
 0.531726766034319E-01
 0.541225063087724E-01
 0.549807773718001E-01
 0.557017063238125E-01
 0.565169704030472E-01
 0.571925599484332E-01
 0.577961756864853E-01
 0.584295544702391E-01
 0.589096639085381E-01
 0.594327835227471E-01
 0.598701833417506E-01
 0.602223583244940E-01
 0.606229151123858E-01
 0.608585821924530E-01
 0.611854552694803E-01
 0.613889475001135E-01
 0.615747019350509E-01
 0.617535922413814E-01
 0.618097629682416E-01
 0.619711150836997E-01
 0.619586103383424E-01
 0.620587462551445E-01
 0.620360780926230E-01
 0.618358618420825E-01
 0.614562184447415E-01
 0.608959382461079E-01
 0.601544472238235E-01
 0.592318255638197E-01
 0.582667409501379E-01
 0.573660220637181E-01
 0.562973831496271E-01
 0.552016917856259E-01
 0.541380589520646E-01
 0.531142843184949E-01
 0.521043803651106E-01
 0.511386576594137E-01
 0.502008437760164E-01
 0.492869130209687E-01
 0.483980808040401E-01
 0.475333178014976E-01
 0.466892228527024E-01
 0.458614869380537E-01
 0.450778565285191E-01
 0.443223567753895E-01
 0.435767051157990E-01
 0.428332461386473E-01
 0.421175403122385E-01
 0.414470784043601E-01
 0.407666399204156E-01
 0.418314753714870E-01
 0.433571943774171E-01
 0.447507320492543E-01
 0.461313488782579E-01
 0.474885338993450E-01
 0.487033973196648E-01
 0.499443439028427E-01
 0.511136504720471E-01
 0.521324232853419E-01
 0.532449740664196E-01
 0.542129214374436E-01
 0.551081392578177E-01
 0.560269283555137E-01
 0.567852093026822E-01
 0.575903828212556E-01
 0.582992397679864E-01
 0.589188270049149E-01
 0.595839473516959E-01
 0.600823954499373E-01
 0.606551911215673E-01
 0.611141019901687E-01
 0.615302746546373E-01
 0.619564606337204E-01
 0.622274701785697E-01
 0.626279743414337E-01
 0.628582653490218E-01
 0.631454000468565E-01
 0.633568691792290E-01
 0.635232948786195E-01
 0.637241426005479E-01
 0.637553552149694E-01
 0.636199723837265E-01
 0.633217141800091E-01
 0.628649603332639E-01
 0.622547129599379E-01
 0.614965444445173E-01
 0.605965406874970E-01
 0.598203981882902E-01
 0.589393097454278E-01
 0.579311417998419E-01
 0.569050962278630E-01
 0.559072755451579E-01
 0.549460865272342E-01
 0.539995533012118E-01
 0.530944768593516E-01
 0.522096861354256E-01
 0.513479303469562E-01
 0.505093588737869E-01
 0.496931190501264E-01
 0.488968362888019E-01
 0.481171474039487E-01
 0.473493109769144E-01
 0.466276340422832E-01
 0.459199433966851E-01
 0.452173958565471E-01
 0.445133291844046E-01
 0.438637442993593E-01
 0.432176137946300E-01
 0.425592193084355E-01
 0.419478857173949E-01
 0.413432914714093E-01
 0.407102701009377E-01
 0.399869386178609E-01
 0.391779450211491E-01
 0.382881587883313E-01
 0.373227606920506E-01
 0.362873088520825E-01
 0.351877154051651E-01
 0.340301405236950E-01
 0.328208704051530E-01
 0.315662459242684E-01
 0.302726554058442E-01
 0.289465488825091E-01
 0.275944207553045E-01
 0.262227483635983E-01
 0.248379252305789E-01
 0.234462403643696E-01
 0.220539152680483E-01
 0.206671537958543E-01
 0.192921405396017E-01
 0.179349631626520E-01
 0.166014998303627E-01
 0.152973439369398E-01
 0.150457919349647E-01
 0.153853394043860E-01
 0.156574940754635E-01
 0.159481926269644E-01
 0.161915377191629E-01
 0.164146858204507E-01
 0.166296782060434E-01
 0.167923873574780E-01
 0.169804843824471E-01
 0.170869841008356E-01
 0.172498500065212E-01
 0.173213834892456E-01
 0.174437555546557E-01
 0.174902677435089E-01
 0.175737102839748E-01
 0.175995044576638E-01
 0.176438870686911E-01
 0.176527789510865E-01
 0.176604367147435E-01
 0.176575357461221E-01
 0.176284662192608E-01
 0.176178539757521E-01
 0.175533571894915E-01
 0.175402222984627E-01
 0.174205933132398E-01
 0.171901304978588E-01
 0.168502049581544E-01
 0.165568071337166E-01
 0.178386883981262E-01
 0.194479848919840E-01
 0.211535957949566E-01
 0.228422141369066E-01
 0.245067327556211E-01
 0.262184410134853E-01
 0.279720584339380E-01
 0.296850178361300E-01
 0.313497177844847E-01
 0.330810522957251E-01
 0.347978306145141E-01
 0.364483541787064E-01
 0.380335619516673E-01
 0.397106389965003E-01
 0.413036220496202E-01
 0.428047308267612E-01
 0.443186545009414E-01
 0.458150770972750E-01
 0.472020131325874E-01
 0.485367918806955E-01
 0.499013282253032E-01
 0.511399916582066E-01
 0.523061447315675E-01
 0.535092186046149E-01
 0.545709543857370E-01
 0.555858523456584E-01
 0.566029475209817E-01
 0.574650136415589E-01
 0.583568497426201E-01
 0.591686039322970E-01
 0.598484287725980E-01
 0.606137377635573E-01
 0.612064169405255E-01
 0.618185832402321E-01
 0.623648088442188E-01
 0.628019394897217E-01
 0.633084326051606E-01
 0.636291458268300E-01
 0.640551245373197E-01
 0.643405120177676E-01
 0.646234123568081E-01
 0.648814442738723E-01
 0.650298886901844E-01
 0.652693839252780E-01
 0.653126915806425E-01
 0.655189699311407E-01
 0.655515734683453E-01
 0.653838700482948E-01
 0.650133419611387E-01
 0.644382626248945E-01
 0.636576966349704E-01
 0.626714934912182E-01
 0.618094415191249E-01
 0.608463841033140E-01
 0.597435522920079E-01
 0.586575667494694E-01
 0.576060894304739E-01
 0.565724930788102E-01
 0.555809365683415E-01
 0.546076614201637E-01
 0.536579604237108E-01
 0.527350358346412E-01
 0.518385633576395E-01
 0.509667828636039E-01
 0.501160315212027E-01
 0.492808584817070E-01
 0.484550015788397E-01
 0.476763144591647E-01
 0.469272488583807E-01
 0.461775730846826E-01
 0.471785059133794E-01
 0.490136372681685E-01
 0.507592080631667E-01
 0.525637363339485E-01
 0.542015395146850E-01
 0.557674174294559E-01
 0.573557555253487E-01
 0.587613305788565E-01
 0.601585999199766E-01
 0.615018205766960E-01
 0.626483456694013E-01
 0.638995084028093E-01
 0.649759448956634E-01
 0.659709604777465E-01
 0.669810083906109E-01
 0.677762614178493E-01
 0.686844087001398E-01
 0.694133984001540E-01
 0.701086986152075E-01
 0.707787877298462E-01
 0.712769843463466E-01
 0.718969404433125E-01
 0.722862039425817E-01
 0.727899530948513E-01
 0.731362190516665E-01
 0.734788197429798E-01
 0.737927356890856E-01
 0.739848279390303E-01
 0.742767142254956E-01
 0.743305384071458E-01
 0.746072445656298E-01
 0.746488449140855E-01
 0.744514034639708E-01
 0.740158944161440E-01
 0.733441334099334E-01
 0.724387681431100E-01
 0.713032753179250E-01
 0.703871147144174E-01
 0.692787387586122E-01
 0.680345896876345E-01
 0.668162807081478E-01
 0.656363625446941E-01
 0.644888542569204E-01
 0.633728971197576E-01
 0.622793639932323E-01
 0.612145369618410E-01
 0.601814878687791E-01
 0.591796561110269E-01
 0.582066664429931E-01
 0.572577655647589E-01
 0.563265633541999E-01
 0.554056171716233E-01
 0.545089218713231E-01
 0.536732969766723E-01
 0.528368172297066E-01
 0.519892913300052E-01
 0.511982255181090E-01
 0.504328173762938E-01
 0.496394577735050E-01
 0.489027659052701E-01
 0.481849942706617E-01
 0.474086816197188E-01
 0.482198922729931E-01
 0.493956614181926E-01
 0.504927025185277E-01
 0.514399628583940E-01
 0.524800545424758E-01
 0.533445913639127E-01
 0.541965405216520E-01
 0.550021505615721E-01
 0.556584753457084E-01
 0.564104855088753E-01
 0.569787616167520E-01
 0.575869881988095E-01
 0.581052317223460E-01
 0.585507868920075E-01
 0.590263201015673E-01
 0.593220215159513E-01
 0.597628200759187E-01
 0.600144958841090E-01
 0.603333404260269E-01
 0.605578664273360E-01
 0.607547253132279E-01
 0.609614088441420E-01
 0.610438820530383E-01
 0.612413264781675E-01
 0.612492890126865E-01
 0.610712733921832E-01
 0.607114783996384E-01
 0.601748132946617E-01
 0.594669000879489E-01
 0.585940479074305E-01
 0.577935466049069E-01
 0.569412681634203E-01
 0.559475793609096E-01
 0.549478965901550E-01
 0.539772253318923E-01
 0.530363189101059E-01
 0.521174512353436E-01
 0.512340064869911E-01
 0.503703244318205E-01
 0.495291572821472E-01
 0.487105559546530E-01
 0.479128810598565E-01
 0.471336060163595E-01
 0.463673346709580E-01
 0.456206888412319E-01
 0.449175035430764E-01
 0.442220830332959E-01
 0.435263648061845E-01
 0.428405827153783E-01
 0.422081123284452E-01
 0.415642608676326E-01
 0.409090999195510E-01
 0.403242335057754E-01
 0.397153642193961E-01
 0.391118745098640E-01
 0.384028750033688E-01
 0.375931636248350E-01
 0.366878615165841E-01
 0.356925357343509E-01
 0.346132176107960E-01
 0.334562883127651E-01
 0.322283103623896E-01
 0.309359196473409E-01
 0.295858304429718E-01
 0.281849048481235E-01
 0.267401878699542E-01
 0.252588517265699E-01
 0.237480850241952E-01
 0.222150172271978E-01
 0.206667345932884E-01
 0.191103517991614E-01
 0.175530400900202E-01
 0.160019402996152E-01
 0.144639876978902E-01
 0.129457591571544E-01
 0.115122187121705E-01
 0.102584336393904E-01
 0.902807311908144E-02
 0.897665050563618E-02
 0.924248915654652E-02
 0.952907175548953E-02
 0.975646558532410E-02
 0.999866921275124E-02
 0.101857727867179E-01
 0.103878416140528E-01
 0.105356225878266E-01
 0.107050235098625E-01
 0.108152163866745E-01
 0.109598050067226E-01
 0.110342887515442E-01
 0.111539982288180E-01
 0.111962471928185E-01
 0.112922894152398E-01
 0.113067009944208E-01
 0.113846847309995E-01
 0.113753968011277E-01
 0.114340151200402E-01
 0.114060661637757E-01
 0.114427888132202E-01
 0.114022266354042E-01
 0.114175546117806E-01
 0.119013591060510E-01
 0.132945690721470E-01
 0.147944806541449E-01
 0.163090451226030E-01
 0.178325292498809E-01
 0.194134177003964E-01
 0.210695140311601E-01
 0.227218728082260E-01
 0.243640052431422E-01
 0.260346279322789E-01
 0.277789729246413E-01
 0.294987861049417E-01
 0.311871321270965E-01
 0.328690366814164E-01
 0.346275141789273E-01
 0.363387553252396E-01
 0.379954835918698E-01
 0.396228357049158E-01
 0.413167214617656E-01
 0.429400545852611E-01
 0.444857480569362E-01
 0.460201200242461E-01
 0.475740971011606E-01
 0.490349678845635E-01
 0.503961478389376E-01
 0.518209056877591E-01
 0.531650489399995E-01
 0.543952540670658E-01
 0.556260796151009E-01
 0.568277917291340E-01
 0.579022329826911E-01
 0.589553294014815E-01
 0.599922180801887E-01
 0.608900553897286E-01
 0.617881136777106E-01
 0.626437968801079E-01
 0.633507256382117E-01
 0.641250667895251E-01
 0.647870368641038E-01
 0.653525051091878E-01
 0.659741419501122E-01
 0.664348446333209E-01
 0.669326079819798E-01
 0.673553482894924E-01
 0.676778187807110E-01
 0.680697581970893E-01
 0.682920036592720E-01
 0.685986445308239E-01
 0.687952663417747E-01
 0.689598179570650E-01
 0.691379087779651E-01
 0.691720207166074E-01
 0.693396022330336E-01
 0.693318037538761E-01
 0.691473281648023E-01
 0.687855416467114E-01
 0.682464509642498E-01
 0.675307108745641E-01
 0.666396584925705E-01
 0.655753576450363E-01
 0.646380934132267E-01
 0.635989173998219E-01
 0.624174904193641E-01
 0.612431163635021E-01
 0.601009923569925E-01
 0.589845174164981E-01
 0.579125335273559E-01
 0.568677212611480E-01
 0.558485299596685E-01
 0.548580443213758E-01
 0.538967777682390E-01
 0.529637373592528E-01
 0.520553803862298E-01
 0.511673744210403E-01
 0.502947178902010E-01
 0.494512483824723E-01
 0.486537631690009E-01
 0.478638112188810E-01
 0.470737596179203E-01
 0.463205620422852E-01
 0.456031657913223E-01
 0.448724710616289E-01
 0.441663240919382E-01
 0.435025463031138E-01
 0.427698345934809E-01
 0.419244705164827E-01
 0.409688675936902E-01
 0.399058082594231E-01
 0.387384780210418E-01
 0.374704968026996E-01
 0.361059076109049E-01
 0.346491307015118E-01
 0.351379799429682E-01
 0.356978675463972E-01
 0.361885709468661E-01
 0.366408907945668E-01
 0.370934794052027E-01
 0.374435291415997E-01
 0.378626359068823E-01
 0.381325746415258E-01
 0.385101354021250E-01
 0.387517307861033E-01
 0.390463989610243E-01
 0.392666024458199E-01
 0.394806201024046E-01
 0.396876734229581E-01
 0.398215534705652E-01
 0.400213705137553E-01
 0.400709738433538E-01
 0.399736377134336E-01
 0.397333466863547E-01
 0.393548837098422E-01
 0.388438412046794E-01
 0.383904829568422E-01
 0.378909344803893E-01
 0.372857518377718E-01
 0.366812610241665E-01
 0.360905148599523E-01
 0.355130922305487E-01
 0.349511384941965E-01
 0.344078054628061E-01
 0.338752439120853E-01
 0.333550532966227E-01
 0.328476923376496E-01
 0.323514319768347E-01
 0.318640033880132E-01
 0.313821146126027E-01
 0.309267298801516E-01
 0.304870805730291E-01
 0.300485254936278E-01
 0.296052618226232E-01
 0.291903209040804E-01
 0.287899523575764E-01
 0.283755334329807E-01
 0.279791628529811E-01
 0.276049135330340E-01
 0.272067030158279E-01
 0.268455520236895E-01
 0.263998221752767E-01
 0.258740081395248E-01
 0.252728581388401E-01
 0.246013754216358E-01
 0.238648729900651E-01
 0.244623415839319E-01
 0.260859160181360E-01
 0.278223770085013E-01
 0.295739202847735E-01
 0.313285574028175E-01
 0.330783047137803E-01
 0.348151152422249E-01
 0.366421202204096E-01
 0.384667161106312E-01
 0.402608412660759E-01
 0.420158756629558E-01
 0.437529902154088E-01
 0.455622402231473E-01
 0.473134498259637E-01
 0.489975829938000E-01
 0.506057942199902E-01
 0.523086401761679E-01
 0.539280130614944E-01
 0.554522190017138E-01
 0.569116657632115E-01
 0.584267572403610E-01
 0.598282703192128E-01
 0.611076121287142E-01
 0.624309375860414E-01
 0.636767462257439E-01
 0.647832253654549E-01
 0.658993848942633E-01
 0.669625377688949E-01
 0.678708359806956E-01
 0.688146668374851E-01
 0.696737348292284E-01
 0.703636704026897E-01
 0.711718547719486E-01
 0.718104629892486E-01
 0.723840065018609E-01
 0.729761048800716E-01
 0.733815565649245E-01
 0.738871603817932E-01
 0.742484085524034E-01
 0.745689163559525E-01
 0.748934528829755E-01
 0.750432138761274E-01
 0.753398500264867E-01
 0.754347003437359E-01
 0.756039113486498E-01
 0.756795844045331E-01
 0.757060628814505E-01
 0.757716570910196E-01
 0.756286467359222E-01
 0.752726876672326E-01
 0.747003395579583E-01
 0.739091526559391E-01
 0.728976739259335E-01
 0.716653761997340E-01
 0.706052307113923E-01
 0.694035322246132E-01
 0.680621454767701E-01
 0.667455671165915E-01
 0.654777236535796E-01
 0.642418586280018E-01
 0.630444582421692E-01
 0.618727121369515E-01
 0.607332465441968E-01
 0.596288837755545E-01
 0.585600381115675E-01
 0.575242024694189E-01
 0.565172016798324E-01
 0.555333748026133E-01
 0.545655343812385E-01
 0.536061455372766E-01
 0.527302345959016E-01
 0.553181528541833E-01
 0.578210009398986E-01
 0.604341296496758E-01
 0.629008833062475E-01
 0.652147927243353E-01
 0.676284976459965E-01
 0.699276947034528E-01
 0.720561143885978E-01
 0.742027385866955E-01
 0.762948661233919E-01
 0.782009823211784E-01
 0.800866727480991E-01
 0.819414378180489E-01
 0.835969775304723E-01
 0.852392891789565E-01
 0.868336327555628E-01
 0.882176989211632E-01
 0.896427608039151E-01
 0.909605517178587E-01
 0.920596614703318E-01
 0.933063062167462E-01
 0.943388408880687E-01
 0.952789187824674E-01
 0.962516703243301E-01
 0.969953845452328E-01
 0.978279168910082E-01
 0.985163775716000E-01
 0.990982259795201E-01
 0.997410497665603E-01
 0.100148877340794E+00
 0.100693323321205E+00
 0.101064028281791E+00
 0.101401266645023E+00
 0.101746799698638E+00
 0.101889582754178E+00
 0.102219350686567E+00
 0.102311569797049E+00
 0.102168098996185E+00
 0.101791623498221E+00
 0.101185791043566E+00
 0.100355269827875E+00
 0.993056926939242E-01
 0.980435018571983E-01
 0.965757501887665E-01
 0.952597946086062E-01
 0.938236442481891E-01
 0.921957868633764E-01
 0.905245425671749E-01
 0.888997373947723E-01
 0.873272807797491E-01
 0.857856327927823E-01
 0.843019481358566E-01
 0.828611540819970E-01
 0.814562889301506E-01
 0.800887282900349E-01
 0.787569499588902E-01
 0.774570907387049E-01
 0.761852314286763E-01
 0.749381853849935E-01
 0.737619710717975E-01
 0.726060925969096E-01
 0.714617539682167E-01
 0.703198025945143E-01
 0.692593561357810E-01
 0.682086063103021E-01
 0.671451092753960E-01
 0.661448805811944E-01
 0.651674664728054E-01
 0.641391185763191E-01
 0.629787319375352E-01
 0.616915891209093E-01
 0.602833492925738E-01
 0.587600621787474E-01
 0.571281706003902E-01
 0.553944978093138E-01
 0.535662108623362E-01
 0.516507515642249E-01
 0.496557425587468E-01
 0.475888993103345E-01
 0.454579858991125E-01
 0.432708298133300E-01
 0.410353712601606E-01
 0.387596970669319E-01
 0.364520191747975E-01
 0.341205949000824E-01
 0.317736214070972E-01
 0.294191462180404E-01
 0.270650182880881E-01
 0.247188779776556E-01
 0.223881673959407E-01
 0.216523675446367E-01
 0.218714042704071E-01
 0.220142576974058E-01
 0.221950416037274E-01
 0.223319615384119E-01
 0.223726454204786E-01
 0.223238903406730E-01
 0.221926046889470E-01
 0.219858749935445E-01
 0.217789772238358E-01
 0.215756820862434E-01
 0.213067302861111E-01
 0.210113171222629E-01
 0.207243459288622E-01
 0.204431063194056E-01
 0.201724975999336E-01
 0.199050207276440E-01
 0.196429064279532E-01
 0.193878220886332E-01
 0.191403392179418E-01
 0.189006095418959E-01
 0.186671555694822E-01
 0.184379180104985E-01
 0.182107497700671E-01
 0.185525851569001E-01
 0.195566777058037E-01
 0.205945322334517E-01
 0.216612661354421E-01
 0.227516914696039E-01
 0.238603716291152E-01
 0.249816741861681E-01
 0.261098091511628E-01
 0.272388483659508E-01
 0.284063019154884E-01
 0.295902516154049E-01
 0.307637920633960E-01
 0.319203020307221E-01
 0.330531024127943E-01
 0.341822792206855E-01
 0.353436833242562E-01
 0.364684087954881E-01
 0.375495231169695E-01
 0.385801476571000E-01
 0.396589769915816E-01
 0.406924182599500E-01
 0.416621131970815E-01
 0.425783589408012E-01
 0.435392212551514E-01
 0.444231129929472E-01
 0.452233487399201E-01
 0.460554258256137E-01
 0.468330561975331E-01
 0.475148212013567E-01
 0.482201555890061E-01
 0.488732919689504E-01
 0.494196367577914E-01
 0.500235409985748E-01
 0.505379696537345E-01
 0.509772020391045E-01
 0.514627138890617E-01
 0.518272403636812E-01
 0.522075968805175E-01
 0.525446468430372E-01
 0.527887874755654E-01
 0.531023743661275E-01
 0.532849642994262E-01
 0.535172739859983E-01
 0.536796258230111E-01
 0.537999802372601E-01
 0.539474185658453E-01
 0.539595467404362E-01
 0.540988150349743E-01
 0.540985812596722E-01
 0.539546795165782E-01
 0.536636817286119E-01
 0.532228752478591E-01
 0.526301839194032E-01
 0.518840864114250E-01
 0.510475086059358E-01
 0.503183320532620E-01
 0.494394953271555E-01
 0.485092910497311E-01
 0.476033779747160E-01
 0.467182618897195E-01
 0.458616746150554E-01
 0.450184971221835E-01
 0.442012067185567E-01
 0.434131501769688E-01
 0.426431810328956E-01
 0.418902727516052E-01
 0.411596668155117E-01
 0.404618894586851E-01
 0.397825244763418E-01
 0.391165514778516E-01
 0.384582953515294E-01
 0.378073660775581E-01
 0.372136813781519E-01
 0.372357215735435E-01
 0.386288866740933E-01
 0.400598101334320E-01
 0.414195611826669E-01
 0.426377426046541E-01
 0.439431259727078E-01
 0.451130963770805E-01
 0.461960508523673E-01
 0.473154277639369E-01
 0.482720230138956E-01
 0.492542994943174E-01
 0.501532656867290E-01
 0.509416411176670E-01
 0.517868624820239E-01
 0.524534210576335E-01
 0.531886370347123E-01
 0.538004844521864E-01
 0.543728140782843E-01
 0.549362233169165E-01
 0.553584148090228E-01
 0.558807221054479E-01
 0.562106188670839E-01
 0.566516243350984E-01
 0.569459577188600E-01
 0.572622583431343E-01
 0.575293246083536E-01
 0.577253814257217E-01
 0.579741223716067E-01
 0.580598774392023E-01
 0.582990166327884E-01
 0.583377999903734E-01
 0.581762536692825E-01
 0.578151188496824E-01
 0.572557911294355E-01
 0.565003195596171E-01
 0.556977149405400E-01
 0.549585944973006E-01
 0.540411504346004E-01
 0.530946783417321E-01
 0.521734569719521E-01
 0.512831744355569E-01
 0.504023715617163E-01
 0.495480484189639E-01
 0.487240550123896E-01
 0.479170568610250E-01
 0.471275928376541E-01
 0.463540452778201E-01
 0.455932752185789E-01
 0.448728695653275E-01
 0.441744931063233E-01
 0.434854772703403E-01
 0.427985112819398E-01
 0.421177724646040E-01
 0.415009197221719E-01
 0.408744940739759E-01
 0.402290738898318E-01
 0.396540489096718E-01
 0.390728468943346E-01
 0.384586904743393E-01
 0.379380077845838E-01
 0.372885329276135E-01
 0.375805570857796E-01
 0.383474175653996E-01
 0.389452804610397E-01
 0.395796035795913E-01
 0.401180221292775E-01
 0.406214747837443E-01
 0.411062312776972E-01
 0.414887970906387E-01
 0.419273005204208E-01
 0.421970194541079E-01
 0.425956520381476E-01
 0.428093080628953E-01
 0.431267282943981E-01
 0.433070771893161E-01
 0.435344049299880E-01
 0.436906375833308E-01
 0.438310549230576E-01
 0.439716154709912E-01
 0.440299491365117E-01
 0.441634965446291E-01
 0.441068315679258E-01
 0.438613856645728E-01
 0.434292902275837E-01
 0.428133787373668E-01
 0.422079866381795E-01
 0.416074812395955E-01
 0.408764316006221E-01
 0.401544194469700E-01
 0.394536153334480E-01
 0.387587175037097E-01
 0.381026104525587E-01
 0.374573815878844E-01
 0.368262839803823E-01
 0.362116979949656E-01
 0.356136834995897E-01
 0.350297059633944E-01
 0.344565109991814E-01
 0.338887455929149E-01
 0.333493242193919E-01
 0.328385251013855E-01
 0.323266802120646E-01
 0.318057890102970E-01
 0.313198736796028E-01
 0.308560943140756E-01
 0.303704568515294E-01
 0.299094224132287E-01
 0.301642418723629E-01
 0.307406812745292E-01
 0.313747874037216E-01
 0.318924084754641E-01
 0.324128151284810E-01
 0.328761001692280E-01
 0.332908369737291E-01
 0.337044415772185E-01
 0.340203928614959E-01
 0.343907002827624E-01
 0.346145511203793E-01
 0.349487436009932E-01
 0.351133462162148E-01
 0.353884164311362E-01
 0.355221637026868E-01
 0.357247005795075E-01
 0.358355763988427E-01
 0.359680867329975E-01
 0.360645464984752E-01
 0.361276672531047E-01
 0.362178450611457E-01
 0.361332737368538E-01
 0.358747422096315E-01
 0.354437975530798E-01
 0.348609538591050E-01
 0.344404999732644E-01
 0.338649974855449E-01
 0.332646790970010E-01
 0.326820595760459E-01
 0.321216303815795E-01
 0.315642911575425E-01
 0.310219777243471E-01
 0.305046035003944E-01
 0.299975257887640E-01
 0.295006959154959E-01
 0.290131044149854E-01
 0.285430915603970E-01
 0.280994518605425E-01
 0.276633111076329E-01
 0.272287094158760E-01
 0.267888983418563E-01
 0.273316474498624E-01
 0.281033789579772E-01
 0.289444613393808E-01
 0.296466632841524E-01
 0.303650533811666E-01
 0.310100805596719E-01
 0.316002019388842E-01
 0.321894095279933E-01
 0.326610064190999E-01
 0.331978032342616E-01
 0.335736786811840E-01
 0.340488393623786E-01
 0.343729190501880E-01
 0.347533804063427E-01
 0.350318772220064E-01
 0.353248964605912E-01
 0.355646235346558E-01
 0.357720380769638E-01
 0.359806119679262E-01
 0.361061466733157E-01
 0.362925193158521E-01
 0.363413617049568E-01
 0.365134690713983E-01
 0.365061549317585E-01
 0.366546989258057E-01
 0.366407036235356E-01
 0.364453533633195E-01
 0.360682834706087E-01
 0.355099020883273E-01
 0.350303913340712E-01
 0.344861880722569E-01
 0.338601478205504E-01
 0.332523107415521E-01
 0.326525311880605E-01
 0.320846914825713E-01
 0.315239201333046E-01
 0.309750066336750E-01
 0.304421479111023E-01
 0.299268928626823E-01
 0.308531014921065E-01
 0.325374863533685E-01
 0.342337402151657E-01
 0.358348086443878E-01
 0.373874876065714E-01
 0.389912435369564E-01
 0.404836119755058E-01
 0.418849285656576E-01
 0.433598637116360E-01
 0.447083233096414E-01
 0.459499617071914E-01
 0.472649585191388E-01
 0.484403065055395E-01
 0.495305668094969E-01
 0.506612387684372E-01
 0.516407251469410E-01
 0.525965899959048E-01
 0.535251277974028E-01
 0.542930742396133E-01
 0.551408298109039E-01
 0.558546078068210E-01
 0.565018016412258E-01
 0.571655302312175E-01
 0.576568394714454E-01
 0.582449497632526E-01
 0.586887601191179E-01
 0.591135261156120E-01
 0.595167718354456E-01
 0.597904461563887E-01
 0.601607869986287E-01
 0.603491425165955E-01
 0.606374809563642E-01
 0.607982844098286E-01
 0.609629168764584E-01
 0.611060317506447E-01
 0.611559941538267E-01
 0.612899225365404E-01
 0.612385379315108E-01
 0.610024293657579E-01
 0.605828953769341E-01
 0.599819828800415E-01
 0.592025036079754E-01
 0.582480168794101E-01
 0.574445342313779E-01
 0.565132219916820E-01
 0.554591809396340E-01
 0.544242132849972E-01
 0.534229765821644E-01
 0.524444116400799E-01
 0.515043545065411E-01
 0.505837996010486E-01
 0.496882017897056E-01
 0.488191133550872E-01
 0.479770246373164E-01
 0.471606702185243E-01
 0.463660784739989E-01
 0.455893403640760E-01
 0.448242120692464E-01
 0.440739034900190E-01
 0.433795660585641E-01
 0.426877872728092E-01
 0.419902695157644E-01
 0.413247950574731E-01
 0.406941452624522E-01
 0.400445318977884E-01
 0.394228378411961E-01
 0.388342903072143E-01
 0.381840945901277E-01
 0.374201894937422E-01
 0.365457811712121E-01
 0.355646112604350E-01
 0.344809117071154E-01
 0.332993120507094E-01
 0.329328420150665E-01
 0.335197649086501E-01
 0.340746982197941E-01
 0.345383804790697E-01
 0.350595468710940E-01
 0.354674603369863E-01
 0.358991112800256E-01
 0.362760498326678E-01
 0.366041506951450E-01
 0.369540013013120E-01
 0.371919716671679E-01
 0.375126726162949E-01
 0.377286440306989E-01
 0.379634331833337E-01
 0.381623438096902E-01
 0.383169588344157E-01
 0.385038745543633E-01
 0.385838732682895E-01
 0.387640505018285E-01
 0.388347715118512E-01
 0.388010944603424E-01
 0.386684943021533E-01
 0.384428029591809E-01
 0.381301839533180E-01
 0.377371371952476E-01
 0.372705156556053E-01
 0.367438528610782E-01
 0.362864270385021E-01
 0.357647900482310E-01
 0.351861310499233E-01
 0.345724316899111E-01
 0.339743310681544E-01
 0.333944150921403E-01
 0.328351142501139E-01
 0.322875150922104E-01
 0.317633489556889E-01
 0.312526386707778E-01
 0.307560254771184E-01
 0.302727169724274E-01
 0.298016423213559E-01
 0.293409287748568E-01
 0.288882711214279E-01
 0.284567345733392E-01
 0.280355417613738E-01
 0.280566114207460E-01
 0.290660527729343E-01
 0.301067192754279E-01
 0.311725610569490E-01
 0.322572062063315E-01
 0.333540837368803E-01
 0.344565104142453E-01
 0.355577169067358E-01
 0.366873192235454E-01
 0.378326162470583E-01
 0.389639290687904E-01
 0.400736780641477E-01
 0.411543145095944E-01
 0.421982659574142E-01
 0.432803021450206E-01
 0.443361270054234E-01
 0.453403013796591E-01
 0.462848751452117E-01
 0.472229751035491E-01
 0.481610974425127E-01
 0.490248354804143E-01
 0.498061793690049E-01
 0.506300086920933E-01
 0.513889739226686E-01
 0.520510808729260E-01
 0.527239232116659E-01
 0.533576962615001E-01
 0.538811865801516E-01
 0.544351952124156E-01
 0.549263820462430E-01
 0.553000591456252E-01
 0.557616795263272E-01
 0.560961802535473E-01
 0.564043278670840E-01
 0.567100587842240E-01
 0.568781389203065E-01
 0.571542855993688E-01
 0.572956185448642E-01
 0.574435791538127E-01
 0.575639247085223E-01
 0.575939247368165E-01
 0.577007374325718E-01
 0.576570693880785E-01
 0.577183833247061E-01
 0.576665678098567E-01
 0.574575168136318E-01
 0.570855963953062E-01
 0.565457516091206E-01
 0.558335202329643E-01
 0.549450555935942E-01
 0.540286769151702E-01
 0.531626746706026E-01
 0.521414064372594E-01
 0.511143522814167E-01
 0.501140570966298E-01
 0.491446608314878E-01
 0.481930346716552E-01
 0.472820161682002E-01
 0.463915731303662E-01
 0.455238944707259E-01
 0.446800278931044E-01
 0.438583081906334E-01
 0.448377991186934E-01
 0.476939412026214E-01
 0.504679248935284E-01
 0.532946058947856E-01
 0.561558550109580E-01
 0.589127965624652E-01
 0.615565046314179E-01
 0.643204181571073E-01
 0.670020415858821E-01
 0.695487281980368E-01
 0.720271861607829E-01
 0.745807028517291E-01
 0.769786573853949E-01
 0.792133114294560E-01
 0.815320867808106E-01
 0.837379644483499E-01
 0.857619750118532E-01
 0.877752151728227E-01
 0.897526652264576E-01
 0.915315725361584E-01
 0.932608618279405E-01
 0.949828950016233E-01
 0.964920724737199E-01
 0.979723062117782E-01
 0.994175078866412E-01
 0.100637836436142E+00
 0.101909724126196E+00
 0.103063900871398E+00
 0.103996816339328E+00
 0.105091285237483E+00
 0.105945901036996E+00
 0.106749726197858E+00
 0.107548162042822E+00
 0.108100342099714E+00
 0.108824846557082E+00
 0.109328113085890E+00
 0.109805908308125E+00
 0.110270757938878E+00
 0.110517124130636E+00
 0.110954872873635E+00
 0.111137606136260E+00
 0.111406751414035E+00
 0.111571998441087E+00
 0.111480840660355E+00
 0.111133699828581E+00
 0.110531880986087E+00
 0.109677581017706E+00
 0.108573884338656E+00
 0.107224739945594E+00
 0.105634920899263E+00
 0.104117865318802E+00
 0.102563301970897E+00
 0.100780880714018E+00
 0.989304358559012E-01
 0.971320963935823E-01
 0.953854980723932E-01
 0.936821569545621E-01
 0.920229204535478E-01
 0.904269308515067E-01
 0.888693506742760E-01
 0.873507595299595E-01
 0.858697487052648E-01
 0.844227945791481E-01
 0.830049247542737E-01
 0.816507793819522E-01
 0.803412391566226E-01
 0.790527492310464E-01
 0.777748545361865E-01
 0.765244812966598E-01
 0.753553766316016E-01
 0.741817842600662E-01
 0.729922019619768E-01
 0.719181352008589E-01
 0.708258054261571E-01
 0.697163844783655E-01
 0.684507939312165E-01
 0.670332999277006E-01
 0.654687581146144E-01
 0.637625742588837E-01
 0.619206065843792E-01
 0.599490683225610E-01
 0.578544929762785E-01
 0.556437747773438E-01
 0.533242340965666E-01
 0.509036354036805E-01
 0.483901230657910E-01
 0.457921062097985E-01
 0.438516850499161E-01
 0.444419892813046E-01
 0.449492037031978E-01
 0.454202426214212E-01
 0.458874871015070E-01
 0.462460172947040E-01
 0.466808274993809E-01
 0.469385243055219E-01
 0.473421820315101E-01
 0.475746973323141E-01
 0.478859899585867E-01
 0.481024130716702E-01
 0.483273566082771E-01
 0.485344374047932E-01
 0.485666340132780E-01
 0.484297958013815E-01
 0.481303585997050E-01
 0.476752872225311E-01
 0.470720495778926E-01
 0.465353160653283E-01
 0.459449716571713E-01
 0.452328962549679E-01
 0.445127736550661E-01
 0.438106353274919E-01
 0.431293295476538E-01
 0.424577664144583E-01
 0.418148045847975E-01
 0.411839906139664E-01
 0.405672504291451E-01
 0.399648692276655E-01
 0.393752684490217E-01
 0.387946897503443E-01
 0.382205698345234E-01
 0.376848684034212E-01
 0.371553272680694E-01
 0.366264037523028E-01
 0.360913614580802E-01
 0.356025224940486E-01
 0.351148974882406E-01
 0.346112220091914E-01
 0.341438778275442E-01
 0.336842471866414E-01
 0.331974391325981E-01
 0.327702172414629E-01
 0.322483392906023E-01
 0.316375128845934E-01
 0.309438383895241E-01
 0.301737176457738E-01
 0.293337617691189E-01
 0.284307461324955E-01
 0.274716106506177E-01
 0.264634614446275E-01
 0.254135337082446E-01
 0.251279583384541E-01
 0.264386541428750E-01
 0.277335694754480E-01
 0.290052647797453E-01
 0.302465033273019E-01
 0.315112312794384E-01
 0.327893463907586E-01
 0.340224119276012E-01
 0.352030622087252E-01
 0.363828162171940E-01
 0.375749063328498E-01
 0.386996682664675E-01
 0.397500204936937E-01
 0.408341260588360E-01
 0.418737397149037E-01
 0.428250038905585E-01
 0.437513064387362E-01
 0.446802458056964E-01
 0.455080529659960E-01
 0.462954641134475E-01
 0.470922444454231E-01
 0.477756302021942E-01
 0.484415406220540E-01
 0.490890207281059E-01
 0.496125617330505E-01
 0.501849612255150E-01
 0.506707742774854E-01
 0.510783875324759E-01
 0.515292899854302E-01
 0.518434993196988E-01
 0.522029610019805E-01
 0.524845875364696E-01
 0.527101789932781E-01
 0.529647993048992E-01
 0.530737020688377E-01
 0.532984637865230E-01
 0.533846300624849E-01
 0.534996832661691E-01
 0.535698367754169E-01
 0.535820416066066E-01
 0.536439736338339E-01
 0.535534166738802E-01
 0.533079071303612E-01
 0.529057013430702E-01
 0.523457354782710E-01
 0.516275843832782E-01
 0.507514433080995E-01
 0.500022195478956E-01
 0.491475177353742E-01
 0.481923910848831E-01
 0.472544045192585E-01
 0.463511008423035E-01
 0.454721067624869E-01
 0.446204709936494E-01
 0.437871957007017E-01
 0.429772111020855E-01
 0.421923884649419E-01
 0.414341703464693E-01
 0.407012801442568E-01
 0.399910729183153E-01
 0.392989695299268E-01
 0.386186493136617E-01
 0.379445601642374E-01
 0.373193764430741E-01
 0.367096824683152E-01
 0.360976559572543E-01
 0.354915742423503E-01
 0.349420128850909E-01
 0.358786077932084E-01
 0.369783255154781E-01
 0.381566611647292E-01
 0.392148882271200E-01
 0.402039278400930E-01
 0.412197978018108E-01
 0.420966504370565E-01
 0.429978325710688E-01
 0.438270072951588E-01
 0.445533385428447E-01
 0.453364782019833E-01
 0.459702728248450E-01
 0.466414056231773E-01
 0.472295614711208E-01
 0.477535359569367E-01
 0.483010053247269E-01
 0.486927503006526E-01
 0.492012439109630E-01
 0.495564371424582E-01
 0.499435243486648E-01
 0.502684691125245E-01
 0.505391368784101E-01
 0.508405029692619E-01
 0.510009135274574E-01
 0.512866286974802E-01
 0.514113812979906E-01
 0.516199413035788E-01
 0.517352296260386E-01
 0.516908745216789E-01
 0.514891840713059E-01
 0.511331453500600E-01
 0.506264726564586E-01
 0.499736153467682E-01
 0.492823325400071E-01
 0.486435766432044E-01
 0.478676156308007E-01
 0.470330908228127E-01
 0.462227298643427E-01
 0.454287409100599E-01
 0.446636620806264E-01
 0.439094698316490E-01
 0.431730957923293E-01
 0.424673694562208E-01
 0.417782889041572E-01
 0.411037073157315E-01
 0.404549434587258E-01
 0.398270981039575E-01
 0.392140558362504E-01
 0.386111108382236E-01
 0.380124505286546E-01
 0.374316038186805E-01
 0.368878767898207E-01
 0.363396800557915E-01
 0.357799964924346E-01
 0.352795404327693E-01
 0.347694282528015E-01
 0.342394085431331E-01
 0.337780696516121E-01
 0.332251707684101E-01
 0.325820798526661E-01
 0.318528946970779E-01
 0.310420081165959E-01
 0.301541432453662E-01
 0.291943649969346E-01
 0.281680411001398E-01
 0.270807736497007E-01
 0.259383500001110E-01
 0.247467441552939E-01
 0.235121505727067E-01
 0.222409948536398E-01
 0.209398759622193E-01
 0.196154482715525E-01
 0.182743054857363E-01
 0.169229351740346E-01
 0.155677625811754E-01
 0.158301240907610E-01
 0.166754139084393E-01
 0.175265094162443E-01
 0.183817147212371E-01
 0.191794229925725E-01
 0.199519737131422E-01
 0.207418661462214E-01
 0.214597380836284E-01
 0.221519088013318E-01
 0.228483553204929E-01
 0.234587862029149E-01
 0.240774835123075E-01
 0.246548047587954E-01
 0.251464192305748E-01
 0.256887801827414E-01
 0.261258998970442E-01
 0.265728098901527E-01
 0.269694652144554E-01
 0.273146069854739E-01
 0.276737328825688E-01
 0.279257204248504E-01
 0.282500281910922E-01
 0.284490215584690E-01
 0.287075883519289E-01
 0.288720938474197E-01
 0.290584590054447E-01
 0.291943844089639E-01
 0.293142812747950E-01
 0.294275238970032E-01
 0.294818216040697E-01
 0.295774987868773E-01
 0.295694780882431E-01
 0.296543860868101E-01
 0.295986332224281E-01
 0.296665222054580E-01
 0.296056595754187E-01
 0.294001190833766E-01
 0.290471951454990E-01
 0.285451122420145E-01
 0.281147797044659E-01
 0.276273391601283E-01
 0.270950315209915E-01
 0.265759214398803E-01
 0.260675045334993E-01
 0.255791630528378E-01
 0.250962619550206E-01
 0.268104551448628E-01
 0.286284223988605E-01
 0.303804975439401E-01
 0.320588975872418E-01
 0.338417335067963E-01
 0.355499642350938E-01
 0.371649018375477E-01
 0.388092873083424E-01
 0.404273081805309E-01
 0.419330352318066E-01
 0.434194199513551E-01
 0.449068439566028E-01
 0.462641257826125E-01
 0.475913512144474E-01
 0.489122593924017E-01
 0.500863793867570E-01
 0.512630034716392E-01
 0.523880039506941E-01
 0.533514711842137E-01
 0.544014755006887E-01
 0.553081481509589E-01
 0.561392788429422E-01
 0.569916193037041E-01
 0.576629625242540E-01
 0.584204827931713E-01
 0.590354356764528E-01
 0.596117165974665E-01
 0.601769039985674E-01
 0.605862320061815E-01
 0.611091594238664E-01
 0.614327927538592E-01
 0.618472374526271E-01
 0.621331640782889E-01
 0.624106426726672E-01
 0.626683352053914E-01
 0.628166440343912E-01
 0.630550892904881E-01
 0.630843833993345E-01
 0.633071460014195E-01
 0.633254938748417E-01
 0.631312843031994E-01
 0.627229125994435E-01
 0.620996328165073E-01
 0.612615368682910E-01
 0.603138754174872E-01
 0.594956030489959E-01
 0.584768038215600E-01
 0.574183720385496E-01
 0.563883342504439E-01
 0.553919321047071E-01
 0.544117560222994E-01
 0.534524256832011E-01
 0.525349084788548E-01
 0.516369865718571E-01
 0.507589189901320E-01
 0.498990405243916E-01
 0.490552239182966E-01
 0.482621898643936E-01
 0.474871070104999E-01
 0.467227102018801E-01
 0.459608010327210E-01
 0.452138170963212E-01
 0.470463325028313E-01
 0.488823364502184E-01
 0.506086112017143E-01
 0.524154509726657E-01
 0.540579117682665E-01
 0.556021238568118E-01
 0.571975157715218E-01
 0.586127364851219E-01
 0.599844189780066E-01
 0.613390416363684E-01
 0.625000526798695E-01
 0.637206185156446E-01
 0.648129517907278E-01
 0.657742411434919E-01
 0.668020336873961E-01
 0.676187194096923E-01
 0.684884725315252E-01
 0.692407294140081E-01
 0.698937820728399E-01
 0.705885841903476E-01
 0.710605868635254E-01
 0.716876537442613E-01
 0.721075507890840E-01
 0.725608012618293E-01
 0.729379607877537E-01
 0.732249398409224E-01
 0.735705843155375E-01
 0.737053523234353E-01
 0.740296524323708E-01
 0.741208139750127E-01
 0.743340691227286E-01
 0.744133326637586E-01
 0.742587825808801E-01
 0.738715434671797E-01
 0.732535400914106E-01
 0.724074969542726E-01
 0.713369485835980E-01
 0.703339321129319E-01
 0.692886779916835E-01
 0.680580612616993E-01
 0.668282746874077E-01
 0.656299234295768E-01
 0.644619383981409E-01
 0.633286818780213E-01
 0.622343443226667E-01
 0.611651664194127E-01
 0.601238950167359E-01
 0.591101841247430E-01
 0.581220959651029E-01
 0.571560248661592E-01
 0.562055984431691E-01
 0.552856196179153E-01
 0.544179869889308E-01
 0.535581503916878E-01
 0.526964032838497E-01
 0.518561161716089E-01
 0.510787438673171E-01
 0.502843266558784E-01
 0.494842061248856E-01
 0.487682128620108E-01
 0.480181284741233E-01
 0.472848560716662E-01
 0.464053336689468E-01
 0.456730424760881E-01
 0.468176189755513E-01
 0.478376567805711E-01
 0.487666413695133E-01
 0.497351439783453E-01
 0.505459782552376E-01
 0.513777792569590E-01
 0.521359388524279E-01
 0.527804823441990E-01
 0.534898799597671E-01
 0.540364182740356E-01
 0.546243252532584E-01
 0.551255336152919E-01
 0.555577691347743E-01
 0.560219649367013E-01
 0.563213970737059E-01
 0.567415366678811E-01
 0.570093159161159E-01
 0.573035772262860E-01
 0.575468629027774E-01
 0.577246827148310E-01
 0.579510428514736E-01
 0.580159732648825E-01
 0.582345710377274E-01
 0.582882906335027E-01
 0.581813703786918E-01
 0.579187442063955E-01
 0.575060063463046E-01
 0.569493465247776E-01
 0.562554714759759E-01
 0.554315260087471E-01
 0.546856922819781E-01
 0.538798639059497E-01
 0.529557663665846E-01
 0.520079367039124E-01
 0.510869093177346E-01
 0.501974284341542E-01
 0.493239957826227E-01
 0.484862458006088E-01
 0.476717656663732E-01
 0.468779568543755E-01
 0.461057231462715E-01
 0.453535785284960E-01
 0.446190779485106E-01
 0.438988547978051E-01
 0.431972435535489E-01
 0.425312688339247E-01
 0.418748493780130E-01
 0.412214751725486E-01
 0.405726708480247E-01
 0.399740478757671E-01
 0.393702452504552E-01
 0.387539177570314E-01
 0.381976929323169E-01
 0.376296046780818E-01
 0.370535699979861E-01
 0.363949592262615E-01
 0.356589974002579E-01
 0.348512679405487E-01
 0.339776410016041E-01
 0.330441428669505E-01
 0.320568449329025E-01
 0.310218330079102E-01
 0.299452520595074E-01
 0.288333641484293E-01
 0.276925532658655E-01
 0.265292584460164E-01
 0.253498733558779E-01
 0.241606712859577E-01
 0.229677868097272E-01
 0.217772362679012E-01
 0.205949302135983E-01
 0.194266443275876E-01
 0.182779570504409E-01
 0.172061288535236E-01
 0.174196028715618E-01
 0.176590187689100E-01
 0.178331269731304E-01
 0.180189107647435E-01
 0.181689077765861E-01
 0.182930558998425E-01
 0.184204423346248E-01
 0.184885582709877E-01
 0.185961522635624E-01
 0.186211094062686E-01
 0.186997405016160E-01
 0.187044570827733E-01
 0.187379266174476E-01
 0.187240929205347E-01
 0.187173688745122E-01
 0.186906048614981E-01
 0.186407351092762E-01
 0.186041580416388E-01
 0.185108629220534E-01
 0.184681177989105E-01
 0.183308833473690E-01
 0.180942503394057E-01
 0.177538227225774E-01
 0.173536167033581E-01
 0.173980184772324E-01
 0.190928901398955E-01
 0.207828635660005E-01
 0.225880288386501E-01
 0.244002841853420E-01
 0.261917663493719E-01
 0.279555799180687E-01
 0.298085385164607E-01
 0.316536296096510E-01
 0.334532169259647E-01
 0.352000357187389E-01
 0.369903167416553E-01
 0.387761772344267E-01
 0.404911072784457E-01
 0.421279017350509E-01
 0.437741940837530E-01
 0.454101826101407E-01
 0.469505415735021E-01
 0.483886112204396E-01
 0.498357004922264E-01
 0.512378535556142E-01
 0.525221691353450E-01
 0.536831016464543E-01
 0.549066066969519E-01
 0.560056099674818E-01
 0.569687277516166E-01
 0.579074348888842E-01
 0.587955946841726E-01
 0.595375567823774E-01
 0.602114127780798E-01
 0.608726597934425E-01
 0.613799809221499E-01
 0.618185017559498E-01
 0.622428257038357E-01
 0.625085237825550E-01
 0.627485118493752E-01
 0.629330371057924E-01
 0.629567731177163E-01
 0.630345824770522E-01
 0.629825370371863E-01
 0.628429791880070E-01
 0.627246730497334E-01
 0.624460430467880E-01
 0.622095566367127E-01
 0.618741461822132E-01
 0.614640209236881E-01
 0.610799633112715E-01
 0.605418204717357E-01
 0.600951513609005E-01
 0.595202134903543E-01
 0.589420278031231E-01
 0.583402009745567E-01
 0.575932808233326E-01
 0.567057286297580E-01
 0.556826963786745E-01
 0.545299216123658E-01
 0.532536302608874E-01
 0.518604725119862E-01
 0.503574953036688E-01
 0.489023155518866E-01
 0.474509759574730E-01
 0.459148565624798E-01
 0.443987392236808E-01
 0.429275565257850E-01
 0.415001121963563E-01
 0.401153195364168E-01
 0.387763142431051E-01
 0.374741736860672E-01
 0.362104668537382E-01
 0.349852996493570E-01
 0.337971042275484E-01
 0.326437682247207E-01
 0.315222703393905E-01
 0.304291501948573E-01
 0.293792079102673E-01
 0.283662530190737E-01
 0.273758639339953E-01
 0.264038859428275E-01
 0.254756271809894E-01
 0.245774363242041E-01
 0.236904916649625E-01
 0.228381877185795E-01
 0.220185195356878E-01
 0.211882668183787E-01
 0.203249492909803E-01
 0.194330680602523E-01
 0.185171877900341E-01
 0.175818788815509E-01
 0.166316640892586E-01
 0.156709920894332E-01
 0.147042369803658E-01
 0.149259202632206E-01
 0.159104589637076E-01
 0.169047432861180E-01
 0.179050013311999E-01
 0.189073521903873E-01
 0.199078280191717E-01
 0.209023960007520E-01
 0.218869808994663E-01
 0.228574889763856E-01
 0.238098334937364E-01
 0.247399612156532E-01
 0.256438787754009E-01
 0.265176778873399E-01
 0.273575590283051E-01
 0.281598539040261E-01
 0.289210472576501E-01
 0.296579599595812E-01
 0.303637843559957E-01
 0.310188463819643E-01
 0.316202571929531E-01
 0.321653819869820E-01
 0.326518557719569E-01
 0.330775974222801E-01
 0.334408220507014E-01
 0.337400516348637E-01
 0.339741235579702E-01
 0.341421965628823E-01
 0.342437538272040E-01
 0.342786033619205E-01
 0.342468763507046E-01
 0.341490240436820E-01
 0.339858134090018E-01
 0.337583212304516E-01
 0.334679260816854E-01
 0.331162977521954E-01
 0.327053841010463E-01
 0.322373957103060E-01
 0.317147888741475E-01
 0.311402473757037E-01
 0.305166632991145E-01
 0.298471169661532E-01
 0.291348560551943E-01
 0.283832739766250E-01
 0.275958875644215E-01
 0.267763140888019E-01
 0.259282476126660E-01
 0.250554348949044E-01
 0.241616513133766E-01
 0.232506774019939E-01
 0.223262764237254E-01
 0.213921729916818E-01
 0.204520324206611E-01
 0.195094404774530E-01
 0.185678835231132E-01
 0.176307294224166E-01
 0.167012097767535E-01
 0.157824039033909E-01
 0.148772247052811E-01
 0.139884063513402E-01
 0.131184936283249E-01
 0.122698328876851E-01
 0.114445645857698E-01
 0.106446174319202E-01
 0.987170414954649E-02
 0.912731885092928E-02
 0.841273606816010E-02
 0.772901151347248E-02
 0.707698461664134E-02
 0.645728277379889E-02
 0.587032710223365E-02
 0.531633942270858E-02
 0.479535024229250E-02
 0.430720766347916E-02
 0.385158726147458E-02
 0.342800298149110E-02
 0.303581897618634E-02
 0.267426216466439E-02
 0.234243522490634E-02
 0.203932978388209E-02
 0.176383967591102E-02
 0.151477420737424E-02
 0.129087136174513E-02
 0.109081083640998E-02
 0.913226770371409E-03
 0.756720027317142E-03
 0.619869920570462E-03
 0.501245288672860E-03
 0.399414836671378E-03
 0.312956659448833E-03
 0.240466881782833E-03
 0.180567376149280E-03
 0.131912546126809E-03
 0.931951722630525E-04
 0.631513157027421E-04
 0.405642787528108E-04
 0.242676314407832E-04
 0.131543412307541E-04
 0.615131733788594E-05
 0.225336985925295E-05
 0.513252579471348E-06
 0.338464286003103E-07
 0.000000000000000E+00
 0.000000000000000E+00
 0.000000000000000E+00
 0.000000000000000E+00
 0.000000000000000E+00
 0.000000000000000E+00
 0.000000000000000E+00
 0.000000000000000E+00
 0.000000000000000E+00
 0.000000000000000E+00
 0.000000000000000E+00
 0.000000000000000E+00
 0.000000000000000E+00
 0.000000000000000E+00
 0.000000000000000E+00
 0.000000000000000E+00
 0.000000000000000E+00
 0.000000000000000E+00
 0.000000000000000E+00
 0.000000000000000E+00
 0.000000000000000E+00
 0.000000000000000E+00
 0.000000000000000E+00
 0.000000000000000E+00
 0.000000000000000E+00
 0.000000000000000E+00
 0.000000000000000E+00
 0.000000000000000E+00
 0.000000000000000E+00
 0.000000000000000E+00
 0.000000000000000E+00
 0.000000000000000E+00
 0.000000000000000E+00
 0.000000000000000E+00
 0.000000000000000E+00
 0.000000000000000E+00
 0.000000000000000E+00
 0.000000000000000E+00
 0.000000000000000E+00
 0.000000000000000E+00
 0.000000000000000E+00
 0.000000000000000E+00
 0.000000000000000E+00
 0.000000000000000E+00
 0.000000000000000E+00
 0.000000000000000E+00
 0.000000000000000E+00
 0.000000000000000E+00
 0.000000000000000E+00
 0.000000000000000E+00
 0.000000000000000E+00
 0.000000000000000E+00
 0.000000000000000E+00
 0.000000000000000E+00
 0.000000000000000E+00
 0.000000000000000E+00
 0.000000000000000E+00
 0.000000000000000E+00
 0.000000000000000E+00
 0.000000000000000E+00
 0.000000000000000E+00
 0.000000000000000E+00
 0.000000000000000E+00
 0.000000000000000E+00
 0.000000000000000E+00
 0.000000000000000E+00
 0.000000000000000E+00
 0.000000000000000E+00
 0.000000000000000E+00
 0.000000000000000E+00
 0.000000000000000E+00
 0.000000000000000E+00
 0.000000000000000E+00
 0.000000000000000E+00
 0.000000000000000E+00
 0.000000000000000E+00
 0.000000000000000E+00
 0.000000000000000E+00
 0.000000000000000E+00
 0.000000000000000E+00
 0.000000000000000E+00
 0.000000000000000E+00
 0.000000000000000E+00
 0.000000000000000E+00
 0.000000000000000E+00
 0.000000000000000E+00
 0.000000000000000E+00
 0.000000000000000E+00
 0.000000000000000E+00
 0.000000000000000E+00
 0.000000000000000E+00
 0.000000000000000E+00
 0.000000000000000E+00
 0.000000000000000E+00
 0.000000000000000E+00
 0.000000000000000E+00
 0.000000000000000E+00
 0.000000000000000E+00
 0.000000000000000E+00
 0.000000000000000E+00
 0.000000000000000E+00
 0.000000000000000E+00
 0.000000000000000E+00
 0.000000000000000E+00
 0.000000000000000E+00
 0.000000000000000E+00
 0.000000000000000E+00
 0.000000000000000E+00
 0.000000000000000E+00
 0.000000000000000E+00
 0.000000000000000E+00
 0.000000000000000E+00
 0.000000000000000E+00
 0.000000000000000E+00
 0.000000000000000E+00
 0.000000000000000E+00
 0.000000000000000E+00
 0.000000000000000E+00
 0.000000000000000E+00
 0.000000000000000E+00
 0.000000000000000E+00
 0.000000000000000E+00
 0.000000000000000E+00
 0.000000000000000E+00
 0.000000000000000E+00
 0.000000000000000E+00
 0.000000000000000E+00
 0.000000000000000E+00
 0.000000000000000E+00
 0.000000000000000E+00
 0.000000000000000E+00
 0.000000000000000E+00
 0.000000000000000E+00
 0.000000000000000E+00
 0.000000000000000E+00
 0.000000000000000E+00
 0.000000000000000E+00
 0.000000000000000E+00
 0.000000000000000E+00
 0.000000000000000E+00
 0.000000000000000E+00
 0.000000000000000E+00
 0.000000000000000E+00
 0.000000000000000E+00
 0.000000000000000E+00
 0.000000000000000E+00
 0.000000000000000E+00
 0.000000000000000E+00
 0.000000000000000E+00
 0.000000000000000E+00
 0.000000000000000E+00
 0.000000000000000E+00
 0.000000000000000E+00
 0.000000000000000E+00
 0.000000000000000E+00
 0.000000000000000E+00
 0.000000000000000E+00
 0.000000000000000E+00
 0.000000000000000E+00
 0.000000000000000E+00
 0.000000000000000E+00
 0.000000000000000E+00
 0.000000000000000E+00
 0.000000000000000E+00
 0.000000000000000E+00
 0.000000000000000E+00
 0.000000000000000E+00
 0.000000000000000E+00
 0.000000000000000E+00
 0.000000000000000E+00
 0.000000000000000E+00
 0.000000000000000E+00
 0.000000000000000E+00
 0.000000000000000E+00
 0.000000000000000E+00
 0.000000000000000E+00
 0.000000000000000E+00
 0.000000000000000E+00
 0.000000000000000E+00
 0.000000000000000E+00
 0.000000000000000E+00
 0.000000000000000E+00
 0.000000000000000E+00
 0.000000000000000E+00
 0.000000000000000E+00
 0.000000000000000E+00
 0.000000000000000E+00
 0.000000000000000E+00
 0.000000000000000E+00
 0.000000000000000E+00
 0.000000000000000E+00
 0.000000000000000E+00
 0.000000000000000E+00
 0.000000000000000E+00
 0.000000000000000E+00
 0.000000000000000E+00
 0.000000000000000E+00
 0.000000000000000E+00
 0.000000000000000E+00
 0.000000000000000E+00
 0.000000000000000E+00
 0.000000000000000E+00
 0.000000000000000E+00
 0.000000000000000E+00
 0.000000000000000E+00
 0.000000000000000E+00
 0.000000000000000E+00
 0.000000000000000E+00
 0.000000000000000E+00
 0.000000000000000E+00
 0.000000000000000E+00
 0.000000000000000E+00
 0.000000000000000E+00
 0.000000000000000E+00
 0.000000000000000E+00
 0.000000000000000E+00
 0.000000000000000E+00
 0.000000000000000E+00
 0.000000000000000E+00
 0.000000000000000E+00
 0.000000000000000E+00
 0.000000000000000E+00
 0.000000000000000E+00
 0.000000000000000E+00
 0.000000000000000E+00
 0.000000000000000E+00
 0.000000000000000E+00
 0.000000000000000E+00
 0.000000000000000E+00
 0.000000000000000E+00
 0.000000000000000E+00
 0.000000000000000E+00
 0.000000000000000E+00
 0.000000000000000E+00
 0.000000000000000E+00
 0.000000000000000E+00
 0.000000000000000E+00
 0.000000000000000E+00
 0.000000000000000E+00
 0.000000000000000E+00
 0.000000000000000E+00
 0.000000000000000E+00
 0.000000000000000E+00
 0.000000000000000E+00
 0.000000000000000E+00
 0.000000000000000E+00
 0.000000000000000E+00
 0.000000000000000E+00
 0.000000000000000E+00
 0.000000000000000E+00
 0.000000000000000E+00
 0.000000000000000E+00
 0.000000000000000E+00
 0.000000000000000E+00
 0.000000000000000E+00
 0.000000000000000E+00
 0.000000000000000E+00
 0.000000000000000E+00
 0.000000000000000E+00
 0.000000000000000E+00
 0.000000000000000E+00
 0.000000000000000E+00
 0.000000000000000E+00
 0.000000000000000E+00
 0.000000000000000E+00
 0.000000000000000E+00
 0.000000000000000E+00
 0.000000000000000E+00
 0.000000000000000E+00
 0.000000000000000E+00
 0.000000000000000E+00
 0.000000000000000E+00
 0.000000000000000E+00
 0.000000000000000E+00
 0.000000000000000E+00
 0.000000000000000E+00
 0.000000000000000E+00
 0.000000000000000E+00
 0.000000000000000E+00
 0.000000000000000E+00
 0.000000000000000E+00
 0.000000000000000E+00
 0.000000000000000E+00
 0.000000000000000E+00
 0.000000000000000E+00
 0.000000000000000E+00
 0.000000000000000E+00
 0.000000000000000E+00
 0.000000000000000E+00
 0.000000000000000E+00
 0.000000000000000E+00
 0.000000000000000E+00
 0.000000000000000E+00
 0.000000000000000E+00
 0.000000000000000E+00
 0.000000000000000E+00
 0.000000000000000E+00
 0.000000000000000E+00
 0.000000000000000E+00
 0.000000000000000E+00
 0.000000000000000E+00
 0.000000000000000E+00
 0.000000000000000E+00
 0.000000000000000E+00
 0.000000000000000E+00
 0.000000000000000E+00
 0.000000000000000E+00
 0.000000000000000E+00
 0.000000000000000E+00
 0.000000000000000E+00
 0.000000000000000E+00
 0.000000000000000E+00
 0.000000000000000E+00
 0.000000000000000E+00
 0.000000000000000E+00
 0.000000000000000E+00
 0.000000000000000E+00
 0.000000000000000E+00
 0.000000000000000E+00
 0.000000000000000E+00
 0.000000000000000E+00
 0.000000000000000E+00
 0.000000000000000E+00
 0.000000000000000E+00
 0.000000000000000E+00
 0.000000000000000E+00
 0.000000000000000E+00
 0.000000000000000E+00
 0.000000000000000E+00
 0.000000000000000E+00
 0.000000000000000E+00
 0.000000000000000E+00
 0.000000000000000E+00
 0.000000000000000E+00
 0.000000000000000E+00
 0.000000000000000E+00
 0.000000000000000E+00
 0.000000000000000E+00
 0.000000000000000E+00
 0.000000000000000E+00
 0.000000000000000E+00
 0.000000000000000E+00
 0.000000000000000E+00
 0.000000000000000E+00
 0.000000000000000E+00
 0.000000000000000E+00
 0.000000000000000E+00
 0.000000000000000E+00
