 0.000000000000000E+00
 0.000000000000000E+00
 0.000000000000000E+00
 0.000000000000000E+00
 0.000000000000000E+00
 0.000000000000000E+00
 0.000000000000000E+00
 0.000000000000000E+00
 0.000000000000000E+00
 0.000000000000000E+00
 0.000000000000000E+00
 0.000000000000000E+00
 0.000000000000000E+00
 0.000000000000000E+00
 0.000000000000000E+00
 0.000000000000000E+00
 0.000000000000000E+00
 0.000000000000000E+00
 0.000000000000000E+00
 0.000000000000000E+00
 0.000000000000000E+00
 0.000000000000000E+00
 0.000000000000000E+00
 0.000000000000000E+00
 0.000000000000000E+00
 0.000000000000000E+00
 0.000000000000000E+00
 0.000000000000000E+00
 0.109476442525376E-46
 0.541693426371014E-33
 0.488540535796455E-30
 0.894052497590098E-29
 0.178544599927644E-27
 0.727136517842459E-26
 0.137842311742539E-24
 0.176329855609270E-23
 0.175137922110662E-22
 0.144258115128536E-21
 0.102404572004028E-20
 0.642518545951949E-20
 0.362713958067660E-19
 0.186650746192809E-18
 0.884167307582539E-18
 0.388395078740491E-17
 0.159083576397980E-16
 0.644396981686010E-16
 0.245809283025936E-15
 0.874736181015849E-15
 0.291198509716806E-14
 0.908407010162118E-14
 0.265707346052065E-13
 0.728116109758033E-13
 0.186401405688058E-12
 0.443123033042701E-12
 0.966473437920912E-12
 0.188572350478064E-11
 0.309331407819474E-11
 0.563098162725112E-11
 0.125682517042820E-10
 0.277362817335056E-10
 0.109926921943812E-09
 0.349745705522762E-09
 0.984871854587563E-09
 0.252922332937195E-08
 0.606397240113574E-08
 0.137522458161182E-07
 0.297442411200497E-07
 0.616986643814647E-07
 0.123240642923967E-06
 0.237780375722678E-06
 0.444219169345606E-06
 0.805146432578386E-06
 0.143044228018814E-05
 0.249123938849158E-05
 0.422367323940530E-05
 0.697876547825824E-05
 0.112488690609582E-04
 0.177037387329153E-04
 0.272266761197827E-04
 0.409464171757011E-04
 0.602591796773587E-04
 0.876858465024182E-04
 0.125459624951609E-03
 0.175864603355198E-03
 0.241760742886637E-03
 0.339227610900298E-03
 0.466735840614735E-03
 0.630037718052104E-03
 0.834868721248500E-03
 0.109268553157076E-02
 0.141449452478180E-02
 0.179946589602377E-02
 0.225112574565045E-02
 0.277117242537533E-02
 0.336703661916806E-02
 0.406636867416339E-02
 0.483992471382455E-02
 0.568227470334831E-02
 0.658656993230556E-02
 0.759525705393900E-02
 0.868193467897591E-02
 0.981873294715479E-02
 0.109979999847242E-01
 0.122490497065239E-01
 0.135905300582207E-01
 0.149658172039092E-01
 0.163711474660216E-01
 0.178034230085011E-01
 0.193387699125175E-01
 0.209199701052034E-01
 0.225229833872722E-01
 0.241417737438674E-01
 0.257685733926815E-01
 0.275004116228448E-01
 0.292445214035580E-01
 0.309762818258529E-01
 0.326844952600877E-01
 0.344050327224231E-01
 0.361865686519464E-01
 0.379232104114053E-01
 0.396069936147995E-01
 0.412493480542731E-01
 0.429720463455040E-01
 0.446279483211357E-01
 0.462109277421847E-01
 0.477354123024508E-01
 0.493320569999223E-01
 0.508394989501592E-01
 0.522481593034144E-01
 0.536424753862653E-01
 0.550342926877752E-01
 0.563054590016567E-01
 0.574868195744601E-01
 0.587228364740397E-01
 0.598193220780728E-01
 0.608101570740407E-01
 0.618608845266988E-01
 0.627598462260079E-01
 0.635901937951007E-01
 0.644406207331625E-01
 0.651315560484600E-01
 0.658360172304121E-01
 0.664793386804614E-01
 0.669704130417555E-01
 0.675717786002630E-01
 0.680006712933141E-01
 0.684333450495480E-01
 0.688213145230494E-01
 0.690864356908851E-01
 0.694410153551159E-01
 0.696055467941868E-01
 0.698812400695517E-01
 0.700148536714077E-01
 0.701599078389144E-01
 0.702737789825543E-01
 0.702914218331654E-01
 0.703984352793203E-01
 0.702943823672391E-01
 0.699850380700492E-01
 0.694796287819405E-01
 0.687850251776513E-01
 0.679014742314714E-01
 0.668221130737661E-01
 0.657851111717958E-01
 0.647348816838281E-01
 0.635213517512047E-01
 0.623179487791024E-01
 0.611470384174648E-01
 0.599983351411074E-01
 0.588992020322939E-01
 0.578244255770572E-01
 0.567732799717446E-01
 0.557487142443868E-01
 0.547538517539346E-01
 0.537877125169639E-01
 0.528433677246175E-01
 0.519160400851857E-01
 0.510053365419674E-01
 0.501180882768104E-01
 0.492927668355474E-01
 0.484721210013042E-01
 0.476370683695941E-01
 0.483164562546174E-01
 0.502823134527526E-01
 0.521145291125947E-01
 0.540562824908800E-01
 0.558569600815117E-01
 0.575100051864649E-01
 0.592544894776778E-01
 0.608587537185286E-01
 0.623097451311607E-01
 0.638593263761881E-01
 0.652456574300294E-01
 0.665219554420531E-01
 0.678488358972513E-01
 0.690031491720135E-01
 0.701263550008680E-01
 0.712206969832117E-01
 0.721336216381565E-01
 0.731299181636210E-01
 0.739854680937424E-01
 0.747362708702362E-01
 0.755502375388219E-01
 0.761660989048349E-01
 0.768387590843516E-01
 0.774188054315829E-01
 0.778767217776153E-01
 0.784262975873906E-01
 0.787785216481251E-01
 0.792169426052530E-01
 0.795418178393734E-01
 0.798218863338869E-01
 0.801199214593774E-01
 0.802617952310530E-01
 0.805411194226235E-01
 0.806249976558657E-01
 0.805186562576372E-01
 0.802271109919116E-01
 0.797539558802767E-01
 0.791014057806004E-01
 0.782717563898819E-01
 0.772693784117803E-01
 0.761019221968960E-01
 0.751182403529196E-01
 0.739817903629888E-01
 0.726995573106201E-01
 0.714086161830623E-01
 0.701513132963592E-01
 0.689336405959282E-01
 0.677414314327986E-01
 0.665966340550005E-01
 0.654667742841137E-01
 0.643754477636110E-01
 0.633244270077139E-01
 0.622862816501792E-01
 0.612714068058064E-01
 0.602956391253151E-01
 0.593310154710744E-01
 0.584056050930305E-01
 0.575059023778329E-01
 0.566125207079237E-01
 0.557321724789389E-01
 0.548843826727845E-01
 0.540740697370364E-01
 0.532504347509370E-01
 0.524475744375867E-01
 0.516914741052224E-01
 0.508668679959694E-01
 0.499430037347970E-01
 0.489271480675099E-01
 0.478237050465707E-01
 0.466349963530876E-01
 0.453633340254464E-01
 0.440129604005399E-01
 0.425908593660189E-01
 0.411062990510592E-01
 0.395695063430996E-01
 0.379900065641201E-01
 0.363752269254496E-01
 0.347300502161796E-01
 0.330577705015865E-01
 0.313621217583789E-01
 0.296491709949677E-01
 0.279277424495943E-01
 0.262080118979486E-01
 0.244992767408546E-01
 0.228084781752520E-01
 0.211403169690830E-01
 0.194984799485704E-01
 0.178868139796507E-01
 0.163097545411756E-01
 0.147722525724089E-01
 0.132797771029531E-01
 0.118384335276280E-01
 0.105328587909907E-01
 0.935464613831580E-02
 0.822525052165063E-02
 0.714778793895202E-02
 0.612473551845922E-02
 0.515728481387153E-02
 0.441997538068142E-02
 0.523185043922245E-02
 0.610358608655761E-02
 0.706102291703489E-02
 0.805804864962464E-02
 0.909232180646741E-02
 0.101911961048378E-01
 0.113661308811468E-01
 0.125724445625853E-01
 0.138072844307141E-01
 0.150668224872593E-01
 0.164278958909682E-01
 0.178085678942716E-01
 0.192042376964580E-01
 0.206099736747674E-01
 0.220493783845266E-01
 0.235527270121104E-01
 0.250536178367794E-01
 0.265462516880610E-01
 0.280233162200423E-01
 0.295575573171227E-01
 0.310983063901080E-01
 0.326092969411379E-01
 0.340826438855336E-01
 0.355640150882501E-01
 0.370719999531686E-01
 0.385267017307752E-01
 0.399205979043297E-01
 0.413152466922003E-01
 0.427166363157769E-01
 0.440414089037547E-01
 0.452826268426558E-01
 0.465785417706113E-01
 0.478028665758893E-01
 0.489278436425563E-01
 0.500552064636245E-01
 0.511523501525167E-01
 0.521342206453222E-01
 0.531061826258397E-01
 0.540547636381969E-01
 0.548732088901277E-01
 0.557092402338666E-01
 0.564916717698874E-01
 0.571310361211825E-01
 0.578581088201008E-01
 0.584589616202544E-01
 0.589948165333067E-01
 0.595573709881752E-01
 0.599645089556843E-01
 0.604529564350862E-01
 0.608209124555388E-01
 0.611676343855888E-01
 0.615026795884659E-01
 0.617082945309514E-01
 0.620226025641117E-01
 0.621663976918181E-01
 0.623861645994740E-01
 0.625158458365373E-01
 0.626095894718528E-01
 0.627306472499910E-01
 0.626759941777214E-01
 0.624409607775629E-01
 0.620225047697473E-01
 0.614192545303533E-01
 0.606310398297797E-01
 0.596582216035538E-01
 0.588546063170749E-01
 0.579037415537619E-01
 0.568373829311758E-01
 0.557900722913591E-01
 0.547801817628471E-01
 0.537915132691944E-01
 0.528359634774186E-01
 0.518981697530490E-01
 0.509838652913745E-01
 0.501002257312457E-01
 0.492425569746231E-01
 0.484049694399139E-01
 0.475932918924067E-01
 0.467994479833301E-01
 0.460102478042282E-01
 0.452418429392196E-01
 0.445257835311966E-01
 0.438176817260475E-01
 0.440560309792837E-01
 0.457997496393746E-01
 0.474391364540924E-01
 0.491506450409988E-01
 0.507044852718607E-01
 0.521826243302777E-01
 0.536884968792792E-01
 0.550197031404840E-01
 0.563424682266784E-01
 0.576159755010857E-01
 0.587002214153285E-01
 0.598870362135812E-01
 0.609070678482030E-01
 0.618501732865333E-01
 0.628073426857109E-01
 0.635587924160927E-01
 0.644270177440432E-01
 0.651129487856265E-01
 0.657931095745836E-01
 0.664201940383764E-01
 0.669180646957562E-01
 0.674996063565252E-01
 0.678578674629549E-01
 0.683629660065110E-01
 0.686828035545201E-01
 0.690329411470543E-01
 0.693224997654218E-01
 0.695336756474256E-01
 0.698000259153107E-01
 0.698852982402904E-01
 0.701387786102988E-01
 0.701626536213373E-01
 0.699573891627816E-01
 0.695237825655518E-01
 0.688629803995800E-01
 0.679766343456474E-01
 0.669393125779421E-01
 0.660711597050929E-01
 0.649890163675466E-01
 0.638350275465808E-01
 0.627116548173790E-01
 0.616139727918672E-01
 0.605505444565844E-01
 0.595043089678595E-01
 0.584790619810821E-01
 0.574963890808044E-01
 0.565303022667413E-01
 0.555892811038445E-01
 0.546858139890670E-01
 0.538108435729838E-01
 0.529546417993160E-01
 0.521074936785979E-01
 0.512629411156162E-01
 0.504696720510554E-01
 0.497059469820259E-01
 0.489329616043920E-01
 0.481570333064654E-01
 0.474624830411279E-01
 0.467380001225633E-01
 0.460155472033397E-01
 0.453630805325265E-01
 0.463592712847655E-01
 0.474737469094857E-01
 0.485216123252610E-01
 0.494262305733800E-01
 0.504122261425768E-01
 0.512159784971050E-01
 0.520414737067051E-01
 0.527842857278829E-01
 0.534182372709844E-01
 0.541074452630283E-01
 0.546038269718775E-01
 0.552062199741885E-01
 0.556503794475159E-01
 0.561067922427284E-01
 0.565042112397858E-01
 0.568274308332367E-01
 0.571875011181631E-01
 0.573812057786344E-01
 0.577164788794582E-01
 0.578499862602134E-01
 0.581007945269451E-01
 0.582189294358259E-01
 0.583595044225420E-01
 0.584682054174956E-01
 0.583772888905767E-01
 0.580887758644751E-01
 0.576054276497483E-01
 0.569311320719041E-01
 0.560711552639942E-01
 0.553244202533035E-01
 0.544883129524809E-01
 0.535211625603229E-01
 0.525687142422900E-01
 0.516450463591592E-01
 0.507366641936071E-01
 0.498690669966032E-01
 0.490177405258073E-01
 0.481887076452013E-01
 0.473837809430190E-01
 0.466020031179889E-01
 0.458408397453816E-01
 0.450986457688584E-01
 0.443682881404295E-01
 0.436413035647319E-01
 0.429639882167490E-01
 0.423024503297970E-01
 0.416412391759291E-01
 0.409654849050216E-01
 0.403690797508948E-01
 0.397542928218657E-01
 0.391182124361305E-01
 0.385636356055520E-01
 0.379858327453736E-01
 0.373991902283178E-01
 0.366935207654712E-01
 0.358725745806390E-01
 0.349405095438595E-01
 0.339024941026030E-01
 0.327648518581682E-01
 0.315345790740401E-01
 0.302186057745662E-01
 0.288233377064145E-01
 0.273547504508077E-01
 0.258189083321478E-01
 0.242225448978920E-01
 0.225733460628540E-01
 0.224820283458968E-01
 0.226042627246643E-01
 0.227073170088062E-01
 0.228168731233048E-01
 0.228809050203629E-01
 0.229843200576833E-01
 0.229428400528097E-01
 0.227598562269475E-01
 0.224398287819836E-01
 0.221851381517851E-01
 0.218723240425673E-01
 0.215164108626679E-01
 0.211698051431766E-01
 0.208280471874829E-01
 0.205042068971439E-01
 0.201816419270347E-01
 0.198662390425026E-01
 0.195607522627668E-01
 0.192658194813876E-01
 0.189806940191525E-01
 0.187051388611725E-01
 0.184344261256013E-01
 0.181642149032191E-01
 0.178917989276720E-01
 0.176435239923175E-01
 0.174079942114046E-01
 0.171592919999442E-01
 0.169063648206718E-01
 0.166928470017991E-01
 0.164600563033163E-01
 0.162187390198793E-01
 0.160181954613274E-01
 0.160287334943349E-01
 0.162042703647617E-01
 0.162974383357997E-01
 0.164412757762065E-01
 0.165055596307154E-01
 0.166109567971749E-01
 0.166538338556833E-01
 0.167250766430656E-01
 0.167496400612636E-01
 0.167936058371388E-01
 0.168064313977370E-01
 0.168148419924193E-01
 0.168254307730901E-01
 0.166946118151782E-01
 0.164221916104437E-01
 0.171654347729655E-01
 0.186776906977589E-01
 0.202767497043019E-01
 0.218538131266913E-01
 0.234024625570480E-01
 0.250045334383968E-01
 0.266302530898070E-01
 0.282114922554393E-01
 0.297418769330482E-01
 0.313554152103817E-01
 0.329289124912671E-01
 0.344348978155624E-01
 0.359075418395098E-01
 0.374354001867869E-01
 0.388797949545742E-01
 0.402345033780556E-01
 0.416351111123179E-01
 0.429837880754576E-01
 0.442283514944985E-01
 0.454580607349247E-01
 0.466803531343899E-01
 0.477858694540654E-01
 0.488553501323509E-01
 0.499263180706710E-01
 0.508689601614345E-01
 0.517953142959359E-01
 0.526958847378908E-01
 0.534578653367941E-01
 0.542636488294161E-01
 0.549796018678828E-01
 0.555865187721583E-01
 0.562610954708066E-01
 0.567831109579325E-01
 0.573153114307710E-01
 0.577981815438134E-01
 0.581586938529855E-01
 0.586066631752037E-01
 0.588942714981605E-01
 0.592330182646470E-01
 0.594876067352066E-01
 0.596971440564052E-01
 0.599267686641688E-01
 0.600072857691771E-01
 0.602223493281806E-01
 0.602693294577239E-01
 0.603862374593934E-01
 0.604249341209238E-01
 0.602943734164167E-01
 0.599941692228454E-01
 0.595250023712064E-01
 0.588885773392358E-01
 0.580873914533082E-01
 0.571244368773850E-01
 0.563364831520686E-01
 0.553956444927540E-01
 0.543475774696875E-01
 0.533187888381103E-01
 0.523255888028471E-01
 0.513575018707589E-01
 0.504222393615471E-01
 0.495058187124041E-01
 0.486150832912464E-01
 0.477521203987119E-01
 0.469156075053171E-01
 0.461060122138406E-01
 0.453202568068851E-01
 0.445519426018049E-01
 0.437987492555409E-01
 0.430541685346558E-01
 0.423575229725071E-01
 0.416795698675794E-01
 0.409997242409174E-01
 0.403246996070656E-01
 0.397107906022051E-01
 0.390827131822742E-01
 0.384486803597294E-01
 0.378809980799080E-01
 0.372217570656651E-01
 0.364574126688048E-01
 0.355911609418196E-01
 0.346259518158486E-01
 0.335645098578810E-01
 0.324098140171658E-01
 0.311656574673958E-01
 0.308983703256215E-01
 0.313624905280206E-01
 0.318364651095010E-01
 0.322072962496867E-01
 0.326465524907548E-01
 0.329596612845231E-01
 0.333372449175335E-01
 0.336211175026263E-01
 0.339118421481497E-01
 0.341735505422824E-01
 0.343845995434393E-01
 0.346272957013681E-01
 0.347679212018423E-01
 0.349972311823904E-01
 0.350996921219530E-01
 0.352903023069203E-01
 0.353855823231248E-01
 0.353569496918693E-01
 0.352090715690407E-01
 0.349470036675318E-01
 0.345761374093298E-01
 0.341022286909647E-01
 0.337182684922047E-01
 0.332538694080514E-01
 0.327116991482464E-01
 0.321743078686838E-01
 0.316509388218611E-01
 0.311350325405439E-01
 0.306420448535946E-01
 0.301594719793629E-01
 0.296874699780091E-01
 0.292274359590830E-01
 0.287806696805662E-01
 0.283462548382395E-01
 0.279212855724317E-01
 0.275038457466195E-01
 0.270894126869178E-01
 0.267055235488368E-01
 0.263272514691415E-01
 0.259467171996233E-01
 0.255632022662113E-01
 0.252171782643101E-01
 0.248636242309398E-01
 0.244964482153544E-01
 0.241776718496537E-01
 0.238406099111842E-01
 0.246133852623450E-01
 0.260764349885463E-01
 0.275679328838120E-01
 0.290812357210597E-01
 0.306093187875012E-01
 0.321928002866070E-01
 0.338205178161923E-01
 0.354493308384917E-01
 0.370712503321606E-01
 0.386780192928111E-01
 0.402611705355849E-01
 0.419243842677868E-01
 0.435644844449990E-01
 0.451642144905205E-01
 0.467145671507753E-01
 0.482357292502675E-01
 0.498134756311505E-01
 0.513242451173861E-01
 0.527588247755908E-01
 0.541251557938982E-01
 0.555597768754430E-01
 0.569006784362255E-01
 0.581388193395878E-01
 0.593609485118920E-01
 0.605754995556359E-01
 0.616705136860045E-01
 0.626864797056235E-01
 0.637470266190427E-01
 0.646718887437261E-01
 0.655110877768319E-01
 0.663954594870085E-01
 0.671289569816447E-01
 0.678245471175944E-01
 0.685149505081789E-01
 0.690410800619783E-01
 0.696313132376685E-01
 0.701135498634414E-01
 0.705042113509636E-01
 0.709472653220765E-01
 0.712113052817246E-01
 0.715665370832188E-01
 0.717954819920796E-01
 0.719898776764741E-01
 0.721926955431608E-01
 0.722363633292210E-01
 0.724214101298909E-01
 0.724139884441292E-01
 0.724996789142555E-01
 0.724820555819117E-01
 0.722657857403398E-01
 0.718460562338328E-01
 0.712188582410667E-01
 0.703810485041429E-01
 0.693303612720960E-01
 0.681562732195736E-01
 0.671315544713310E-01
 0.659006539534483E-01
 0.646197009512826E-01
 0.633736250278818E-01
 0.621647968751158E-01
 0.609856042482841E-01
 0.598295782240120E-01
 0.587277746405064E-01
 0.576511757473239E-01
 0.566004387919045E-01
 0.555752503661664E-01
 0.545712483242995E-01
 0.536117066418604E-01
 0.526877400240229E-01
 0.522750918800279E-01
 0.552473058834048E-01
 0.581047984739545E-01
 0.608346563521271E-01
 0.635799038376692E-01
 0.663412064635853E-01
 0.689532410778100E-01
 0.714253704340761E-01
 0.740381116331780E-01
 0.764817551344759E-01
 0.787491715144415E-01
 0.810802534204011E-01
 0.833124962282148E-01
 0.853514769903445E-01
 0.873901179584468E-01
 0.893761420289678E-01
 0.911539133137736E-01
 0.929214892465716E-01
 0.946355004064459E-01
 0.961281141605652E-01
 0.976548677705439E-01
 0.990791737114293E-01
 0.100271229782311E+00
 0.101594705062432E+00
 0.102717788854479E+00
 0.103705702531842E+00
 0.104765651646841E+00
 0.105581355812732E+00
 0.106449589299935E+00
 0.107206400059996E+00
 0.107799152316731E+00
 0.108508105261034E+00
 0.108964829683535E+00
 0.109514965137734E+00
 0.109932522329410E+00
 0.110255944058619E+00
 0.110645810109758E+00
 0.110779792347902E+00
 0.111131152667930E+00
 0.111247980658313E+00
 0.111109195733341E+00
 0.110716697327253E+00
 0.110073363711791E+00
 0.109183056188092E+00
 0.108050554102871E+00
 0.106681442814883E+00
 0.105081997241610E+00
 0.103623799136848E+00
 0.102059172601530E+00
 0.100279309102025E+00
 0.984529564685737E-01
 0.966762075051607E-01
 0.949573007660198E-01
 0.932715823368636E-01
 0.916480791205518E-01
 0.900718371766689E-01
 0.885351330647566E-01
 0.870382421038863E-01
 0.855799136293118E-01
 0.841569981982079E-01
 0.827633518471406E-01
 0.814036571797856E-01
 0.801151384002764E-01
 0.788492477620389E-01
 0.775955847154689E-01
 0.763429092684206E-01
 0.751904533181531E-01
 0.740395201503810E-01
 0.728746472384263E-01
 0.717881984034576E-01
 0.707177860296570E-01
 0.695987081485324E-01
 0.683312101401139E-01
 0.669206422398039E-01
 0.653726036496093E-01
 0.636928973302343E-01
 0.618876294360028E-01
 0.599633795709672E-01
 0.579273135302977E-01
 0.557871432079501E-01
 0.535509436299528E-01
 0.512269399227280E-01
 0.488233934277853E-01
 0.463486277765490E-01
 0.438111182487134E-01
 0.412195284114302E-01
 0.385826510576706E-01
 0.359093178043448E-01
 0.337107824577381E-01
 0.339927945959603E-01
 0.343706334219242E-01
 0.346263488078054E-01
 0.349310267418491E-01
 0.351672032148585E-01
 0.354018811077348E-01
 0.356254923256303E-01
 0.357927648299076E-01
 0.360099614333397E-01
 0.360910816941657E-01
 0.360424188889391E-01
 0.358707257946158E-01
 0.355832417996614E-01
 0.351876962059900E-01
 0.347947545265975E-01
 0.344075943561475E-01
 0.339233826013407E-01
 0.334058395063572E-01
 0.329014561895909E-01
 0.324083502541721E-01
 0.319312212905167E-01
 0.314605997186936E-01
 0.310016574306113E-01
 0.305596149947967E-01
 0.301259941171514E-01
 0.297007763671381E-01
 0.292928728406045E-01
 0.288937687245983E-01
 0.285008821608545E-01
 0.281103324393066E-01
 0.277174160042918E-01
 0.273515584397740E-01
 0.269912381394094E-01
 0.266231704179280E-01
 0.262652505543309E-01
 0.259286044576881E-01
 0.255760484009088E-01
 0.252407709474392E-01
 0.249170107215633E-01
 0.245634048053241E-01
 0.245132656657757E-01
 0.255520190624408E-01
 0.266303635449653E-01
 0.277212145679716E-01
 0.288030222527809E-01
 0.298691598733157E-01
 0.309130009411088E-01
 0.319530944700068E-01
 0.330234352897009E-01
 0.340583584702871E-01
 0.350509941818106E-01
 0.359946110767463E-01
 0.369887438091943E-01
 0.379333653733101E-01
 0.388156738413468E-01
 0.396571141926571E-01
 0.405299738084913E-01
 0.413280010817113E-01
 0.420446277987061E-01
 0.428096993346937E-01
 0.435030243546967E-01
 0.441036050166056E-01
 0.447539835892086E-01
 0.453254119581732E-01
 0.458101096904640E-01
 0.463537968539635E-01
 0.467900555184370E-01
 0.472003420305419E-01
 0.476081919929507E-01
 0.478997499996033E-01
 0.482603752574492E-01
 0.485243871285453E-01
 0.487604013015385E-01
 0.490014119274410E-01
 0.491205760003857E-01
 0.493435544165563E-01
 0.494392103048673E-01
 0.495633627341278E-01
 0.496446712064264E-01
 0.496743678664668E-01
 0.497468015032139E-01
 0.496862481428331E-01
 0.494894503572740E-01
 0.491535914934735E-01
 0.486762694871670E-01
 0.480555565105700E-01
 0.472901269419087E-01
 0.465704324605219E-01
 0.458228615899428E-01
 0.449571891200371E-01
 0.440974044481959E-01
 0.432598972951291E-01
 0.424399742908041E-01
 0.416516546974585E-01
 0.408844141315195E-01
 0.401359898283482E-01
 0.394088375515754E-01
 0.387037568769136E-01
 0.380195333476459E-01
 0.373533053680714E-01
 0.367011471597642E-01
 0.360594194806097E-01
 0.354558800347958E-01
 0.348732905877844E-01
 0.342936845745660E-01
 0.337112552134395E-01
 0.332406670477234E-01
 0.344957034419408E-01
 0.356937454955896E-01
 0.367629103266023E-01
 0.379129571175941E-01
 0.389383796576660E-01
 0.399011164820023E-01
 0.408794598690556E-01
 0.417115618343670E-01
 0.425961262894040E-01
 0.433755103296576E-01
 0.440954453433842E-01
 0.448260337921667E-01
 0.453965522588851E-01
 0.460743052588332E-01
 0.465957388824143E-01
 0.471366194592077E-01
 0.476137821000253E-01
 0.480265328448081E-01
 0.484662168432880E-01
 0.487570159717440E-01
 0.491662151045911E-01
 0.494020757799928E-01
 0.497281467021354E-01
 0.499392422608560E-01
 0.501628258675714E-01
 0.503581513165354E-01
 0.504817322884872E-01
 0.506682230876634E-01
 0.506780104972813E-01
 0.505112330555484E-01
 0.501687557437461E-01
 0.496523608479491E-01
 0.489648431109610E-01
 0.483271707891785E-01
 0.476562430968507E-01
 0.468467236064956E-01
 0.460387638558274E-01
 0.452491427690617E-01
 0.444759087951877E-01
 0.437236023133000E-01
 0.429968046780994E-01
 0.422854003886262E-01
 0.415907903632208E-01
 0.409127262870779E-01
 0.402495661749352E-01
 0.395978957712342E-01
 0.389540287745567E-01
 0.383429487705708E-01
 0.377540699078800E-01
 0.371664993714066E-01
 0.365733295268663E-01
 0.360123494769473E-01
 0.354768031628757E-01
 0.349250449658291E-01
 0.343881495166284E-01
 0.338888643553818E-01
 0.333593400237491E-01
 0.328640351070441E-01
 0.322563683806129E-01
 0.315397839336415E-01
 0.307182431520533E-01
 0.297959998316107E-01
 0.287774433145139E-01
 0.276670870934811E-01
 0.265200416488573E-01
 0.267080242876017E-01
 0.269141104816330E-01
 0.270620117165598E-01
 0.272037179739544E-01
 0.273182538125887E-01
 0.273972685576378E-01
 0.274865203722064E-01
 0.275018120272152E-01
 0.275729919159428E-01
 0.275283337045531E-01
 0.275874222939435E-01
 0.274823461494472E-01
 0.272150315069525E-01
 0.267880170874494E-01
 0.263143026952940E-01
 0.258933606172481E-01
 0.253715019489472E-01
 0.248525304958037E-01
 0.243490095259085E-01
 0.238449588864674E-01
 0.233658010460487E-01
 0.228906271219723E-01
 0.224225525934065E-01
 0.219637893083289E-01
 0.215145694690781E-01
 0.219636576827450E-01
 0.228130422079642E-01
 0.236492211771554E-01
 0.243739267076869E-01
 0.251124874219584E-01
 0.257765260200992E-01
 0.263485806723507E-01
 0.269499125925881E-01
 0.274223234302750E-01
 0.278991511061594E-01
 0.283029123581809E-01
 0.286366208176449E-01
 0.289733548710534E-01
 0.291752614396514E-01
 0.294490026800274E-01
 0.295817559959982E-01
 0.297448026508850E-01
 0.298181329347119E-01
 0.301403923141484E-01
 0.305473226139479E-01
 0.309006355407342E-01
 0.311981051282969E-01
 0.314377477028600E-01
 0.316178388354136E-01
 0.317369285058949E-01
 0.317938532025858E-01
 0.317877450272224E-01
 0.317180388922058E-01
 0.315844786878103E-01
 0.313871221608842E-01
 0.311263433563597E-01
 0.308028317492678E-01
 0.304175884218751E-01
 0.299719206543833E-01
 0.294674360806614E-01
 0.289060362166787E-01
 0.282899078720848E-01
 0.276215109046760E-01
 0.269035621116613E-01
 0.261390167014015E-01
 0.253310493935636E-01
 0.244830362674989E-01
 0.235985368002373E-01
 0.226812744741960E-01
 0.217351146963052E-01
 0.207640401733667E-01
 0.197721251476266E-01
 0.188493940713888E-01
 0.193808068398283E-01
 0.199207831016946E-01
 0.203635863497168E-01
 0.207482889508994E-01
 0.211234711392207E-01
 0.213987687305309E-01
 0.216485541061506E-01
 0.218547636691385E-01
 0.219610345035848E-01
 0.220953203982864E-01
 0.221356929360844E-01
 0.221398418053680E-01
 0.221201551539752E-01
 0.220089250628094E-01
 0.219357245988195E-01
 0.217677729117341E-01
 0.216042702476675E-01
 0.213921719128585E-01
 0.211465500179321E-01
 0.208979810115358E-01
 0.205824842120307E-01
 0.203046819694042E-01
 0.199448614560691E-01
 0.196308982726590E-01
 0.192524341589988E-01
 0.188926042683873E-01
 0.185025736439596E-01
 0.181039022412672E-01
 0.177085266364967E-01
 0.172786470599162E-01
 0.168830761442732E-01
 0.164248679933762E-01
 0.159089091146829E-01
 0.153402446161915E-01
 0.147240592170612E-01
 0.140669955634017E-01
 0.134640400111694E-01
 0.128495426287684E-01
 0.122450447286179E-01
 0.116652192671183E-01
 0.111105690383636E-01
 0.105749658258315E-01
 0.100617784227556E-01
 0.957210001689829E-02
 0.910172486114057E-02
 0.865017366460982E-02
 0.821655400438276E-02
 0.779977702951028E-02
 0.740622120490848E-02
 0.702867577200639E-02
 0.693623070573803E-02
 0.697557950284060E-02
 0.701392231217066E-02
 0.701465494264318E-02
 0.697998234401163E-02
 0.694792380205534E-02
 0.688297886252854E-02
 0.678703080316478E-02
 0.669597831474522E-02
 0.657604952308885E-02
 0.643491481724401E-02
 0.629582020913892E-02
 0.613289389332148E-02
 0.596155930585843E-02
 0.578664789471963E-02
 0.559302543583859E-02
 0.540510339240425E-02
 0.520633911053762E-02
 0.500089924138979E-02
 0.494882653845960E-02
 0.498706317779244E-02
 0.501240624230758E-02
 0.502533294730439E-02
 0.502634757338465E-02
 0.501597403405899E-02
 0.499474886927818E-02
 0.496321479720593E-02
 0.492191495406717E-02
 0.487138788214387E-02
 0.481216323110626E-02
 0.474475809278172E-02
 0.466967394576786E-02
 0.458739430129110E-02
 0.449838320482325E-02
 0.440308467808807E-02
 0.430192301406171E-02
 0.419530371237845E-02
 0.408361486250514E-02
 0.396722892231017E-02
 0.384650495994206E-02
 0.372179141943698E-02
 0.359342935376697E-02
 0.346175595969241E-02
 0.332710822938254E-02
 0.318982659465817E-02
 0.305025850068704E-02
 0.290876185190317E-02
 0.276570823506007E-02
 0.262148579336672E-02
 0.247650162709991E-02
 0.233118362765971E-02
 0.218598167902688E-02
 0.204136817517311E-02
 0.189783778998195E-02
 0.175590642296787E-02
 0.161610923600905E-02
 0.147899770925744E-02
 0.134513568610367E-02
 0.121509441533891E-02
 0.108944662197579E-02
 0.968759634225437E-03
 0.853587582435190E-03
 0.744462687422832E-03
 0.641885677917655E-03
 0.546315416955765E-03
 0.458157837635249E-03
 0.377754302021930E-03
 0.305369499911472E-03
 0.241179014732657E-03
 0.185256695545395E-03
 0.137561992879603E-03
 0.979274204745497E-04
 0.660463168391765E-04
 0.414610843425280E-04
 0.235520903109535E-04
 0.115274222411548E-04
 0.441368460830319E-05
 0.104803053859732E-05
 0.716118391558228E-07
 0.000000000000000E+00
 0.000000000000000E+00
 0.000000000000000E+00
 0.000000000000000E+00
 0.000000000000000E+00
 0.000000000000000E+00
 0.000000000000000E+00
 0.000000000000000E+00
 0.000000000000000E+00
 0.000000000000000E+00
 0.000000000000000E+00
 0.000000000000000E+00
 0.000000000000000E+00
 0.000000000000000E+00
 0.000000000000000E+00
 0.000000000000000E+00
 0.000000000000000E+00
 0.000000000000000E+00
 0.000000000000000E+00
 0.000000000000000E+00
 0.000000000000000E+00
 0.000000000000000E+00
 0.000000000000000E+00
 0.000000000000000E+00
 0.000000000000000E+00
 0.000000000000000E+00
 0.000000000000000E+00
 0.000000000000000E+00
 0.000000000000000E+00
 0.000000000000000E+00
 0.000000000000000E+00
 0.000000000000000E+00
 0.000000000000000E+00
 0.000000000000000E+00
 0.000000000000000E+00
 0.000000000000000E+00
 0.000000000000000E+00
 0.000000000000000E+00
 0.000000000000000E+00
 0.000000000000000E+00
 0.000000000000000E+00
 0.000000000000000E+00
 0.000000000000000E+00
 0.000000000000000E+00
 0.000000000000000E+00
 0.000000000000000E+00
 0.000000000000000E+00
 0.000000000000000E+00
 0.000000000000000E+00
 0.000000000000000E+00
 0.000000000000000E+00
 0.000000000000000E+00
 0.000000000000000E+00
 0.000000000000000E+00
 0.000000000000000E+00
 0.000000000000000E+00
 0.000000000000000E+00
 0.000000000000000E+00
 0.000000000000000E+00
 0.000000000000000E+00
 0.000000000000000E+00
 0.000000000000000E+00
 0.000000000000000E+00
 0.000000000000000E+00
 0.000000000000000E+00
 0.000000000000000E+00
 0.000000000000000E+00
 0.000000000000000E+00
 0.000000000000000E+00
 0.000000000000000E+00
 0.000000000000000E+00
 0.000000000000000E+00
 0.000000000000000E+00
 0.000000000000000E+00
 0.000000000000000E+00
 0.000000000000000E+00
 0.000000000000000E+00
 0.000000000000000E+00
 0.000000000000000E+00
 0.000000000000000E+00
 0.000000000000000E+00
 0.000000000000000E+00
 0.000000000000000E+00
 0.000000000000000E+00
 0.000000000000000E+00
 0.000000000000000E+00
 0.000000000000000E+00
 0.000000000000000E+00
 0.000000000000000E+00
 0.000000000000000E+00
 0.000000000000000E+00
 0.000000000000000E+00
 0.000000000000000E+00
 0.000000000000000E+00
 0.000000000000000E+00
 0.000000000000000E+00
 0.000000000000000E+00
 0.000000000000000E+00
 0.000000000000000E+00
 0.000000000000000E+00
 0.000000000000000E+00
 0.000000000000000E+00
 0.000000000000000E+00
 0.000000000000000E+00
 0.000000000000000E+00
 0.000000000000000E+00
 0.000000000000000E+00
 0.000000000000000E+00
 0.000000000000000E+00
 0.000000000000000E+00
 0.000000000000000E+00
 0.000000000000000E+00
 0.000000000000000E+00
 0.000000000000000E+00
 0.000000000000000E+00
 0.000000000000000E+00
 0.000000000000000E+00
 0.000000000000000E+00
 0.000000000000000E+00
 0.000000000000000E+00
 0.000000000000000E+00
 0.000000000000000E+00
 0.000000000000000E+00
 0.000000000000000E+00
 0.000000000000000E+00
 0.000000000000000E+00
 0.000000000000000E+00
 0.000000000000000E+00
 0.000000000000000E+00
 0.000000000000000E+00
 0.000000000000000E+00
 0.000000000000000E+00
 0.000000000000000E+00
 0.000000000000000E+00
 0.000000000000000E+00
 0.000000000000000E+00
 0.000000000000000E+00
 0.000000000000000E+00
 0.000000000000000E+00
 0.000000000000000E+00
 0.000000000000000E+00
 0.000000000000000E+00
 0.000000000000000E+00
 0.000000000000000E+00
 0.000000000000000E+00
 0.000000000000000E+00
 0.000000000000000E+00
 0.000000000000000E+00
 0.000000000000000E+00
 0.000000000000000E+00
 0.000000000000000E+00
 0.000000000000000E+00
 0.000000000000000E+00
 0.000000000000000E+00
 0.000000000000000E+00
 0.000000000000000E+00
 0.000000000000000E+00
 0.000000000000000E+00
 0.000000000000000E+00
 0.000000000000000E+00
 0.000000000000000E+00
 0.000000000000000E+00
 0.000000000000000E+00
 0.000000000000000E+00
 0.000000000000000E+00
 0.000000000000000E+00
 0.000000000000000E+00
 0.000000000000000E+00
 0.000000000000000E+00
 0.000000000000000E+00
 0.000000000000000E+00
 0.000000000000000E+00
 0.000000000000000E+00
 0.000000000000000E+00
 0.000000000000000E+00
 0.000000000000000E+00
 0.000000000000000E+00
 0.000000000000000E+00
 0.000000000000000E+00
 0.000000000000000E+00
 0.000000000000000E+00
 0.000000000000000E+00
 0.000000000000000E+00
 0.000000000000000E+00
 0.000000000000000E+00
 0.000000000000000E+00
 0.000000000000000E+00
 0.000000000000000E+00
 0.000000000000000E+00
 0.000000000000000E+00
 0.000000000000000E+00
 0.000000000000000E+00
 0.000000000000000E+00
 0.000000000000000E+00
 0.000000000000000E+00
 0.000000000000000E+00
 0.000000000000000E+00
 0.000000000000000E+00
 0.000000000000000E+00
 0.000000000000000E+00
 0.000000000000000E+00
 0.000000000000000E+00
 0.000000000000000E+00
 0.000000000000000E+00
 0.000000000000000E+00
 0.000000000000000E+00
 0.000000000000000E+00
 0.000000000000000E+00
 0.000000000000000E+00
 0.000000000000000E+00
 0.000000000000000E+00
 0.000000000000000E+00
 0.000000000000000E+00
 0.000000000000000E+00
 0.000000000000000E+00
 0.000000000000000E+00
 0.000000000000000E+00
 0.000000000000000E+00
 0.000000000000000E+00
 0.000000000000000E+00
 0.000000000000000E+00
 0.000000000000000E+00
 0.000000000000000E+00
 0.000000000000000E+00
 0.000000000000000E+00
 0.000000000000000E+00
 0.000000000000000E+00
 0.000000000000000E+00
 0.000000000000000E+00
 0.000000000000000E+00
 0.000000000000000E+00
 0.000000000000000E+00
 0.000000000000000E+00
 0.000000000000000E+00
 0.000000000000000E+00
 0.000000000000000E+00
 0.000000000000000E+00
 0.000000000000000E+00
 0.000000000000000E+00
 0.000000000000000E+00
 0.000000000000000E+00
 0.000000000000000E+00
 0.000000000000000E+00
 0.000000000000000E+00
 0.000000000000000E+00
 0.000000000000000E+00
 0.000000000000000E+00
 0.000000000000000E+00
 0.000000000000000E+00
 0.000000000000000E+00
 0.000000000000000E+00
 0.000000000000000E+00
 0.000000000000000E+00
 0.000000000000000E+00
 0.000000000000000E+00
 0.000000000000000E+00
 0.000000000000000E+00
 0.000000000000000E+00
 0.000000000000000E+00
 0.000000000000000E+00
 0.000000000000000E+00
 0.000000000000000E+00
 0.000000000000000E+00
 0.000000000000000E+00
 0.000000000000000E+00
 0.000000000000000E+00
 0.000000000000000E+00
 0.000000000000000E+00
 0.000000000000000E+00
 0.000000000000000E+00
 0.000000000000000E+00
 0.000000000000000E+00
 0.000000000000000E+00
 0.000000000000000E+00
 0.000000000000000E+00
 0.000000000000000E+00
 0.000000000000000E+00
 0.000000000000000E+00
 0.000000000000000E+00
 0.000000000000000E+00
 0.000000000000000E+00
 0.000000000000000E+00
 0.000000000000000E+00
 0.000000000000000E+00
 0.000000000000000E+00
 0.000000000000000E+00
 0.000000000000000E+00
 0.000000000000000E+00
 0.000000000000000E+00
 0.000000000000000E+00
 0.000000000000000E+00
 0.000000000000000E+00
 0.000000000000000E+00
 0.000000000000000E+00
 0.000000000000000E+00
 0.000000000000000E+00
 0.000000000000000E+00
 0.000000000000000E+00
 0.000000000000000E+00
 0.000000000000000E+00
 0.000000000000000E+00
 0.000000000000000E+00
 0.000000000000000E+00
 0.000000000000000E+00
 0.000000000000000E+00
 0.000000000000000E+00
 0.000000000000000E+00
 0.000000000000000E+00
 0.000000000000000E+00
 0.000000000000000E+00
 0.000000000000000E+00
 0.000000000000000E+00
 0.000000000000000E+00
 0.000000000000000E+00
 0.000000000000000E+00
 0.000000000000000E+00
 0.000000000000000E+00
 0.000000000000000E+00
 0.000000000000000E+00
 0.000000000000000E+00
 0.000000000000000E+00
 0.000000000000000E+00
 0.000000000000000E+00
 0.000000000000000E+00
 0.000000000000000E+00
 0.000000000000000E+00
 0.000000000000000E+00
 0.000000000000000E+00
 0.000000000000000E+00
 0.000000000000000E+00
 0.000000000000000E+00
 0.000000000000000E+00
 0.000000000000000E+00
 0.000000000000000E+00
 0.000000000000000E+00
 0.000000000000000E+00
 0.000000000000000E+00
 0.000000000000000E+00
 0.000000000000000E+00
 0.000000000000000E+00
 0.000000000000000E+00
 0.000000000000000E+00
 0.000000000000000E+00
 0.000000000000000E+00
 0.000000000000000E+00
 0.000000000000000E+00
 0.000000000000000E+00
 0.000000000000000E+00
