 0.438175602813413E-08
 0.656625590893835E-07
 0.283620636966827E-06
 0.760707633121770E-06
 0.158941252191141E-05
 0.286784202027489E-05
 0.510096753736335E-05
 0.857754216694385E-05
 0.136182216458888E-04
 0.206525833281069E-04
 0.301650307468297E-04
 0.426922880937225E-04
 0.588198301235604E-04
 0.791773515489556E-04
 0.104433390552053E-03
 0.135289237305890E-03
 0.172472277669900E-03
 0.216728941386625E-03
 0.268817436795188E-03
 0.329500454291491E-03
 0.399537998808612E-03
 0.479680468241901E-03
 0.570662041221391E-03
 0.673194389281085E-03
 0.787960705287178E-03
 0.915610049164389E-03
 0.105871891348424E-02
 0.121639460372342E-02
 0.138903201372978E-02
 0.157710514346016E-02
 0.178102989813516E-02
 0.200116236762689E-02
 0.223779843929306E-02
 0.249117464571570E-02
 0.276146999221988E-02
 0.304880848110385E-02
 0.335326215986222E-02
 0.367485468482493E-02
 0.401356548812992E-02
 0.436933458474301E-02
 0.474206790363859E-02
 0.513164289223598E-02
 0.553791413950258E-02
 0.596071890023836E-02
 0.639988259040762E-02
 0.685522445679167E-02
 0.732656366388160E-02
 0.781372600390939E-02
 0.831655130506284E-02
 0.883490134207408E-02
 0.936866761897648E-02
 0.991777793901705E-02
 0.104822005062611E-01
 0.110619447116505E-01
 0.116570587503806E-01
 0.122676254184357E-01
 0.128937582012266E-01
 0.135355995993521E-01
 0.141933224850629E-01
 0.148671336393241E-01
 0.155572772480256E-01
 0.162640356764598E-01
 0.169877254890669E-01
 0.177286881378881E-01
 0.184872764079168E-01
 0.192638389664674E-01
 0.200587058099404E-01
 0.208721769151064E-01
 0.217045151242299E-01
 0.225559426018665E-01
 0.234266386409661E-01
 0.243167357694615E-01
 0.252263114483079E-01
 0.261553741527298E-01
 0.271038447627462E-01
 0.280715360701652E-01
 0.290581340200975E-01
 0.300631837036469E-01
 0.310860814087084E-01
 0.321260719742998E-01
 0.331822491084249E-01
 0.342535557628676E-01
 0.353387822147189E-01
 0.364365608917094E-01
 0.375453586747727E-01
 0.386634688085624E-01
 0.397890051369022E-01
 0.409199008926588E-01
 0.420539128422725E-01
 0.431886297695445E-01
 0.443214828796436E-01
 0.454497554012646E-01
 0.465705896690443E-01
 0.476809918433598E-01
 0.487778362841954E-01
 0.498578725437208E-01
 0.509177375371756E-01
 0.519539738935194E-01
 0.529630534737923E-01
 0.539414034067969E-01
 0.548854313457784E-01
 0.557915472083653E-01
 0.566561802116169E-01
 0.574757920015619E-01
 0.582468883769538E-01
 0.589660328667259E-01
 0.596298649226504E-01
 0.602351239020486E-01
 0.607786779393298E-01
 0.612575550026501E-01
 0.616689725272568E-01
 0.620103622948347E-01
 0.622793885901229E-01
 0.624739596799468E-01
 0.625922346579819E-01
 0.626326289558658E-01
 0.625938218113303E-01
 0.624747676531762E-01
 0.622747112175059E-01
 0.619932041353471E-01
 0.616301196017225E-01
 0.611856620242067E-01
 0.606603701384283E-01
 0.600551143006208E-01
 0.593710905429461E-01
 0.586098145952551E-01
 0.577731180307901E-01
 0.568631463967369E-01
 0.558823568055140E-01
 0.548335113368558E-01
 0.537196634667305E-01
 0.525441371983256E-01
 0.513105012934590E-01
 0.500225425453096E-01
 0.486842417097202E-01
 0.472997539039864E-01
 0.458733930367633E-01
 0.444096181420369E-01
 0.429130188079165E-01
 0.413882971429047E-01
 0.398402446193595E-01
 0.382737134206825E-01
 0.366935833736730E-01
 0.351047268543484E-01
 0.335119747753823E-01
 0.319200865193293E-01
 0.303337254251150E-01
 0.287574395870753E-01
 0.271956460436488E-01
 0.256526156542844E-01
 0.241324564143436E-01
 0.226390943666883E-01
 0.211762529083983E-01
 0.197474323822329E-01
 0.183558919691036E-01
 0.170046351748130E-01
 0.156963991153851E-01
 0.144336468686121E-01
 0.132185616814794E-01
 0.120550444016435E-01
 0.116574232794006E-01
 0.118927246514730E-01
 0.121354091142410E-01
 0.123362659602332E-01
 0.125642977915109E-01
 0.127227430209564E-01
 0.129296080476754E-01
 0.130663392484440E-01
 0.132349640299605E-01
 0.133552915095640E-01
 0.135083907616267E-01
 0.136138375945048E-01
 0.137326897837492E-01
 0.138222711495019E-01
 0.139001731623964E-01
 0.139766462114753E-01
 0.140143971062215E-01
 0.140780376271429E-01
 0.140498642330814E-01
 0.139242448683502E-01
 0.150518362100621E-01
 0.166712175541091E-01
 0.183136402331587E-01
 0.200223205082818E-01
 0.218241922273441E-01
 0.236356970544676E-01
 0.254500625860574E-01
 0.272908249846834E-01
 0.292366054676316E-01
 0.311683182032236E-01
 0.330782694486243E-01
 0.349592714798436E-01
 0.369645997480955E-01
 0.389367735060525E-01
 0.408634015711572E-01
 0.427358297338737E-01
 0.446916041654621E-01
 0.466099624195848E-01
 0.484563703533139E-01
 0.502223047668895E-01
 0.520767660117308E-01
 0.538575492835583E-01
 0.555394065275440E-01
 0.571812507001751E-01
 0.588540451513578E-01
 0.604094640784833E-01
 0.618408782393579E-01
 0.633561212286207E-01
 0.647568544361692E-01
 0.660185978959683E-01
 0.673181619740420E-01
 0.685317129784106E-01
 0.695911837601755E-01
 0.706769689594018E-01
 0.716848276340604E-01
 0.725299742842174E-01
 0.734801828595000E-01
 0.742780595940951E-01
 0.749897459864856E-01
 0.757399282372829E-01
 0.763123176384546E-01
 0.769127916890345E-01
 0.774333791200996E-01
 0.778325104036560E-01
 0.783127835642401E-01
 0.786072162504118E-01
 0.789625375403058E-01
 0.792213312010436E-01
 0.794062795988888E-01
 0.796467391554350E-01
 0.796960276273165E-01
 0.799092681822527E-01
 0.799426970780831E-01
 0.797811245261018E-01
 0.794250760890731E-01
 0.788761145204710E-01
 0.781362161857828E-01
 0.772072309189926E-01
 0.760906327934462E-01
 0.749305097381671E-01
 0.738322739611720E-01
 0.725514011761489E-01
 0.711927748182911E-01
 0.698771351426745E-01
 0.685890060519786E-01
 0.673458564450385E-01
 0.661251452741945E-01
 0.649430798753946E-01
 0.638044612264245E-01
 0.626934828068069E-01
 0.616083104517927E-01
 0.605466486036381E-01
 0.595346883862525E-01
 0.585488483426389E-01
 0.575827765698189E-01
 0.566289073159706E-01
 0.556799327612667E-01
 0.547979413222923E-01
 0.539291096776531E-01
 0.530520636847864E-01
 0.522066430465276E-01
 0.514074984335369E-01
 0.505880679905685E-01
 0.498074340521229E-01
 0.489031645767527E-01
 0.478775614116214E-01
 0.467332724702348E-01
 0.454733717051709E-01
 0.441014012666073E-01
 0.426213657888220E-01
 0.410377076332051E-01
 0.393552956446846E-01
 0.393846838346909E-01
 0.399598358714072E-01
 0.405408625860738E-01
 0.410086374988466E-01
 0.415489886770991E-01
 0.419245487237448E-01
 0.424046059081689E-01
 0.427420785065011E-01
 0.431210653679286E-01
 0.434277913303289E-01
 0.437222561655121E-01
 0.440103027145377E-01
 0.442122277978161E-01
 0.444821879640452E-01
 0.446036260457148E-01
 0.448669337156832E-01
 0.449602402074218E-01
 0.448871908099092E-01
 0.446524040870092E-01
 0.442612515995967E-01
 0.437196422336908E-01
 0.431518533552907E-01
 0.426221603628706E-01
 0.419607091172461E-01
 0.412782380743033E-01
 0.406143010731210E-01
 0.399751545174304E-01
 0.393406669507138E-01
 0.387301495966008E-01
 0.381361647072498E-01
 0.375542832415100E-01
 0.369849446661854E-01
 0.364282497071145E-01
 0.358802548312045E-01
 0.353580318781267E-01
 0.348532826069856E-01
 0.343519019589476E-01
 0.338492570199824E-01
 0.333510384864034E-01
 0.328947351214633E-01
 0.324275786354055E-01
 0.319439163163517E-01
 0.315222396030108E-01
 0.310835260016773E-01
 0.306304159565041E-01
 0.302361296452531E-01
 0.297581185723821E-01
 0.291875007629712E-01
 0.285289180763840E-01
 0.277875253103576E-01
 0.269690003008662E-01
 0.260794879939765E-01
 0.251255147164977E-01
 0.241139115817043E-01
 0.243836812397023E-01
 0.260579000151861E-01
 0.278067362228565E-01
 0.296011310845790E-01
 0.313880810470547E-01
 0.331589867334060E-01
 0.349054339425074E-01
 0.367476783477481E-01
 0.385726587165534E-01
 0.403544274540376E-01
 0.420845408254925E-01
 0.438360887457892E-01
 0.456158798639021E-01
 0.473282603360756E-01
 0.489641449095128E-01
 0.506262361063628E-01
 0.522730688908512E-01
 0.538224772681885E-01
 0.552661655770922E-01
 0.567822325162166E-01
 0.582022224096903E-01
 0.594972628067929E-01
 0.607743655101270E-01
 0.620433908428084E-01
 0.631729590278446E-01
 0.642657715437853E-01
 0.653500641932139E-01
 0.662773216671214E-01
 0.671841069228993E-01
 0.680633165751122E-01
 0.687734114653157E-01
 0.695562778404178E-01
 0.702165581726193E-01
 0.707682386458345E-01
 0.713819353551662E-01
 0.718110154048550E-01
 0.722920050075546E-01
 0.726747920336024E-01
 0.729782736292130E-01
 0.733223434956571E-01
 0.734669180154059E-01
 0.737465348872477E-01
 0.738585022134089E-01
 0.739913067071169E-01
 0.740842405279749E-01
 0.740881260659857E-01
 0.741767791164157E-01
 0.740592422568695E-01
 0.737314690198425E-01
 0.731907114637760E-01
 0.724355418834630E-01
 0.714656863726763E-01
 0.702817365440019E-01
 0.692274455664990E-01
 0.680731425370022E-01
 0.667634453073695E-01
 0.654780908356158E-01
 0.642338821888670E-01
 0.630136799291824E-01
 0.618455648923596E-01
 0.607022466264687E-01
 0.595887035175888E-01
 0.585094487938441E-01
 0.574647645208699E-01
 0.564526539575174E-01
 0.554680398412548E-01
 0.545072590634707E-01
 0.535619670049111E-01
 0.526394764416505E-01
 0.517776260774090E-01
 0.509185765961792E-01
 0.519674799846702E-01
 0.543405054289401E-01
 0.565722167420261E-01
 0.586564589127986E-01
 0.608539551149169E-01
 0.629158528513691E-01
 0.648147670910946E-01
 0.667670020391169E-01
 0.686305056795057E-01
 0.703186399326580E-01
 0.720454823762083E-01
 0.736838413927536E-01
 0.751351227793681E-01
 0.766546081083776E-01
 0.780446529944559E-01
 0.792411256023987E-01
 0.805709748828704E-01
 0.816985831428468E-01
 0.827088664753179E-01
 0.837706797751807E-01
 0.846284665068923E-01
 0.855295847244619E-01
 0.863347141127410E-01
 0.869993087654879E-01
 0.877595893535124E-01
 0.883092778939173E-01
 0.889262498996207E-01
 0.894324494519653E-01
 0.898399962541004E-01
 0.903065386808737E-01
 0.905576609130821E-01
 0.909526467253254E-01
 0.911805887242656E-01
 0.914157909953691E-01
 0.916271308477621E-01
 0.916235286654051E-01
 0.914089158766000E-01
 0.909874445722760E-01
 0.903634403392317E-01
 0.895415232658535E-01
 0.885268229823967E-01
 0.873251912815938E-01
 0.860269618065571E-01
 0.848522563163088E-01
 0.835039048668469E-01
 0.820104399996029E-01
 0.805367192783510E-01
 0.791052517277643E-01
 0.777061813746093E-01
 0.763596006605836E-01
 0.750400212924119E-01
 0.737549545133431E-01
 0.725065942371528E-01
 0.712959286174663E-01
 0.701216794928137E-01
 0.689799464034420E-01
 0.678680076613346E-01
 0.667793455525155E-01
 0.657063961257144E-01
 0.646766984462305E-01
 0.636905587966082E-01
 0.627096575992318E-01
 0.617261910302500E-01
 0.608167538687522E-01
 0.599113813606732E-01
 0.589882956601345E-01
 0.581436115235812E-01
 0.571795703014314E-01
 0.561009898220420E-01
 0.549130966073356E-01
 0.536215583461802E-01
 0.522324666826276E-01
 0.507522822457478E-01
 0.491877747756240E-01
 0.475459843905757E-01
 0.458342009173634E-01
 0.440599317810835E-01
 0.422308294597362E-01
 0.403545792256001E-01
 0.384387837156161E-01
 0.364908926416429E-01
 0.345182016557358E-01
 0.325279008183527E-01
 0.305271227450360E-01
 0.285229455427156E-01
 0.265223409878558E-01
 0.245320969697330E-01
 0.225587580675157E-01
 0.206086123236681E-01
 0.186877212169103E-01
 0.168019663384944E-01
 0.149570825621528E-01
 0.133255462686574E-01
 0.118061729664376E-01
 0.108176743991729E-01
 0.107912017068734E-01
 0.107017815149460E-01
 0.105905913868501E-01
 0.104784383648193E-01
 0.103621470342674E-01
 0.102518595777697E-01
 0.101418687818578E-01
 0.100369330786899E-01
 0.993813844145062E-02
 0.108131751396512E-01
 0.117443177215190E-01
 0.127188419806268E-01
 0.137334955946568E-01
 0.147849253204034E-01
 0.158696079613956E-01
 0.169837345201577E-01
 0.181670124298777E-01
 0.193831313654697E-01
 0.206208768293856E-01
 0.218760725051971E-01
 0.231440932182581E-01
 0.244196243047589E-01
 0.257583407018294E-01
 0.271099543629366E-01
 0.284572928238996E-01
 0.297944106709225E-01
 0.311145976964317E-01
 0.324817454284706E-01
 0.338461251239774E-01
 0.351771768246919E-01
 0.364674217197905E-01
 0.377093337281448E-01
 0.390150118153861E-01
 0.402700527076728E-01
 0.414659867071119E-01
 0.426198794118888E-01
 0.438166599823077E-01
 0.449374860978632E-01
 0.459744975010593E-01
 0.470001646412060E-01
 0.480136965865899E-01
 0.489321983496672E-01
 0.498126155420968E-01
 0.507061301328048E-01
 0.514918477607414E-01
 0.522445402792320E-01
 0.529946449265605E-01
 0.536267783094440E-01
 0.542975450170326E-01
 0.548948278353786E-01
 0.553673052031569E-01
 0.559254240453628E-01
 0.563478918180561E-01
 0.567591273768401E-01
 0.571519212763360E-01
 0.574139971021142E-01
 0.577776665193840E-01
 0.579937642125980E-01
 0.582377416720960E-01
 0.584320746517849E-01
 0.585621855123127E-01
 0.587431758721860E-01
 0.587718914460664E-01
 0.589444510836842E-01
 0.589615347848885E-01
 0.588195157969474E-01
 0.585153394856774E-01
 0.580463689394538E-01
 0.574103050956347E-01
 0.566052231117035E-01
 0.557158421219112E-01
 0.549261953446610E-01
 0.539741532618561E-01
 0.529710166342532E-01
 0.519906352939728E-01
 0.510368028444039E-01
 0.501115306308480E-01
 0.492021400229412E-01
 0.483293523761989E-01
 0.474807439663868E-01
 0.466513272225676E-01
 0.458402505346495E-01
 0.450446719025625E-01
 0.442921075204656E-01
 0.435589163728559E-01
 0.428397656344680E-01
 0.421269072011135E-01
 0.414165296274476E-01
 0.407725798830925E-01
 0.414732665442196E-01
 0.430386410086892E-01
 0.446031844867246E-01
 0.461333325618011E-01
 0.475114217089918E-01
 0.489238996705276E-01
 0.502551489515168E-01
 0.514205851783980E-01
 0.527027380866176E-01
 0.538091827488413E-01
 0.548549189720296E-01
 0.559012462386810E-01
 0.567598205142650E-01
 0.577124592614974E-01
 0.585105737495210E-01
 0.592628318809291E-01
 0.600042736988916E-01
 0.605783422998899E-01
 0.612709171608155E-01
 0.617577230409101E-01
 0.623253766589231E-01
 0.627685119905015E-01
 0.631912208983032E-01
 0.635959196541651E-01
 0.638569195743767E-01
 0.642329588042287E-01
 0.643926664284806E-01
 0.647183222261653E-01
 0.648561709287526E-01
 0.650433798092450E-01
 0.651616619486124E-01
 0.650606676361170E-01
 0.647408599259084E-01
 0.642036541898309E-01
 0.634514788280116E-01
 0.624877568840888E-01
 0.617025941350483E-01
 0.607746443579072E-01
 0.597087359584368E-01
 0.586563717629910E-01
 0.576381899262938E-01
 0.566333252713607E-01
 0.556664994567058E-01
 0.547164203007427E-01
 0.537902358643930E-01
 0.528906509195485E-01
 0.520180327167126E-01
 0.511700976033880E-01
 0.503429336727437E-01
 0.495305656210208E-01
 0.487246898494484E-01
 0.479700988936946E-01
 0.472400167192869E-01
 0.465057166668778E-01
 0.457580546168571E-01
 0.450963751732787E-01
 0.444228935169665E-01
 0.437205106532749E-01
 0.431049789996717E-01
 0.424685780176485E-01
 0.427374863870102E-01
 0.438112030702494E-01
 0.447108686207647E-01
 0.455812017859513E-01
 0.464047925656609E-01
 0.470685313970415E-01
 0.478371902498058E-01
 0.484224231474097E-01
 0.490894875655253E-01
 0.496212772947457E-01
 0.501150031517123E-01
 0.505961132410274E-01
 0.509597598690482E-01
 0.514056030175466E-01
 0.516526570278225E-01
 0.520365572338054E-01
 0.522464921785764E-01
 0.525179087134492E-01
 0.527043186836152E-01
 0.528701370690290E-01
 0.530402518941976E-01
 0.531054161542141E-01
 0.532677638169630E-01
 0.532310520585804E-01
 0.529965537429035E-01
 0.525660572075155E-01
 0.519421547688208E-01
 0.511285441199917E-01
 0.504862062916014E-01
 0.496941324726060E-01
 0.487967732651397E-01
 0.479238758926740E-01
 0.470706755255907E-01
 0.462507767693742E-01
 0.454469112076755E-01
 0.446624594381076E-01
 0.439020110458725E-01
 0.431674504448469E-01
 0.424589346041279E-01
 0.417748174736107E-01
 0.411093713863615E-01
 0.404560507497422E-01
 0.398076645852078E-01
 0.391738028843318E-01
 0.385862361565309E-01
 0.379920124729986E-01
 0.373843440801755E-01
 0.368292300696003E-01
 0.362828239752457E-01
 0.357074619310111E-01
 0.351913211677723E-01
 0.346688390896895E-01
 0.341180472808463E-01
 0.334450635492151E-01
 0.326538100143123E-01
 0.317487695873438E-01
 0.307349205089974E-01
 0.296176330374906E-01
 0.284287900614980E-01
 0.287875609153094E-01
 0.289884027351235E-01
 0.293006107311636E-01
 0.294634487028849E-01
 0.297228546585443E-01
 0.298613213982426E-01
 0.300667028757295E-01
 0.301865073530618E-01
 0.303253014465414E-01
 0.304295209297064E-01
 0.304983896732810E-01
 0.305989043097765E-01
 0.305352184898796E-01
 0.303092652314815E-01
 0.299242296540228E-01
 0.295045221528459E-01
 0.291350723843005E-01
 0.286462809839167E-01
 0.281630734490101E-01
 0.276885972018200E-01
 0.272174060449596E-01
 0.267641974660986E-01
 0.263248291591117E-01
 0.258964542563211E-01
 0.254801290654653E-01
 0.250737423435315E-01
 0.246758393068900E-01
 0.242841657174986E-01
 0.238993047081334E-01
 0.235496211492046E-01
 0.232023947892648E-01
 0.228495538700650E-01
 0.224859558668014E-01
 0.221793314713906E-01
 0.218589309152981E-01
 0.216829167236837E-01
 0.221294431398535E-01
 0.224854190012459E-01
 0.228472047189321E-01
 0.231520999995302E-01
 0.234506753578287E-01
 0.237137130986468E-01
 0.239711096409272E-01
 0.241990820209555E-01
 0.244088420207566E-01
 0.245973871341275E-01
 0.247245962644793E-01
 0.248843991921527E-01
 0.249525547855592E-01
 0.250918256839257E-01
 0.250894699710015E-01
 0.252107943415496E-01
 0.251741761999594E-01
 0.252766327077094E-01
 0.252413579584426E-01
 0.250466287986208E-01
 0.246909711730745E-01
 0.242959522902540E-01
 0.239494350263489E-01
 0.235010203883445E-01
 0.230664381765806E-01
 0.226502480097572E-01
 0.230458767986221E-01
 0.246327466925039E-01
 0.263069727882701E-01
 0.279248123190327E-01
 0.294798791500227E-01
 0.310622348489889E-01
 0.326437804097621E-01
 0.341468581518066E-01
 0.355940015105014E-01
 0.371121603686653E-01
 0.385380176527947E-01
 0.398659562489440E-01
 0.412845885833823E-01
 0.425944974848587E-01
 0.437898954032241E-01
 0.450486916410578E-01
 0.462133269892438E-01
 0.472521226552642E-01
 0.483741435008736E-01
 0.493628577542755E-01
 0.502406107454038E-01
 0.511857478033294E-01
 0.519867622190259E-01
 0.527637241749564E-01
 0.535183247849456E-01
 0.541176723962223E-01
 0.547864144159458E-01
 0.553386419020342E-01
 0.558463136297463E-01
 0.563594943712708E-01
 0.567069736951834E-01
 0.571551005972690E-01
 0.574677993323039E-01
 0.577766247197642E-01
 0.580624698059624E-01
 0.582419964413089E-01
 0.585047779293607E-01
 0.585942167353179E-01
 0.588060955104687E-01
 0.588826850007375E-01
 0.589942251633707E-01
 0.590581756011262E-01
 0.589477816353780E-01
 0.586631304596239E-01
 0.582051196842130E-01
 0.575755277896998E-01
 0.567770873903021E-01
 0.558481818121231E-01
 0.550698001068942E-01
 0.541312512947385E-01
 0.531075902663680E-01
 0.521182364591930E-01
 0.511467421956484E-01
 0.502170908618050E-01
 0.493013691163790E-01
 0.484070410653170E-01
 0.475366472295645E-01
 0.466937721958630E-01
 0.458791715225076E-01
 0.450924012617537E-01
 0.443301112390896E-01
 0.435866069333654E-01
 0.428584993269812E-01
 0.421390543707711E-01
 0.414491592476824E-01
 0.407953019497539E-01
 0.401373693022868E-01
 0.394693767783256E-01
 0.388756503082773E-01
 0.382704331267769E-01
 0.376441845807203E-01
 0.370993378643692E-01
 0.364476237090112E-01
 0.356888881357027E-01
 0.348256483264445E-01
 0.338609363472974E-01
 0.327984262470044E-01
 0.316424879533733E-01
 0.303981435202936E-01
 0.308244263015726E-01
 0.312915432460360E-01
 0.317867659359200E-01
 0.321645327894451E-01
 0.326017173762434E-01
 0.329386857838899E-01
 0.332588462811854E-01
 0.335675058426861E-01
 0.338086865328799E-01
 0.340992714439720E-01
 0.342748596658186E-01
 0.345459867856642E-01
 0.346993911220934E-01
 0.348748398425745E-01
 0.350163937752413E-01
 0.351315126619711E-01
 0.352726272572811E-01
 0.352993498016966E-01
 0.352161601416138E-01
 0.350282014953492E-01
 0.347411567089351E-01
 0.343611620436911E-01
 0.338947934639571E-01
 0.334579226778116E-01
 0.329989843057820E-01
 0.324687429950646E-01
 0.319278453269698E-01
 0.314000969029645E-01
 0.308935012734061E-01
 0.303933718751520E-01
 0.299076851084299E-01
 0.294384730084633E-01
 0.289794184321625E-01
 0.285317877118226E-01
 0.280949850238565E-01
 0.276672412782934E-01
 0.272462122675101E-01
 0.268437152872351E-01
 0.264542935186290E-01
 0.260683324115783E-01
 0.256822951280837E-01
 0.253092138960908E-01
 0.249550920426412E-01
 0.257601621467206E-01
 0.270240426135673E-01
 0.283214626141132E-01
 0.296465088826880E-01
 0.309932874681157E-01
 0.323558122674196E-01
 0.337278711147875E-01
 0.351029080217639E-01
 0.365288882329740E-01
 0.379739966539081E-01
 0.394087839874496E-01
 0.408255878140986E-01
 0.422161796747625E-01
 0.435794657355556E-01
 0.449997571993591E-01
 0.463762217949325E-01
 0.477010994275944E-01
 0.489664861083109E-01
 0.502401273992468E-01
 0.515159629920451E-01
 0.527168102812033E-01
 0.538337542382986E-01
 0.549855309649840E-01
 0.560825063415367E-01
 0.570764145232944E-01
 0.580039774734704E-01
 0.589719930740777E-01
 0.598239061318026E-01
 0.605928267677263E-01
 0.614020165113067E-01
 0.620779973254357E-01
 0.626939303341778E-01
 0.633388850686323E-01
 0.638408427996122E-01
 0.643880928468150E-01
 0.648466633484573E-01
 0.651798616928792E-01
 0.655963542168729E-01
 0.658535215831698E-01
 0.661423996512574E-01
 0.663683111635323E-01
 0.665103592041480E-01
 0.667134725917586E-01
 0.667461630785068E-01
 0.669078635309746E-01
 0.669197868009202E-01
 0.669562392170336E-01
 0.669619124450343E-01
 0.667870407623371E-01
 0.664266815463763E-01
 0.658767032983202E-01
 0.651336303771137E-01
 0.641944659166236E-01
 0.630776043330080E-01
 0.621635706552305E-01
 0.610551702748196E-01
 0.598689827510489E-01
 0.587195517147389E-01
 0.575904795801870E-01
 0.565075457271578E-01
 0.554414882852283E-01
 0.543989555930723E-01
 0.533954155486952E-01
 0.524160817081999E-01
 0.514588669243618E-01
 0.505434498425806E-01
 0.496549598860072E-01
 0.498286019769495E-01
 0.526543020684619E-01
 0.556531082700586E-01
 0.585495200660889E-01
 0.613257858932524E-01
 0.640794229379836E-01
 0.668911776710215E-01
 0.695603921413604E-01
 0.720795074333240E-01
 0.747093105986320E-01
 0.772261062821667E-01
 0.795733644367994E-01
 0.819003517233533E-01
 0.842154585672108E-01
 0.863409374770002E-01
 0.883413201243105E-01
 0.904170226632588E-01
 0.922874735985628E-01
 0.939987056327971E-01
 0.958103766957452E-01
 0.974042254461084E-01
 0.988829454038383E-01
 0.100417099857171E+00
 0.101721206342842E+00
 0.102994657077664E+00
 0.104229981375687E+00
 0.105225098387545E+00
 0.106323279656874E+00
 0.107248732680877E+00
 0.108046146114457E+00
 0.108914891299527E+00
 0.109531759371842E+00
 0.110233796819769E+00
 0.110797575845897E+00
 0.111270203669904E+00
 0.111797243200519E+00
 0.112067051190125E+00
 0.112520456132903E+00
 0.112758470994589E+00
 0.113003481138070E+00
 0.113220688972633E+00
 0.113179051180995E+00
 0.112879795910106E+00
 0.112324692303683E+00
 0.111516059670792E+00
 0.110456848559708E+00
 0.109150787373018E+00
 0.107602562120095E+00
 0.105981631077000E+00
 0.104468819832352E+00
 0.102729859447159E+00
 0.100862921684493E+00
 0.990455539943668E-01
 0.972715785202474E-01
 0.955671554602542E-01
 0.938869893911190E-01
 0.922411388592884E-01
 0.906474864505990E-01
 0.890969887706023E-01
 0.875803455570099E-01
 0.861111096349367E-01
 0.846945312874810E-01
 0.833144834282160E-01
 0.819646482751280E-01
 0.806345833335596E-01
 0.793148693440582E-01
 0.780911195889035E-01
 0.768796932622951E-01
 0.756618333865559E-01
 0.744924007508962E-01
 0.733792370357502E-01
 0.722442251467381E-01
 0.711611703608790E-01
 0.699223823173958E-01
 0.685321316569805E-01
 0.669952143619692E-01
 0.653169784397766E-01
 0.635033319813344E-01
 0.615607369393210E-01
 0.594961868475494E-01
 0.573171621832047E-01
 0.550315613732176E-01
 0.526476168144580E-01
 0.501738140898665E-01
 0.476188299435107E-01
 0.449914909093174E-01
 0.423007399294913E-01
 0.395555946213074E-01
 0.398686147335818E-01
 0.403567460695774E-01
 0.407111646277489E-01
 0.411088427977746E-01
 0.414332278835612E-01
 0.417561278454091E-01
 0.420585058689836E-01
 0.422840535976337E-01
 0.425602517964165E-01
 0.426836797835473E-01
 0.429545013168607E-01
 0.430673429882200E-01
 0.430288374724253E-01
 0.428458078289780E-01
 0.425251875179698E-01
 0.420740482767621E-01
 0.415494235209604E-01
 0.411052901954610E-01
 0.405423138661752E-01
 0.399159693632027E-01
 0.392961431666915E-01
 0.386918118626109E-01
 0.381009877782666E-01
 0.375254639909251E-01
 0.369601099818337E-01
 0.364097205178591E-01
 0.358767648048453E-01
 0.353585063332152E-01
 0.348520750875650E-01
 0.343563305889105E-01
 0.338674114268218E-01
 0.333814747508045E-01
 0.329167008457940E-01
 0.324752185941972E-01
 0.320323051866645E-01
 0.315799748691357E-01
 0.311720452810707E-01
 0.307572108661647E-01
 0.303195646215242E-01
 0.299319456144305E-01
 0.295244827871380E-01
 0.291110422405546E-01
 0.286186624623616E-01
 0.280541631652898E-01
 0.274243845434850E-01
 0.267359732810691E-01
 0.259952890102504E-01
 0.252084474009308E-01
 0.260202730644392E-01
 0.271273934196557E-01
 0.282556832057590E-01
 0.294156863344506E-01
 0.305508287566132E-01
 0.316523075899940E-01
 0.327117699217598E-01
 0.338291030635116E-01
 0.348999032602765E-01
 0.359152768406587E-01
 0.368684625943421E-01
 0.378871002304968E-01
 0.388376333619042E-01
 0.397121309060740E-01
 0.405672285330610E-01
 0.414240915948941E-01
 0.421934366211072E-01
 0.429131997880182E-01
 0.436589089089092E-01
 0.443059990967072E-01
 0.449144198796318E-01
 0.455328753193511E-01
 0.460429366778898E-01
 0.465598687001301E-01
 0.470362037413341E-01
 0.473940684014488E-01
 0.478359764266769E-01
 0.481614996414837E-01
 0.484711002447101E-01
 0.487679028645248E-01
 0.489561887268020E-01
 0.492308010209689E-01
 0.493745144807192E-01
 0.495609240249095E-01
 0.496846484449361E-01
 0.497714867630536E-01
 0.498785106009360E-01
 0.498481497774919E-01
 0.499422749523750E-01
 0.499003954429006E-01
 0.497201347780290E-01
 0.493992079173262E-01
 0.489353496694649E-01
 0.483263896885836E-01
 0.475704570998252E-01
 0.468206793756749E-01
 0.460759269001011E-01
 0.451971198789706E-01
 0.443142381190848E-01
 0.434587573934666E-01
 0.426287757758429E-01
 0.418208961460382E-01
 0.410429758871259E-01
 0.402849621184827E-01
 0.395493267408724E-01
 0.388363593253628E-01
 0.381442431259001E-01
 0.374703350355872E-01
 0.368106161356970E-01
 0.361603293918551E-01
 0.355562136737033E-01
 0.349647856530587E-01
 0.343760405702803E-01
 0.337839812155322E-01
 0.332506600052915E-01
 0.330174517785221E-01
 0.341776229844186E-01
 0.352155158453870E-01
 0.363265611999586E-01
 0.373238245038063E-01
 0.382690880995711E-01
 0.392179428780194E-01
 0.400270915730055E-01
 0.408776788266305E-01
 0.416373175011623E-01
 0.423586334729112E-01
 0.430706770239514E-01
 0.436312102481436E-01
 0.442852492377359E-01
 0.447867126277672E-01
 0.453033537732008E-01
 0.457623324529473E-01
 0.461581540559094E-01
 0.465826750182802E-01
 0.468654029254482E-01
 0.472664302845769E-01
 0.475036787817180E-01
 0.478284101033711E-01
 0.480444823593754E-01
 0.482520799959657E-01
 0.484490942955374E-01
 0.485706851435100E-01
 0.487632814657122E-01
 0.487901095520230E-01
 0.486522492650148E-01
 0.483515045851705E-01
 0.478904495084984E-01
 0.472724686040584E-01
 0.466458337731680E-01
 0.460399079664420E-01
 0.452927539772870E-01
 0.445107780936849E-01
 0.437474487363204E-01
 0.430078691588493E-01
 0.422805554418739E-01
 0.415645890178391E-01
 0.408838771488729E-01
 0.402184588420326E-01
 0.395673177801381E-01
 0.389289503696994E-01
 0.383008131872582E-01
 0.377070209359078E-01
 0.371249338102047E-01
 0.365508927911940E-01
 0.359800556662448E-01
 0.354169688945455E-01
 0.349041091985312E-01
 0.343857089176548E-01
 0.338539528219545E-01
 0.333776774357230E-01
 0.328981410377477E-01
 0.323946467798088E-01
 0.319618622606963E-01
 0.314275722033343E-01
 0.307949779908279E-01
 0.300676741385123E-01
 0.292495785816628E-01
 0.283448596794515E-01
 0.273578988981787E-01
 0.262933203013548E-01
 0.251560820193556E-01
 0.239515830442923E-01
 0.226857206460908E-01
 0.213648539147375E-01
 0.199956754847050E-01
 0.185850371419850E-01
 0.171397908545625E-01
 0.168612856456811E-01
 0.169629832269147E-01
 0.169533205500093E-01
 0.167972321844754E-01
 0.165169798035074E-01
 0.163587849296342E-01
 0.160908602430896E-01
 0.160443926657421E-01
 0.171374198248539E-01
 0.182610120513929E-01
 0.193221730325635E-01
 0.203471745196802E-01
 0.214142904566024E-01
 0.224028069661951E-01
 0.233397670952388E-01
 0.243122058341442E-01
 0.251916036081558E-01
 0.260324642579950E-01
 0.268795844371201E-01
 0.276194879781707E-01
 0.283920569904791E-01
 0.290991816194313E-01
 0.297312321690263E-01
 0.303920358850472E-01
 0.309243711298310E-01
 0.314975903200642E-01
 0.319835420910995E-01
 0.324429123260411E-01
 0.328825610954000E-01
 0.332194444025870E-01
 0.336138778681325E-01
 0.338641389387711E-01
 0.342210006099246E-01
 0.344243814150356E-01
 0.346708008284813E-01
 0.348371066650623E-01
 0.350106636735246E-01
 0.351568807121712E-01
 0.352807761416615E-01
 0.354124454903382E-01
 0.354470004784840E-01
 0.355610057145703E-01
 0.355123631428106E-01
 0.356209965080554E-01
 0.355689699086800E-01
 0.353522773117115E-01
 0.349682124757680E-01
 0.344150422327196E-01
 0.338941357272189E-01
 0.333609958001055E-01
 0.327412081968961E-01
 0.321395274669179E-01
 0.315474216044611E-01
 0.309703789744244E-01
 0.304061287431284E-01
 0.298503627132888E-01
 0.293069774479873E-01
 0.287797217540553E-01
 0.297396398025361E-01
 0.313963349538842E-01
 0.330265229938348E-01
 0.345548050675799E-01
 0.361080920783163E-01
 0.376222566617254E-01
 0.390119668102602E-01
 0.403842631207960E-01
 0.417365154201096E-01
 0.429513845092992E-01
 0.441950047610434E-01
 0.453670800092558E-01
 0.464033864371411E-01
 0.475300562384986E-01
 0.484936151185063E-01
 0.494180252341943E-01
 0.503249895090272E-01
 0.510569111858766E-01
 0.519016086678581E-01
 0.525683216338453E-01
 0.532243861346698E-01
 0.538395911652831E-01
 0.543507148056836E-01
 0.549202786616123E-01
 0.552923472634228E-01
 0.557918903097352E-01
 0.561167265318987E-01
 0.564804859227983E-01
 0.567686754615774E-01
 0.569962475493177E-01
 0.572566833732704E-01
 0.573647767716399E-01
 0.576088655209211E-01
 0.576438117805185E-01
 0.578369076337438E-01
 0.578607609219900E-01
 0.576728048881503E-01
 0.572720824192437E-01
 0.566587025408474E-01
 0.558336855246891E-01
 0.550521478346668E-01
 0.542501504533164E-01
 0.532851485525622E-01
 0.523310783292631E-01
 0.513956777232930E-01
 0.504769295214536E-01
 0.495992356224810E-01
 0.487435105470660E-01
 0.479079368328619E-01
 0.470959403104341E-01
 0.463055631535660E-01
 0.455337146228047E-01
 0.447769171838522E-01
 0.440300619029341E-01
 0.433139920829902E-01
 0.426410989925682E-01
 0.430341214717119E-01
 0.449493270494081E-01
 0.467283849471984E-01
 0.483649616801513E-01
 0.501190713928718E-01
 0.517196617312691E-01
 0.531763046996118E-01
 0.547301117137441E-01
 0.561150394453179E-01
 0.574073497291675E-01
 0.587350613983319E-01
 0.598790332812735E-01
 0.610036411452852E-01
 0.620792829047872E-01
 0.629616765553899E-01
 0.639752702547892E-01
 0.647925252798131E-01
 0.655899661071422E-01
 0.663442328097105E-01
 0.669307395491098E-01
 0.676341931995935E-01
 0.681284561957626E-01
 0.687030508534827E-01
 0.691506954400249E-01
 0.695551399200049E-01
 0.699603665654893E-01
 0.701936106880608E-01
 0.705670348283387E-01
 0.707197789116269E-01
 0.709935600961099E-01
 0.711246014651388E-01
 0.712727539172115E-01
 0.713921894308918E-01
 0.712893397157141E-01
 0.709658013027337E-01
 0.704239473669480E-01
 0.696667824846751E-01
 0.686978426679903E-01
 0.676568886451753E-01
 0.667049789130582E-01
 0.655529987272149E-01
 0.643498877093247E-01
 0.631809041265365E-01
 0.620496576051963E-01
 0.609495695846085E-01
 0.598681208845425E-01
 0.588362451524915E-01
 0.578273134280947E-01
 0.568382814784487E-01
 0.558687231406558E-01
 0.549160666175533E-01
 0.540160380661853E-01
 0.531414207811558E-01
 0.522824503635197E-01
 0.514324107834221E-01
 0.505887935658267E-01
 0.498233903520515E-01
 0.490514470307122E-01
 0.482610411392523E-01
 0.475372996239966E-01
 0.468202721154233E-01
 0.460709002649575E-01
 0.454086479545851E-01
 0.446075607125172E-01
 0.436709530960279E-01
 0.426026062403907E-01
 0.427527312239080E-01
 0.436233067067058E-01
 0.445358589809451E-01
 0.453620465336374E-01
 0.460978800186081E-01
 0.468789685200444E-01
 0.475151692218337E-01
 0.481567683159822E-01
 0.487507489463069E-01
 0.492320778167066E-01
 0.497830448280447E-01
 0.501890327665587E-01
 0.506241044465016E-01
 0.510009729976562E-01
 0.513154054624941E-01
 0.516583801319598E-01
 0.518602779242207E-01
 0.521630872953068E-01
 0.523439736319874E-01
 0.525611920009786E-01
 0.527285560304109E-01
 0.528451751680507E-01
 0.529970388945516E-01
 0.530111147180215E-01
 0.528929018294556E-01
 0.526480249791249E-01
 0.522821123437537E-01
 0.518007809220866E-01
 0.512097443939234E-01
 0.505150197555836E-01
 0.497932155072225E-01
 0.491144253489570E-01
 0.483412133196177E-01
 0.474881031800736E-01
 0.466430641922785E-01
 0.458244851245692E-01
 0.450238189983926E-01
 0.442542652346532E-01
 0.435031531608512E-01
 0.427744156155088E-01
 0.420690041774700E-01
 0.413893090154127E-01
 0.407315933818876E-01
 0.400920178270636E-01
 0.394678940651145E-01
 0.388553224249453E-01
 0.382489113388741E-01
 0.376537950643762E-01
 0.370914360254480E-01
 0.365302049225771E-01
 0.359637977493361E-01
 0.354325644455005E-01
 0.349072972043542E-01
 0.343709486617992E-01
 0.338766100741452E-01
 0.333183107128612E-01
 0.327010269014572E-01
 0.320299034582417E-01
 0.313102999597860E-01
 0.305477588442562E-01
 0.297479255658858E-01
 0.289164858588770E-01
 0.280591641568958E-01
 0.271817706859358E-01
 0.262902408816882E-01
 0.265013663237677E-01
 0.269097051544869E-01
 0.272820376709333E-01
 0.276857526891121E-01
 0.280404573347845E-01
 0.283428955692519E-01
 0.286873719087416E-01
 0.289714814095595E-01
 0.292089659231692E-01
 0.294723839879399E-01
 0.296636798115473E-01
 0.298393868774571E-01
 0.300126366920875E-01
 0.301032689705107E-01
 0.302401528009179E-01
 0.303100336557339E-01
 0.303925849267085E-01
 0.304565898539381E-01
 0.304916244597220E-01
 0.305441709152271E-01
 0.305009346936224E-01
 0.305369607205644E-01
 0.304817594427441E-01
 0.304628396660810E-01
 0.304077116891197E-01
 0.302508250061584E-01
 0.299857679345105E-01
 0.296067745401843E-01
 0.291088200220722E-01
 0.285907043057091E-01
 0.281109990423695E-01
 0.275322332908671E-01
 0.269579172713968E-01
 0.263993633968210E-01
 0.258514483479418E-01
 0.271857756889869E-01
 0.294489793681821E-01
 0.316945518061161E-01
 0.339333617798703E-01
 0.363189981857912E-01
 0.386695264125912E-01
 0.409764399095166E-01
 0.432511357623263E-01
 0.456483268204972E-01
 0.479822423843161E-01
 0.502443985906450E-01
 0.524330187364576E-01
 0.547389476615794E-01
 0.569546403254259E-01
 0.590729714012306E-01
 0.611449208219266E-01
 0.632876160999519E-01
 0.653139416259154E-01
 0.672155202972239E-01
 0.691421656267365E-01
 0.710230437961010E-01
 0.727612792343505E-01
 0.743996620799056E-01
 0.761056915981413E-01
 0.776545642190579E-01
 0.790440696501740E-01
 0.805510557265040E-01
 0.818871282521547E-01
 0.830687764336136E-01
 0.843602426221419E-01
 0.854684857708361E-01
 0.864694977964604E-01
 0.875188503382238E-01
 0.883743311699628E-01
 0.892215314036066E-01
 0.900294237358797E-01
 0.906423354851886E-01
 0.914049486451229E-01
 0.919622070407116E-01
 0.924857047804897E-01
 0.929974217293855E-01
 0.932970414471750E-01
 0.937716712008459E-01
 0.940354777305747E-01
 0.943357100737646E-01
 0.945771995765293E-01
 0.946915671773641E-01
 0.949148495386148E-01
 0.949174519681750E-01
 0.946987489844072E-01
 0.942587177132633E-01
 0.935979195635603E-01
 0.927175532100521E-01
 0.916195403131654E-01
 0.903065957848478E-01
 0.889103652715214E-01
 0.876296562165277E-01
 0.861460480327298E-01
 0.845607459837951E-01
 0.830173208158586E-01
 0.814992030031261E-01
 0.800429935666940E-01
 0.786082741218019E-01
 0.772047998112160E-01
 0.758496212089134E-01
 0.745348608029392E-01
 0.732511323973414E-01
 0.720078029090511E-01
 0.708096014873212E-01
 0.696417516549143E-01
 0.684968782163754E-01
 0.673662569731574E-01
 0.662416564357546E-01
 0.652072306793705E-01
 0.641764361288584E-01
 0.631402516485015E-01
 0.621528288870495E-01
 0.612079849603611E-01
 0.602421339736547E-01
 0.593281534960002E-01
 0.582736011130970E-01
 0.570815703668094E-01
 0.557556365655300E-01
 0.542997771578588E-01
 0.527183015903632E-01
 0.510158115245834E-01
 0.491972158829529E-01
 0.472678070180254E-01
 0.452333694015061E-01
 0.437443048624886E-01
 0.444248211981732E-01
 0.450543262462504E-01
 0.455938229488314E-01
 0.461743070483731E-01
 0.466025381476218E-01
 0.471394831289514E-01
 0.474935756627024E-01
 0.479209405883544E-01
 0.482368470459328E-01
 0.485740476723102E-01
 0.488707587393192E-01
 0.491332180586574E-01
 0.494111481664699E-01
 0.495502983380283E-01
 0.498167763018544E-01
 0.498998593973217E-01
 0.498041087504260E-01
 0.495347199130870E-01
 0.490974607379437E-01
 0.484986260352943E-01
 0.478929918907541E-01
 0.473037874906905E-01
 0.465681154120867E-01
 0.458101856289694E-01
 0.450749735226867E-01
 0.443666633878963E-01
 0.436651288731087E-01
 0.429911159212709E-01
 0.423377153267823E-01
 0.416981950744016E-01
 0.410717362111815E-01
 0.404553804480444E-01
 0.398459744391010E-01
 0.392680235615951E-01
 0.387066498280860E-01
 0.381498086439475E-01
 0.375915134489371E-01
 0.370418059420515E-01
 0.365362751583309E-01
 0.360193100979503E-01
 0.354830050466670E-01
 0.350138006483470E-01
 0.345253174454971E-01
 0.340197540365912E-01
 0.335760694759330E-01
 0.330416234917122E-01
 0.324072622664331E-01
 0.316787540076798E-01
 0.308622047175745E-01
 0.299640213062237E-01
 0.289908573395250E-01
 0.279495430045937E-01
 0.268470203832721E-01
 0.256903095870283E-01
 0.244865169761608E-01
 0.244307434483924E-01
 0.260666658034692E-01
 0.277371406216343E-01
 0.293980626412143E-01
 0.310415730865328E-01
 0.326712235203856E-01
 0.343951651525750E-01
 0.360857756804141E-01
 0.377338176959457E-01
 0.393295824712060E-01
 0.409892164001481E-01
 0.426112195127260E-01
 0.441628247751233E-01
 0.456353589674506E-01
 0.471940693539325E-01
 0.486710644968207E-01
 0.500494146705252E-01
 0.513877479276614E-01
 0.527418199520461E-01
 0.539813772038279E-01
 0.551001331284564E-01
 0.563094844916466E-01
 0.573914431994835E-01
 0.583480947961663E-01
 0.593888434595366E-01
 0.602866523482544E-01
 0.610975593496605E-01
 0.619538043456044E-01
 0.626544872628154E-01
 0.633395997139650E-01
 0.639879484846769E-01
 0.644782981538784E-01
 0.650876041464332E-01
 0.655281526223590E-01
 0.659553898123604E-01
 0.663486246302126E-01
 0.665855077870753E-01
 0.669390601534664E-01
 0.671127575593684E-01
 0.673562706455170E-01
 0.675004456741681E-01
 0.675979722400373E-01
 0.677202585017406E-01
 0.676977409563990E-01
 0.678138352593989E-01
 0.677396774846944E-01
 0.674726612870795E-01
 0.670111338796716E-01
 0.663542982483271E-01
 0.655020641647649E-01
 0.644548950449605E-01
 0.634308832774426E-01
 0.624097117465826E-01
 0.612214919752235E-01
 0.600480462700704E-01
 0.589120830365445E-01
 0.578030969107942E-01
 0.567341765730500E-01
 0.556968524958862E-01
 0.546833624680813E-01
 0.536965201698355E-01
 0.527367684152113E-01
 0.518029886910861E-01
 0.508918031291980E-01
 0.499985218484737E-01
 0.491165394185684E-01
 0.482916292879255E-01
 0.474900905120215E-01
 0.466924004256731E-01
 0.458895103323832E-01
 0.451624868685324E-01
 0.466321285484362E-01
 0.483621221751118E-01
 0.501679136649297E-01
 0.518308675626311E-01
 0.533815818179281E-01
 0.550104050363217E-01
 0.564850951533886E-01
 0.578591800771244E-01
 0.592957590700593E-01
 0.605696206278485E-01
 0.617826611345297E-01
 0.630009533042852E-01
 0.640484299740598E-01
 0.650987911477958E-01
 0.660908187860081E-01
 0.669084976286569E-01
 0.678500393020227E-01
 0.686148881114092E-01
 0.693526066400017E-01
 0.700687620513019E-01
 0.706036738166815E-01
 0.712704018463491E-01
 0.717583291118731E-01
 0.722591459830612E-01
 0.727114187709088E-01
 0.730395864589994E-01
 0.734632696141873E-01
 0.737020950817956E-01
 0.740369327749740E-01
 0.742500261359402E-01
 0.744174370034289E-01
 0.746164356956909E-01
 0.746335994026829E-01
 0.744721452276001E-01
 0.741354472283184E-01
 0.736271560008191E-01
 0.729514109346635E-01
 0.721130677594051E-01
 0.711178568899229E-01
 0.701217909174264E-01
 0.691444120507377E-01
 0.680218835452694E-01
 0.668057490353433E-01
 0.656151666672506E-01
 0.644604221228505E-01
 0.633473085435950E-01
 0.622583748027323E-01
 0.611947551327097E-01
 0.601676298682617E-01
 0.591692763941198E-01
 0.581941700852802E-01
 0.572470579390122E-01
 0.563353236939703E-01
 0.554481920692260E-01
 0.545796616672448E-01
 0.537231054896056E-01
 0.528714192214230E-01
 0.520781867465949E-01
 0.512914294618067E-01
 0.505008100565673E-01
 0.497384075992993E-01
 0.490132696902017E-01
 0.482735468852912E-01
 0.475654971745582E-01
 0.467588812318550E-01
 0.458586851878317E-01
 0.448700367713585E-01
 0.437982909559115E-01
 0.426491078192459E-01
 0.414284568550883E-01
 0.401425401615225E-01
 0.387976842474340E-01
 0.374002634095581E-01
 0.359566832012689E-01
 0.344734057609006E-01
 0.329569796192089E-01
 0.314140541170581E-01
 0.298513860481993E-01
 0.282758499064818E-01
 0.266944370027143E-01
 0.251142016453866E-01
 0.235421212777436E-01
 0.219848889786343E-01
 0.204487159426785E-01
 0.189392375809332E-01
 0.174615673482099E-01
 0.160204567502612E-01
 0.146204594242581E-01
 0.132660060872756E-01
 0.119613665689712E-01
 0.107105501673700E-01
 0.951722077616862E-02
 0.848735649573101E-02
 0.829735612102717E-02
 0.833233344840252E-02
 0.831152222417158E-02
 0.834264105793876E-02
 0.830819237429694E-02
 0.832586924169063E-02
 0.826338064564973E-02
 0.825285860793489E-02
 0.817030014366978E-02
 0.815194135727280E-02
 0.881230206625235E-02
 0.100074991918074E-01
 0.112265148587623E-01
 0.125521351267053E-01
 0.139229310771006E-01
 0.153110000316072E-01
 0.167108739257173E-01
 0.182258842023096E-01
 0.197505328634851E-01
 0.212743940524022E-01
 0.227912128396905E-01
 0.243810889592561E-01
 0.259899319721709E-01
 0.275785730939676E-01
 0.291407616421233E-01
 0.307394383098894E-01
 0.323646989818793E-01
 0.339464611462145E-01
 0.354778335789770E-01
 0.370113866951579E-01
 0.385799066821492E-01
 0.400836477282700E-01
 0.415147556921464E-01
 0.429887479106241E-01
 0.444254386103462E-01
 0.457722644331696E-01
 0.470619727497645E-01
 0.483896000753750E-01
 0.496096775143668E-01
 0.507159710182942E-01
 0.519098431147068E-01
 0.529879771486211E-01
 0.539500285414206E-01
 0.549938349585461E-01
 0.559018522030327E-01
 0.567308495933323E-01
 0.575904723838919E-01
 0.583001141605996E-01
 0.590149344021130E-01
 0.596849027398399E-01
 0.601983870476003E-01
 0.608214980424435E-01
 0.612781346729903E-01
 0.617053135984642E-01
 0.621231404861045E-01
 0.624122069020606E-01
 0.628115556247115E-01
 0.630366625385088E-01
 0.633437433389775E-01
 0.635374922664349E-01
 0.636984734258513E-01
 0.638801486953723E-01
 0.639511220402738E-01
 0.641265570594128E-01
 0.641174115967345E-01
 0.639201927556107E-01
 0.635326135653421E-01
 0.629533443091746E-01
 0.621817163112225E-01
 0.612174798407814E-01
 0.603809271684892E-01
 0.594382460258382E-01
 0.583655964151672E-01
 0.573070525227346E-01
 0.562745273729643E-01
 0.552532548997129E-01
 0.542752242682801E-01
 0.533137234316615E-01
 0.523757888256080E-01
 0.514640855713346E-01
 0.505800690207701E-01
 0.497213256729954E-01
 0.488860938174646E-01
 0.480685949447624E-01
 0.472616246472887E-01
 0.464984856714593E-01
 0.457634004434683E-01
 0.450277706167436E-01
 0.453128570729068E-01
 0.471187273301807E-01
 0.487833156951322E-01
 0.505635231214486E-01
 0.521810325334280E-01
 0.536523916052295E-01
 0.552121879805791E-01
 0.565961264628733E-01
 0.579168628676671E-01
 0.592461097207739E-01
 0.603837414562546E-01
 0.615606771340463E-01
 0.626270268428833E-01
 0.635664953588535E-01
 0.645737093503630E-01
 0.653716729549147E-01
 0.662378124293557E-01
 0.669704304834549E-01
 0.676404339767173E-01
 0.683178053431709E-01
 0.687956893079572E-01
 0.694248142980625E-01
 0.698287520545208E-01
 0.703107574711888E-01
 0.706645410175950E-01
 0.709959028754149E-01
 0.713209448738925E-01
 0.715037116863320E-01
 0.718007272531712E-01
 0.718667546228181E-01
 0.721466582988764E-01
 0.722074438160734E-01
 0.720347109161978E-01
 0.716289316959369E-01
 0.709912241919035E-01
 0.701234136896646E-01
 0.690281377114824E-01
 0.681549287222973E-01
 0.670850006889788E-01
 0.658902385585879E-01
 0.647238300170629E-01
 0.635874427069516E-01
 0.624829722825746E-01
 0.614064916414558E-01
 0.603523996179092E-01
 0.593244677690554E-01
 0.583246680262096E-01
 0.573520039240781E-01
 0.564060530699138E-01
 0.554825116070843E-01
 0.545774521644288E-01
 0.536845753417313E-01
 0.528111794645605E-01
 0.520034277341566E-01
 0.511944919198778E-01
 0.503748415875346E-01
 0.496058885460577E-01
 0.488679217796847E-01
 0.481052083925311E-01
 0.473921836654366E-01
 0.467058119582461E-01
 0.470447815907649E-01
 0.481216951985681E-01
 0.492770660573037E-01
 0.502598456502448E-01
 0.512476444985820E-01
 0.521691374960941E-01
 0.529291107013667E-01
 0.537879533507797E-01
 0.544628656621138E-01
 0.551788263695770E-01
 0.557994427334308E-01
 0.563634739911472E-01
 0.569344941807404E-01
 0.573442074210703E-01
 0.578686900766899E-01
 0.581982310833209E-01
 0.585924086671456E-01
 0.588772344224808E-01
 0.591495783546522E-01
 0.594137495325423E-01
 0.595821303019653E-01
 0.598296059439863E-01
 0.598763572709468E-01
 0.601061986251873E-01
 0.601417604025709E-01
 0.599788301145394E-01
 0.596214262319354E-01
 0.590746040736647E-01
 0.583443348781082E-01
 0.574373019513307E-01
 0.567060181740142E-01
 0.558223217340518E-01
 0.548230111895619E-01
 0.538409609089080E-01
 0.528941204592258E-01
 0.519711376702566E-01
 0.510847593158888E-01
 0.502162304480385E-01
 0.493694133749371E-01
 0.485473048757903E-01
 0.477512963235370E-01
 0.469795467479638E-01
 0.462274571027637E-01
 0.454888071355401E-01
 0.447567159838511E-01
 0.440488774114130E-01
 0.433802708818523E-01
 0.427104774587358E-01
 0.420289210156900E-01
 0.414005939987387E-01
 0.407810023507982E-01
 0.401400902669479E-01
 0.395553285337544E-01
 0.389716767865121E-01
 0.383561753062789E-01
 0.376247009027741E-01
 0.367818452175687E-01
 0.358327824548504E-01
 0.347831574778974E-01
 0.336389806365284E-01
 0.324065564415542E-01
 0.310924337281194E-01
 0.297033571283605E-01
 0.282462236699857E-01
 0.267280707865856E-01
 0.251561114211884E-01
 0.235377914184088E-01
 0.218808108749162E-01
 0.201930607546053E-01
 0.184824791074555E-01
 0.180267420453593E-01
 0.181556226480571E-01
 0.182217216881559E-01
 0.181533786222671E-01
 0.179529328003087E-01
 0.177217163198778E-01
 0.175221122965744E-01
 0.172444095313415E-01
 0.169674183309118E-01
 0.167067782016921E-01
 0.164458743042062E-01
 0.161992021271157E-01
 0.159562813849690E-01
 0.157187801677599E-01
 0.154882100348645E-01
 0.152653575585078E-01
 0.150480499867112E-01
 0.148339402516500E-01
 0.146173017700802E-01
 0.144213188225888E-01
 0.142339589943869E-01
 0.140387814323575E-01
 0.138295749619177E-01
 0.136597525136095E-01
 0.134834168073166E-01
 0.132858166358940E-01
 0.131343586400679E-01
 0.132516133691571E-01
 0.133699730020938E-01
 0.134460754350747E-01
 0.135356874761235E-01
 0.135830189087394E-01
 0.136514734064623E-01
 0.136633655209773E-01
 0.137205280594159E-01
 0.136803000052031E-01
 0.137226941292120E-01
 0.136490344444727E-01
 0.136966506971745E-01
 0.148582740958586E-01
 0.163255474019656E-01
 0.177878821438993E-01
 0.193609906865114E-01
 0.209451041725323E-01
 0.225131699907514E-01
 0.240810833671516E-01
 0.257434920420163E-01
 0.273723038046398E-01
 0.289608730861492E-01
 0.305189261756694E-01
 0.321606546428764E-01
 0.337459469839733E-01
 0.352687807423863E-01
 0.367739852058312E-01
 0.383240607986618E-01
 0.397971679408625E-01
 0.411876075956527E-01
 0.426204162232478E-01
 0.440073278118533E-01
 0.452965123064476E-01
 0.465605337518018E-01
 0.478365877774457E-01
 0.489999613032057E-01
 0.501018381647332E-01
 0.512365155924161E-01
 0.522457496490870E-01
 0.531783303923955E-01
 0.541451302651384E-01
 0.549769256694181E-01
 0.557840481564183E-01
 0.565813597661147E-01
 0.572325064478081E-01
 0.579332263699451E-01
 0.585420452802771E-01
 0.590508800799548E-01
 0.596161522590962E-01
 0.600246773959692E-01
 0.604766291211671E-01
 0.608560397214446E-01
 0.611651805288550E-01
 0.615093545956406E-01
 0.616896206155932E-01
 0.619811072806253E-01
 0.621393101350668E-01
 0.623173709543347E-01
 0.624591143512518E-01
 0.625020549075537E-01
 0.626335262735883E-01
 0.625941055457636E-01
 0.623836438494783E-01
 0.620030885110449E-01
 0.614542201339014E-01
 0.607393155992088E-01
 0.598608461412288E-01
 0.589411548209015E-01
 0.580799260053270E-01
 0.570594452017855E-01
 0.559662524016437E-01
 0.549071334554218E-01
 0.538733285051767E-01
 0.528782999622618E-01
 0.519005149484196E-01
 0.509549012579530E-01
 0.500505110855663E-01
 0.491710610504206E-01
 0.483137809382510E-01
 0.474792922748613E-01
 0.466835078272296E-01
 0.459075686790551E-01
 0.451473350906731E-01
 0.443961033740759E-01
 0.436453569148566E-01
 0.429612297755092E-01
 0.422770056344784E-01
 0.415838747638562E-01
 0.409306820183798E-01
 0.403013224963762E-01
 0.396495309205886E-01
 0.390479693304349E-01
 0.383375683171722E-01
 0.375204165699459E-01
 0.365991855380530E-01
 0.355771289347096E-01
 0.344580084765826E-01
 0.332459825672808E-01
 0.319455071023416E-01
 0.319509350118927E-01
 0.324609487534416E-01
 0.329205967053125E-01
 0.333253823856919E-01
 0.337520259204179E-01
 0.340577471643742E-01
 0.344499838796341E-01
 0.347069537212928E-01
 0.350352648040515E-01
 0.352756010474520E-01
 0.355385341774962E-01
 0.357635429989969E-01
 0.359471999234494E-01
 0.361600551932752E-01
 0.362714886240582E-01
 0.364793569328391E-01
 0.365501290686823E-01
 0.364861704781113E-01
 0.362910670892107E-01
 0.359698041862572E-01
 0.355287299692608E-01
 0.350459234904483E-01
 0.346136450530058E-01
 0.340780149305810E-01
 0.335097326648741E-01
 0.329553449796085E-01
 0.324195809645243E-01
 0.318950282250611E-01
 0.313765554186236E-01
 0.308738201317504E-01
 0.303836711561809E-01
 0.299015380481556E-01
 0.294258462688563E-01
 0.289629909271933E-01
 0.285155431726981E-01
 0.280753004461981E-01
 0.276366398808906E-01
 0.271975274088425E-01
 0.267723340952814E-01
 0.263710974866602E-01
 0.259624593883529E-01
 0.255444547367489E-01
 0.251704329588692E-01
 0.247788175807239E-01
 0.243824174527480E-01
 0.240206369988201E-01
 0.236034236954000E-01
 0.231169970928968E-01
 0.243183351979600E-01
 0.258163032915435E-01
 0.273277331760977E-01
 0.288449396588871E-01
 0.303605516157402E-01
 0.318673253589181E-01
 0.334480172087939E-01
 0.350225461394506E-01
 0.365707612719149E-01
 0.380842258921590E-01
 0.395544683631290E-01
 0.410352412896841E-01
 0.425206912209953E-01
 0.439458203738572E-01
 0.453026607761488E-01
 0.465832905745694E-01
 0.479325346909601E-01
 0.491951768873017E-01
 0.503629210681542E-01
 0.514337269566222E-01
 0.525551700141196E-01
 0.535642723500390E-01
 0.544545970772945E-01
 0.553075312860263E-01
 0.561369631030268E-01
 0.568330804156389E-01
 0.574481726366639E-01
 0.580750759695028E-01
 0.585567368062446E-01
 0.589591461148247E-01
 0.593632372954377E-01
 0.596124213557055E-01
 0.598266133305157E-01
 0.600035945088863E-01
 0.600192975329224E-01
 0.600892391781971E-01
 0.600320470975384E-01
 0.598886838094823E-01
 0.597699916704316E-01
 0.594870453006367E-01
 0.592744689761553E-01
 0.589382226922724E-01
 0.585569200490545E-01
 0.581672852258835E-01
 0.576270469433599E-01
 0.572052830267583E-01
 0.566250794665649E-01
 0.561152323608551E-01
 0.555138490146414E-01
 0.547580689456134E-01
 0.538497371927619E-01
 0.527910880562571E-01
 0.515848055258752E-01
 0.502342109250343E-01
 0.487435138228364E-01
 0.473968791615784E-01
 0.459560179940035E-01
 0.444930580250314E-01
 0.430678668562507E-01
 0.416832425670909E-01
 0.403404237759936E-01
 0.390290908877344E-01
 0.377668212936697E-01
 0.365429088304377E-01
 0.353529600420796E-01
 0.341969669541492E-01
 0.330717790987494E-01
 0.319934847072719E-01
 0.309487669251189E-01
 0.299296139735071E-01
 0.292543029778220E-01
 0.303004307794934E-01
 0.312275217790198E-01
 0.320864868741434E-01
 0.329304364370531E-01
 0.336502259205045E-01
 0.342463215315590E-01
 0.348634486073257E-01
 0.353601077648288E-01
 0.357316076329646E-01
 0.360611643791251E-01
 0.363348819913812E-01
 0.364875666969863E-01
 0.365860142731223E-01
 0.366500476328131E-01
 0.365970626446307E-01
 0.364941132957804E-01
 0.363612383853204E-01
 0.361182514052336E-01
 0.358461394933563E-01
 0.355336975607104E-01
 0.351211633343042E-01
 0.347268176268267E-01
 0.342594968423912E-01
 0.337191879413634E-01
 0.332072076586876E-01
 0.326098127598888E-01
 0.320098992298733E-01
 0.313829839293257E-01
 0.306940117353520E-01
 0.300478209387039E-01
 0.293314387778195E-01
 0.286284385240272E-01
 0.279060464210299E-01
 0.271470622779921E-01
 0.264276791490573E-01
 0.256537964982870E-01
 0.249229837977917E-01
 0.241626865093957E-01
 0.233580818413095E-01
 0.225152453388211E-01
 0.216403456034855E-01
 0.207395313448822E-01
 0.198187962279617E-01
 0.188838585588694E-01
 0.179400862932070E-01
 0.169924803522833E-01
 0.161121594383970E-01
 0.152361152885978E-01
 0.143766710934583E-01
 0.135598218441081E-01
 0.127810970132345E-01
 0.120417085170669E-01
 0.113357378754173E-01
 0.106649634139153E-01
 0.100282010000362E-01
 0.942222302040774E-02
 0.884591606383671E-02
 0.829784242064523E-02
 0.777896929312805E-02
 0.728738979714367E-02
 0.682038312298547E-02
 0.637667137984598E-02
 0.595470400879127E-02
 0.555822807774411E-02
 0.518315002920706E-02
 0.482628185158942E-02
 0.448913977359662E-02
 0.417329623140084E-02
 0.390059053433551E-02
 0.403201998578277E-02
 0.415009469959767E-02
 0.425397380317588E-02
 0.434292602094745E-02
 0.441633628629134E-02
 0.447371164125223E-02
 0.451468604383842E-02
 0.453902381584491E-02
 0.454662163384875E-02
 0.453750912160545E-02
 0.451184820065049E-02
 0.446993135636772E-02
 0.441355848587520E-02
 0.434640764366169E-02
 0.426412179026111E-02
 0.416744884326984E-02
 0.405724681003138E-02
 0.393447601873128E-02
 0.380018977445530E-02
 0.365552343652555E-02
 0.350168218769536E-02
 0.333992794210776E-02
 0.317156586432274E-02
 0.299793086560680E-02
 0.282037428301676E-02
 0.264025079237743E-02
 0.245890550443889E-02
 0.227766115925838E-02
 0.209780537489792E-02
 0.192057799795735E-02
 0.174715872446797E-02
 0.157865524803312E-02
 0.141609222758991E-02
 0.126040133211396E-02
 0.111241252544465E-02
 0.972846650756391E-03
 0.842309281328841E-03
 0.721285780662091E-03
 0.610137536747428E-03
 0.509099399110294E-03
 0.418278394073461E-03
 0.337653796448429E-03
 0.267078603339937E-03
 0.206282388673296E-03
 0.154875472502725E-03
 0.112354303113381E-03
 0.781079500669606E-04
 0.514256013687773E-04
 0.315049600229558E-04
 0.174614225142582E-04
 0.833790556240810E-05
 0.311516874160592E-05
 0.722467881638020E-06
 0.483663576928144E-07
 0.285482818681293E-13
 0.000000000000000E+00
 0.000000000000000E+00
 0.000000000000000E+00
 0.000000000000000E+00
 0.000000000000000E+00
 0.000000000000000E+00
 0.000000000000000E+00
 0.000000000000000E+00
 0.000000000000000E+00
 0.000000000000000E+00
 0.000000000000000E+00
 0.000000000000000E+00
 0.000000000000000E+00
 0.000000000000000E+00
 0.000000000000000E+00
 0.000000000000000E+00
 0.000000000000000E+00
 0.000000000000000E+00
 0.000000000000000E+00
 0.000000000000000E+00
 0.000000000000000E+00
 0.000000000000000E+00
 0.000000000000000E+00
 0.000000000000000E+00
 0.000000000000000E+00
 0.000000000000000E+00
 0.000000000000000E+00
 0.000000000000000E+00
 0.000000000000000E+00
 0.000000000000000E+00
 0.000000000000000E+00
 0.000000000000000E+00
 0.000000000000000E+00
 0.000000000000000E+00
 0.000000000000000E+00
 0.000000000000000E+00
 0.000000000000000E+00
 0.000000000000000E+00
 0.000000000000000E+00
 0.000000000000000E+00
 0.000000000000000E+00
 0.000000000000000E+00
 0.000000000000000E+00
 0.000000000000000E+00
 0.000000000000000E+00
 0.000000000000000E+00
 0.000000000000000E+00
 0.000000000000000E+00
 0.000000000000000E+00
 0.000000000000000E+00
 0.000000000000000E+00
 0.000000000000000E+00
 0.000000000000000E+00
 0.000000000000000E+00
 0.000000000000000E+00
 0.000000000000000E+00
 0.000000000000000E+00
 0.000000000000000E+00
 0.000000000000000E+00
 0.000000000000000E+00
 0.000000000000000E+00
 0.000000000000000E+00
 0.000000000000000E+00
 0.000000000000000E+00
 0.000000000000000E+00
 0.000000000000000E+00
 0.000000000000000E+00
 0.000000000000000E+00
 0.000000000000000E+00
 0.000000000000000E+00
 0.000000000000000E+00
 0.000000000000000E+00
 0.000000000000000E+00
 0.000000000000000E+00
 0.000000000000000E+00
 0.000000000000000E+00
 0.000000000000000E+00
 0.000000000000000E+00
 0.000000000000000E+00
 0.000000000000000E+00
 0.000000000000000E+00
 0.000000000000000E+00
 0.000000000000000E+00
 0.000000000000000E+00
 0.000000000000000E+00
 0.000000000000000E+00
 0.000000000000000E+00
 0.000000000000000E+00
 0.000000000000000E+00
 0.000000000000000E+00
 0.000000000000000E+00
 0.000000000000000E+00
 0.000000000000000E+00
 0.000000000000000E+00
 0.000000000000000E+00
 0.000000000000000E+00
 0.000000000000000E+00
 0.000000000000000E+00
 0.000000000000000E+00
 0.000000000000000E+00
 0.000000000000000E+00
 0.000000000000000E+00
 0.000000000000000E+00
 0.000000000000000E+00
 0.000000000000000E+00
 0.000000000000000E+00
 0.000000000000000E+00
 0.000000000000000E+00
 0.000000000000000E+00
 0.000000000000000E+00
 0.000000000000000E+00
 0.000000000000000E+00
 0.000000000000000E+00
 0.000000000000000E+00
 0.000000000000000E+00
 0.000000000000000E+00
 0.000000000000000E+00
 0.000000000000000E+00
 0.000000000000000E+00
 0.000000000000000E+00
 0.000000000000000E+00
 0.000000000000000E+00
 0.000000000000000E+00
 0.000000000000000E+00
 0.000000000000000E+00
 0.000000000000000E+00
 0.000000000000000E+00
 0.000000000000000E+00
 0.000000000000000E+00
 0.000000000000000E+00
 0.000000000000000E+00
 0.000000000000000E+00
 0.000000000000000E+00
 0.000000000000000E+00
 0.000000000000000E+00
 0.000000000000000E+00
 0.000000000000000E+00
 0.000000000000000E+00
 0.000000000000000E+00
 0.000000000000000E+00
 0.000000000000000E+00
 0.000000000000000E+00
 0.000000000000000E+00
 0.000000000000000E+00
 0.000000000000000E+00
 0.000000000000000E+00
 0.000000000000000E+00
 0.000000000000000E+00
 0.000000000000000E+00
 0.000000000000000E+00
 0.000000000000000E+00
 0.000000000000000E+00
 0.000000000000000E+00
 0.000000000000000E+00
 0.000000000000000E+00
 0.000000000000000E+00
 0.000000000000000E+00
 0.000000000000000E+00
 0.000000000000000E+00
 0.000000000000000E+00
 0.000000000000000E+00
 0.000000000000000E+00
 0.000000000000000E+00
 0.000000000000000E+00
 0.000000000000000E+00
 0.000000000000000E+00
 0.000000000000000E+00
 0.000000000000000E+00
 0.000000000000000E+00
 0.000000000000000E+00
 0.000000000000000E+00
 0.000000000000000E+00
 0.000000000000000E+00
 0.000000000000000E+00
 0.000000000000000E+00
 0.000000000000000E+00
 0.000000000000000E+00
 0.000000000000000E+00
 0.000000000000000E+00
 0.000000000000000E+00
 0.000000000000000E+00
 0.000000000000000E+00
 0.000000000000000E+00
 0.000000000000000E+00
 0.000000000000000E+00
 0.000000000000000E+00
 0.000000000000000E+00
 0.000000000000000E+00
 0.000000000000000E+00
 0.000000000000000E+00
 0.000000000000000E+00
 0.000000000000000E+00
 0.000000000000000E+00
 0.000000000000000E+00
 0.000000000000000E+00
 0.000000000000000E+00
 0.000000000000000E+00
 0.000000000000000E+00
 0.000000000000000E+00
 0.000000000000000E+00
 0.000000000000000E+00
 0.000000000000000E+00
 0.000000000000000E+00
 0.000000000000000E+00
 0.000000000000000E+00
 0.000000000000000E+00
 0.000000000000000E+00
 0.000000000000000E+00
 0.000000000000000E+00
 0.000000000000000E+00
 0.000000000000000E+00
 0.000000000000000E+00
 0.000000000000000E+00
 0.000000000000000E+00
 0.000000000000000E+00
 0.000000000000000E+00
 0.000000000000000E+00
 0.000000000000000E+00
 0.000000000000000E+00
 0.000000000000000E+00
 0.000000000000000E+00
 0.000000000000000E+00
 0.000000000000000E+00
 0.000000000000000E+00
 0.000000000000000E+00
 0.000000000000000E+00
 0.000000000000000E+00
 0.000000000000000E+00
 0.000000000000000E+00
 0.000000000000000E+00
 0.000000000000000E+00
 0.000000000000000E+00
 0.000000000000000E+00
 0.000000000000000E+00
 0.000000000000000E+00
 0.000000000000000E+00
 0.000000000000000E+00
 0.000000000000000E+00
 0.000000000000000E+00
 0.000000000000000E+00
 0.000000000000000E+00
 0.000000000000000E+00
 0.000000000000000E+00
 0.000000000000000E+00
 0.000000000000000E+00
 0.000000000000000E+00
 0.000000000000000E+00
 0.000000000000000E+00
 0.000000000000000E+00
 0.000000000000000E+00
 0.000000000000000E+00
 0.000000000000000E+00
 0.000000000000000E+00
 0.000000000000000E+00
 0.000000000000000E+00
 0.000000000000000E+00
 0.000000000000000E+00
 0.000000000000000E+00
 0.000000000000000E+00
 0.000000000000000E+00
 0.000000000000000E+00
 0.000000000000000E+00
 0.000000000000000E+00
 0.000000000000000E+00
 0.000000000000000E+00
 0.000000000000000E+00
 0.000000000000000E+00
 0.000000000000000E+00
 0.000000000000000E+00
 0.000000000000000E+00
 0.000000000000000E+00
 0.000000000000000E+00
 0.000000000000000E+00
 0.000000000000000E+00
 0.000000000000000E+00
 0.000000000000000E+00
 0.000000000000000E+00
 0.000000000000000E+00
 0.000000000000000E+00
 0.000000000000000E+00
 0.000000000000000E+00
 0.000000000000000E+00
 0.000000000000000E+00
 0.000000000000000E+00
 0.000000000000000E+00
 0.000000000000000E+00
 0.000000000000000E+00
 0.000000000000000E+00
 0.000000000000000E+00
 0.000000000000000E+00
 0.000000000000000E+00
 0.000000000000000E+00
 0.000000000000000E+00
 0.000000000000000E+00
 0.000000000000000E+00
 0.000000000000000E+00
 0.000000000000000E+00
 0.000000000000000E+00
 0.000000000000000E+00
 0.000000000000000E+00
 0.000000000000000E+00
 0.000000000000000E+00
 0.000000000000000E+00
 0.000000000000000E+00
 0.000000000000000E+00
 0.000000000000000E+00
 0.000000000000000E+00
 0.000000000000000E+00
 0.000000000000000E+00
 0.000000000000000E+00
 0.000000000000000E+00
 0.000000000000000E+00
 0.000000000000000E+00
 0.000000000000000E+00
 0.000000000000000E+00
 0.000000000000000E+00
 0.000000000000000E+00
 0.000000000000000E+00
 0.000000000000000E+00
 0.000000000000000E+00
 0.000000000000000E+00
 0.000000000000000E+00
 0.000000000000000E+00
 0.000000000000000E+00
 0.000000000000000E+00
 0.000000000000000E+00
 0.000000000000000E+00
 0.000000000000000E+00
 0.000000000000000E+00
 0.000000000000000E+00
 0.000000000000000E+00
 0.000000000000000E+00
 0.000000000000000E+00
 0.000000000000000E+00
 0.000000000000000E+00
 0.000000000000000E+00
 0.000000000000000E+00
 0.000000000000000E+00
 0.000000000000000E+00
 0.000000000000000E+00
 0.000000000000000E+00
 0.000000000000000E+00
 0.000000000000000E+00
 0.000000000000000E+00
 0.000000000000000E+00
 0.000000000000000E+00
 0.000000000000000E+00
