 0.460762635927587E-08
 0.677292361362656E-07
 0.287092612887897E-06
 0.754382339274608E-06
 0.155455490681583E-05
 0.275939536741359E-05
 0.443445230617964E-05
 0.664324885684234E-05
 0.942359540099992E-05
 0.128394965212175E-04
 0.169114004504501E-04
 0.216675041078227E-04
 0.271708327427700E-04
 0.333742772792988E-04
 0.403853918351699E-04
 0.481380093070964E-04
 0.566659046798993E-04
 0.660195919736270E-04
 0.760545510078744E-04
 0.870320844491312E-04
 0.986481909101849E-04
 0.111143344397173E-03
 0.124331107511145E-03
 0.138259413485593E-03
 0.153007195957330E-03
 0.178231142968562E-03
 0.208437598242100E-03
 0.241701144458354E-03
 0.278013400690133E-03
 0.317316397903655E-03
 0.359554147517822E-03
 0.406200779336649E-03
 0.455791094637372E-03
 0.508075533150872E-03
 0.562739397362781E-03
 0.619401229360174E-03
 0.678075386907198E-03
 0.739699013353451E-03
 0.804314823728882E-03
 0.871917449721328E-03
 0.942294091350008E-03
 0.101577860774139E-02
 0.109212895581078E-02
 0.117122051712741E-02
 0.125303479306210E-02
 0.133746610815785E-02
 0.142514208261535E-02
 0.151555915526459E-02
 0.160848832442057E-02
 0.170367416525140E-02
 0.180078097235397E-02
 0.190217416999616E-02
 0.200538074430069E-02
 0.210972086865402E-02
 0.229030065101375E-02
 0.264156013455038E-02
 0.303162844082513E-02
 0.346279844964792E-02
 0.393730152490611E-02
 0.445728774353053E-02
 0.502480701145630E-02
 0.564179115994859E-02
 0.631003675790191E-02
 0.703118808042147E-02
 0.780671960202054E-02
 0.863791761746622E-02
 0.952586106178489E-02
 0.104714021034120E-01
 0.114751474132800E-01
 0.125374410764517E-01
 0.136583499464491E-01
 0.148376519332058E-01
 0.160748273291647E-01
 0.173690528526529E-01
 0.187191977055962E-01
 0.201238207409608E-01
 0.215811679474819E-01
 0.230891699067226E-01
 0.246454395395038E-01
 0.262472711188227E-01
 0.278916419581511E-01
 0.295766895014544E-01
 0.313323458502555E-01
 0.331221123778285E-01
 0.349417366161812E-01
 0.367867046590765E-01
 0.386522555202432E-01
 0.405333968812615E-01
 0.424249235298671E-01
 0.443214392479243E-01
 0.462173821818326E-01
 0.481070531582650E-01
 0.499846461007351E-01
 0.518442795553631E-01
 0.536800282544778E-01
 0.554859537040435E-01
 0.572561331530198E-01
 0.589846870288580E-01
 0.606658057403155E-01
 0.622937771866813E-01
 0.638630160286443E-01
 0.653680948531858E-01
 0.668037763140283E-01
 0.681650447519123E-01
 0.694471359671611E-01
 0.706455644996150E-01
 0.717561484507638E-01
 0.727750321567491E-01
 0.736987068714019E-01
 0.745240293256096E-01
 0.752482378732914E-01
 0.758689659699842E-01
 0.763842528346424E-01
 0.767925512286065E-01
 0.770927324062938E-01
 0.772840885542696E-01
 0.773663333764769E-01
 0.773396016385026E-01
 0.772044481811459E-01
 0.769618461641007E-01
 0.766131834801418E-01
 0.761602559071077E-01
 0.756052559388483E-01
 0.749507572057732E-01
 0.741996954396904E-01
 0.733553474931409E-01
 0.724213097258120E-01
 0.714014763017993E-01
 0.703000170885455E-01
 0.691213543772768E-01
 0.678701377168093E-01
 0.665512165721257E-01
 0.651696109582595E-01
 0.637304804845040E-01
 0.622390924525834E-01
 0.607007899301154E-01
 0.591209610127210E-01
 0.575050105005174E-01
 0.558583346879312E-01
 0.541862989999086E-01
 0.524942172843794E-01
 0.507873311989739E-01
 0.490707884414237E-01
 0.473496192719894E-01
 0.456287114701720E-01
 0.450821866295825E-01
 0.464275586066115E-01
 0.476783938551352E-01
 0.488879997873561E-01
 0.501258028779483E-01
 0.512494531329317E-01
 0.523723089188886E-01
 0.534769333022117E-01
 0.544499684439609E-01
 0.555029150612251E-01
 0.564438407354401E-01
 0.573398687201144E-01
 0.582519584297122E-01
 0.590085325396586E-01
 0.598654956213097E-01
 0.605807912542958E-01
 0.612707256284540E-01
 0.619544141037150E-01
 0.625150624561400E-01
 0.631719860347770E-01
 0.636507764057271E-01
 0.642237297341590E-01
 0.646742962866442E-01
 0.649350882961030E-01
 0.649987589839140E-01
 0.648587626868936E-01
 0.645095261837611E-01
 0.639465531430119E-01
 0.632975671574182E-01
 0.627165660669117E-01
 0.619235991174470E-01
 0.610531353961608E-01
 0.601972961695196E-01
 0.593552660925853E-01
 0.585249183372106E-01
 0.576965832004322E-01
 0.568994284303926E-01
 0.561145543416946E-01
 0.553384866524712E-01
 0.545695113082433E-01
 0.538064985694443E-01
 0.530810429938237E-01
 0.523640459830206E-01
 0.516481784153169E-01
 0.509256662695338E-01
 0.503109513673904E-01
 0.528368845678102E-01
 0.553956922466448E-01
 0.579564840888072E-01
 0.603805457903799E-01
 0.627055631708057E-01
 0.651297002810183E-01
 0.673977965429375E-01
 0.695031652133127E-01
 0.717372583504405E-01
 0.738119557938217E-01
 0.757056867527846E-01
 0.776940189557660E-01
 0.795326457631897E-01
 0.811754135962500E-01
 0.829256443134365E-01
 0.844994124274210E-01
 0.858808977925618E-01
 0.873866767037565E-01
 0.886769013369570E-01
 0.898602708607405E-01
 0.910802403136759E-01
 0.920778965921453E-01
 0.931222940928534E-01
 0.940544705255454E-01
 0.948189492462310E-01
 0.956907512826379E-01
 0.963295354420204E-01
 0.969952667048458E-01
 0.975823051066361E-01
 0.980238548325102E-01
 0.985702536887926E-01
 0.988814327204177E-01
 0.993030740057970E-01
 0.995785902758574E-01
 0.998089999375652E-01
 0.100066594590628E+00
 0.100091090297754E+00
 0.998844504752410E-01
 0.994491674499879E-01
 0.987886292869696E-01
 0.979074667278009E-01
 0.968117399878987E-01
 0.955088764864368E-01
 0.940707753660901E-01
 0.928034139576461E-01
 0.913430053891078E-01
 0.897147975680268E-01
 0.880994826239434E-01
 0.865304171200332E-01
 0.849947210200154E-01
 0.835195420569400E-01
 0.820786172255969E-01
 0.806734763665377E-01
 0.793081979169172E-01
 0.779844765169090E-01
 0.767002134308421E-01
 0.754515572083687E-01
 0.742326920680971E-01
 0.730362164550353E-01
 0.718540922956907E-01
 0.707400894120706E-01
 0.696490850138717E-01
 0.685623159422693E-01
 0.674825026729864E-01
 0.664868999753182E-01
 0.654797198476136E-01
 0.644601847170862E-01
 0.635356282403575E-01
 0.624874033884146E-01
 0.613110361712727E-01
 0.600122233097116E-01
 0.585971964553775E-01
 0.570726402191290E-01
 0.554455593943018E-01
 0.537231207734822E-01
 0.519125232327872E-01
 0.500209466371268E-01
 0.480555921592443E-01
 0.460237779784148E-01
 0.439330280317116E-01
 0.417911038039887E-01
 0.396059680150352E-01
 0.373857050589085E-01
 0.351384331787230E-01
 0.328722281654913E-01
 0.305950584670258E-01
 0.283147271694940E-01
 0.260388281246363E-01
 0.237747331195545E-01
 0.215296166090006E-01
 0.193104973016766E-01
 0.193625154082704E-01
 0.194891082365009E-01
 0.196702535940051E-01
 0.197580931449484E-01
 0.197588878050651E-01
 0.196792172653013E-01
 0.195260172687531E-01
 0.193337568151434E-01
 0.191781951688409E-01
 0.189579940403144E-01
 0.187057783445615E-01
 0.184613152981171E-01
 0.182216990766369E-01
 0.179939523099403E-01
 0.177691505504853E-01
 0.175479614717185E-01
 0.173313723728093E-01
 0.171200278166731E-01
 0.169138860321368E-01
 0.167110436233290E-01
 0.165104397026246E-01
 0.173890163142769E-01
 0.183785972527772E-01
 0.194008895404303E-01
 0.204586597419845E-01
 0.215627160747898E-01
 0.226913106850292E-01
 0.238401664376672E-01
 0.250043377390122E-01
 0.261780539127106E-01
 0.273547491473245E-01
 0.285316533102224E-01
 0.297642399244973E-01
 0.309869144064074E-01
 0.321922940706427E-01
 0.333727919024189E-01
 0.345208320823342E-01
 0.357102729576509E-01
 0.368789125209167E-01
 0.380020009448492E-01
 0.390726033362002E-01
 0.401515470259056E-01
 0.412276144657417E-01
 0.422368916365589E-01
 0.431720992051854E-01
 0.441390194858050E-01
 0.450637678193953E-01
 0.459030377014910E-01
 0.467354400945668E-01
 0.475545864926662E-01
 0.482755436044093E-01
 0.489858914930047E-01
 0.496806839779796E-01
 0.502653322418807E-01
 0.508587261194369E-01
 0.514110524694230E-01
 0.518456917207934E-01
 0.523712321611009E-01
 0.527740346343067E-01
 0.531484673601070E-01
 0.535192744912488E-01
 0.537592045353105E-01
 0.541032645269428E-01
 0.543177118970484E-01
 0.545358095990528E-01
 0.547289947744846E-01
 0.548276772631785E-01
 0.550036479070298E-01
 0.550385608828157E-01
 0.551573969104024E-01
 0.551857872256420E-01
 0.550683647928077E-01
 0.548011344880810E-01
 0.543809138344197E-01
 0.538053200927481E-01
 0.530726755619417E-01
 0.521848670402606E-01
 0.514676077958052E-01
 0.505968956735676E-01
 0.496422784779650E-01
 0.487191110793557E-01
 0.478121563448500E-01
 0.469450262173219E-01
 0.460919208246929E-01
 0.452575182069766E-01
 0.444458299389401E-01
 0.436583759032214E-01
 0.428956010605361E-01
 0.421577943310456E-01
 0.414415303252291E-01
 0.407420019984285E-01
 0.400545388334858E-01
 0.393736281328183E-01
 0.387306343342646E-01
 0.381152959261308E-01
 0.378593833008398E-01
 0.393176880523517E-01
 0.407764425971808E-01
 0.422056282176701E-01
 0.434919486243720E-01
 0.448167552895893E-01
 0.460549360650456E-01
 0.471427437245839E-01
 0.483300446055022E-01
 0.493524119033897E-01
 0.503389653918484E-01
 0.513064558262758E-01
 0.520970316927019E-01
 0.529949015954023E-01
 0.537229203266282E-01
 0.544320191186773E-01
 0.551057384164961E-01
 0.556429730881658E-01
 0.562708878053838E-01
 0.567056918735107E-01
 0.572399926451282E-01
 0.576349803442526E-01
 0.580455231856112E-01
 0.584044193748748E-01
 0.586682642946476E-01
 0.589985387931905E-01
 0.591486725504812E-01
 0.594624559122708E-01
 0.595721733333172E-01
 0.597932554063269E-01
 0.598903694053623E-01
 0.597833598894595E-01
 0.594726946423603E-01
 0.589594209250549E-01
 0.582451504100330E-01
 0.573550237095171E-01
 0.566525904484975E-01
 0.557564094251960E-01
 0.547753798721247E-01
 0.538249307469953E-01
 0.528894181278288E-01
 0.519937937136332E-01
 0.511096742844087E-01
 0.502452282332567E-01
 0.494044629497376E-01
 0.485879239216244E-01
 0.477960606355574E-01
 0.470278656584882E-01
 0.462811281955596E-01
 0.455478533777531E-01
 0.448201206300570E-01
 0.440953873072190E-01
 0.434381433058820E-01
 0.427788308499204E-01
 0.421079449887171E-01
 0.414695661271297E-01
 0.408667640410206E-01
 0.402390605401785E-01
 0.396454559311935E-01
 0.390794969741568E-01
 0.384513467830592E-01
 0.391076149037425E-01
 0.398472740858596E-01
 0.405775508505854E-01
 0.411803944613085E-01
 0.418561873168273E-01
 0.423554447436166E-01
 0.429361342169142E-01
 0.433759968664236E-01
 0.438358576861231E-01
 0.442306730056703E-01
 0.445781882089438E-01
 0.449312651854680E-01
 0.451674587892629E-01
 0.454878722399409E-01
 0.456166292436001E-01
 0.459093661113652E-01
 0.460141552997389E-01
 0.462217239733545E-01
 0.463096975216932E-01
 0.464236854344629E-01
 0.465053785499440E-01
 0.463919048480418E-01
 0.460846574393329E-01
 0.455865414783074E-01
 0.449018825776149E-01
 0.442945986656238E-01
 0.436313683940210E-01
 0.428548813435912E-01
 0.420929645386703E-01
 0.413586280963232E-01
 0.406411433104722E-01
 0.399493341003015E-01
 0.392712909716587E-01
 0.386108530358280E-01
 0.379708106655257E-01
 0.373476183228030E-01
 0.367389416235366E-01
 0.361426618881748E-01
 0.355522008137441E-01
 0.349622456294174E-01
 0.344282404164326E-01
 0.338962899463465E-01
 0.333574415079105E-01
 0.328210774449609E-01
 0.323426852569533E-01
 0.318440439289652E-01
 0.313347902571467E-01
 0.308936425527027E-01
 0.304200265489582E-01
 0.304647671782520E-01
 0.309774094230462E-01
 0.314909665647219E-01
 0.319517252879849E-01
 0.323665109843139E-01
 0.327778475174596E-01
 0.330904838549198E-01
 0.334531471725234E-01
 0.336539412635004E-01
 0.339843062333635E-01
 0.341482333715776E-01
 0.344283288144622E-01
 0.345616308259525E-01
 0.347606653342203E-01
 0.348710197191254E-01
 0.349993616865278E-01
 0.350962341878364E-01
 0.351634456374985E-01
 0.352512955456328E-01
 0.351669400642392E-01
 0.349116120307250E-01
 0.344869831304580E-01
 0.339365849189927E-01
 0.335223977290369E-01
 0.329621317790143E-01
 0.323840206643208E-01
 0.318178583923813E-01
 0.312731894857597E-01
 0.307275636178224E-01
 0.302078520346310E-01
 0.297029387821784E-01
 0.292083437156222E-01
 0.287257292517080E-01
 0.282529770566223E-01
 0.277871194596975E-01
 0.273574914255319E-01
 0.269383700200368E-01
 0.265203152606104E-01
 0.260961275305757E-01
 0.257778246720585E-01
 0.265365939539013E-01
 0.272676497733328E-01
 0.278872131363508E-01
 0.285615099588945E-01
 0.290927717443946E-01
 0.296876199468014E-01
 0.301592261969838E-01
 0.306489800631701E-01
 0.310679200262806E-01
 0.314598744355079E-01
 0.318345289256052E-01
 0.321480983205262E-01
 0.324780089138704E-01
 0.326868933751081E-01
 0.329751409921987E-01
 0.331014446015721E-01
 0.333612382657271E-01
 0.334500207870636E-01
 0.336532860343169E-01
 0.337173932224806E-01
 0.338581889272946E-01
 0.339105524607176E-01
 0.339820373217640E-01
 0.340288262900512E-01
 0.338993306540476E-01
 0.335930258868659E-01
 0.331101706977908E-01
 0.326263334107169E-01
 0.321571438558121E-01
 0.315812784953549E-01
 0.310133018549514E-01
 0.304677100534733E-01
 0.299266537782848E-01
 0.294106921641436E-01
 0.289032287577048E-01
 0.284094449750474E-01
 0.289065172019685E-01
 0.305405520364333E-01
 0.321983299193570E-01
 0.338628638496279E-01
 0.354368799145304E-01
 0.369842488550027E-01
 0.385639087980510E-01
 0.400342788497102E-01
 0.414104850133600E-01
 0.428623419606987E-01
 0.441920126856320E-01
 0.454150029064859E-01
 0.467119850359813E-01
 0.478730079356280E-01
 0.489395534228158E-01
 0.500566973617454E-01
 0.510266881458502E-01
 0.519647519356791E-01
 0.528832228240195E-01
 0.536435477628637E-01
 0.544617532544115E-01
 0.551662288033186E-01
 0.557846136697051E-01
 0.564372215970779E-01
 0.569228680678149E-01
 0.574905122773115E-01
 0.579325310262657E-01
 0.583420364155119E-01
 0.587454560674179E-01
 0.590100860405282E-01
 0.593829083071828E-01
 0.595771927706208E-01
 0.598569350452867E-01
 0.600284308113797E-01
 0.601957150961662E-01
 0.603494759410314E-01
 0.603954155858629E-01
 0.605391591289058E-01
 0.605009045037897E-01
 0.602813261106445E-01
 0.598816921113563E-01
 0.593038058396266E-01
 0.585499905268359E-01
 0.576231167261478E-01
 0.568049533001647E-01
 0.558935727547905E-01
 0.548441098680588E-01
 0.538066251922985E-01
 0.527994355486899E-01
 0.518102552825355E-01
 0.508698151950486E-01
 0.499495028790582E-01
 0.490561491326035E-01
 0.481916622059449E-01
 0.473552470192878E-01
 0.465453599250673E-01
 0.457586503235624E-01
 0.449889787924143E-01
 0.442292184056696E-01
 0.434967208498695E-01
 0.428057628008556E-01
 0.421179930554148E-01
 0.414274945960143E-01
 0.407803978930367E-01
 0.401574594414428E-01
 0.395130386135924E-01
 0.389090680410893E-01
 0.383269163239667E-01
 0.376944229577250E-01
 0.369491893466283E-01
 0.360945224170349E-01
 0.351343974691925E-01
 0.340732539615692E-01
 0.329157864554209E-01
 0.319960109120075E-01
 0.325930260250223E-01
 0.331282990936533E-01
 0.335753622455565E-01
 0.340698574518642E-01
 0.344543157449728E-01
 0.348938742476828E-01
 0.352516691070750E-01
 0.355952570447886E-01
 0.359187337169870E-01
 0.361619302025957E-01
 0.364654281576816E-01
 0.366586032401865E-01
 0.369154664131746E-01
 0.370881388923502E-01
 0.372601115071846E-01
 0.374213553870161E-01
 0.375268277914650E-01
 0.376833857689552E-01
 0.377308840579190E-01
 0.376743356870394E-01
 0.375193907316777E-01
 0.372723284023526E-01
 0.369399668078765E-01
 0.365294850748956E-01
 0.360481920439693E-01
 0.355890897007300E-01
 0.351183604806026E-01
 0.345836296127723E-01
 0.339944184880046E-01
 0.334079006907388E-01
 0.328372527317707E-01
 0.322831868277985E-01
 0.317531342441550E-01
 0.312338446310495E-01
 0.307286992262345E-01
 0.302398255825672E-01
 0.297651308165194E-01
 0.293034382977986E-01
 0.288542585301027E-01
 0.284152478391760E-01
 0.279856747910924E-01
 0.275638270725142E-01
 0.271480774796431E-01
 0.277565702072422E-01
 0.288327568912453E-01
 0.299412869090468E-01
 0.310767530957682E-01
 0.322337020865806E-01
 0.334064795742280E-01
 0.345890578470335E-01
 0.357749002989159E-01
 0.369569068407251E-01
 0.381353555268312E-01
 0.393628773988196E-01
 0.405710996966489E-01
 0.417518337264180E-01
 0.428970375207213E-01
 0.439988182858570E-01
 0.451313804337931E-01
 0.462425632264047E-01
 0.472956912614306E-01
 0.482824270339319E-01
 0.492690946064298E-01
 0.502435265386769E-01
 0.511362666668704E-01
 0.519393432194760E-01
 0.528064777657888E-01
 0.535846754302028E-01
 0.542589071616232E-01
 0.549706507949518E-01
 0.556107302015934E-01
 0.561337257900618E-01
 0.567345273140337E-01
 0.572272317458717E-01
 0.576359288770703E-01
 0.580914211222400E-01
 0.584113359078438E-01
 0.587494911408069E-01
 0.590393905278425E-01
 0.592358158431676E-01
 0.595018130068986E-01
 0.596192877585168E-01
 0.598014376013665E-01
 0.598960829326922E-01
 0.599550109826605E-01
 0.600309743864209E-01
 0.599804029954888E-01
 0.600544123217832E-01
 0.599716170697661E-01
 0.597252225390522E-01
 0.593089171179886E-01
 0.587171140963848E-01
 0.579451196489332E-01
 0.569891998122921E-01
 0.560847395019088E-01
 0.551522897804527E-01
 0.540727331768660E-01
 0.530129149003181E-01
 0.519817221766228E-01
 0.509639003473823E-01
 0.499955113798424E-01
 0.490457332363213E-01
 0.481200377103237E-01
 0.472214831908552E-01
 0.463494450342170E-01
 0.455021899206334E-01
 0.456563718099289E-01
 0.485358073324199E-01
 0.513265993584923E-01
 0.542024057637328E-01
 0.570746010592717E-01
 0.598370223448485E-01
 0.624882755421741E-01
 0.653016732526552E-01
 0.679831890565585E-01
 0.705238988774520E-01
 0.730553296936963E-01
 0.756030106448578E-01
 0.779892662336529E-01
 0.802053817826896E-01
 0.825654798541030E-01
 0.847472071622393E-01
 0.867405157237535E-01
 0.887870541653998E-01
 0.907337755303759E-01
 0.924780978529390E-01
 0.942615853056516E-01
 0.959458866269918E-01
 0.974132647528239E-01
 0.989498439095734E-01
 0.100356586107181E+00
 0.101534410641699E+00
 0.102861058688326E+00
 0.103968205799822E+00
 0.104955553697887E+00
 0.106001834946673E+00
 0.106804879105401E+00
 0.107671734322611E+00
 0.108417559632462E+00
 0.108995729731240E+00
 0.109694312783747E+00
 0.110141310445070E+00
 0.110680443516100E+00
 0.111086739859757E+00
 0.111388646258883E+00
 0.111766151337202E+00
 0.111886421242257E+00
 0.112216574348214E+00
 0.112320375689346E+00
 0.112166096208699E+00
 0.111754119122111E+00
 0.111085895702170E+00
 0.110163992058342E+00
 0.108992071592444E+00
 0.107574816324243E+00
 0.105917805589526E+00
 0.104466926789036E+00
 0.102852617915944E+00
 0.101020335730460E+00
 0.991665850595543E-01
 0.973662207663163E-01
 0.956251401528807E-01
 0.939176446544498E-01
 0.922794418793175E-01
 0.906802500779301E-01
 0.891231292543784E-01
 0.876097990011870E-01
 0.861394420212835E-01
 0.847066555505977E-01
 0.833037094869560E-01
 0.819223568804075E-01
 0.806055559689335E-01
 0.793314011000264E-01
 0.780692521688272E-01
 0.768071286564651E-01
 0.756165020099937E-01
 0.744590741881026E-01
 0.732863352113307E-01
 0.721638432313718E-01
 0.710886514161553E-01
 0.699320375633663E-01
 0.686204459336096E-01
 0.671587610055061E-01
 0.655522800819925E-01
 0.638066383334886E-01
 0.619277668764126E-01
 0.599218875003783E-01
 0.577955375944692E-01
 0.555556111908728E-01
 0.532093981596169E-01
 0.507646044178395E-01
 0.482293409618321E-01
 0.456120765574575E-01
 0.429632372496551E-01
 0.435643634026495E-01
 0.440361215986631E-01
 0.445315277906662E-01
 0.449664039245375E-01
 0.453660312772900E-01
 0.457691632604805E-01
 0.460469298998941E-01
 0.464227573615482E-01
 0.466245281508099E-01
 0.469583432626959E-01
 0.471446505307178E-01
 0.474021535441158E-01
 0.475806897754510E-01
 0.475871044470030E-01
 0.474270147499359E-01
 0.471069860598916E-01
 0.466345703983876E-01
 0.460182318085370E-01
 0.455030386721138E-01
 0.449020438426265E-01
 0.442024860966151E-01
 0.435086741086711E-01
 0.428332790786846E-01
 0.421685543514482E-01
 0.415345735949832E-01
 0.409138591129008E-01
 0.403048189563171E-01
 0.397067628565348E-01
 0.391202925488268E-01
 0.385452915056623E-01
 0.379797961480159E-01
 0.374201678572986E-01
 0.368798250275163E-01
 0.363674837046045E-01
 0.358578353785462E-01
 0.353438797982036E-01
 0.348529709416370E-01
 0.343854503483955E-01
 0.339013487173033E-01
 0.334304364161513E-01
 0.329899584915146E-01
 0.325223738780165E-01
 0.320897228502172E-01
 0.315662169973054E-01
 0.309577685023471E-01
 0.302703761487671E-01
 0.295101532225876E-01
 0.286834163858399E-01
 0.277967844116790E-01
 0.268572290813597E-01
 0.258720379935905E-01
 0.248486865449505E-01
 0.260770760022944E-01
 0.273225585100659E-01
 0.285455840887256E-01
 0.297392000935522E-01
 0.309845429972929E-01
 0.322153875646142E-01
 0.334027994601453E-01
 0.345394914172104E-01
 0.357008681756372E-01
 0.368501750968934E-01
 0.379347930143152E-01
 0.389476700428517E-01
 0.400141694202428E-01
 0.410138425420285E-01
 0.419286699937668E-01
 0.428526346400065E-01
 0.437495334310059E-01
 0.445476653977032E-01
 0.453383166961950E-01
 0.461045158462168E-01
 0.467595370698296E-01
 0.474225682390706E-01
 0.480438896864722E-01
 0.485453824147262E-01
 0.491304749443564E-01
 0.495961682706027E-01
 0.499998748593141E-01
 0.504331127367636E-01
 0.507335879901167E-01
 0.511173667772518E-01
 0.513927177313535E-01
 0.516318729727398E-01
 0.518767109127350E-01
 0.519838395928385E-01
 0.522062537534438E-01
 0.522836496931438E-01
 0.523926622581601E-01
 0.524511020123023E-01
 0.524658096856768E-01
 0.525157451539930E-01
 0.524164968409670E-01
 0.521657592490984E-01
 0.517618381800515E-01
 0.512035568032399E-01
 0.504902391724740E-01
 0.496217947443949E-01
 0.488915928801757E-01
 0.480472737424113E-01
 0.471182843994403E-01
 0.462131691861779E-01
 0.453318616154928E-01
 0.444827277277941E-01
 0.436518546982172E-01
 0.428404773430147E-01
 0.420541242977315E-01
 0.412925643644138E-01
 0.405569627375980E-01
 0.398451042377815E-01
 0.391546824562666E-01
 0.384820709228257E-01
 0.378206549622354E-01
 0.371634286287224E-01
 0.365479289543066E-01
 0.359522460625921E-01
 0.353544870006739E-01
 0.347553763723840E-01
 0.342167663620664E-01
 0.352952190061557E-01
 0.363839168256326E-01
 0.375299445155940E-01
 0.385436596343888E-01
 0.395307322792750E-01
 0.405049521967214E-01
 0.413397497050029E-01
 0.422470993274620E-01
 0.430299277104615E-01
 0.437512186765609E-01
 0.444856571090605E-01
 0.450695564354385E-01
 0.457349065869981E-01
 0.462744050841203E-01
 0.468113231234243E-01
 0.473150497031361E-01
 0.477250166011843E-01
 0.481948664017192E-01
 0.485058180556982E-01
 0.489138857592501E-01
 0.491926538244567E-01
 0.494839127930021E-01
 0.497391818834794E-01
 0.499341671069801E-01
 0.501722299117950E-01
 0.502700592770738E-01
 0.504972922452395E-01
 0.505640667426877E-01
 0.504720940206424E-01
 0.502234984139671E-01
 0.498208722372170E-01
 0.492673754611076E-01
 0.485668526556727E-01
 0.479504884072179E-01
 0.472644136179886E-01
 0.464592235787447E-01
 0.456563738999421E-01
 0.448716735745391E-01
 0.441031719644434E-01
 0.433618962822702E-01
 0.426431851182439E-01
 0.419426377704782E-01
 0.412628414433069E-01
 0.406026694772261E-01
 0.399597959356574E-01
 0.393307703469694E-01
 0.387136052420232E-01
 0.381027664424827E-01
 0.375367248691869E-01
 0.369751785697530E-01
 0.364123802228542E-01
 0.358507596491987E-01
 0.353415959163432E-01
 0.348207227564829E-01
 0.342833024253677E-01
 0.338129284997146E-01
 0.333218698778428E-01
 0.328281852869415E-01
 0.322406363643780E-01
 0.315632750995575E-01
 0.308004077340968E-01
 0.299565110277248E-01
 0.290362112906966E-01
 0.280443312021008E-01
 0.269859825129729E-01
 0.258666623664513E-01
 0.246923049918762E-01
 0.234692529028134E-01
 0.222041409538836E-01
 0.209037234720848E-01
 0.195747028602984E-01
 0.182236213549732E-01
 0.168568509603473E-01
 0.154806720793506E-01
 0.146676876526309E-01
 0.156358683549224E-01
 0.165762655330427E-01
 0.174711786696811E-01
 0.183787138232331E-01
 0.192777012180842E-01
 0.201149846108538E-01
 0.209386189935643E-01
 0.217666230407198E-01
 0.225186780241962E-01
 0.232683525132921E-01
 0.239950835764032E-01
 0.246309748318919E-01
 0.253074678029288E-01
 0.259082475965918E-01
 0.264614085750830E-01
 0.270216581116781E-01
 0.274698671076363E-01
 0.279636336999231E-01
 0.283711885046364E-01
 0.287773721609373E-01
 0.291439129148642E-01
 0.294401323669708E-01
 0.297695299501380E-01
 0.299691781262936E-01
 0.302648764211143E-01
 0.304239782186630E-01
 0.306300242319557E-01
 0.307633765518212E-01
 0.309195764796967E-01
 0.310330612928338E-01
 0.311191420583658E-01
 0.312102251165999E-01
 0.312133058073147E-01
 0.312879607378709E-01
 0.312214672871832E-01
 0.312926099624435E-01
 0.312165995860424E-01
 0.309907115248670E-01
 0.306128668671118E-01
 0.300827848429361E-01
 0.296487571436860E-01
 0.291383732435099E-01
 0.285848034239727E-01
 0.280452982531537E-01
 0.275165380280149E-01
 0.270042247593689E-01
 0.264949794220449E-01
 0.264555165393134E-01
 0.282729976983460E-01
 0.300212495520548E-01
 0.316920690530036E-01
 0.334682277243386E-01
 0.351702514741446E-01
 0.367756148776813E-01
 0.384160440510534E-01
 0.400153454997346E-01
 0.414972764834728E-01
 0.429603909378606E-01
 0.444218296244925E-01
 0.457512786515398E-01
 0.470849188817533E-01
 0.483778557742731E-01
 0.495225059324855E-01
 0.507154810368064E-01
 0.518060608783230E-01
 0.527497774092298E-01
 0.537858094814667E-01
 0.546496099883619E-01
 0.554861005195179E-01
 0.562938131454985E-01
 0.569308134720841E-01
 0.576879691067144E-01
 0.582553845047335E-01
 0.588502722474604E-01
 0.593665413787992E-01
 0.597919455177462E-01
 0.602626037580494E-01
 0.605354680851107E-01
 0.609735533792719E-01
 0.612085620077612E-01
 0.615223158392414E-01
 0.617279591150644E-01
 0.619160069501920E-01
 0.621053367506381E-01
 0.621752534250932E-01
 0.623572753380836E-01
 0.623277133846128E-01
 0.620840996019783E-01
 0.616249056190998E-01
 0.609495631592890E-01
 0.600584305211838E-01
 0.592032677344925E-01
 0.583304220610324E-01
 0.572945079354205E-01
 0.562657216844331E-01
 0.552601572167053E-01
 0.542692734811093E-01
 0.533226014840224E-01
 0.523997134681702E-01
 0.514991930726967E-01
 0.506226741356342E-01
 0.497701206472269E-01
 0.489398146466548E-01
 0.481273202955809E-01
 0.473270128841144E-01
 0.465565729101532E-01
 0.458291506810111E-01
 0.451043895569069E-01
 0.456683555624621E-01
 0.475719622267037E-01
 0.493271314921811E-01
 0.511020870188593E-01
 0.528260312850509E-01
 0.543844751657015E-01
 0.559739441606895E-01
 0.574768740488419E-01
 0.587987792901687E-01
 0.602099981967072E-01
 0.614712022456046E-01
 0.626103000089728E-01
 0.638100314246575E-01
 0.648083784812811E-01
 0.658327248180984E-01
 0.667652031906932E-01
 0.675433997714305E-01
 0.684148742806598E-01
 0.690696284710870E-01
 0.697819090889844E-01
 0.703803986344690E-01
 0.709044566974342E-01
 0.714516182511222E-01
 0.717807417117652E-01
 0.722825240929249E-01
 0.725585396686973E-01
 0.729133272459710E-01
 0.731542258964516E-01
 0.733663174066794E-01
 0.735859342732014E-01
 0.736719543536492E-01
 0.738865261920866E-01
 0.738681591497153E-01
 0.736173555122343E-01
 0.731359121912245E-01
 0.724267399195575E-01
 0.714935821993161E-01
 0.703477557575519E-01
 0.694355568670953E-01
 0.683104195242364E-01
 0.670641334239679E-01
 0.658525923768548E-01
 0.646720919891777E-01
 0.635350810368912E-01
 0.624217863318731E-01
 0.613320407447053E-01
 0.602723756360098E-01
 0.592448179498053E-01
 0.582499123813011E-01
 0.572855358102411E-01
 0.563469730498222E-01
 0.554278305910671E-01
 0.545200837611717E-01
 0.536168419569553E-01
 0.527901924680477E-01
 0.519710396636511E-01
 0.511428247173430E-01
 0.503403732148791E-01
 0.495942379444074E-01
 0.488233388194857E-01
 0.480749146513084E-01
 0.473771090073174E-01
 0.465907306547723E-01
 0.456602816452643E-01
 0.451973995468426E-01
 0.462981932837826E-01
 0.472496129683431E-01
 0.481959965704012E-01
 0.490974438683808E-01
 0.498448462858168E-01
 0.506865827479497E-01
 0.513820748922092E-01
 0.520467543228411E-01
 0.526978974440744E-01
 0.531963805145549E-01
 0.538095407695816E-01
 0.542611905525826E-01
 0.547205892923119E-01
 0.551319687693542E-01
 0.554509618486962E-01
 0.558363960554297E-01
 0.560608537947836E-01
 0.563892136198053E-01
 0.565890085852110E-01
 0.567925668868620E-01
 0.569726995622526E-01
 0.570766776726315E-01
 0.572486980575387E-01
 0.572625084355511E-01
 0.571225806424780E-01
 0.568339730865976E-01
 0.564022443872092E-01
 0.558334200240573E-01
 0.551340157635432E-01
 0.543110884683534E-01
 0.535902898525870E-01
 0.527864836541904E-01
 0.518696943708979E-01
 0.509390064077650E-01
 0.500360654689751E-01
 0.491676530037502E-01
 0.483185450906089E-01
 0.475035314671365E-01
 0.467087002320786E-01
 0.459354447673387E-01
 0.451824405817504E-01
 0.444496345836905E-01
 0.437357182190329E-01
 0.430346552785751E-01
 0.423424771133885E-01
 0.416857461778680E-01
 0.410439081361844E-01
 0.404052076615430E-01
 0.397642003628134E-01
 0.391679148026392E-01
 0.385786766053278E-01
 0.379805642129766E-01
 0.374212340207828E-01
 0.368734651500451E-01
 0.362983182819634E-01
 0.356467377512642E-01
 0.349237325042587E-01
 0.341345618572272E-01
 0.332847838529017E-01
 0.323802501503753E-01
 0.314270424596646E-01
 0.304313720764318E-01
 0.293994781210279E-01
 0.283375551472841E-01
 0.272517224497455E-01
 0.261480279353023E-01
 0.250324686017358E-01
 0.239110093418524E-01
 0.227895873947810E-01
 0.216740956820895E-01
 0.205703421420614E-01
 0.194839855060491E-01
 0.195135881683162E-01
 0.197836774934159E-01
 0.199913788378506E-01
 0.201978689736070E-01
 0.203807236564720E-01
 0.205017128721661E-01
 0.206633959451589E-01
 0.207507242079407E-01
 0.208847583606378E-01
 0.209615634447680E-01
 0.210535340249191E-01
 0.211150260839320E-01
 0.211440607971691E-01
 0.211912031086394E-01
 0.211710902311543E-01
 0.212030476264219E-01
 0.211437439579962E-01
 0.211574974988170E-01
 0.210967652249241E-01
 0.210863084280805E-01
 0.210171436421101E-01
 0.208507162154346E-01
 0.205819164102176E-01
 0.202057124553341E-01
 0.198223076107967E-01
 0.194557531278865E-01
 0.198987883731467E-01
 0.217698543253133E-01
 0.237341976064328E-01
 0.257655590471403E-01
 0.277900098111828E-01
 0.298001147964303E-01
 0.318912849097767E-01
 0.340197503162267E-01
 0.361171530158319E-01
 0.381755350579104E-01
 0.402529358296757E-01
 0.423886732765981E-01
 0.444684316401712E-01
 0.464847828181510E-01
 0.485006815113666E-01
 0.505678293570636E-01
 0.525529223442695E-01
 0.544483682561204E-01
 0.563501537843520E-01
 0.582630602216098E-01
 0.600699940815520E-01
 0.617628263072104E-01
 0.635193441888137E-01
 0.651935616927940E-01
 0.667375421748962E-01
 0.682520204821642E-01
 0.697731398335456E-01
 0.711496738419770E-01
 0.724506829217699E-01
 0.737843399617050E-01
 0.749592273079765E-01
 0.760594519478039E-01
 0.771889469755718E-01
 0.781459489106110E-01
 0.790646615370430E-01
 0.799731774947051E-01
 0.807017201827284E-01
 0.815006441292028E-01
 0.821774299807395E-01
 0.827212267440423E-01
 0.833532574038643E-01
 0.837942026090044E-01
 0.842734145441385E-01
 0.846820350667989E-01
 0.849744754913880E-01
 0.853539456616937E-01
 0.855345052155348E-01
 0.858222631090145E-01
 0.859816624018984E-01
 0.861250236380693E-01
 0.862764780100083E-01
 0.862253130827798E-01
 0.859694724874423E-01
 0.855076940341678E-01
 0.848396656872587E-01
 0.839661297625069E-01
 0.828889023218303E-01
 0.816107999925210E-01
 0.804406895672317E-01
 0.791923012370626E-01
 0.777627667078434E-01
 0.763074876319231E-01
 0.748894775899412E-01
 0.735213534014178E-01
 0.721690703922223E-01
 0.708790603516785E-01
 0.696199936297269E-01
 0.683946591407820E-01
 0.672051482747717E-01
 0.660502545557043E-01
 0.649255331303253E-01
 0.638254898626586E-01
 0.627438155294768E-01
 0.617309254962163E-01
 0.607363786628516E-01
 0.597490595896588E-01
 0.587609474798814E-01
 0.578496187528597E-01
 0.569465177262921E-01
 0.560280153017175E-01
 0.551697699135632E-01
 0.543310995390102E-01
 0.534439198239445E-01
 0.524274300974226E-01
 0.512843414934688E-01
 0.500175745795065E-01
 0.486303195576022E-01
 0.471261860124140E-01
 0.455093763937616E-01
 0.437847979358355E-01
 0.419580543353121E-01
 0.414612227198775E-01
 0.420834827403019E-01
 0.426970221037363E-01
 0.431837932460614E-01
 0.437500761741806E-01
 0.441448546413248E-01
 0.446533111830004E-01
 0.450147960614631E-01
 0.454335558211947E-01
 0.457593568797580E-01
 0.460629196839638E-01
 0.463660479639955E-01
 0.465796733016793E-01
 0.468650494003517E-01
 0.469880705663392E-01
 0.472683460499846E-01
 0.473732345426895E-01
 0.473057613766772E-01
 0.470697629571524E-01
 0.466699686007459E-01
 0.461120020425774E-01
 0.455243953746783E-01
 0.449755992531838E-01
 0.442843835664571E-01
 0.435666706409921E-01
 0.428669567345351E-01
 0.421880624628349E-01
 0.415178226047451E-01
 0.408619346366134E-01
 0.402326897034404E-01
 0.396158230843302E-01
 0.390103086883839E-01
 0.384144816812663E-01
 0.378292014549678E-01
 0.372764208148565E-01
 0.367372009115360E-01
 0.362057091309947E-01
 0.356733929464259E-01
 0.351533008293596E-01
 0.346706606921834E-01
 0.341773317831600E-01
 0.336687269293011E-01
 0.332251643657485E-01
 0.327597195854039E-01
 0.322860762725492E-01
 0.318691345306359E-01
 0.313707157851682E-01
 0.307761594059842E-01
 0.300902111129979E-01
 0.293180254940198E-01
 0.284651951212853E-01
 0.275377470001827E-01
 0.265421202594709E-01
 0.254851331257960E-01
 0.243739366007881E-01
 0.243233124697215E-01
 0.259750767502435E-01
 0.277128409495714E-01
 0.294782793782965E-01
 0.312320100197630E-01
 0.329662635280036E-01
 0.346824231054418E-01
 0.364985162716610E-01
 0.382774593135110E-01
 0.400101768473229E-01
 0.416875532951160E-01
 0.434188809352856E-01
 0.451331717250825E-01
 0.467756206130642E-01
 0.483371210537932E-01
 0.499700154552963E-01
 0.515323069016058E-01
 0.529939186611996E-01
 0.543976272471830E-01
 0.558463287986071E-01
 0.571770875268156E-01
 0.583823802197204E-01
 0.596810403341522E-01
 0.608526213991813E-01
 0.618809095508660E-01
 0.629784915306647E-01
 0.639542579605340E-01
 0.647851675593037E-01
 0.657202044809440E-01
 0.664920920187992E-01
 0.672081951890372E-01
 0.679320276322583E-01
 0.684799875120746E-01
 0.690869636212325E-01
 0.695819070767847E-01
 0.699751266074127E-01
 0.704265017036219E-01
 0.706887974424210E-01
 0.710463769788255E-01
 0.712765180456583E-01
 0.714961271435724E-01
 0.717020729164211E-01
 0.717758348014851E-01
 0.719596545006838E-01
 0.719442815785759E-01
 0.720570245346770E-01
 0.720301554413782E-01
 0.718001576724700E-01
 0.713643898311152E-01
 0.707209698558992E-01
 0.698687710244795E-01
 0.688074628271934E-01
 0.676813638170521E-01
 0.666487519860575E-01
 0.654205789809807E-01
 0.641548729146569E-01
 0.629249591976893E-01
 0.617397394829744E-01
 0.605737916227325E-01
 0.594492491425525E-01
 0.583631040460647E-01
 0.573053790956641E-01
 0.562760242790160E-01
 0.552737384688851E-01
 0.542945867846230E-01
 0.533325077782580E-01
 0.524320741212889E-01
 0.515495761826392E-01
 0.506769566624233E-01
 0.498059454511012E-01
 0.489812762169344E-01
 0.497192092567669E-01
 0.518242570476550E-01
 0.537915668724705E-01
 0.558057467158920E-01
 0.577579896591987E-01
 0.595583123562946E-01
 0.613774020647646E-01
 0.631392238984921E-01
 0.647352600157683E-01
 0.663400820056246E-01
 0.678826769453944E-01
 0.692489645328392E-01
 0.706478492932631E-01
 0.719545687698589E-01
 0.730786263244873E-01
 0.743196720153295E-01
 0.753881034719120E-01
 0.763730051919880E-01
 0.773844150689895E-01
 0.782002074515033E-01
 0.790547331841487E-01
 0.798148555844033E-01
 0.804417340256395E-01
 0.811608887337350E-01
 0.816783453991375E-01
 0.822570351775578E-01
 0.827368745061889E-01
 0.831077249081221E-01
 0.835544384849202E-01
 0.837975750903615E-01
 0.841623580599559E-01
 0.843879948997675E-01
 0.846115104035123E-01
 0.848247733259731E-01
 0.848336375792875E-01
 0.846410156052996E-01
 0.842509577277019E-01
 0.836685884622706E-01
 0.828999539874533E-01
 0.819518261957922E-01
 0.808315152597895E-01
 0.796623503351367E-01
 0.785650181346270E-01
 0.773077581645682E-01
 0.759285695823603E-01
 0.745726103167606E-01
 0.732583273165976E-01
 0.719775780363620E-01
 0.707454085274563E-01
 0.695380127068446E-01
 0.683594713527884E-01
 0.672127166337780E-01
 0.661008147304046E-01
 0.650243551811973E-01
 0.639796515747843E-01
 0.629614478784512E-01
 0.619638995737970E-01
 0.609790901867662E-01
 0.600233256192936E-01
 0.591133343328216E-01
 0.582052643163511E-01
 0.572920521743324E-01
 0.564444103155248E-01
 0.556044503278528E-01
 0.547463270514143E-01
 0.539598651080795E-01
 0.530629489424213E-01
 0.520602928822950E-01
 0.509570285381933E-01
 0.497587862683004E-01
 0.484717116172203E-01
 0.471023929904980E-01
 0.456577051298141E-01
 0.441446124045599E-01
 0.425700037947854E-01
 0.409406242587447E-01
 0.392631220818266E-01
 0.375441732009346E-01
 0.357906074895627E-01
 0.340094700716944E-01
 0.322079939830150E-01
 0.303935071106254E-01
 0.285733164278651E-01
 0.267546001689641E-01
 0.249443135528513E-01
 0.231491022248674E-01
 0.213752289015123E-01
 0.196285373191255E-01
 0.179144785553422E-01
 0.162381981242922E-01
 0.146046444483378E-01
 0.130186406100471E-01
 0.115866793500727E-01
 0.102850454870102E-01
 0.902872399199819E-02
 0.782124590510531E-02
 0.666572373244373E-02
 0.556478867579256E-02
 0.509236973509542E-02
 0.587440227737031E-02
 0.670150334151996E-02
 0.757141432656375E-02
 0.848144949336314E-02
 0.949149950701236E-02
 0.105421070747743E-01
 0.116287872476338E-01
 0.127472628019908E-01
 0.139017426012137E-01
 0.151460526964729E-01
 0.164165914940062E-01
 0.177085076242599E-01
 0.190167962229338E-01
 0.203384873171558E-01
 0.217520133415971E-01
 0.231714444979334E-01
 0.245906712593180E-01
 0.260034020540430E-01
 0.274101159215557E-01
 0.288941711863066E-01
 0.303579829291781E-01
 0.317954681069385E-01
 0.332005933965180E-01
 0.346494622275775E-01
 0.361025005640189E-01
 0.375073489751324E-01
 0.388565365522449E-01
 0.402059734329904E-01
 0.415632716669209E-01
 0.428503603013265E-01
 0.440607863626554E-01
 0.453073051417944E-01
 0.465147360355834E-01
 0.476309491727083E-01
 0.487161461507748E-01
 0.498069921836966E-01
 0.507908052011261E-01
 0.517059120203782E-01
 0.526664963675968E-01
 0.535087263949476E-01
 0.543116966676229E-01
 0.551185295139368E-01
 0.557924405246036E-01
 0.564698605214325E-01
 0.570997245712458E-01
 0.575934473043043E-01
 0.581928633423865E-01
 0.586442652138956E-01
 0.590773870865632E-01
 0.594936075096361E-01
 0.597868735209693E-01
 0.601781262742273E-01
 0.604090315525921E-01
 0.606891367640503E-01
 0.608981706642719E-01
 0.610582593699819E-01
 0.612526432649618E-01
 0.612919377673175E-01
 0.614742293153700E-01
 0.614875670355046E-01
 0.613275549154383E-01
 0.609909088918145E-01
 0.604755823568639E-01
 0.597807079968041E-01
 0.589063670821333E-01
 0.580128520402687E-01
 0.571638421247688E-01
 0.561468706676597E-01
 0.551100346224804E-01
 0.541013530399233E-01
 0.531281552182046E-01
 0.521659287193487E-01
 0.512419739316618E-01
 0.503434313720659E-01
 0.494647791301643E-01
 0.486078808535607E-01
 0.477713163939523E-01
 0.469514849426128E-01
 0.461512828217407E-01
 0.453991290454833E-01
 0.446613013175151E-01
 0.439304506686335E-01
 0.431997550165795E-01
 0.425154548373490E-01
 0.438251781473845E-01
 0.454513191458000E-01
 0.471118819344589E-01
 0.487012878015084E-01
 0.501306970722629E-01
 0.516234177529976E-01
 0.530077458572127E-01
 0.542565403372911E-01
 0.555882290519020E-01
 0.567374143010224E-01
 0.578514672026231E-01
 0.589338172087189E-01
 0.598214942449344E-01
 0.608323330289089E-01
 0.616593078363974E-01
 0.624692073888598E-01
 0.632350682051614E-01
 0.638406839584076E-01
 0.645574704494149E-01
 0.650587684011246E-01
 0.656420025028795E-01
 0.660913973574865E-01
 0.664909386367609E-01
 0.668985354688535E-01
 0.671471878026471E-01
 0.675241393411020E-01
 0.676780213532887E-01
 0.679959328890695E-01
 0.681309504991867E-01
 0.683290238165734E-01
 0.684519300767451E-01
 0.683493964062801E-01
 0.680214709833658E-01
 0.674687652368483E-01
 0.666925695835623E-01
 0.656950627664889E-01
 0.648279025117490E-01
 0.638559666205290E-01
 0.627372335715978E-01
 0.616376097031914E-01
 0.605706954469604E-01
 0.595161479219920E-01
 0.585054178347396E-01
 0.575107295667919E-01
 0.565382473455348E-01
 0.555906549246126E-01
 0.546691165476156E-01
 0.537728340133784E-01
 0.528962439802929E-01
 0.520343936739589E-01
 0.511804241680043E-01
 0.503878903027407E-01
 0.496126343684350E-01
 0.488332155786254E-01
 0.480447242425537E-01
 0.473464621282520E-01
 0.466299500649281E-01
 0.458858394431997E-01
 0.452421540300117E-01
 0.445672505117910E-01
 0.449723818130084E-01
 0.460476713331059E-01
 0.470990084825488E-01
 0.479751844634065E-01
 0.489507629622778E-01
 0.497556727137966E-01
 0.505279453206365E-01
 0.512700581922642E-01
 0.518618524180723E-01
 0.525554514758543E-01
 0.530563930962425E-01
 0.536427888165046E-01
 0.540898429509632E-01
 0.544983996834472E-01
 0.549029089075270E-01
 0.551976994278436E-01
 0.555702710382212E-01
 0.557435543911563E-01
 0.560807241545665E-01
 0.562267843213044E-01
 0.564522254287164E-01
 0.565752542883750E-01
 0.567057681713843E-01
 0.568227438281308E-01
 0.567386991866349E-01
 0.564559609098220E-01
 0.559778400027277E-01
 0.553085075482844E-01
 0.544528436314346E-01
 0.537445937320123E-01
 0.529086027803795E-01
 0.519697722417538E-01
 0.510558524116267E-01
 0.501645269004358E-01
 0.493009277952425E-01
 0.484570312479755E-01
 0.476301353088416E-01
 0.468245206573274E-01
 0.460421368668431E-01
 0.452844331548353E-01
 0.445486590215955E-01
 0.438302067172847E-01
 0.431255550829989E-01
 0.424276572821478E-01
 0.417527577386897E-01
 0.411195605353690E-01
 0.404820783629950E-01
 0.398321654531581E-01
 0.392352988835264E-01
 0.386449881547670E-01
 0.380296592970089E-01
 0.374729027337855E-01
 0.369156409350857E-01
 0.363261796248080E-01
 0.356163424198844E-01
 0.347903962861424E-01
 0.338530050044361E-01
 0.328092307568767E-01
 0.316645271864322E-01
 0.304247301384910E-01
 0.290960505106136E-01
 0.276850631408106E-01
 0.261986800074231E-01
 0.250842317871749E-01
 0.252900379684330E-01
 0.254215853235604E-01
 0.255819876271115E-01
 0.257008363622206E-01
 0.258224768172136E-01
 0.259295470192787E-01
 0.259920843016008E-01
 0.260884994723771E-01
 0.260318928079994E-01
 0.258250280096875E-01
 0.254712894741868E-01
 0.251328916104334E-01
 0.247920954601723E-01
 0.243707338985115E-01
 0.239603117982961E-01
 0.235617926572775E-01
 0.231765106696967E-01
 0.228019895945136E-01
 0.224328684857294E-01
 0.220739195391424E-01
 0.217292874068164E-01
 0.213972797385689E-01
 0.210761556715212E-01
 0.207632459776982E-01
 0.204540760451522E-01
 0.201463137263157E-01
 0.198764900192861E-01
 0.196004257600739E-01
 0.193120326096426E-01
 0.190372783848173E-01
 0.187861389477076E-01
 0.185108252849859E-01
 0.182485101930142E-01
 0.181721414331804E-01
 0.183964722345814E-01
 0.186035815614634E-01
 0.187753674733515E-01
 0.189461426036500E-01
 0.190789861545086E-01
 0.192174119908220E-01
 0.192812821666390E-01
 0.193869538998712E-01
 0.194041806044530E-01
 0.194972026126898E-01
 0.194968646440138E-01
 0.195790015729359E-01
 0.195240462794207E-01
 0.196004299945490E-01
 0.195316956896154E-01
 0.193171575993378E-01
 0.189768949111987E-01
 0.187451952004071E-01
 0.185865896479297E-01
 0.202039249324705E-01
 0.217922537919006E-01
 0.233454411513604E-01
 0.249333382941529E-01
 0.265645747834692E-01
 0.281449603758277E-01
 0.296677056776019E-01
 0.312756682946760E-01
 0.328406436369859E-01
 0.343324601371397E-01
 0.358054163071189E-01
 0.373135782523983E-01
 0.387342691581607E-01
 0.400751695054546E-01
 0.414980902002079E-01
 0.428163991941918E-01
 0.440238163402268E-01
 0.452695888824541E-01
 0.464453443965688E-01
 0.474987668533965E-01
 0.485832183576165E-01
 0.496065218777062E-01
 0.504965917561843E-01
 0.514433644382527E-01
 0.522818673431586E-01
 0.529954310319217E-01
 0.537907179185124E-01
 0.544395350579419E-01
 0.550716936349881E-01
 0.556732632596441E-01
 0.561192320194121E-01
 0.566713215633738E-01
 0.570753750422110E-01
 0.574902800848647E-01
 0.578552892617193E-01
 0.581226444932431E-01
 0.584593879243821E-01
 0.586326737356391E-01
 0.589121499380522E-01
 0.590608501164170E-01
 0.592267762043083E-01
 0.593541739999074E-01
 0.593864838649340E-01
 0.595053783556988E-01
 0.594556822110846E-01
 0.592368952779304E-01
 0.588493582877797E-01
 0.582943078375457E-01
 0.575737682448041E-01
 0.566903547336996E-01
 0.558422877663526E-01
 0.549787703711736E-01
 0.539674767930544E-01
 0.529334796084326E-01
 0.519301709622786E-01
 0.509670604221390E-01
 0.500196422225501E-01
 0.491186671174288E-01
 0.482390511462456E-01
 0.473836056203668E-01
 0.465527078698640E-01
 0.457448693299496E-01
 0.449562090033753E-01
 0.441824091176991E-01
 0.434282916022820E-01
 0.427222949565850E-01
 0.420264306037642E-01
 0.413335669549321E-01
 0.406454426599868E-01
 0.400198633301702E-01
 0.393854149325339E-01
 0.387344775444285E-01
 0.381576013121303E-01
 0.375646167584719E-01
 0.369599182946338E-01
 0.362483302579764E-01
 0.354326045155335E-01
 0.345158910834499E-01
 0.335016930214060E-01
 0.323938713545047E-01
 0.311966551820530E-01
 0.303746528283898E-01
 0.308148098800517E-01
 0.313152381165889E-01
 0.317187583865291E-01
 0.321236937998706E-01
 0.324909148079032E-01
 0.328020097835480E-01
 0.331390992673801E-01
 0.333578951631296E-01
 0.336754814240012E-01
 0.338712068022058E-01
 0.341345208563273E-01
 0.343187816927514E-01
 0.345201536458763E-01
 0.346887150468345E-01
 0.348060958020530E-01
 0.349621085792464E-01
 0.349979773221644E-01
 0.349180434156274E-01
 0.347271414594984E-01
 0.344305895840800E-01
 0.340341573537857E-01
 0.335793858913071E-01
 0.331931725305081E-01
 0.327135588054317E-01
 0.321735445619529E-01
 0.316391522665854E-01
 0.311182102850608E-01
 0.306078315720299E-01
 0.301150317239693E-01
 0.296309044917506E-01
 0.291587512890633E-01
 0.287009564856455E-01
 0.282576455784604E-01
 0.278274584802879E-01
 0.274072495941475E-01
 0.269953095946703E-01
 0.265903627154180E-01
 0.261906387794596E-01
 0.258245791506077E-01
 0.254615504699910E-01
 0.250956532811548E-01
 0.247433394644827E-01
 0.244100593079801E-01
 0.240644145988001E-01
 0.246724908752423E-01
 0.260553092090360E-01
 0.274665281340648E-01
 0.289002683268030E-01
 0.304169710906699E-01
 0.319547392163700E-01
 0.334995482630895E-01
 0.350446492639912E-01
 0.365837986022340E-01
 0.381107927223556E-01
 0.396657100397273E-01
 0.412557537240152E-01
 0.428189765535544E-01
 0.443477673089082E-01
 0.458339519078821E-01
 0.473353358993259E-01
 0.488467945030482E-01
 0.502958531362657E-01
 0.516735621307444E-01
 0.529969372258715E-01
 0.543716846815122E-01
 0.556593721364522E-01
 0.568515680676564E-01
 0.580488529658977E-01
 0.592227407964687E-01
 0.602836152498495E-01
 0.612708669167736E-01
 0.622926644636014E-01
 0.631864516774883E-01
 0.640072826789740E-01
 0.648644924700335E-01
 0.655776662454137E-01
 0.662570075772876E-01
 0.669236389205893E-01
 0.674330552964426E-01
 0.680094054195455E-01
 0.684769307195656E-01
 0.688653495868864E-01
 0.692922947391755E-01
 0.695433308734811E-01
 0.698662911815351E-01
 0.700808299940608E-01
 0.702443749134879E-01
 0.704369705118878E-01
 0.704758663208841E-01
 0.706572298595640E-01
 0.706515165693163E-01
 0.707376617103336E-01
 0.707234088716754E-01
 0.705155631606195E-01
 0.701091838513200E-01
 0.695001988773552E-01
 0.686854664137405E-01
 0.676627668369522E-01
 0.665234956940096E-01
 0.655319013758293E-01
 0.643371672513453E-01
 0.630936799971197E-01
 0.618830471219464E-01
 0.607042247899471E-01
 0.595513112771800E-01
 0.584190580973062E-01
 0.573379035016692E-01
 0.562803264150907E-01
 0.552489533160330E-01
 0.542419642867858E-01
 0.532561391988803E-01
 0.523171316259474E-01
 0.514084313601198E-01
 0.527998908730149E-01
 0.557961078757900E-01
 0.586748729696279E-01
 0.614276850779375E-01
 0.642021187636244E-01
 0.669835579451302E-01
 0.696166212568641E-01
 0.720940931709686E-01
 0.747260420419512E-01
 0.771914703451971E-01
 0.794818771797024E-01
 0.818084165657295E-01
 0.840675621234483E-01
 0.861338837671711E-01
 0.881662977122683E-01
 0.901801802304220E-01
 0.919855007845434E-01
 0.937398822535159E-01
 0.954868523894158E-01
 0.970129773339786E-01
 0.985397062584412E-01
 0.100001698305189E+00
 0.101230076099551E+00
 0.102531794551268E+00
 0.103683038236219E+00
 0.104660720514489E+00
 0.105754047678474E+00
 0.106602739343419E+00
 0.107465340917470E+00
 0.108254756552011E+00
 0.108841190252918E+00
 0.109577788773820E+00
 0.110060344229366E+00
 0.110590494066740E+00
 0.111038225134153E+00
 0.111351999132531E+00
 0.111770753377903E+00
 0.111929508390333E+00
 0.112254925865191E+00
 0.112398152788899E+00
 0.112282421054275E+00
 0.111909428084550E+00
 0.111281944345526E+00
 0.110403769714535E+00
 0.109279621140216E+00
 0.107914969613326E+00
 0.106315865301931E+00
 0.104807172251040E+00
 0.103241655829681E+00
 0.101455936226571E+00
 0.996027568920518E-01
 0.977999777169224E-01
 0.960499615882886E-01
 0.943436131245820E-01
 0.926798449353644E-01
 0.910797159317986E-01
 0.895187152271146E-01
 0.879980432712902E-01
 0.865157893127337E-01
 0.850692032640824E-01
 0.836528807857680E-01
 0.822898801858456E-01
 0.809817154456762E-01
 0.796964734532196E-01
 0.784223417485347E-01
 0.771647127726308E-01
 0.759998642966572E-01
 0.748323075352069E-01
 0.736495449582325E-01
 0.725684285807918E-01
 0.714807125462054E-01
 0.703657398755129E-01
 0.690988060932839E-01
 0.676848056899415E-01
 0.661291999249394E-01
 0.644379418082817E-01
 0.626173970836240E-01
 0.606742816861983E-01
 0.586156238218087E-01
 0.564487527498604E-01
 0.541813129588569E-01
 0.518212942787322E-01
 0.493770559418388E-01
 0.468573160927833E-01
 0.442710883644545E-01
 0.416275724044608E-01
 0.389360300274746E-01
 0.362056847458423E-01
 0.363836472756749E-01
 0.366895592086702E-01
 0.370846095972478E-01
 0.373561272053293E-01
 0.376531666812530E-01
 0.379064664403762E-01
 0.381510620442137E-01
 0.383927435232873E-01
 0.385604793617093E-01
 0.387937846754314E-01
 0.388820536747892E-01
 0.388321643624532E-01
 0.386512331334915E-01
 0.383464913797210E-01
 0.379252736800018E-01
 0.374917362893633E-01
 0.370756015667077E-01
 0.365523054537231E-01
 0.359849239793347E-01
 0.354363384487674E-01
 0.348983384813292E-01
 0.343777413020291E-01
 0.338628559685173E-01
 0.333571353079330E-01
 0.328665284115067E-01
 0.323853424984756E-01
 0.319179180144029E-01
 0.314612373489964E-01
 0.310129494115716E-01
 0.305683183526919E-01
 0.301257731482206E-01
 0.296806431273859E-01
 0.292726301869862E-01
 0.288592973032356E-01
 0.284351212192665E-01
 0.280303331049494E-01
 0.276368989692653E-01
 0.272241332199988E-01
 0.268372077054525E-01
 0.264521967937709E-01
 0.260434402668322E-01
 0.255662070405527E-01
 0.250266689543581E-01
 0.244424015061935E-01
 0.254576834436736E-01
 0.264849378400219E-01
 0.275371327897148E-01
 0.285686821566348E-01
 0.295723144689448E-01
 0.305412273895494E-01
 0.315033263755527E-01
 0.324856445976307E-01
 0.334186535814190E-01
 0.342949971128473E-01
 0.351148691078798E-01
 0.359747377356601E-01
 0.367659548174842E-01
 0.374824927425237E-01
 0.381704510490714E-01
 0.388594285683523E-01
 0.394629149281714E-01
 0.400005266665503E-01
 0.405669862977916E-01
 0.410366305182617E-01
 0.414304248133122E-01
 0.418571510088044E-01
 0.421783192697990E-01
 0.424569883935168E-01
 0.427343278686458E-01
 0.428996650494166E-01
 0.430940590190738E-01
 0.432102692775052E-01
 0.432390506775132E-01
 0.433103200752245E-01
 0.432637764277391E-01
 0.432507616550682E-01
 0.431662824770059E-01
 0.430246887768480E-01
 0.429080386098281E-01
 0.426709308381795E-01
 0.425097781450298E-01
 0.422444844517055E-01
 0.419878123823480E-01
 0.417033454652503E-01
 0.412987650316803E-01
 0.407741231586020E-01
 0.401305325710777E-01
 0.393700053393326E-01
 0.384952492411585E-01
 0.375094999874670E-01
 0.365986550970140E-01
 0.356423013048651E-01
 0.346297116519879E-01
 0.336441912259420E-01
 0.326852211248467E-01
 0.317569675576157E-01
 0.308484114887191E-01
 0.307617994157270E-01
 0.313671926946598E-01
 0.319607688946082E-01
 0.325397509971984E-01
 0.331013273219170E-01
 0.336426759459347E-01
 0.341609894604552E-01
 0.346534982316411E-01
 0.351174907271376E-01
 0.355503306604062E-01
 0.359494721968072E-01
 0.363124754125905E-01
 0.366370239726909E-01
 0.369209456492703E-01
 0.371622345864382E-01
 0.373590730829708E-01
 0.375098506488184E-01
 0.376131790030259E-01
 0.376679028504391E-01
 0.376731071158906E-01
 0.376281217031027E-01
 0.375325249982421E-01
 0.373861473775848E-01
 0.371890756939642E-01
 0.369416588208027E-01
 0.366445129681495E-01
 0.362985243959044E-01
 0.359048472189226E-01
 0.354648954889399E-01
 0.349803309154852E-01
 0.344530491297376E-01
 0.338851672928644E-01
 0.332790141159647E-01
 0.326371210167443E-01
 0.319622115479846E-01
 0.312571862551173E-01
 0.305251016533305E-01
 0.297691441499949E-01
 0.289926013597665E-01
 0.281988336935702E-01
 0.273912484108867E-01
 0.265732770975743E-01
 0.257483563915448E-01
 0.249199110061692E-01
 0.240913376512779E-01
 0.232659882522637E-01
 0.224471510249417E-01
 0.216380286396570E-01
 0.208417138177966E-01
 0.200611638120952E-01
 0.192991757974869E-01
 0.185583650089040E-01
 0.178411467200651E-01
 0.171497222993242E-01
 0.164860689213111E-01
 0.158547334466352E-01
 0.152822642640261E-01
 0.147407458707537E-01
 0.142310614688649E-01
 0.137538439511907E-01
 0.133094786518992E-01
 0.128981097749153E-01
 0.125196480066532E-01
 0.121737772475224E-01
 0.118599598430783E-01
 0.115774412618572E-01
 0.113252559754087E-01
 0.111022360407437E-01
 0.109070229565657E-01
 0.107380824774761E-01
 0.105937217067636E-01
 0.104721078896186E-01
 0.103712884663728E-01
 0.102892118057418E-01
 0.102237477497317E-01
 0.101727070970969E-01
 0.101338596886716E-01
 0.101049515833801E-01
 0.100837223219356E-01
 0.100679230462122E-01
 0.100553354438457E-01
 0.100437907614805E-01
 0.100311880312141E-01
 0.100155111812642E-01
 0.999484531016572E-02
 0.996739250281416E-02
 0.993148704240248E-02
 0.988560917459452E-02
 0.982839633994661E-02
 0.975865128400991E-02
 0.967534737596571E-02
 0.957763217759411E-02
 0.946483033412220E-02
 0.933644624772026E-02
 0.919216621389299E-02
 0.903870262549611E-02
 0.887454769136965E-02
 0.869378330083910E-02
 0.849675714484474E-02
 0.828399272224165E-02
 0.805618024661530E-02
 0.781416563198398E-02
 0.755893788001827E-02
 0.729161514835450E-02
 0.701342984772630E-02
 0.672571323741608E-02
 0.642987998284850E-02
 0.612741288288593E-02
 0.581984760199364E-02
 0.550875700094582E-02
 0.519573474325469E-02
 0.488237821237781E-02
 0.457027118411553E-02
 0.426096692117360E-02
 0.395597228771979E-02
 0.365673319434469E-02
 0.336462135407805E-02
 0.308092213241697E-02
 0.280682328160116E-02
 0.254340451841225E-02
 0.229162809278520E-02
 0.205233061646224E-02
 0.182621642022935E-02
 0.161385264884189E-02
 0.141566622237409E-02
 0.123194269933208E-02
 0.106282697818852E-02
 0.908325680290343E-03
 0.768311013025624E-03
 0.642525958175304E-03
 0.530590727228271E-03
 0.432010513835556E-03
 0.346184582188494E-03
 0.272416660399194E-03
 0.209926515025176E-03
 0.157862510575161E-03
 0.115314935532985E-03
 0.813298897180079E-04
 0.549235538773063E-04
 0.350966786248814E-04
 0.208491386561552E-04
 0.111943897757327E-04
 0.517365194169420E-05
 0.186962241720286E-05
 0.419520017646508E-06
 0.272665540166207E-07
 0.155187445803205E-13
 0.000000000000000E+00
 0.000000000000000E+00
 0.000000000000000E+00
 0.000000000000000E+00
 0.000000000000000E+00
 0.000000000000000E+00
 0.000000000000000E+00
 0.000000000000000E+00
 0.000000000000000E+00
 0.000000000000000E+00
 0.000000000000000E+00
 0.000000000000000E+00
 0.000000000000000E+00
 0.000000000000000E+00
 0.000000000000000E+00
 0.000000000000000E+00
 0.000000000000000E+00
 0.000000000000000E+00
 0.000000000000000E+00
 0.000000000000000E+00
 0.000000000000000E+00
 0.000000000000000E+00
 0.000000000000000E+00
 0.000000000000000E+00
 0.000000000000000E+00
 0.000000000000000E+00
 0.000000000000000E+00
 0.000000000000000E+00
 0.000000000000000E+00
 0.000000000000000E+00
 0.000000000000000E+00
 0.000000000000000E+00
 0.000000000000000E+00
 0.000000000000000E+00
 0.000000000000000E+00
 0.000000000000000E+00
 0.000000000000000E+00
 0.000000000000000E+00
 0.000000000000000E+00
 0.000000000000000E+00
 0.000000000000000E+00
 0.000000000000000E+00
 0.000000000000000E+00
 0.000000000000000E+00
 0.000000000000000E+00
 0.000000000000000E+00
 0.000000000000000E+00
 0.000000000000000E+00
 0.000000000000000E+00
 0.000000000000000E+00
 0.000000000000000E+00
 0.000000000000000E+00
 0.000000000000000E+00
 0.000000000000000E+00
 0.000000000000000E+00
 0.000000000000000E+00
 0.000000000000000E+00
 0.000000000000000E+00
 0.000000000000000E+00
 0.000000000000000E+00
 0.000000000000000E+00
 0.000000000000000E+00
 0.000000000000000E+00
 0.000000000000000E+00
 0.000000000000000E+00
 0.000000000000000E+00
 0.000000000000000E+00
 0.000000000000000E+00
 0.000000000000000E+00
 0.000000000000000E+00
 0.000000000000000E+00
 0.000000000000000E+00
 0.000000000000000E+00
 0.000000000000000E+00
 0.000000000000000E+00
 0.000000000000000E+00
 0.000000000000000E+00
 0.000000000000000E+00
 0.000000000000000E+00
 0.000000000000000E+00
 0.000000000000000E+00
 0.000000000000000E+00
 0.000000000000000E+00
 0.000000000000000E+00
 0.000000000000000E+00
 0.000000000000000E+00
 0.000000000000000E+00
 0.000000000000000E+00
 0.000000000000000E+00
 0.000000000000000E+00
 0.000000000000000E+00
 0.000000000000000E+00
 0.000000000000000E+00
 0.000000000000000E+00
 0.000000000000000E+00
 0.000000000000000E+00
 0.000000000000000E+00
 0.000000000000000E+00
 0.000000000000000E+00
 0.000000000000000E+00
 0.000000000000000E+00
 0.000000000000000E+00
 0.000000000000000E+00
 0.000000000000000E+00
 0.000000000000000E+00
 0.000000000000000E+00
 0.000000000000000E+00
 0.000000000000000E+00
 0.000000000000000E+00
 0.000000000000000E+00
 0.000000000000000E+00
 0.000000000000000E+00
 0.000000000000000E+00
 0.000000000000000E+00
 0.000000000000000E+00
 0.000000000000000E+00
 0.000000000000000E+00
 0.000000000000000E+00
 0.000000000000000E+00
 0.000000000000000E+00
 0.000000000000000E+00
 0.000000000000000E+00
 0.000000000000000E+00
 0.000000000000000E+00
 0.000000000000000E+00
 0.000000000000000E+00
 0.000000000000000E+00
 0.000000000000000E+00
 0.000000000000000E+00
 0.000000000000000E+00
 0.000000000000000E+00
 0.000000000000000E+00
 0.000000000000000E+00
 0.000000000000000E+00
 0.000000000000000E+00
 0.000000000000000E+00
 0.000000000000000E+00
 0.000000000000000E+00
 0.000000000000000E+00
 0.000000000000000E+00
 0.000000000000000E+00
 0.000000000000000E+00
 0.000000000000000E+00
 0.000000000000000E+00
 0.000000000000000E+00
 0.000000000000000E+00
 0.000000000000000E+00
 0.000000000000000E+00
 0.000000000000000E+00
 0.000000000000000E+00
 0.000000000000000E+00
 0.000000000000000E+00
 0.000000000000000E+00
 0.000000000000000E+00
 0.000000000000000E+00
 0.000000000000000E+00
 0.000000000000000E+00
 0.000000000000000E+00
 0.000000000000000E+00
 0.000000000000000E+00
 0.000000000000000E+00
 0.000000000000000E+00
 0.000000000000000E+00
 0.000000000000000E+00
 0.000000000000000E+00
 0.000000000000000E+00
 0.000000000000000E+00
 0.000000000000000E+00
 0.000000000000000E+00
 0.000000000000000E+00
 0.000000000000000E+00
 0.000000000000000E+00
 0.000000000000000E+00
 0.000000000000000E+00
 0.000000000000000E+00
 0.000000000000000E+00
 0.000000000000000E+00
 0.000000000000000E+00
 0.000000000000000E+00
 0.000000000000000E+00
 0.000000000000000E+00
 0.000000000000000E+00
 0.000000000000000E+00
 0.000000000000000E+00
 0.000000000000000E+00
 0.000000000000000E+00
 0.000000000000000E+00
 0.000000000000000E+00
 0.000000000000000E+00
 0.000000000000000E+00
 0.000000000000000E+00
 0.000000000000000E+00
 0.000000000000000E+00
 0.000000000000000E+00
 0.000000000000000E+00
 0.000000000000000E+00
 0.000000000000000E+00
 0.000000000000000E+00
 0.000000000000000E+00
 0.000000000000000E+00
 0.000000000000000E+00
 0.000000000000000E+00
 0.000000000000000E+00
 0.000000000000000E+00
 0.000000000000000E+00
 0.000000000000000E+00
 0.000000000000000E+00
 0.000000000000000E+00
 0.000000000000000E+00
 0.000000000000000E+00
 0.000000000000000E+00
 0.000000000000000E+00
 0.000000000000000E+00
 0.000000000000000E+00
 0.000000000000000E+00
 0.000000000000000E+00
 0.000000000000000E+00
 0.000000000000000E+00
 0.000000000000000E+00
 0.000000000000000E+00
 0.000000000000000E+00
 0.000000000000000E+00
 0.000000000000000E+00
 0.000000000000000E+00
 0.000000000000000E+00
 0.000000000000000E+00
 0.000000000000000E+00
 0.000000000000000E+00
 0.000000000000000E+00
 0.000000000000000E+00
 0.000000000000000E+00
 0.000000000000000E+00
 0.000000000000000E+00
 0.000000000000000E+00
 0.000000000000000E+00
 0.000000000000000E+00
 0.000000000000000E+00
 0.000000000000000E+00
 0.000000000000000E+00
 0.000000000000000E+00
 0.000000000000000E+00
 0.000000000000000E+00
 0.000000000000000E+00
 0.000000000000000E+00
 0.000000000000000E+00
 0.000000000000000E+00
 0.000000000000000E+00
 0.000000000000000E+00
 0.000000000000000E+00
 0.000000000000000E+00
 0.000000000000000E+00
 0.000000000000000E+00
 0.000000000000000E+00
 0.000000000000000E+00
 0.000000000000000E+00
 0.000000000000000E+00
 0.000000000000000E+00
 0.000000000000000E+00
 0.000000000000000E+00
 0.000000000000000E+00
 0.000000000000000E+00
 0.000000000000000E+00
 0.000000000000000E+00
 0.000000000000000E+00
 0.000000000000000E+00
 0.000000000000000E+00
 0.000000000000000E+00
 0.000000000000000E+00
 0.000000000000000E+00
 0.000000000000000E+00
 0.000000000000000E+00
 0.000000000000000E+00
 0.000000000000000E+00
 0.000000000000000E+00
 0.000000000000000E+00
 0.000000000000000E+00
 0.000000000000000E+00
 0.000000000000000E+00
 0.000000000000000E+00
 0.000000000000000E+00
 0.000000000000000E+00
 0.000000000000000E+00
 0.000000000000000E+00
 0.000000000000000E+00
 0.000000000000000E+00
 0.000000000000000E+00
 0.000000000000000E+00
 0.000000000000000E+00
 0.000000000000000E+00
 0.000000000000000E+00
 0.000000000000000E+00
 0.000000000000000E+00
 0.000000000000000E+00
 0.000000000000000E+00
 0.000000000000000E+00
 0.000000000000000E+00
 0.000000000000000E+00
 0.000000000000000E+00
 0.000000000000000E+00
 0.000000000000000E+00
 0.000000000000000E+00
 0.000000000000000E+00
 0.000000000000000E+00
 0.000000000000000E+00
 0.000000000000000E+00
 0.000000000000000E+00
 0.000000000000000E+00
 0.000000000000000E+00
 0.000000000000000E+00
 0.000000000000000E+00
 0.000000000000000E+00
 0.000000000000000E+00
 0.000000000000000E+00
 0.000000000000000E+00
 0.000000000000000E+00
 0.000000000000000E+00
 0.000000000000000E+00
 0.000000000000000E+00
 0.000000000000000E+00
 0.000000000000000E+00
 0.000000000000000E+00
 0.000000000000000E+00
 0.000000000000000E+00
 0.000000000000000E+00
 0.000000000000000E+00
 0.000000000000000E+00
 0.000000000000000E+00
 0.000000000000000E+00
 0.000000000000000E+00
 0.000000000000000E+00
 0.000000000000000E+00
 0.000000000000000E+00
 0.000000000000000E+00
 0.000000000000000E+00
 0.000000000000000E+00
 0.000000000000000E+00
 0.000000000000000E+00
 0.000000000000000E+00
 0.000000000000000E+00
 0.000000000000000E+00
 0.000000000000000E+00
 0.000000000000000E+00
 0.000000000000000E+00
 0.000000000000000E+00
 0.000000000000000E+00
 0.000000000000000E+00
 0.000000000000000E+00
