 0.355679578209372E-07
 0.519273417286483E-06
 0.218060674802993E-05
 0.567779185842934E-05
 0.115641588076528E-04
 0.202934949425486E-04
 0.322266355280795E-04
 0.476391827887070E-04
 0.667302382039092E-04
 0.896320294770792E-04
 0.116420296003575E-03
 0.147125269825970E-03
 0.181743071107016E-03
 0.220247343202802E-03
 0.262600981233206E-03
 0.308767822375111E-03
 0.358724154514249E-03
 0.412469866331074E-03
 0.470436369681184E-03
 0.532944966347162E-03
 0.599750904820716E-03
 0.671065385740093E-03
 0.747164189027168E-03
 0.828393003116541E-03
 0.915171643147062E-03
 0.100799705676555E-02
 0.110744493777719E-02
 0.121416979326242E-02
 0.132890346747911E-02
 0.145245231149782E-02
 0.158569323209671E-02
 0.172956869051827E-02
 0.188508047522490E-02
 0.205328196850973E-02
 0.223526880976869E-02
 0.243216821177075E-02
 0.264512742731713E-02
 0.287530176809988E-02
 0.312384221720410E-02
 0.339188237085104E-02
 0.368052448845691E-02
 0.399082480348441E-02
 0.432377861031266E-02
 0.468030564454841E-02
 0.506123589829432E-02
 0.546729562008006E-02
 0.589909325525479E-02
 0.635710553301509E-02
 0.684166439170492E-02
 0.735294544207519E-02
 0.789095810035941E-02
 0.845553682663396E-02
 0.904633274580104E-02
 0.966280553499892E-02
 0.103042163739868E-01
 0.109696231691132E-01
 0.116628158986243E-01
 0.123891445123915E-01
 0.131369852733191E-01
 0.139045635677209E-01
 0.146898940931479E-01
 0.154907882975777E-01
 0.163048628034000E-01
 0.171295483144889E-01
 0.179620996177625E-01
 0.187996077232843E-01
 0.196390145760991E-01
 0.204771297377624E-01
 0.213106479697626E-01
 0.221361672038140E-01
 0.229502074016607E-01
 0.237492312455991E-01
 0.245296669369432E-01
 0.252879321343689E-01
 0.260204573984405E-01
 0.267237081434152E-01
 0.273942055950627E-01
 0.280285483495937E-01
 0.286234357966941E-01
 0.291756930951408E-01
 0.296822958370322E-01
 0.301403923141506E-01
 0.305473226139364E-01
 0.309006355407385E-01
 0.311981051283049E-01
 0.314377477028473E-01
 0.316178388354205E-01
 0.317369285058974E-01
 0.317938532025816E-01
 0.317877450272128E-01
 0.317180388922106E-01
 0.315844786878096E-01
 0.313871221608796E-01
 0.311263433563565E-01
 0.308028317492693E-01
 0.304175884218780E-01
 0.299719206543844E-01
 0.294674360806607E-01
 0.289060362166763E-01
 0.282899078720866E-01
 0.276215109046758E-01
 0.269035621116610E-01
 0.261390167013999E-01
 0.253310493935612E-01
 0.244830362674988E-01
 0.235985368002395E-01
 0.226812744741942E-01
 0.217351146963029E-01
 0.207640401733670E-01
 0.197721251476280E-01
 0.187635100433179E-01
 0.177423771287357E-01
 0.167129266720013E-01
 0.156793527278008E-01
 0.150788055286629E-01
 0.159070401338440E-01
 0.167260990590053E-01
 0.175782841809991E-01
 0.183827204578776E-01
 0.192200261091660E-01
 0.200354598484357E-01
 0.208200855865376E-01
 0.216424743718104E-01
 0.223946460743507E-01
 0.231947101642910E-01
 0.239428585107520E-01
 0.246853753548921E-01
 0.254274234352970E-01
 0.261085743239707E-01
 0.268434712891819E-01
 0.274791824444034E-01
 0.281876972591654E-01
 0.288093709873101E-01
 0.294582000387870E-01
 0.300670736686122E-01
 0.306520266802855E-01
 0.312507879011340E-01
 0.317677700077717E-01
 0.323589787399546E-01
 0.328207076017992E-01
 0.333930693795420E-01
 0.338457038563629E-01
 0.341580382218632E-01
 0.343243166059422E-01
 0.343393536315652E-01
 0.342182223614609E-01
 0.342141614289728E-01
 0.340557000154485E-01
 0.338261880768358E-01
 0.335955788151340E-01
 0.333563333079395E-01
 0.331276552634041E-01
 0.328883860578731E-01
 0.326454420500457E-01
 0.324030174547516E-01
 0.321633215930827E-01
 0.319264735099392E-01
 0.316909743480450E-01
 0.314540943432743E-01
 0.312115073398183E-01
 0.318562262376382E-01
 0.334971328546189E-01
 0.352485594077151E-01
 0.369116602082824E-01
 0.384783752959601E-01
 0.401417075450758E-01
 0.417095407434880E-01
 0.431615960124949E-01
 0.447152651483752E-01
 0.461458446750122E-01
 0.474805516011859E-01
 0.488822752589781E-01
 0.501395782122878E-01
 0.513637543858027E-01
 0.525779460877991E-01
 0.536322824609622E-01
 0.547583624959618E-01
 0.557593731952081E-01
 0.566863028265288E-01
 0.576350871663901E-01
 0.584038491113340E-01
 0.592686316494070E-01
 0.599820657493106E-01
 0.606718608050865E-01
 0.613345516324272E-01
 0.618587603239472E-01
 0.624768044906869E-01
 0.628965314906970E-01
 0.634226165648748E-01
 0.638021214646956E-01
 0.641844542475645E-01
 0.645326251837407E-01
 0.647782886722168E-01
 0.651029533770349E-01
 0.652202745562728E-01
 0.651296894971606E-01
 0.648314636919234E-01
 0.643267659007585E-01
 0.636177371534795E-01
 0.627075178937322E-01
 0.619972165101164E-01
 0.610930285607404E-01
 0.600627874637055E-01
 0.590448131217335E-01
 0.580564356952324E-01
 0.570903911942923E-01
 0.561471722646336E-01
 0.552185518400743E-01
 0.543109773634209E-01
 0.534268288278419E-01
 0.525668079500488E-01
 0.517295068623876E-01
 0.509103657992571E-01
 0.501043966095064E-01
 0.493055878720137E-01
 0.485095184090127E-01
 0.477802982324770E-01
 0.470499116757150E-01
 0.463101470408668E-01
 0.455971547853384E-01
 0.449251690997009E-01
 0.442282164776088E-01
 0.435561115688415E-01
 0.429219804407470E-01
 0.422139151785546E-01
 0.413774472683290E-01
 0.404165558343320E-01
 0.393355599562163E-01
 0.384205925404838E-01
 0.392138075182567E-01
 0.399941045311849E-01
 0.406495601287487E-01
 0.413625341010024E-01
 0.419751436310805E-01
 0.425366195649495E-01
 0.431102314471889E-01
 0.435575532494223E-01
 0.440689788621864E-01
 0.444803868399431E-01
 0.448651157362298E-01
 0.452466684490108E-01
 0.455109832905108E-01
 0.458686613354196E-01
 0.461003566336859E-01
 0.463607424766599E-01
 0.465729898052979E-01
 0.467396719536962E-01
 0.469375476288803E-01
 0.470163164160441E-01
 0.472073371885554E-01
 0.472749477748126E-01
 0.472244799388617E-01
 0.470618241567391E-01
 0.467932376494100E-01
 0.464251771712085E-01
 0.459642192088301E-01
 0.454170914933331E-01
 0.447907868255451E-01
 0.441739020514950E-01
 0.435609488857239E-01
 0.428789359132367E-01
 0.421356126204372E-01
 0.413844915537909E-01
 0.406574614948646E-01
 0.399535335955478E-01
 0.392740546178063E-01
 0.386135030098985E-01
 0.379704547697863E-01
 0.373457724132009E-01
 0.367407874141815E-01
 0.361542317389631E-01
 0.355844618130586E-01
 0.350293803170568E-01
 0.344856123322118E-01
 0.339505373568070E-01
 0.334208777524005E-01
 0.329233484182968E-01
 0.324320879697577E-01
 0.319408180391867E-01
 0.314643733150925E-01
 0.310079853764597E-01
 0.305454791911863E-01
 0.300979577365554E-01
 0.303516682885363E-01
 0.310632607053614E-01
 0.317695725260510E-01
 0.324637395784655E-01
 0.331387138604475E-01
 0.337872710032623E-01
 0.344360544108512E-01
 0.350873760824646E-01
 0.356999250485470E-01
 0.362662380446481E-01
 0.368134715484402E-01
 0.373699781521822E-01
 0.378676530955741E-01
 0.382990388872983E-01
 0.387786919373564E-01
 0.391901026630684E-01
 0.395230107783746E-01
 0.399151362807519E-01
 0.402249541735443E-01
 0.404874856214494E-01
 0.407759783811063E-01
 0.409711255270213E-01
 0.411904782641542E-01
 0.413641048958253E-01
 0.414789060228113E-01
 0.416357865585457E-01
 0.416865409817243E-01
 0.417953408802639E-01
 0.418316732086507E-01
 0.418564266786136E-01
 0.418813247216216E-01
 0.418302223090223E-01
 0.418490690344388E-01
 0.417519525274866E-01
 0.415329437322857E-01
 0.411864337809517E-01
 0.407070226135938E-01
 0.400895293113234E-01
 0.393468646809744E-01
 0.387436671655631E-01
 0.380062102241851E-01
 0.372384289785940E-01
 0.364906418894618E-01
 0.357645635492051E-01
 0.350545487764060E-01
 0.343561423551448E-01
 0.336908570010700E-01
 0.341957761309507E-01
 0.366780262503079E-01
 0.392692822627358E-01
 0.418844142687359E-01
 0.444431282121307E-01
 0.469369577268888E-01
 0.495532339410600E-01
 0.521329893683474E-01
 0.546272236900781E-01
 0.570274500267468E-01
 0.595699271431399E-01
 0.620117874389793E-01
 0.643392170442487E-01
 0.666087156443601E-01
 0.689496953913824E-01
 0.711568201262810E-01
 0.732220884661025E-01
 0.753339020214853E-01
 0.773789677967437E-01
 0.792644747142807E-01
 0.810888196227843E-01
 0.829368720333466E-01
 0.846091351932237E-01
 0.861662697141343E-01
 0.877895952893359E-01
 0.892224533603013E-01
 0.905420281090646E-01
 0.919196049531936E-01
 0.930940220365626E-01
 0.942132046847936E-01
 0.953296459100756E-01
 0.962325659874663E-01
 0.971947043851861E-01
 0.980398822838694E-01
 0.987192243789658E-01
 0.995144620872494E-01
 0.100083786467158E+00
 0.100683321899957E+00
 0.101209067548485E+00
 0.101572654675734E+00
 0.102064041929169E+00
 0.102322094979395E+00
 0.102678348003552E+00
 0.102909164919415E+00
 0.103078274982487E+00
 0.103293040067919E+00
 0.103269911373638E+00
 0.103008612913773E+00
 0.102509565817676E+00
 0.101773744583149E+00
 0.100802652068248E+00
 0.995984285564528E-01
 0.981640477227923E-01
 0.966867301981465E-01
 0.952846594167547E-01
 0.936638401782066E-01
 0.919290476891687E-01
 0.902479925866778E-01
 0.886032796154873E-01
 0.870211212357297E-01
 0.854645156050825E-01
 0.839482959455023E-01
 0.824904542562458E-01
 0.810678369099959E-01
 0.796788271113213E-01
 0.783202561090996E-01
 0.770229786466746E-01
 0.757600977990463E-01
 0.745232099345145E-01
 0.733044173616411E-01
 0.720945687764471E-01
 0.709631300022442E-01
 0.698558485541674E-01
 0.687429183362061E-01
 0.676631031139159E-01
 0.666476008306110E-01
 0.656092571242994E-01
 0.646086483592136E-01
 0.634586188902050E-01
 0.621625160567207E-01
 0.607241994115845E-01
 0.591480791803814E-01
 0.574391351207953E-01
 0.556028691969650E-01
 0.536451966650330E-01
 0.515723367919935E-01
 0.493907756067248E-01
 0.471073232611441E-01
 0.451661330554761E-01
 0.458691042844048E-01
 0.463901593472485E-01
 0.470362260587697E-01
 0.475067340906252E-01
 0.480316154948044E-01
 0.484598420760904E-01
 0.488668992445075E-01
 0.492619199568468E-01
 0.495585474167210E-01
 0.499274059611376E-01
 0.501220460861935E-01
 0.504736382624750E-01
 0.506380754641429E-01
 0.509104303126112E-01
 0.510666709000678E-01
 0.510389277139774E-01
 0.508325364100646E-01
 0.504536788782556E-01
 0.499091824758327E-01
 0.492282952132281E-01
 0.486946042588022E-01
 0.480062614336606E-01
 0.472306899081125E-01
 0.464722473931654E-01
 0.457336509992194E-01
 0.450167342827990E-01
 0.443169758210936E-01
 0.436308416736000E-01
 0.429614605895242E-01
 0.423100022108902E-01
 0.416766035778101E-01
 0.410593135101276E-01
 0.404551149305933E-01
 0.398601119208638E-01
 0.392686825325436E-01
 0.387033724335346E-01
 0.381648437903429E-01
 0.376213154780155E-01
 0.370652144221446E-01
 0.365662000825065E-01
 0.360604031455225E-01
 0.355307615236931E-01
 0.350651398585931E-01
 0.345814627472096E-01
 0.340869469036049E-01
 0.334910604289085E-01
 0.327992762359830E-01
 0.320173590506246E-01
 0.311514364329796E-01
 0.302080095971740E-01
 0.291938962000276E-01
 0.281161562090802E-01
 0.269820533707401E-01
 0.257990529952525E-01
 0.245748065865428E-01
 0.249951621870408E-01
 0.265169942756864E-01
 0.280244213789691E-01
 0.295097918952340E-01
 0.310683669857452E-01
 0.326190880216236E-01
 0.341313197316554E-01
 0.355971286052303E-01
 0.370900935061808E-01
 0.385899141728855E-01
 0.400264300758412E-01
 0.413917417818880E-01
 0.427872552187602E-01
 0.441574197120497E-01
 0.454399673607123E-01
 0.466457574993690E-01
 0.479160786727487E-01
 0.490831904641851E-01
 0.501400158296468E-01
 0.512493837195543E-01
 0.522732263490585E-01
 0.531726766034319E-01
 0.541225063087723E-01
 0.549807773718002E-01
 0.557017063238124E-01
 0.565169704030473E-01
 0.571925599484331E-01
 0.577961756864854E-01
 0.584295544702391E-01
 0.589096639085381E-01
 0.594327835227471E-01
 0.598701833417506E-01
 0.602223583244941E-01
 0.606229151123858E-01
 0.608585821924530E-01
 0.611854552694803E-01
 0.613889475001135E-01
 0.615747019350509E-01
 0.617535922413814E-01
 0.618097629682416E-01
 0.619711150836997E-01
 0.619586103383424E-01
 0.620587462551445E-01
 0.620360780926230E-01
 0.618358618420825E-01
 0.614562184447416E-01
 0.608959382461079E-01
 0.601544472238234E-01
 0.592318255638198E-01
 0.582667409501380E-01
 0.573660220637182E-01
 0.562973831496271E-01
 0.552016917856259E-01
 0.541380589520645E-01
 0.531142843184949E-01
 0.521043803651106E-01
 0.511386576594137E-01
 0.502008437760165E-01
 0.492869130209687E-01
 0.483980808040402E-01
 0.475333178014976E-01
 0.466892228527024E-01
 0.458614869380537E-01
 0.450778565285191E-01
 0.443223567753895E-01
 0.435767051157990E-01
 0.428332461386472E-01
 0.421175403122386E-01
 0.414470784043600E-01
 0.407666399204155E-01
 0.418314753714869E-01
 0.433571943774171E-01
 0.447507320492543E-01
 0.461313488782580E-01
 0.474885338993451E-01
 0.487033973196647E-01
 0.499443439028427E-01
 0.511136504720470E-01
 0.521324232853418E-01
 0.532449740664196E-01
 0.542129214374436E-01
 0.551081392578176E-01
 0.560269283555136E-01
 0.567852093026821E-01
 0.575903828212557E-01
 0.582992397679863E-01
 0.589188270049149E-01
 0.595839473516959E-01
 0.600823954499373E-01
 0.606551911215672E-01
 0.611141019901686E-01
 0.615302746546373E-01
 0.619564606337204E-01
 0.622274701785698E-01
 0.626279743414337E-01
 0.628582653490218E-01
 0.631454000468566E-01
 0.633568691792290E-01
 0.635232948786195E-01
 0.637241426005479E-01
 0.637553552149695E-01
 0.636199723837265E-01
 0.633217141800091E-01
 0.628649603332638E-01
 0.622547129599378E-01
 0.614965444445173E-01
 0.605965406874970E-01
 0.598203981882901E-01
 0.589393097454276E-01
 0.579311417998418E-01
 0.569050962278630E-01
 0.559072755451578E-01
 0.549460865272343E-01
 0.539995533012119E-01
 0.530944768593517E-01
 0.522096861354256E-01
 0.513479303469562E-01
 0.505093588737869E-01
 0.496931190501264E-01
 0.488968362888019E-01
 0.481171474039486E-01
 0.473493109769144E-01
 0.466276340422833E-01
 0.459199433966852E-01
 0.452173958565471E-01
 0.445133291844046E-01
 0.438637442993592E-01
 0.432176137946299E-01
 0.425592193084353E-01
 0.419478857173947E-01
 0.413432914714093E-01
 0.407102701009376E-01
 0.399869386178606E-01
 0.391779450211485E-01
 0.382881587883309E-01
 0.373227606920508E-01
 0.362873088520838E-01
 0.351877154051659E-01
 0.340301405236949E-01
 0.328208704051546E-01
 0.315662459242706E-01
 0.302726554058463E-01
 0.289465488825110E-01
 0.275944207553041E-01
 0.262227483635957E-01
 0.248379252305759E-01
 0.234462403643694E-01
 0.220539152680485E-01
 0.206671537958552E-01
 0.192921405396020E-01
 0.179349631626533E-01
 0.166014998303639E-01
 0.152973439369399E-01
 0.150457919349617E-01
 0.153853394043837E-01
 0.156574940754629E-01
 0.159481926269653E-01
 0.161915377191640E-01
 0.164146858204487E-01
 0.166296782060433E-01
 0.167923873574771E-01
 0.169804843824435E-01
 0.170869841008345E-01
 0.172498500065203E-01
 0.173213834892455E-01
 0.174437555546560E-01
 0.174902677435083E-01
 0.175737102839754E-01
 0.175995044576638E-01
 0.176438870686926E-01
 0.176527789510854E-01
 0.176604367147438E-01
 0.176575357461236E-01
 0.176284662192651E-01
 0.176178539757547E-01
 0.175533571894915E-01
 0.175402222984619E-01
 0.174205933132409E-01
 0.171901304978591E-01
 0.168502049581556E-01
 0.165568071337165E-01
 0.178386883981262E-01
 0.194479848919855E-01
 0.211535957949570E-01
 0.228422141369056E-01
 0.245067327556196E-01
 0.262184410134865E-01
 0.279720584339404E-01
 0.296850178361332E-01
 0.313497177844866E-01
 0.330810522957242E-01
 0.347978306145127E-01
 0.364483541787051E-01
 0.380335619516685E-01
 0.397106389965013E-01
 0.413036220496199E-01
 0.428047308267598E-01
 0.443186545009409E-01
 0.458150770972751E-01
 0.472020131325879E-01
 0.485367918806982E-01
 0.499013282253055E-01
 0.511399916582083E-01
 0.523061447315671E-01
 0.535092186046141E-01
 0.545709543857365E-01
 0.555858523456587E-01
 0.566029475209846E-01
 0.574650136415609E-01
 0.583568497426201E-01
 0.591686039322980E-01
 0.598484287725981E-01
 0.606137377635570E-01
 0.612064169405238E-01
 0.618185832402297E-01
 0.623648088442186E-01
 0.628019394897213E-01
 0.633084326051614E-01
 0.636291458268318E-01
 0.640551245373187E-01
 0.643405120177671E-01
 0.646234123568102E-01
 0.648814442738747E-01
 0.650298886901833E-01
 0.652693839252759E-01
 0.653126915806397E-01
 0.655189699311419E-01
 0.655515734683462E-01
 0.653838700482944E-01
 0.650133419611380E-01
 0.644382626248945E-01
 0.636576966349712E-01
 0.626714934912207E-01
 0.618094415191235E-01
 0.608463841033130E-01
 0.597435522920058E-01
 0.586575667494701E-01
 0.576060894304726E-01
 0.565724930788100E-01
 0.555809365683426E-01
 0.546076614201626E-01
 0.536579604237097E-01
 0.527350358346419E-01
 0.518385633576407E-01
 0.509667828636035E-01
 0.501160315212042E-01
 0.492808584817085E-01
 0.484550015788406E-01
 0.476763144591656E-01
 0.469272488583825E-01
 0.461775730846819E-01
 0.471785059133783E-01
 0.490136372681660E-01
 0.507592080631669E-01
 0.525637363339486E-01
 0.542015395146838E-01
 0.557674174294550E-01
 0.573557555253483E-01
 0.587613305788571E-01
 0.601585999199748E-01
 0.615018205766952E-01
 0.626483456694013E-01
 0.638995084028102E-01
 0.649759448956636E-01
 0.659709604777467E-01
 0.669810083906114E-01
 0.677762614178499E-01
 0.686844087001387E-01
 0.694133984001531E-01
 0.701086986152079E-01
 0.707787877298458E-01
 0.712769843463472E-01
 0.718969404433133E-01
 0.722862039425820E-01
 0.727899530948519E-01
 0.731362190516664E-01
 0.734788197429792E-01
 0.737927356890851E-01
 0.739848279390312E-01
 0.742767142254969E-01
 0.743305384071465E-01
 0.746072445656289E-01
 0.746488449140846E-01
 0.744514034639709E-01
 0.740158944161457E-01
 0.733441334099346E-01
 0.724387681431092E-01
 0.713032753179244E-01
 0.703871147144183E-01
 0.692787387586125E-01
 0.680345896876343E-01
 0.668162807081474E-01
 0.656363625446933E-01
 0.644888542569208E-01
 0.633728971197586E-01
 0.622793639932314E-01
 0.612145369618416E-01
 0.601814878687789E-01
 0.591796561110258E-01
 0.582066664429927E-01
 0.572577655647570E-01
 0.563265633541994E-01
 0.554056171716228E-01
 0.545089218713224E-01
 0.536732969766721E-01
 0.528368172297049E-01
 0.519892913300052E-01
 0.511982255181092E-01
 0.504328173762948E-01
 0.496394577735061E-01
 0.489027659052709E-01
 0.481849942706631E-01
 0.474086816197201E-01
 0.482198922729918E-01
 0.493956614181926E-01
 0.504927025185291E-01
 0.514399628583937E-01
 0.524800545424743E-01
 0.533445913639109E-01
 0.541965405216518E-01
 0.550021505615712E-01
 0.556584753457079E-01
 0.564104855088753E-01
 0.569787616167530E-01
 0.575869881988100E-01
 0.581052317223472E-01
 0.585507868920075E-01
 0.590263201015673E-01
 0.593220215159518E-01
 0.597628200759202E-01
 0.600144958841107E-01
 0.603333404260273E-01
 0.605578664273370E-01
 0.607547253132282E-01
 0.609614088441425E-01
 0.610438820530380E-01
 0.612413264781670E-01
 0.612492890126851E-01
 0.610712733921820E-01
 0.607114783996377E-01
 0.601748132946623E-01
 0.594669000879492E-01
 0.585940479074305E-01
 0.577935466049068E-01
 0.569412681634207E-01
 0.559475793609108E-01
 0.549478965901538E-01
 0.539772253318923E-01
 0.530363189101054E-01
 0.521174512353435E-01
 0.512340064869913E-01
 0.503703244318204E-01
 0.495291572821483E-01
 0.487105559546536E-01
 0.479128810598563E-01
 0.471336060163597E-01
 0.463673346709569E-01
 0.456206888412307E-01
 0.449175035430767E-01
 0.442220830332958E-01
 0.435263648061849E-01
 0.428405827153780E-01
 0.422081123284449E-01
 0.415642608676324E-01
 0.409090999195506E-01
 0.403242335057746E-01
 0.397153642193960E-01
 0.391118745098629E-01
 0.384028750033693E-01
 0.375931636248360E-01
 0.366878615165845E-01
 0.356925357343504E-01
 0.346132176107960E-01
 0.334562883127652E-01
 0.322283103623896E-01
 0.309359196473404E-01
 0.295858304429708E-01
 0.281849048481224E-01
 0.267401878699536E-01
 0.252588517265702E-01
 0.237480850241948E-01
 0.222150172271979E-01
 0.206667345932895E-01
 0.191103517991629E-01
 0.175530400900214E-01
 0.160019402996155E-01
 0.144639876978900E-01
 0.129457591571544E-01
 0.115122187121707E-01
 0.102584336393903E-01
 0.902807311908109E-02
 0.897665050563534E-02
 0.924248915654645E-02
 0.952907175549009E-02
 0.975646558532408E-02
 0.999866921275163E-02
 0.101857727867188E-01
 0.103878416140510E-01
 0.105356225878249E-01
 0.107050235098628E-01
 0.108152163866752E-01
 0.109598050067237E-01
 0.110342887515445E-01
 0.111539982288194E-01
 0.111962471928196E-01
 0.112922894152385E-01
 0.113067009944202E-01
 0.113846847309990E-01
 0.113753968011280E-01
 0.114340151200420E-01
 0.114060661637777E-01
 0.114427888132207E-01
 0.114022266354047E-01
 0.114175546117803E-01
 0.119013591060518E-01
 0.132945690721467E-01
 0.147944806541439E-01
 0.163090451226024E-01
 0.178325292498817E-01
 0.194134177003961E-01
 0.210695140311598E-01
 0.227218728082260E-01
 0.243640052431426E-01
 0.260346279322783E-01
 0.277789729246414E-01
 0.294987861049425E-01
 0.311871321270983E-01
 0.328690366814190E-01
 0.346275141789302E-01
 0.363387553252403E-01
 0.379954835918689E-01
 0.396228357049164E-01
 0.413167214617661E-01
 0.429400545852608E-01
 0.444857480569350E-01
 0.460201200242445E-01
 0.475740971011594E-01
 0.490349678845622E-01
 0.503961478389375E-01
 0.518209056877592E-01
 0.531650489400005E-01
 0.543952540670668E-01
 0.556260796151033E-01
 0.568277917291370E-01
 0.579022329826929E-01
 0.589553294014831E-01
 0.599922180801896E-01
 0.608900553897287E-01
 0.617881136777108E-01
 0.626437968801073E-01
 0.633507256382110E-01
 0.641250667895236E-01
 0.647870368641031E-01
 0.653525051091879E-01
 0.659741419501113E-01
 0.664348446333196E-01
 0.669326079819767E-01
 0.673553482894907E-01
 0.676778187807108E-01
 0.680697581970894E-01
 0.682920036592732E-01
 0.685986445308235E-01
 0.687952663417754E-01
 0.689598179570670E-01
 0.691379087779663E-01
 0.691720207166080E-01
 0.693396022330334E-01
 0.693318037538747E-01
 0.691473281648013E-01
 0.687855416467103E-01
 0.682464509642492E-01
 0.675307108745629E-01
 0.666396584925706E-01
 0.655753576450378E-01
 0.646380934132275E-01
 0.635989173998220E-01
 0.624174904193628E-01
 0.612431163635034E-01
 0.601009923569926E-01
 0.589845174164973E-01
 0.579125335273566E-01
 0.568677212611479E-01
 0.558485299596680E-01
 0.548580443213768E-01
 0.538967777682378E-01
 0.529637373592519E-01
 0.520553803862301E-01
 0.511673744210402E-01
 0.502947178901996E-01
 0.494512483824709E-01
 0.486537631689999E-01
 0.478638112188813E-01
 0.470737596179198E-01
 0.463205620422854E-01
 0.456031657913228E-01
 0.448724710616292E-01
 0.441663240919392E-01
 0.435025463031153E-01
 0.427698345934810E-01
 0.419244705164827E-01
 0.409688675936880E-01
 0.399058082594197E-01
 0.387384780210406E-01
 0.374704968027014E-01
 0.361059076109055E-01
 0.346491307015120E-01
 0.351379799429673E-01
 0.356978675463976E-01
 0.361885709468658E-01
 0.366408907945671E-01
 0.370934794052027E-01
 0.374435291415985E-01
 0.378626359068813E-01
 0.381325746415258E-01
 0.385101354021238E-01
 0.387517307861033E-01
 0.390463989610240E-01
 0.392666024458194E-01
 0.394806201024041E-01
 0.396876734229568E-01
 0.398215534705660E-01
 0.400213705137547E-01
 0.400709738433538E-01
 0.399736377134339E-01
 0.397333466863551E-01
 0.393548837098430E-01
 0.388438412046803E-01
 0.383904829568425E-01
 0.378909344803894E-01
 0.372857518377724E-01
 0.366812610241665E-01
 0.360905148599514E-01
 0.355130922305490E-01
 0.349511384941977E-01
 0.344078054628066E-01
 0.338752439120875E-01
 0.333550532966221E-01
 0.328476923376498E-01
 0.323514319768340E-01
 0.318640033880138E-01
 0.313821146126023E-01
 0.309267298801512E-01
 0.304870805730290E-01
 0.300485254936284E-01
 0.296052618226226E-01
 0.291903209040790E-01
 0.287899523575759E-01
 0.283755334329817E-01
 0.279791628529817E-01
 0.276049135330338E-01
 0.272067030158287E-01
 0.268455520236898E-01
 0.263998221752768E-01
 0.258740081395240E-01
 0.252728581388386E-01
 0.246013754216351E-01
 0.238648729900659E-01
 0.244623415839308E-01
 0.260859160181365E-01
 0.278223770085004E-01
 0.295739202847724E-01
 0.313285574028168E-01
 0.330783047137792E-01
 0.348151152422242E-01
 0.366421202204085E-01
 0.384667161106310E-01
 0.402608412660762E-01
 0.420158756629562E-01
 0.437529902154091E-01
 0.455622402231482E-01
 0.473134498259659E-01
 0.489975829938018E-01
 0.506057942199908E-01
 0.523086401761672E-01
 0.539280130614941E-01
 0.554522190017139E-01
 0.569116657632115E-01
 0.584267572403626E-01
 0.598282703192153E-01
 0.611076121287166E-01
 0.624309375860436E-01
 0.636767462257446E-01
 0.647832253654558E-01
 0.658993848942648E-01
 0.669625377688945E-01
 0.678708359806939E-01
 0.688146668374838E-01
 0.696737348292281E-01
 0.703636704026894E-01
 0.711718547719489E-01
 0.718104629892479E-01
 0.723840065018604E-01
 0.729761048800722E-01
 0.733815565649242E-01
 0.738871603817937E-01
 0.742484085524026E-01
 0.745689163559521E-01
 0.748934528829750E-01
 0.750432138761264E-01
 0.753398500264866E-01
 0.754347003437350E-01
 0.756039113486499E-01
 0.756795844045311E-01
 0.757060628814497E-01
 0.757716570910192E-01
 0.756286467359219E-01
 0.752726876672321E-01
 0.747003395579580E-01
 0.739091526559406E-01
 0.728976739259358E-01
 0.716653761997359E-01
 0.706052307113936E-01
 0.694035322246145E-01
 0.680621454767713E-01
 0.667455671165928E-01
 0.654777236535780E-01
 0.642418586280017E-01
 0.630444582421703E-01
 0.618727121369521E-01
 0.607332465441985E-01
 0.596288837755546E-01
 0.585600381115674E-01
 0.575242024694196E-01
 0.565172016798318E-01
 0.555333748026128E-01
 0.545655343812373E-01
 0.536061455372760E-01
 0.527302345959002E-01
 0.553181528541814E-01
 0.578210009398995E-01
 0.604341296496757E-01
 0.629008833062479E-01
 0.652147927243361E-01
 0.676284976459963E-01
 0.699276947034519E-01
 0.720561143885972E-01
 0.742027385866948E-01
 0.762948661233921E-01
 0.782009823211782E-01
 0.800866727480975E-01
 0.819414378180474E-01
 0.835969775304710E-01
 0.852392891789545E-01
 0.868336327555598E-01
 0.882176989211607E-01
 0.896427608039129E-01
 0.909605517178575E-01
 0.920596614703311E-01
 0.933063062167460E-01
 0.943388408880682E-01
 0.952789187824665E-01
 0.962516703243304E-01
 0.969953845452345E-01
 0.978279168910062E-01
 0.985163775715981E-01
 0.990982259795215E-01
 0.997410497665623E-01
 0.100148877340794E+00
 0.100693323321203E+00
 0.101064028281788E+00
 0.101401266645023E+00
 0.101746799698637E+00
 0.101889582754177E+00
 0.102219350686567E+00
 0.102311569797050E+00
 0.102168098996185E+00
 0.101791623498220E+00
 0.101185791043565E+00
 0.100355269827875E+00
 0.993056926939239E-01
 0.980435018571979E-01
 0.965757501887668E-01
 0.952597946086054E-01
 0.938236442481885E-01
 0.921957868633766E-01
 0.905245425671748E-01
 0.888997373947725E-01
 0.873272807797484E-01
 0.857856327927829E-01
 0.843019481358556E-01
 0.828611540819973E-01
 0.814562889301515E-01
 0.800887282900359E-01
 0.787569499588903E-01
 0.774570907387045E-01
 0.761852314286771E-01
 0.749381853849950E-01
 0.737619710717984E-01
 0.726060925969097E-01
 0.714617539682175E-01
 0.703198025945134E-01
 0.692593561357824E-01
 0.682086063103014E-01
 0.671451092753961E-01
 0.661448805811943E-01
 0.651674664728054E-01
 0.641391185763192E-01
 0.629787319375349E-01
 0.616915891209091E-01
 0.602833492925736E-01
 0.587600621787474E-01
 0.571281706003905E-01
 0.553944978093140E-01
 0.535662108623359E-01
 0.516507515642241E-01
 0.496557425587469E-01
 0.475888993103357E-01
 0.454579858991133E-01
 0.432708298133298E-01
 0.410353712601613E-01
 0.387596970669328E-01
 0.364520191747981E-01
 0.341205949000823E-01
 0.317736214070963E-01
 0.294191462180390E-01
 0.270650182880870E-01
 0.247188779776549E-01
 0.223881673959392E-01
 0.216523675446373E-01
 0.218714042704067E-01
 0.220142576974041E-01
 0.221950416037278E-01
 0.223319615384107E-01
 0.223726454204768E-01
 0.223238903406716E-01
 0.221926046889462E-01
 0.219858749935429E-01
 0.217789772238354E-01
 0.215756820862436E-01
 0.213067302861102E-01
 0.210113171222609E-01
 0.207243459288628E-01
 0.204431063194059E-01
 0.201724975999326E-01
 0.199050207276439E-01
 0.196429064279527E-01
 0.193878220886327E-01
 0.191403392179426E-01
 0.189006095418966E-01
 0.186671555694822E-01
 0.184379180104998E-01
 0.182107497700677E-01
 0.185525851569009E-01
 0.195566777058026E-01
 0.205945322334507E-01
 0.216612661354420E-01
 0.227516914696036E-01
 0.238603716291139E-01
 0.249816741861681E-01
 0.261098091511637E-01
 0.272388483659513E-01
 0.284063019154876E-01
 0.295902516154040E-01
 0.307637920633951E-01
 0.319203020307218E-01
 0.330531024127941E-01
 0.341822792206850E-01
 0.353436833242564E-01
 0.364684087954889E-01
 0.375495231169708E-01
 0.385801476571020E-01
 0.396589769915822E-01
 0.406924182599503E-01
 0.416621131970826E-01
 0.425783589408012E-01
 0.435392212551513E-01
 0.444231129929485E-01
 0.452233487399203E-01
 0.460554258256137E-01
 0.468330561975313E-01
 0.475148212013553E-01
 0.482201555890068E-01
 0.488732919689513E-01
 0.494196367577917E-01
 0.500235409985767E-01
 0.505379696537355E-01
 0.509772020391044E-01
 0.514627138890616E-01
 0.518272403636817E-01
 0.522075968805172E-01
 0.525446468430375E-01
 0.527887874755664E-01
 0.531023743661283E-01
 0.532849642994279E-01
 0.535172739859984E-01
 0.536796258230125E-01
 0.537999802372616E-01
 0.539474185658476E-01
 0.539595467404372E-01
 0.540988150349745E-01
 0.540985812596716E-01
 0.539546795165786E-01
 0.536636817286123E-01
 0.532228752478581E-01
 0.526301839194017E-01
 0.518840864114251E-01
 0.510475086059359E-01
 0.503183320532621E-01
 0.494394953271563E-01
 0.485092910497330E-01
 0.476033779747166E-01
 0.467182618897182E-01
 0.458616746150564E-01
 0.450184971221849E-01
 0.442012067185575E-01
 0.434131501769693E-01
 0.426431810328964E-01
 0.418902727516043E-01
 0.411596668155101E-01
 0.404618894586841E-01
 0.397825244763412E-01
 0.391165514778520E-01
 0.384582953515291E-01
 0.378073660775585E-01
 0.372136813781495E-01
 0.372357215735437E-01
 0.386288866740934E-01
 0.400598101334333E-01
 0.414195611826680E-01
 0.426377426046555E-01
 0.439431259727086E-01
 0.451130963770810E-01
 0.461960508523666E-01
 0.473154277639364E-01
 0.482720230138960E-01
 0.492542994943187E-01
 0.501532656867293E-01
 0.509416411176664E-01
 0.517868624820232E-01
 0.524534210576336E-01
 0.531886370347111E-01
 0.538004844521858E-01
 0.543728140782830E-01
 0.549362233169160E-01
 0.553584148090231E-01
 0.558807221054482E-01
 0.562106188670835E-01
 0.566516243350992E-01
 0.569459577188613E-01
 0.572622583431330E-01
 0.575293246083535E-01
 0.577253814257219E-01
 0.579741223716066E-01
 0.580598774392038E-01
 0.582990166327894E-01
 0.583377999903736E-01
 0.581762536692814E-01
 0.578151188496818E-01
 0.572557911294354E-01
 0.565003195596178E-01
 0.556977149405397E-01
 0.549585944973017E-01
 0.540411504345980E-01
 0.530946783417312E-01
 0.521734569719508E-01
 0.512831744355583E-01
 0.504023715617177E-01
 0.495480484189628E-01
 0.487240550123896E-01
 0.479170568610238E-01
 0.471275928376547E-01
 0.463540452778203E-01
 0.455932752185810E-01
 0.448728695653277E-01
 0.441744931063229E-01
 0.434854772703397E-01
 0.427985112819400E-01
 0.421177724646046E-01
 0.415009197221721E-01
 0.408744940739776E-01
 0.402290738898317E-01
 0.396540489096710E-01
 0.390728468943350E-01
 0.384586904743387E-01
 0.379380077845832E-01
 0.372885329276136E-01
 0.375805570857800E-01
 0.383474175653985E-01
 0.389452804610373E-01
 0.395796035795911E-01
 0.401180221292766E-01
 0.406214747837428E-01
 0.411062312776966E-01
 0.414887970906387E-01
 0.419273005204212E-01
 0.421970194541082E-01
 0.425956520381467E-01
 0.428093080628948E-01
 0.431267282943961E-01
 0.433070771893148E-01
 0.435344049299882E-01
 0.436906375833312E-01
 0.438310549230572E-01
 0.439716154709911E-01
 0.440299491365129E-01
 0.441634965446299E-01
 0.441068315679268E-01
 0.438613856645740E-01
 0.434292902275842E-01
 0.428133787373664E-01
 0.422079866381801E-01
 0.416074812395960E-01
 0.408764316006232E-01
 0.401544194469713E-01
 0.394536153334476E-01
 0.387587175037089E-01
 0.381026104525574E-01
 0.374573815878844E-01
 0.368262839803831E-01
 0.362116979949667E-01
 0.356136834995902E-01
 0.350297059633941E-01
 0.344565109991813E-01
 0.338887455929114E-01
 0.333493242193879E-01
 0.328385251013839E-01
 0.323266802120636E-01
 0.318057890102968E-01
 0.313198736796032E-01
 0.308560943140758E-01
 0.303704568515294E-01
 0.299094224132295E-01
 0.301642418723621E-01
 0.307406812745284E-01
 0.313747874037200E-01
 0.318924084754630E-01
 0.324128151284807E-01
 0.328761001692277E-01
 0.332908369737287E-01
 0.337044415772177E-01
 0.340203928614960E-01
 0.343907002827624E-01
 0.346145511203790E-01
 0.349487436009926E-01
 0.351133462162140E-01
 0.353884164311373E-01
 0.355221637026862E-01
 0.357247005795077E-01
 0.358355763988421E-01
 0.359680867329987E-01
 0.360645464984777E-01
 0.361276672531043E-01
 0.362178450611461E-01
 0.361332737368540E-01
 0.358747422096318E-01
 0.354437975530799E-01
 0.348609538591043E-01
 0.344404999732639E-01
 0.338649974855437E-01
 0.332646790970002E-01
 0.326820595760451E-01
 0.321216303815804E-01
 0.315642911575428E-01
 0.310219777243478E-01
 0.305046035003946E-01
 0.299975257887641E-01
 0.295006959154955E-01
 0.290131044149845E-01
 0.285430915603970E-01
 0.280994518605422E-01
 0.276633111076323E-01
 0.272287094158775E-01
 0.267888983418574E-01
 0.273316474498650E-01
 0.281033789579783E-01
 0.289444613393811E-01
 0.296466632841525E-01
 0.303650533811662E-01
 0.310100805596712E-01
 0.316002019388852E-01
 0.321894095279938E-01
 0.326610064190996E-01
 0.331978032342614E-01
 0.335736786811844E-01
 0.340488393623774E-01
 0.343729190501864E-01
 0.347533804063420E-01
 0.350318772220066E-01
 0.353248964605916E-01
 0.355646235346575E-01
 0.357720380769650E-01
 0.359806119679284E-01
 0.361061466733147E-01
 0.362925193158528E-01
 0.363413617049564E-01
 0.365134690713986E-01
 0.365061549317596E-01
 0.366546989258066E-01
 0.366407036235373E-01
 0.364453533633206E-01
 0.360682834706093E-01
 0.355099020883273E-01
 0.350303913340727E-01
 0.344861880722577E-01
 0.338601478205505E-01
 0.332523107415522E-01
 0.326525311880599E-01
 0.320846914825720E-01
 0.315239201333026E-01
 0.309750066336750E-01
 0.304421479111014E-01
 0.299268928626809E-01
 0.308531014921060E-01
 0.325374863533678E-01
 0.342337402151661E-01
 0.358348086443883E-01
 0.373874876065704E-01
 0.389912435369557E-01
 0.404836119755061E-01
 0.418849285656574E-01
 0.433598637116371E-01
 0.447083233096428E-01
 0.459499617071920E-01
 0.472649585191373E-01
 0.484403065055382E-01
 0.495305668094965E-01
 0.506612387684372E-01
 0.516407251469413E-01
 0.525965899959060E-01
 0.535251277974036E-01
 0.542930742396124E-01
 0.551408298109050E-01
 0.558546078068204E-01
 0.565018016412279E-01
 0.571655302312194E-01
 0.576568394714463E-01
 0.582449497632523E-01
 0.586887601191178E-01
 0.591135261156143E-01
 0.595167718354464E-01
 0.597904461563896E-01
 0.601607869986286E-01
 0.603491425165948E-01
 0.606374809563626E-01
 0.607982844098269E-01
 0.609629168764587E-01
 0.611060317506440E-01
 0.611559941538267E-01
 0.612899225365409E-01
 0.612385379315111E-01
 0.610024293657580E-01
 0.605828953769349E-01
 0.599819828800417E-01
 0.592025036079753E-01
 0.582480168794098E-01
 0.574445342313767E-01
 0.565132219916819E-01
 0.554591809396337E-01
 0.544242132849981E-01
 0.534229765821653E-01
 0.524444116400792E-01
 0.515043545065420E-01
 0.505837996010484E-01
 0.496882017897051E-01
 0.488191133550871E-01
 0.479770246373161E-01
 0.471606702185238E-01
 0.463660784739991E-01
 0.455893403640774E-01
 0.448242120692469E-01
 0.440739034900190E-01
 0.433795660585628E-01
 0.426877872728099E-01
 0.419902695157647E-01
 0.413247950574743E-01
 0.406941452624518E-01
 0.400445318977867E-01
 0.394228378411940E-01
 0.388342903072137E-01
 0.381840945901272E-01
 0.374201894937419E-01
 0.365457811712129E-01
 0.355646112604345E-01
 0.344809117071138E-01
 0.332993120507090E-01
 0.329328420150655E-01
 0.335197649086500E-01
 0.340746982197946E-01
 0.345383804790705E-01
 0.350595468710938E-01
 0.354674603369866E-01
 0.358991112800271E-01
 0.362760498326688E-01
 0.366041506951439E-01
 0.369540013013111E-01
 0.371919716671686E-01
 0.375126726162940E-01
 0.377286440306974E-01
 0.379634331833322E-01
 0.381623438096885E-01
 0.383169588344159E-01
 0.385038745543631E-01
 0.385838732682901E-01
 0.387640505018294E-01
 0.388347715118524E-01
 0.388010944603432E-01
 0.386684943021524E-01
 0.384428029591811E-01
 0.381301839533190E-01
 0.377371371952476E-01
 0.372705156556061E-01
 0.367438528610788E-01
 0.362864270385016E-01
 0.357647900482315E-01
 0.351861310499244E-01
 0.345724316899128E-01
 0.339743310681536E-01
 0.333944150921395E-01
 0.328351142501149E-01
 0.322875150922117E-01
 0.317633489556904E-01
 0.312526386707778E-01
 0.307560254771179E-01
 0.302727169724282E-01
 0.298016423213551E-01
 0.293409287748557E-01
 0.288882711214283E-01
 0.284567345733393E-01
 0.280355417613736E-01
 0.280566114207461E-01
 0.290660527729344E-01
 0.301067192754279E-01
 0.311725610569514E-01
 0.322572062063340E-01
 0.333540837368800E-01
 0.344565104142452E-01
 0.355577169067360E-01
 0.366873192235446E-01
 0.378326162470578E-01
 0.389639290687901E-01
 0.400736780641475E-01
 0.411543145095940E-01
 0.421982659574129E-01
 0.432803021450220E-01
 0.443361270054245E-01
 0.453403013796592E-01
 0.462848751452112E-01
 0.472229751035480E-01
 0.481610974425123E-01
 0.490248354804140E-01
 0.498061793690052E-01
 0.506300086920928E-01
 0.513889739226678E-01
 0.520510808729257E-01
 0.527239232116649E-01
 0.533576962614975E-01
 0.538811865801495E-01
 0.544351952124138E-01
 0.549263820462421E-01
 0.553000591456254E-01
 0.557616795263276E-01
 0.560961802535475E-01
 0.564043278670846E-01
 0.567100587842247E-01
 0.568781389203070E-01
 0.571542855993694E-01
 0.572956185448648E-01
 0.574435791538109E-01
 0.575639247085208E-01
 0.575939247368152E-01
 0.577007374325713E-01
 0.576570693880788E-01
 0.577183833247075E-01
 0.576665678098584E-01
 0.574575168136326E-01
 0.570855963953072E-01
 0.565457516091224E-01
 0.558335202329658E-01
 0.549450555935940E-01
 0.540286769151687E-01
 0.531626746706012E-01
 0.521414064372579E-01
 0.511143522814171E-01
 0.501140570966302E-01
 0.491446608314879E-01
 0.481930346716549E-01
 0.472820161682007E-01
 0.463915731303658E-01
 0.455238944707251E-01
 0.446800278931040E-01
 0.438583081906336E-01
 0.448377991186943E-01
 0.476939412026220E-01
 0.504679248935283E-01
 0.532946058947853E-01
 0.561558550109577E-01
 0.589127965624638E-01
 0.615565046314159E-01
 0.643204181571097E-01
 0.670020415858844E-01
 0.695487281980389E-01
 0.720271861607826E-01
 0.745807028517288E-01
 0.769786573853940E-01
 0.792133114294546E-01
 0.815320867808108E-01
 0.837379644483495E-01
 0.857619750118525E-01
 0.877752151728215E-01
 0.897526652264564E-01
 0.915315725361581E-01
 0.932608618279389E-01
 0.949828950016218E-01
 0.964920724737210E-01
 0.979723062117788E-01
 0.994175078866419E-01
 0.100637836436142E+00
 0.101909724126198E+00
 0.103063900871399E+00
 0.103996816339329E+00
 0.105091285237484E+00
 0.105945901036996E+00
 0.106749726197858E+00
 0.107548162042821E+00
 0.108100342099713E+00
 0.108824846557082E+00
 0.109328113085889E+00
 0.109805908308125E+00
 0.110270757938878E+00
 0.110517124130637E+00
 0.110954872873635E+00
 0.111137606136258E+00
 0.111406751414036E+00
 0.111571998441087E+00
 0.111480840660354E+00
 0.111133699828580E+00
 0.110531880986087E+00
 0.109677581017708E+00
 0.108573884338657E+00
 0.107224739945595E+00
 0.105634920899265E+00
 0.104117865318802E+00
 0.102563301970898E+00
 0.100780880714018E+00
 0.989304358558996E-01
 0.971320963935820E-01
 0.953854980723937E-01
 0.936821569545636E-01
 0.920229204535491E-01
 0.904269308515070E-01
 0.888693506742764E-01
 0.873507595299592E-01
 0.858697487052655E-01
 0.844227945791473E-01
 0.830049247542740E-01
 0.816507793819515E-01
 0.803412391566218E-01
 0.790527492310436E-01
 0.777748545361848E-01
 0.765244812966584E-01
 0.753553766316005E-01
 0.741817842600650E-01
 0.729922019619751E-01
 0.719181352008581E-01
 0.708258054261563E-01
 0.697163844783654E-01
 0.684507939312166E-01
 0.670332999277016E-01
 0.654687581146157E-01
 0.637625742588852E-01
 0.619206065843797E-01
 0.599490683225610E-01
 0.578544929762787E-01
 0.556437747773430E-01
 0.533242340965656E-01
 0.509036354036798E-01
 0.483901230657917E-01
 0.457921062098002E-01
 0.438516850499154E-01
 0.444419892813055E-01
 0.449492037031982E-01
 0.454202426214211E-01
 0.458874871015073E-01
 0.462460172947034E-01
 0.466808274993813E-01
 0.469385243055218E-01
 0.473421820315096E-01
 0.475746973323138E-01
 0.478859899585874E-01
 0.481024130716712E-01
 0.483273566082757E-01
 0.485344374047926E-01
 0.485666340132782E-01
 0.484297958013818E-01
 0.481303585997052E-01
 0.476752872225313E-01
 0.470720495778930E-01
 0.465353160653282E-01
 0.459449716571721E-01
 0.452328962549682E-01
 0.445127736550660E-01
 0.438106353274923E-01
 0.431293295476538E-01
 0.424577664144581E-01
 0.418148045847973E-01
 0.411839906139658E-01
 0.405672504291449E-01
 0.399648692276654E-01
 0.393752684490217E-01
 0.387946897503440E-01
 0.382205698345220E-01
 0.376848684034192E-01
 0.371553272680692E-01
 0.366264037523032E-01
 0.360913614580809E-01
 0.356025224940491E-01
 0.351148974882418E-01
 0.346112220091913E-01
 0.341438778275439E-01
 0.336842471866401E-01
 0.331974391325981E-01
 0.327702172414626E-01
 0.322483392906016E-01
 0.316375128845933E-01
 0.309438383895234E-01
 0.301737176457729E-01
 0.293337617691181E-01
 0.284307461324949E-01
 0.274716106506170E-01
 0.264634614446271E-01
 0.254135337082440E-01
 0.251279583384543E-01
 0.264386541428735E-01
 0.277335694754459E-01
 0.290052647797451E-01
 0.302465033273036E-01
 0.315112312794379E-01
 0.327893463907586E-01
 0.340224119276021E-01
 0.352030622087255E-01
 0.363828162171927E-01
 0.375749063328504E-01
 0.386996682664691E-01
 0.397500204936949E-01
 0.408341260588361E-01
 0.418737397149041E-01
 0.428250038905591E-01
 0.437513064387385E-01
 0.446802458056984E-01
 0.455080529659985E-01
 0.462954641134484E-01
 0.470922444454239E-01
 0.477756302021950E-01
 0.484415406220550E-01
 0.490890207281065E-01
 0.496125617330509E-01
 0.501849612255149E-01
 0.506707742774854E-01
 0.510783875324758E-01
 0.515292899854297E-01
 0.518434993196986E-01
 0.522029610019798E-01
 0.524845875364696E-01
 0.527101789932782E-01
 0.529647993048992E-01
 0.530737020688380E-01
 0.532984637865229E-01
 0.533846300624854E-01
 0.534996832661703E-01
 0.535698367754167E-01
 0.535820416066054E-01
 0.536439736338335E-01
 0.535534166738802E-01
 0.533079071303617E-01
 0.529057013430708E-01
 0.523457354782708E-01
 0.516275843832779E-01
 0.507514433080989E-01
 0.500022195478960E-01
 0.491475177353740E-01
 0.481923910848848E-01
 0.472544045192586E-01
 0.463511008423031E-01
 0.454721067624877E-01
 0.446204709936486E-01
 0.437871957007023E-01
 0.429772111020859E-01
 0.421923884649405E-01
 0.414341703464698E-01
 0.407012801442582E-01
 0.399910729183147E-01
 0.392989695299265E-01
 0.386186493136618E-01
 0.379445601642374E-01
 0.373193764430743E-01
 0.367096824683153E-01
 0.360976559572529E-01
 0.354915742423484E-01
 0.349420128850906E-01
 0.358786077932091E-01
 0.369783255154807E-01
 0.381566611647285E-01
 0.392148882271210E-01
 0.402039278400938E-01
 0.412197978018116E-01
 0.420966504370582E-01
 0.429978325710713E-01
 0.438270072951600E-01
 0.445533385428438E-01
 0.453364782019836E-01
 0.459702728248443E-01
 0.466414056231771E-01
 0.472295614711205E-01
 0.477535359569373E-01
 0.483010053247263E-01
 0.486927503006516E-01
 0.492012439109604E-01
 0.495564371424554E-01
 0.499435243486634E-01
 0.502684691125246E-01
 0.505391368784108E-01
 0.508405029692634E-01
 0.510009135274580E-01
 0.512866286974810E-01
 0.514113812979917E-01
 0.516199413035772E-01
 0.517352296260392E-01
 0.516908745216805E-01
 0.514891840713071E-01
 0.511331453500605E-01
 0.506264726564583E-01
 0.499736153467676E-01
 0.492823325400061E-01
 0.486435766432040E-01
 0.478676156307998E-01
 0.470330908228119E-01
 0.462227298643438E-01
 0.454287409100597E-01
 0.446636620806273E-01
 0.439094698316491E-01
 0.431730957923296E-01
 0.424673694562214E-01
 0.417782889041581E-01
 0.411037073157323E-01
 0.404549434587261E-01
 0.398270981039572E-01
 0.392140558362502E-01
 0.386111108382240E-01
 0.380124505286546E-01
 0.374316038186807E-01
 0.368878767898203E-01
 0.363396800557920E-01
 0.357799964924372E-01
 0.352795404327715E-01
 0.347694282528013E-01
 0.342394085431318E-01
 0.337780696516137E-01
 0.332251707684122E-01
 0.325820798526673E-01
 0.318528946970769E-01
 0.310420081165942E-01
 0.301541432453648E-01
 0.291943649969337E-01
 0.281680411001381E-01
 0.270807736496986E-01
 0.259383500001092E-01
 0.247467441552936E-01
 0.235121505727058E-01
 0.222409948536378E-01
 0.209398759622178E-01
 0.196154482715522E-01
 0.182743054857380E-01
 0.169229351740357E-01
 0.155677625811753E-01
 0.158301240907600E-01
 0.166754139084385E-01
 0.175265094162458E-01
 0.183817147212381E-01
 0.191794229925726E-01
 0.199519737131416E-01
 0.207418661462218E-01
 0.214597380836293E-01
 0.221519088013320E-01
 0.228483553204936E-01
 0.234587862029155E-01
 0.240774835123074E-01
 0.246548047587941E-01
 0.251464192305748E-01
 0.256887801827411E-01
 0.261258998970444E-01
 0.265728098901544E-01
 0.269694652144567E-01
 0.273146069854753E-01
 0.276737328825695E-01
 0.279257204248511E-01
 0.282500281910948E-01
 0.284490215584716E-01
 0.287075883519279E-01
 0.288720938474200E-01
 0.290584590054445E-01
 0.291943844089649E-01
 0.293142812747938E-01
 0.294275238970032E-01
 0.294818216040688E-01
 0.295774987868771E-01
 0.295694780882424E-01
 0.296543860868089E-01
 0.295986332224282E-01
 0.296665222054563E-01
 0.296056595754168E-01
 0.294001190833758E-01
 0.290471951454991E-01
 0.285451122420161E-01
 0.281147797044666E-01
 0.276273391601291E-01
 0.270950315209933E-01
 0.265759214398825E-01
 0.260675045335000E-01
 0.255791630528371E-01
 0.250962619550208E-01
 0.268104551448626E-01
 0.286284223988598E-01
 0.303804975439390E-01
 0.320588975872404E-01
 0.338417335067971E-01
 0.355499642350933E-01
 0.371649018375482E-01
 0.388092873083404E-01
 0.404273081805308E-01
 0.419330352318075E-01
 0.434194199513541E-01
 0.449068439566024E-01
 0.462641257826133E-01
 0.475913512144476E-01
 0.489122593924021E-01
 0.500863793867577E-01
 0.512630034716400E-01
 0.523880039506949E-01
 0.533514711842141E-01
 0.544014755006889E-01
 0.553081481509586E-01
 0.561392788429424E-01
 0.569916193037041E-01
 0.576629625242541E-01
 0.584204827931722E-01
 0.590354356764539E-01
 0.596117165974680E-01
 0.601769039985684E-01
 0.605862320061815E-01
 0.611091594238674E-01
 0.614327927538594E-01
 0.618472374526265E-01
 0.621331640782880E-01
 0.624106426726669E-01
 0.626683352053908E-01
 0.628166440343919E-01
 0.630550892904904E-01
 0.630843833993359E-01
 0.633071460014218E-01
 0.633254938748421E-01
 0.631312843031982E-01
 0.627229125994422E-01
 0.620996328165071E-01
 0.612615368682906E-01
 0.603138754174871E-01
 0.594956030489949E-01
 0.584768038215616E-01
 0.574183720385489E-01
 0.563883342504438E-01
 0.553919321047084E-01
 0.544117560222989E-01
 0.534524256832028E-01
 0.525349084788560E-01
 0.516369865718568E-01
 0.507589189901315E-01
 0.498990405243912E-01
 0.490552239182968E-01
 0.482621898643934E-01
 0.474871070104995E-01
 0.467227102018790E-01
 0.459608010327208E-01
 0.452138170963210E-01
 0.470463325028320E-01
 0.488823364502194E-01
 0.506086112017161E-01
 0.524154509726655E-01
 0.540579117682641E-01
 0.556021238568122E-01
 0.571975157715220E-01
 0.586127364851211E-01
 0.599844189780077E-01
 0.613390416363684E-01
 0.625000526798678E-01
 0.637206185156442E-01
 0.648129517907260E-01
 0.657742411434921E-01
 0.668020336873953E-01
 0.676187194096918E-01
 0.684884725315256E-01
 0.692407294140078E-01
 0.698937820728400E-01
 0.705885841903469E-01
 0.710605868635255E-01
 0.716876537442633E-01
 0.721075507890851E-01
 0.725608012618288E-01
 0.729379607877538E-01
 0.732249398409231E-01
 0.735705843155374E-01
 0.737053523234352E-01
 0.740296524323703E-01
 0.741208139750123E-01
 0.743340691227300E-01
 0.744133326637603E-01
 0.742587825808814E-01
 0.738715434671786E-01
 0.732535400914087E-01
 0.724074969542709E-01
 0.713369485835978E-01
 0.703339321129306E-01
 0.692886779916827E-01
 0.680580612616991E-01
 0.668282746874084E-01
 0.656299234295791E-01
 0.644619383981416E-01
 0.633286818780207E-01
 0.622343443226665E-01
 0.611651664194118E-01
 0.601238950167352E-01
 0.591101841247415E-01
 0.581220959651027E-01
 0.571560248661585E-01
 0.562055984431692E-01
 0.552856196179146E-01
 0.544179869889316E-01
 0.535581503916889E-01
 0.526964032838502E-01
 0.518561161716092E-01
 0.510787438673170E-01
 0.502843266558765E-01
 0.494842061248841E-01
 0.487682128620091E-01
 0.480181284741243E-01
 0.472848560716676E-01
 0.464053336689471E-01
 0.456730424760872E-01
 0.468176189755517E-01
 0.478376567805713E-01
 0.487666413695134E-01
 0.497351439783454E-01
 0.505459782552368E-01
 0.513777792569574E-01
 0.521359388524263E-01
 0.527804823441994E-01
 0.534898799597669E-01
 0.540364182740360E-01
 0.546243252532596E-01
 0.551255336152929E-01
 0.555577691347735E-01
 0.560219649366996E-01
 0.563213970737039E-01
 0.567415366678802E-01
 0.570093159161137E-01
 0.573035772262864E-01
 0.575468629027778E-01
 0.577246827148329E-01
 0.579510428514742E-01
 0.580159732648838E-01
 0.582345710377282E-01
 0.582882906335016E-01
 0.581813703786905E-01
 0.579187442063951E-01
 0.575060063463049E-01
 0.569493465247775E-01
 0.562554714759768E-01
 0.554315260087477E-01
 0.546856922819785E-01
 0.538798639059518E-01
 0.529557663665839E-01
 0.520079367039106E-01
 0.510869093177340E-01
 0.501974284341538E-01
 0.493239957826220E-01
 0.484862458006086E-01
 0.476717656663728E-01
 0.468779568543759E-01
 0.461057231462716E-01
 0.453535785284947E-01
 0.446190779485100E-01
 0.438988547978043E-01
 0.431972435535481E-01
 0.425312688339244E-01
 0.418748493780131E-01
 0.412214751725500E-01
 0.405726708480253E-01
 0.399740478757664E-01
 0.393702452504563E-01
 0.387539177570317E-01
 0.381976929323168E-01
 0.376296046780805E-01
 0.370535699979857E-01
 0.363949592262603E-01
 0.356589974002562E-01
 0.348512679405480E-01
 0.339776410016044E-01
 0.330441428669517E-01
 0.320568449329031E-01
 0.310218330079105E-01
 0.299452520595084E-01
 0.288333641484299E-01
 0.276925532658652E-01
 0.265292584460181E-01
 0.253498733558803E-01
 0.241606712859583E-01
 0.229677868097269E-01
 0.217772362679007E-01
 0.205949302135986E-01
 0.194266443275883E-01
 0.182779570504408E-01
 0.172061288535221E-01
 0.174196028715616E-01
 0.176590187689092E-01
 0.178331269731301E-01
 0.180189107647428E-01
 0.181689077765850E-01
 0.182930558998424E-01
 0.184204423346250E-01
 0.184885582709876E-01
 0.185961522635626E-01
 0.186211094062699E-01
 0.186997405016167E-01
 0.187044570827724E-01
 0.187379266174490E-01
 0.187240929205359E-01
 0.187173688745130E-01
 0.186906048614979E-01
 0.186407351092764E-01
 0.186041580416390E-01
 0.185108629220537E-01
 0.184681177989112E-01
 0.183308833473693E-01
 0.180942503394069E-01
 0.177538227225779E-01
 0.173536167033584E-01
 0.173980184772322E-01
 0.190928901398958E-01
 0.207828635660009E-01
 0.225880288386500E-01
 0.244002841853415E-01
 0.261917663493724E-01
 0.279555799180704E-01
 0.298085385164618E-01
 0.316536296096524E-01
 0.334532169259652E-01
 0.352000357187384E-01
 0.369903167416550E-01
 0.387761772344263E-01
 0.404911072784464E-01
 0.421279017350511E-01
 0.437741940837531E-01
 0.454101826101412E-01
 0.469505415735019E-01
 0.483886112204387E-01
 0.498357004922265E-01
 0.512378535556136E-01
 0.525221691353447E-01
 0.536831016464543E-01
 0.549066066969530E-01
 0.560056099674827E-01
 0.569687277516170E-01
 0.579074348888858E-01
 0.587955946841734E-01
 0.595375567823768E-01
 0.602114127780798E-01
 0.608726597934432E-01
 0.613799809221500E-01
 0.618185017559485E-01
 0.622428257038344E-01
 0.625085237825531E-01
 0.627485118493758E-01
 0.629330371057930E-01
 0.629567731177166E-01
 0.630345824770524E-01
 0.629825370371873E-01
 0.628429791880072E-01
 0.627246730497344E-01
 0.624460430467890E-01
 0.622095566367132E-01
 0.618741461822129E-01
 0.614640209236884E-01
 0.610799633112716E-01
 0.605418204717350E-01
 0.600951513608997E-01
 0.595202134903536E-01
 0.589420278031227E-01
 0.583402009745556E-01
 0.575932808233317E-01
 0.567057286297585E-01
 0.556826963786748E-01
 0.545299216123654E-01
 0.532536302608869E-01
 0.518604725119861E-01
 0.503574953036692E-01
 0.489023155518869E-01
 0.474509759574731E-01
 0.459148565624800E-01
 0.443987392236796E-01
 0.429275565257849E-01
 0.415001121963559E-01
 0.401153195364172E-01
 0.387763142431052E-01
 0.374741736860670E-01
 0.362104668537388E-01
 0.349852996493576E-01
 0.337971042275476E-01
 0.326437682247206E-01
 0.315222703393901E-01
 0.304291501948571E-01
 0.293792079102676E-01
 0.283662530190735E-01
 0.273758639339952E-01
 0.264038859428280E-01
 0.254756271809898E-01
 0.245774363242038E-01
 0.236904916649626E-01
 0.228381877185795E-01
 0.220185195356876E-01
 0.211882668183785E-01
 0.203249492909802E-01
 0.194330680602524E-01
 0.185171877900342E-01
 0.175818788815509E-01
 0.166316640892588E-01
 0.156709920894333E-01
 0.147042369803660E-01
 0.149259202632205E-01
 0.159104589637074E-01
 0.169047432861180E-01
 0.179050013311998E-01
 0.189073521903874E-01
 0.199078280191719E-01
 0.209023960007520E-01
 0.218869808994663E-01
 0.228574889763855E-01
 0.238098334937363E-01
 0.247399612156530E-01
 0.256438787754008E-01
 0.265176778873399E-01
 0.273575590283052E-01
 0.281598539040262E-01
 0.289210472576503E-01
 0.296579599595811E-01
 0.303637843559957E-01
 0.310188463819642E-01
 0.316202571929531E-01
 0.321653819869819E-01
 0.326518557719569E-01
 0.330775974222801E-01
 0.334408220507014E-01
 0.337400516348637E-01
 0.339741235579703E-01
 0.341421965628823E-01
 0.342437538272040E-01
 0.342786033619205E-01
 0.342468763507046E-01
 0.341490240436820E-01
 0.339858134090018E-01
 0.337583212304516E-01
 0.334679260816853E-01
 0.331162977521954E-01
 0.327053841010464E-01
 0.322373957103060E-01
 0.317147888741475E-01
 0.311402473757037E-01
 0.305166632991145E-01
 0.298471169661531E-01
 0.291348560551943E-01
 0.283832739766250E-01
 0.275958875644215E-01
 0.267763140888019E-01
 0.259282476126660E-01
 0.250554348949043E-01
 0.241616513133766E-01
 0.232506774019939E-01
 0.223262764237255E-01
 0.213921729916818E-01
 0.204520324206611E-01
 0.195094404774530E-01
 0.185678835231132E-01
 0.176307294224165E-01
 0.167012097767534E-01
 0.157824039033909E-01
 0.148772247052811E-01
 0.139884063513402E-01
 0.131184936283249E-01
 0.122698328876851E-01
 0.114445645857698E-01
 0.106446174319202E-01
 0.987170414954648E-02
 0.912731885092929E-02
 0.841273606816012E-02
 0.772901151347249E-02
 0.707698461664135E-02
 0.645728277379889E-02
 0.587032710223363E-02
 0.531633942270858E-02
 0.479535024229250E-02
 0.430720766347916E-02
 0.385158726147458E-02
 0.342800298149110E-02
 0.303581897618633E-02
 0.267426216466439E-02
 0.234243522490633E-02
 0.203932978388209E-02
 0.176383967591102E-02
 0.151477420737423E-02
 0.129087136174512E-02
 0.109081083640998E-02
 0.913226770371408E-03
 0.756720027317142E-03
 0.619869920570463E-03
 0.501245288672861E-03
 0.399414836671378E-03
 0.312956659448833E-03
 0.240466881782832E-03
 0.180567376149279E-03
 0.131912546126808E-03
 0.931951722630524E-04
 0.631513157027421E-04
 0.405642787528109E-04
 0.242676314407833E-04
 0.131543412307541E-04
 0.615131733788593E-05
 0.225336985925295E-05
 0.513252579471346E-06
 0.338464286003103E-07
 0.000000000000000E+00
 0.000000000000000E+00
 0.000000000000000E+00
 0.000000000000000E+00
 0.000000000000000E+00
 0.000000000000000E+00
 0.000000000000000E+00
 0.000000000000000E+00
 0.000000000000000E+00
 0.000000000000000E+00
 0.000000000000000E+00
 0.000000000000000E+00
 0.000000000000000E+00
 0.000000000000000E+00
 0.000000000000000E+00
 0.000000000000000E+00
 0.000000000000000E+00
 0.000000000000000E+00
 0.000000000000000E+00
 0.000000000000000E+00
 0.000000000000000E+00
 0.000000000000000E+00
 0.000000000000000E+00
 0.000000000000000E+00
 0.000000000000000E+00
 0.000000000000000E+00
 0.000000000000000E+00
 0.000000000000000E+00
 0.000000000000000E+00
 0.000000000000000E+00
 0.000000000000000E+00
 0.000000000000000E+00
 0.000000000000000E+00
 0.000000000000000E+00
 0.000000000000000E+00
 0.000000000000000E+00
 0.000000000000000E+00
 0.000000000000000E+00
 0.000000000000000E+00
 0.000000000000000E+00
 0.000000000000000E+00
 0.000000000000000E+00
 0.000000000000000E+00
 0.000000000000000E+00
 0.000000000000000E+00
 0.000000000000000E+00
 0.000000000000000E+00
 0.000000000000000E+00
 0.000000000000000E+00
 0.000000000000000E+00
 0.000000000000000E+00
 0.000000000000000E+00
 0.000000000000000E+00
 0.000000000000000E+00
 0.000000000000000E+00
 0.000000000000000E+00
 0.000000000000000E+00
 0.000000000000000E+00
 0.000000000000000E+00
 0.000000000000000E+00
 0.000000000000000E+00
 0.000000000000000E+00
 0.000000000000000E+00
 0.000000000000000E+00
 0.000000000000000E+00
 0.000000000000000E+00
 0.000000000000000E+00
 0.000000000000000E+00
 0.000000000000000E+00
 0.000000000000000E+00
 0.000000000000000E+00
 0.000000000000000E+00
 0.000000000000000E+00
 0.000000000000000E+00
 0.000000000000000E+00
 0.000000000000000E+00
 0.000000000000000E+00
 0.000000000000000E+00
 0.000000000000000E+00
 0.000000000000000E+00
 0.000000000000000E+00
 0.000000000000000E+00
 0.000000000000000E+00
 0.000000000000000E+00
 0.000000000000000E+00
 0.000000000000000E+00
 0.000000000000000E+00
 0.000000000000000E+00
 0.000000000000000E+00
 0.000000000000000E+00
 0.000000000000000E+00
 0.000000000000000E+00
 0.000000000000000E+00
 0.000000000000000E+00
 0.000000000000000E+00
 0.000000000000000E+00
 0.000000000000000E+00
 0.000000000000000E+00
 0.000000000000000E+00
 0.000000000000000E+00
 0.000000000000000E+00
 0.000000000000000E+00
 0.000000000000000E+00
 0.000000000000000E+00
 0.000000000000000E+00
 0.000000000000000E+00
 0.000000000000000E+00
 0.000000000000000E+00
 0.000000000000000E+00
 0.000000000000000E+00
 0.000000000000000E+00
 0.000000000000000E+00
 0.000000000000000E+00
 0.000000000000000E+00
 0.000000000000000E+00
 0.000000000000000E+00
 0.000000000000000E+00
 0.000000000000000E+00
 0.000000000000000E+00
 0.000000000000000E+00
 0.000000000000000E+00
 0.000000000000000E+00
 0.000000000000000E+00
 0.000000000000000E+00
 0.000000000000000E+00
 0.000000000000000E+00
 0.000000000000000E+00
 0.000000000000000E+00
 0.000000000000000E+00
 0.000000000000000E+00
 0.000000000000000E+00
 0.000000000000000E+00
 0.000000000000000E+00
 0.000000000000000E+00
 0.000000000000000E+00
 0.000000000000000E+00
 0.000000000000000E+00
 0.000000000000000E+00
 0.000000000000000E+00
 0.000000000000000E+00
 0.000000000000000E+00
 0.000000000000000E+00
 0.000000000000000E+00
 0.000000000000000E+00
 0.000000000000000E+00
 0.000000000000000E+00
 0.000000000000000E+00
 0.000000000000000E+00
 0.000000000000000E+00
 0.000000000000000E+00
 0.000000000000000E+00
 0.000000000000000E+00
 0.000000000000000E+00
 0.000000000000000E+00
 0.000000000000000E+00
 0.000000000000000E+00
 0.000000000000000E+00
 0.000000000000000E+00
 0.000000000000000E+00
 0.000000000000000E+00
 0.000000000000000E+00
 0.000000000000000E+00
 0.000000000000000E+00
 0.000000000000000E+00
 0.000000000000000E+00
 0.000000000000000E+00
 0.000000000000000E+00
 0.000000000000000E+00
 0.000000000000000E+00
 0.000000000000000E+00
 0.000000000000000E+00
 0.000000000000000E+00
 0.000000000000000E+00
 0.000000000000000E+00
 0.000000000000000E+00
 0.000000000000000E+00
 0.000000000000000E+00
 0.000000000000000E+00
 0.000000000000000E+00
 0.000000000000000E+00
 0.000000000000000E+00
 0.000000000000000E+00
 0.000000000000000E+00
 0.000000000000000E+00
 0.000000000000000E+00
 0.000000000000000E+00
 0.000000000000000E+00
 0.000000000000000E+00
 0.000000000000000E+00
 0.000000000000000E+00
 0.000000000000000E+00
 0.000000000000000E+00
 0.000000000000000E+00
 0.000000000000000E+00
 0.000000000000000E+00
 0.000000000000000E+00
 0.000000000000000E+00
 0.000000000000000E+00
 0.000000000000000E+00
 0.000000000000000E+00
 0.000000000000000E+00
 0.000000000000000E+00
 0.000000000000000E+00
 0.000000000000000E+00
 0.000000000000000E+00
 0.000000000000000E+00
 0.000000000000000E+00
 0.000000000000000E+00
 0.000000000000000E+00
 0.000000000000000E+00
 0.000000000000000E+00
 0.000000000000000E+00
 0.000000000000000E+00
 0.000000000000000E+00
 0.000000000000000E+00
 0.000000000000000E+00
 0.000000000000000E+00
 0.000000000000000E+00
 0.000000000000000E+00
 0.000000000000000E+00
 0.000000000000000E+00
 0.000000000000000E+00
 0.000000000000000E+00
 0.000000000000000E+00
 0.000000000000000E+00
 0.000000000000000E+00
 0.000000000000000E+00
 0.000000000000000E+00
 0.000000000000000E+00
 0.000000000000000E+00
 0.000000000000000E+00
 0.000000000000000E+00
 0.000000000000000E+00
 0.000000000000000E+00
 0.000000000000000E+00
 0.000000000000000E+00
 0.000000000000000E+00
 0.000000000000000E+00
 0.000000000000000E+00
 0.000000000000000E+00
 0.000000000000000E+00
 0.000000000000000E+00
 0.000000000000000E+00
 0.000000000000000E+00
 0.000000000000000E+00
 0.000000000000000E+00
 0.000000000000000E+00
 0.000000000000000E+00
 0.000000000000000E+00
 0.000000000000000E+00
 0.000000000000000E+00
 0.000000000000000E+00
 0.000000000000000E+00
 0.000000000000000E+00
 0.000000000000000E+00
 0.000000000000000E+00
 0.000000000000000E+00
 0.000000000000000E+00
 0.000000000000000E+00
 0.000000000000000E+00
 0.000000000000000E+00
 0.000000000000000E+00
 0.000000000000000E+00
 0.000000000000000E+00
 0.000000000000000E+00
 0.000000000000000E+00
 0.000000000000000E+00
 0.000000000000000E+00
 0.000000000000000E+00
 0.000000000000000E+00
 0.000000000000000E+00
 0.000000000000000E+00
 0.000000000000000E+00
 0.000000000000000E+00
 0.000000000000000E+00
 0.000000000000000E+00
 0.000000000000000E+00
 0.000000000000000E+00
 0.000000000000000E+00
 0.000000000000000E+00
 0.000000000000000E+00
 0.000000000000000E+00
 0.000000000000000E+00
 0.000000000000000E+00
 0.000000000000000E+00
 0.000000000000000E+00
 0.000000000000000E+00
 0.000000000000000E+00
 0.000000000000000E+00
 0.000000000000000E+00
 0.000000000000000E+00
 0.000000000000000E+00
 0.000000000000000E+00
 0.000000000000000E+00
 0.000000000000000E+00
 0.000000000000000E+00
 0.000000000000000E+00
 0.000000000000000E+00
 0.000000000000000E+00
 0.000000000000000E+00
 0.000000000000000E+00
 0.000000000000000E+00
 0.000000000000000E+00
 0.000000000000000E+00
 0.000000000000000E+00
 0.000000000000000E+00
 0.000000000000000E+00
 0.000000000000000E+00
 0.000000000000000E+00
 0.000000000000000E+00
 0.000000000000000E+00
 0.000000000000000E+00
 0.000000000000000E+00
 0.000000000000000E+00
 0.000000000000000E+00
 0.000000000000000E+00
 0.000000000000000E+00
 0.000000000000000E+00
 0.000000000000000E+00
 0.000000000000000E+00
 0.000000000000000E+00
 0.000000000000000E+00
 0.000000000000000E+00
 0.000000000000000E+00
 0.000000000000000E+00
 0.000000000000000E+00
 0.000000000000000E+00
 0.000000000000000E+00
 0.000000000000000E+00
 0.000000000000000E+00
 0.000000000000000E+00
 0.000000000000000E+00
 0.000000000000000E+00
 0.000000000000000E+00
 0.000000000000000E+00
 0.000000000000000E+00
 0.000000000000000E+00
 0.000000000000000E+00
 0.000000000000000E+00
 0.000000000000000E+00
 0.000000000000000E+00
 0.000000000000000E+00
 0.000000000000000E+00
 0.000000000000000E+00
 0.000000000000000E+00
 0.000000000000000E+00
 0.000000000000000E+00
 0.000000000000000E+00
