 0.438175602813438E-08
 0.656625590893858E-07
 0.283620636966808E-06
 0.760707633121803E-06
 0.158941252191097E-05
 0.286784202027454E-05
 0.510096753736331E-05
 0.857754216694296E-05
 0.136182216458865E-04
 0.206525833281041E-04
 0.301650307468266E-04
 0.426922880937236E-04
 0.588198301235631E-04
 0.791773515489614E-04
 0.104433390552055E-03
 0.135289237305878E-03
 0.172472277669884E-03
 0.216728941386611E-03
 0.268817436795177E-03
 0.329500454291488E-03
 0.399537998808614E-03
 0.479680468241907E-03
 0.570662041221399E-03
 0.673194389281106E-03
 0.787960705287173E-03
 0.915610049164363E-03
 0.105871891348426E-02
 0.121639460372344E-02
 0.138903201372979E-02
 0.157710514346017E-02
 0.178102989813516E-02
 0.200116236762687E-02
 0.223779843929303E-02
 0.249117464571564E-02
 0.276146999221987E-02
 0.304880848110390E-02
 0.335326215986225E-02
 0.367485468482495E-02
 0.401356548812990E-02
 0.436933458474305E-02
 0.474206790363864E-02
 0.513164289223608E-02
 0.553791413950261E-02
 0.596071890023831E-02
 0.639988259040756E-02
 0.685522445679163E-02
 0.732656366388162E-02
 0.781372600390941E-02
 0.831655130506280E-02
 0.883490134207396E-02
 0.936866761897640E-02
 0.991777793901708E-02
 0.104822005062611E-01
 0.110619447116505E-01
 0.116570587503808E-01
 0.122676254184359E-01
 0.128937582012268E-01
 0.135355995993521E-01
 0.141933224850628E-01
 0.148671336393240E-01
 0.155572772480256E-01
 0.162640356764600E-01
 0.169877254890671E-01
 0.177286881378882E-01
 0.184872764079165E-01
 0.192638389664671E-01
 0.200587058099403E-01
 0.208721769151061E-01
 0.217045151242295E-01
 0.225559426018666E-01
 0.234266386409661E-01
 0.243167357694612E-01
 0.252263114483077E-01
 0.261553741527299E-01
 0.271038447627464E-01
 0.280715360701650E-01
 0.290581340200974E-01
 0.300631837036467E-01
 0.310860814087084E-01
 0.321260719742998E-01
 0.331822491084251E-01
 0.342535557628677E-01
 0.353387822147192E-01
 0.364365608917094E-01
 0.375453586747725E-01
 0.386634688085623E-01
 0.397890051369020E-01
 0.409199008926587E-01
 0.420539128422730E-01
 0.431886297695447E-01
 0.443214828796437E-01
 0.454497554012648E-01
 0.465705896690438E-01
 0.476809918433589E-01
 0.487778362841948E-01
 0.498578725437211E-01
 0.509177375371761E-01
 0.519539738935198E-01
 0.529630534737925E-01
 0.539414034067972E-01
 0.548854313457791E-01
 0.557915472083649E-01
 0.566561802116156E-01
 0.574757920015612E-01
 0.582468883769537E-01
 0.589660328667260E-01
 0.596298649226510E-01
 0.602351239020490E-01
 0.607786779393304E-01
 0.612575550026506E-01
 0.616689725272565E-01
 0.620103622948346E-01
 0.622793885901231E-01
 0.624739596799464E-01
 0.625922346579823E-01
 0.626326289558664E-01
 0.625938218113309E-01
 0.624747676531770E-01
 0.622747112175061E-01
 0.619932041353471E-01
 0.616301196017225E-01
 0.611856620242065E-01
 0.606603701384277E-01
 0.600551143006207E-01
 0.593710905429467E-01
 0.586098145952558E-01
 0.577731180307904E-01
 0.568631463967369E-01
 0.558823568055130E-01
 0.548335113368552E-01
 0.537196634667304E-01
 0.525441371983254E-01
 0.513105012934593E-01
 0.500225425453099E-01
 0.486842417097208E-01
 0.472997539039863E-01
 0.458733930367629E-01
 0.444096181420372E-01
 0.429130188079159E-01
 0.413882971429050E-01
 0.398402446193593E-01
 0.382737134206822E-01
 0.366935833736734E-01
 0.351047268543484E-01
 0.335119747753827E-01
 0.319200865193293E-01
 0.303337254251147E-01
 0.287574395870752E-01
 0.271956460436485E-01
 0.256526156542841E-01
 0.241324564143430E-01
 0.226390943666879E-01
 0.211762529083979E-01
 0.197474323822319E-01
 0.183558919691028E-01
 0.170046351748129E-01
 0.156963991153850E-01
 0.144336468686125E-01
 0.132185616814797E-01
 0.120550444016432E-01
 0.116574232794040E-01
 0.118927246514780E-01
 0.121354091142418E-01
 0.123362659602251E-01
 0.125642977915079E-01
 0.127227430209558E-01
 0.129296080476771E-01
 0.130663392484395E-01
 0.132349640299601E-01
 0.133552915095626E-01
 0.135083907616247E-01
 0.136138375944974E-01
 0.137326897837506E-01
 0.138222711495035E-01
 0.139001731623973E-01
 0.139766462114779E-01
 0.140143971062195E-01
 0.140780376271417E-01
 0.140498642330786E-01
 0.139242448683452E-01
 0.150518362100460E-01
 0.166712175540953E-01
 0.183136402331541E-01
 0.200223205082904E-01
 0.218241922273530E-01
 0.236356970544700E-01
 0.254500625860558E-01
 0.272908249846925E-01
 0.292366054676323E-01
 0.311683182032200E-01
 0.330782694486167E-01
 0.349592714798369E-01
 0.369645997480933E-01
 0.389367735060482E-01
 0.408634015711524E-01
 0.427358297338680E-01
 0.446916041654595E-01
 0.466099624195866E-01
 0.484563703533209E-01
 0.502223047668931E-01
 0.520767660117359E-01
 0.538575492835698E-01
 0.555394065275585E-01
 0.571812507001748E-01
 0.588540451513613E-01
 0.604094640784874E-01
 0.618408782393574E-01
 0.633561212286221E-01
 0.647568544361706E-01
 0.660185978959703E-01
 0.673181619740454E-01
 0.685317129784026E-01
 0.695911837601689E-01
 0.706769689593956E-01
 0.716848276340548E-01
 0.725299742842128E-01
 0.734801828594907E-01
 0.742780595940906E-01
 0.749897459864849E-01
 0.757399282372827E-01
 0.763123176384549E-01
 0.769127916890359E-01
 0.774333791201002E-01
 0.778325104036542E-01
 0.783127835642392E-01
 0.786072162504112E-01
 0.789625375403041E-01
 0.792213312010481E-01
 0.794062795988937E-01
 0.796467391554402E-01
 0.796960276273160E-01
 0.799092681822570E-01
 0.799426970780872E-01
 0.797811245261025E-01
 0.794250760890810E-01
 0.788761145204825E-01
 0.781362161857920E-01
 0.772072309189947E-01
 0.760906327934477E-01
 0.749305097381673E-01
 0.738322739611690E-01
 0.725514011761441E-01
 0.711927748182838E-01
 0.698771351426776E-01
 0.685890060519887E-01
 0.673458564450397E-01
 0.661251452741929E-01
 0.649430798753785E-01
 0.638044612264290E-01
 0.626934828068000E-01
 0.616083104517863E-01
 0.605466486036415E-01
 0.595346883862597E-01
 0.585488483426386E-01
 0.575827765698205E-01
 0.566289073159768E-01
 0.556799327612659E-01
 0.547979413222903E-01
 0.539291096776567E-01
 0.530520636847894E-01
 0.522066430465374E-01
 0.514074984335344E-01
 0.505880679905691E-01
 0.498074340521198E-01
 0.489031645767484E-01
 0.478775614116132E-01
 0.467332724702186E-01
 0.454733717051611E-01
 0.441014012666090E-01
 0.426213657888274E-01
 0.410377076332126E-01
 0.393552956446881E-01
 0.393846838346806E-01
 0.399598358714165E-01
 0.405408625860845E-01
 0.410086374988487E-01
 0.415489886771086E-01
 0.419245487237490E-01
 0.424046059081746E-01
 0.427420785065082E-01
 0.431210653679289E-01
 0.434277913303272E-01
 0.437222561655152E-01
 0.440103027145373E-01
 0.442122277978169E-01
 0.444821879640383E-01
 0.446036260457109E-01
 0.448669337156834E-01
 0.449602402074232E-01
 0.448871908099079E-01
 0.446524040870100E-01
 0.442612515995952E-01
 0.437196422336782E-01
 0.431518533552915E-01
 0.426221603628751E-01
 0.419607091172534E-01
 0.412782380743057E-01
 0.406143010731194E-01
 0.399751545174260E-01
 0.393406669507063E-01
 0.387301495966134E-01
 0.381361647072532E-01
 0.375542832415060E-01
 0.369849446661788E-01
 0.364282497071122E-01
 0.358802548311990E-01
 0.353580318781239E-01
 0.348532826069994E-01
 0.343519019589409E-01
 0.338492570199826E-01
 0.333510384864069E-01
 0.328947351214672E-01
 0.324275786354115E-01
 0.319439163163588E-01
 0.315222396030163E-01
 0.310835260016830E-01
 0.306304159565079E-01
 0.302361296452572E-01
 0.297581185723855E-01
 0.291875007629723E-01
 0.285289180763848E-01
 0.277875253103601E-01
 0.269690003008667E-01
 0.260794879939762E-01
 0.251255147165002E-01
 0.241139115817089E-01
 0.243836812397040E-01
 0.260579000151863E-01
 0.278067362228493E-01
 0.296011310845749E-01
 0.313880810470535E-01
 0.331589867334029E-01
 0.349054339425087E-01
 0.367476783477402E-01
 0.385726587165490E-01
 0.403544274540346E-01
 0.420845408254896E-01
 0.438360887457909E-01
 0.456158798639135E-01
 0.473282603360840E-01
 0.489641449095083E-01
 0.506262361063663E-01
 0.522730688908512E-01
 0.538224772681906E-01
 0.552661655770964E-01
 0.567822325162157E-01
 0.582022224096860E-01
 0.594972628067920E-01
 0.607743655101354E-01
 0.620433908428138E-01
 0.631729590278477E-01
 0.642657715437877E-01
 0.653500641932201E-01
 0.662773216671177E-01
 0.671841069228885E-01
 0.680633165750997E-01
 0.687734114653100E-01
 0.695562778404105E-01
 0.702165581726065E-01
 0.707682386458283E-01
 0.713819353551578E-01
 0.718110154048548E-01
 0.722920050075536E-01
 0.726747920336054E-01
 0.729782736292165E-01
 0.733223434956572E-01
 0.734669180154014E-01
 0.737465348872515E-01
 0.738585022134075E-01
 0.739913067071230E-01
 0.740842405279808E-01
 0.740881260659925E-01
 0.741767791164198E-01
 0.740592422568779E-01
 0.737314690198447E-01
 0.731907114637709E-01
 0.724355418834537E-01
 0.714656863726766E-01
 0.702817365440069E-01
 0.692274455664888E-01
 0.680731425369986E-01
 0.667634453073641E-01
 0.654780908356253E-01
 0.642338821888783E-01
 0.630136799291786E-01
 0.618455648923531E-01
 0.607022466264678E-01
 0.595887035175895E-01
 0.585094487938436E-01
 0.574647645208806E-01
 0.564526539575235E-01
 0.554680398412595E-01
 0.545072590634732E-01
 0.535619670049126E-01
 0.526394764416565E-01
 0.517776260774089E-01
 0.509185765961782E-01
 0.519674799846715E-01
 0.543405054289420E-01
 0.565722167420287E-01
 0.586564589127905E-01
 0.608539551149153E-01
 0.629158528513712E-01
 0.648147670910952E-01
 0.667670020391121E-01
 0.686305056794995E-01
 0.703186399326565E-01
 0.720454823762100E-01
 0.736838413927587E-01
 0.751351227793736E-01
 0.766546081083833E-01
 0.780446529944656E-01
 0.792411256023984E-01
 0.805709748828654E-01
 0.816985831428463E-01
 0.827088664753165E-01
 0.837706797751763E-01
 0.846284665068864E-01
 0.855295847244593E-01
 0.863347141127404E-01
 0.869993087654825E-01
 0.877595893534990E-01
 0.883092778939035E-01
 0.889262498996177E-01
 0.894324494519672E-01
 0.898399962540944E-01
 0.903065386808742E-01
 0.905576609130870E-01
 0.909526467253226E-01
 0.911805887242596E-01
 0.914157909953677E-01
 0.916271308477585E-01
 0.916235286654079E-01
 0.914089158765996E-01
 0.909874445722718E-01
 0.903634403392302E-01
 0.895415232658505E-01
 0.885268229823929E-01
 0.873251912815884E-01
 0.860269618065553E-01
 0.848522563163043E-01
 0.835039048668432E-01
 0.820104399995956E-01
 0.805367192783555E-01
 0.791052517277640E-01
 0.777061813746132E-01
 0.763596006605838E-01
 0.750400212924165E-01
 0.737549545133425E-01
 0.725065942371546E-01
 0.712959286174582E-01
 0.701216794928172E-01
 0.689799464034329E-01
 0.678680076613272E-01
 0.667793455525086E-01
 0.657063961257171E-01
 0.646766984462349E-01
 0.636905587966094E-01
 0.627096575992302E-01
 0.617261910302458E-01
 0.608167538687619E-01
 0.599113813606707E-01
 0.589882956601311E-01
 0.581436115235791E-01
 0.571795703014269E-01
 0.561009898220337E-01
 0.549130966073343E-01
 0.536215583461799E-01
 0.522324666826281E-01
 0.507522822457485E-01
 0.491877747756234E-01
 0.475459843905783E-01
 0.458342009173628E-01
 0.440599317810786E-01
 0.422308294597318E-01
 0.403545792256029E-01
 0.384387837156191E-01
 0.364908926416458E-01
 0.345182016557351E-01
 0.325279008183507E-01
 0.305271227450412E-01
 0.285229455427222E-01
 0.265223409878633E-01
 0.245320969697313E-01
 0.225587580675091E-01
 0.206086123236591E-01
 0.186877212168991E-01
 0.168019663384863E-01
 0.149570825621485E-01
 0.133255462686669E-01
 0.118061729664464E-01
 0.108176743991699E-01
 0.107912017068689E-01
 0.107017815149551E-01
 0.105905913868469E-01
 0.104784383648207E-01
 0.103621470342673E-01
 0.102518595777750E-01
 0.101418687818673E-01
 0.100369330786998E-01
 0.993813844144412E-02
 0.108131751396571E-01
 0.117443177215163E-01
 0.127188419806265E-01
 0.137334955946597E-01
 0.147849253204115E-01
 0.158696079613977E-01
 0.169837345201529E-01
 0.181670124298669E-01
 0.193831313654528E-01
 0.206208768293732E-01
 0.218760725051865E-01
 0.231440932182468E-01
 0.244196243047597E-01
 0.257583407018328E-01
 0.271099543629416E-01
 0.284572928239030E-01
 0.297944106709252E-01
 0.311145976964368E-01
 0.324817454284747E-01
 0.338461251239858E-01
 0.351771768246971E-01
 0.364674217197961E-01
 0.377093337281484E-01
 0.390150118153918E-01
 0.402700527076706E-01
 0.414659867071068E-01
 0.426198794118755E-01
 0.438166599823062E-01
 0.449374860978592E-01
 0.459744975010555E-01
 0.470001646412170E-01
 0.480136965866049E-01
 0.489321983496787E-01
 0.498126155421011E-01
 0.507061301328088E-01
 0.514918477607498E-01
 0.522445402792365E-01
 0.529946449265593E-01
 0.536267783094386E-01
 0.542975450170348E-01
 0.548948278353891E-01
 0.553673052031630E-01
 0.559254240453682E-01
 0.563478918180555E-01
 0.567591273768379E-01
 0.571519212763394E-01
 0.574139971021200E-01
 0.577776665193904E-01
 0.579937642125996E-01
 0.582377416721062E-01
 0.584320746518003E-01
 0.585621855123119E-01
 0.587431758721828E-01
 0.587718914460707E-01
 0.589444510836896E-01
 0.589615347848891E-01
 0.588195157969459E-01
 0.585153394856777E-01
 0.580463689394545E-01
 0.574103050956345E-01
 0.566052231117059E-01
 0.557158421219191E-01
 0.549261953446638E-01
 0.539741532618546E-01
 0.529710166342534E-01
 0.519906352939740E-01
 0.510368028444110E-01
 0.501115306308548E-01
 0.492021400229417E-01
 0.483293523761991E-01
 0.474807439663910E-01
 0.466513272225678E-01
 0.458402505346560E-01
 0.450446719025659E-01
 0.442921075204663E-01
 0.435589163728609E-01
 0.428397656344713E-01
 0.421269072011085E-01
 0.414165296274453E-01
 0.407725798830955E-01
 0.414732665442177E-01
 0.430386410086857E-01
 0.446031844867276E-01
 0.461333325618021E-01
 0.475114217089946E-01
 0.489238996705290E-01
 0.502551489515192E-01
 0.514205851784007E-01
 0.527027380866202E-01
 0.538091827488417E-01
 0.548549189720365E-01
 0.559012462386807E-01
 0.567598205142662E-01
 0.577124592614955E-01
 0.585105737495250E-01
 0.592628318809308E-01
 0.600042736988964E-01
 0.605783422998933E-01
 0.612709171608183E-01
 0.617577230409108E-01
 0.623253766589135E-01
 0.627685119904893E-01
 0.631912208983056E-01
 0.635959196541657E-01
 0.638569195743689E-01
 0.642329588042211E-01
 0.643926664284761E-01
 0.647183222261551E-01
 0.648561709287443E-01
 0.650433798092436E-01
 0.651616619486025E-01
 0.650606676361024E-01
 0.647408599259011E-01
 0.642036541898304E-01
 0.634514788280156E-01
 0.624877568840899E-01
 0.617025941350450E-01
 0.607746443579054E-01
 0.597087359584403E-01
 0.586563717629926E-01
 0.576381899263045E-01
 0.566333252713578E-01
 0.556664994567058E-01
 0.547164203007449E-01
 0.537902358643947E-01
 0.528906509195567E-01
 0.520180327167188E-01
 0.511700976033964E-01
 0.503429336727433E-01
 0.495305656210246E-01
 0.487246898494534E-01
 0.479700988936986E-01
 0.472400167192890E-01
 0.465057166668659E-01
 0.457580546168531E-01
 0.450963751732849E-01
 0.444228935169656E-01
 0.437205106532807E-01
 0.431049789996843E-01
 0.424685780176513E-01
 0.427374863870070E-01
 0.438112030702457E-01
 0.447108686207587E-01
 0.455812017859559E-01
 0.464047925656653E-01
 0.470685313970463E-01
 0.478371902498012E-01
 0.484224231474049E-01
 0.490894875655155E-01
 0.496212772947419E-01
 0.501150031517049E-01
 0.505961132410240E-01
 0.509597598690328E-01
 0.514056030175307E-01
 0.516526570278158E-01
 0.520365572338038E-01
 0.522464921785688E-01
 0.525179087134426E-01
 0.527043186835998E-01
 0.528701370690320E-01
 0.530402518941965E-01
 0.531054161542178E-01
 0.532677638169731E-01
 0.532310520585879E-01
 0.529965537429047E-01
 0.525660572075128E-01
 0.519421547688232E-01
 0.511285441199985E-01
 0.504862062916070E-01
 0.496941324726089E-01
 0.487967732651324E-01
 0.479238758926850E-01
 0.470706755255892E-01
 0.462507767693775E-01
 0.454469112076777E-01
 0.446624594381057E-01
 0.439020110458672E-01
 0.431674504448389E-01
 0.424589346041381E-01
 0.417748174736021E-01
 0.411093713863626E-01
 0.404560507497414E-01
 0.398076645852139E-01
 0.391738028843361E-01
 0.385862361565351E-01
 0.379920124730076E-01
 0.373843440801859E-01
 0.368292300696014E-01
 0.362828239752429E-01
 0.357074619310150E-01
 0.351913211677804E-01
 0.346688390896895E-01
 0.341180472808410E-01
 0.334450635492117E-01
 0.326538100143142E-01
 0.317487695873454E-01
 0.307349205089981E-01
 0.296176330374920E-01
 0.284287900615009E-01
 0.287875609153194E-01
 0.289884027351275E-01
 0.293006107311649E-01
 0.294634487028922E-01
 0.297228546585546E-01
 0.298613213982610E-01
 0.300667028757435E-01
 0.301865073530725E-01
 0.303253014465402E-01
 0.304295209296951E-01
 0.304983896732787E-01
 0.305989043097744E-01
 0.305352184898839E-01
 0.303092652314879E-01
 0.299242296540290E-01
 0.295045221528320E-01
 0.291350723842879E-01
 0.286462809839171E-01
 0.281630734490089E-01
 0.276885972018233E-01
 0.272174060449564E-01
 0.267641974661078E-01
 0.263248291591107E-01
 0.258964542563251E-01
 0.254801290654687E-01
 0.250737423435265E-01
 0.246758393068858E-01
 0.242841657174889E-01
 0.238993047081278E-01
 0.235496211491982E-01
 0.232023947892655E-01
 0.228495538700554E-01
 0.224859558667969E-01
 0.221793314713982E-01
 0.218589309152957E-01
 0.216829167236864E-01
 0.221294431398377E-01
 0.224854190012378E-01
 0.228472047189328E-01
 0.231520999995351E-01
 0.234506753578243E-01
 0.237137130986371E-01
 0.239711096409325E-01
 0.241990820209589E-01
 0.244088420207552E-01
 0.245973871341289E-01
 0.247245962644826E-01
 0.248843991921562E-01
 0.249525547855592E-01
 0.250918256839255E-01
 0.250894699709959E-01
 0.252107943415379E-01
 0.251741761999469E-01
 0.252766327077077E-01
 0.252413579584453E-01
 0.250466287986240E-01
 0.246909711730772E-01
 0.242959522902573E-01
 0.239494350263442E-01
 0.235010203883404E-01
 0.230664381765855E-01
 0.226502480097594E-01
 0.230458767986190E-01
 0.246327466924981E-01
 0.263069727882791E-01
 0.279248123190396E-01
 0.294798791500268E-01
 0.310622348489888E-01
 0.326437804097633E-01
 0.341468581517982E-01
 0.355940015104962E-01
 0.371121603686687E-01
 0.385380176528035E-01
 0.398659562489484E-01
 0.412845885833896E-01
 0.425944974848649E-01
 0.437898954032247E-01
 0.450486916410599E-01
 0.462133269892466E-01
 0.472521226552623E-01
 0.483741435008725E-01
 0.493628577542725E-01
 0.502406107454029E-01
 0.511857478033323E-01
 0.519867622190385E-01
 0.527637241749615E-01
 0.535183247849452E-01
 0.541176723962183E-01
 0.547864144159455E-01
 0.553386419020322E-01
 0.558463136297539E-01
 0.563594943712838E-01
 0.567069736951995E-01
 0.571551005972835E-01
 0.574677993323127E-01
 0.577766247197544E-01
 0.580624698059622E-01
 0.582419964413080E-01
 0.585047779293609E-01
 0.585942167353175E-01
 0.588060955104701E-01
 0.588826850007443E-01
 0.589942251633794E-01
 0.590581756011307E-01
 0.589477816353850E-01
 0.586631304596248E-01
 0.582051196842066E-01
 0.575755277896926E-01
 0.567770873902875E-01
 0.558481818121208E-01
 0.550698001068906E-01
 0.541312512947315E-01
 0.531075902663687E-01
 0.521182364591916E-01
 0.511467421956573E-01
 0.502170908618129E-01
 0.493013691163817E-01
 0.484070410653213E-01
 0.475366472295584E-01
 0.466937721958684E-01
 0.458791715225088E-01
 0.450924012617571E-01
 0.443301112390986E-01
 0.435866069333657E-01
 0.428584993269831E-01
 0.421390543707714E-01
 0.414491592476726E-01
 0.407953019497468E-01
 0.401373693022885E-01
 0.394693767783272E-01
 0.388756503082738E-01
 0.382704331267740E-01
 0.376441845807156E-01
 0.370993378643695E-01
 0.364476237090138E-01
 0.356888881357046E-01
 0.348256483264453E-01
 0.338609363472972E-01
 0.327984262470035E-01
 0.316424879533738E-01
 0.303981435202929E-01
 0.308244263015585E-01
 0.312915432460438E-01
 0.317867659359255E-01
 0.321645327894444E-01
 0.326017173762414E-01
 0.329386857838859E-01
 0.332588462811822E-01
 0.335675058426771E-01
 0.338086865328879E-01
 0.340992714439750E-01
 0.342748596658138E-01
 0.345459867856664E-01
 0.346993911220952E-01
 0.348748398425764E-01
 0.350163937752394E-01
 0.351315126619744E-01
 0.352726272572905E-01
 0.352993498017059E-01
 0.352161601416195E-01
 0.350282014953512E-01
 0.347411567089303E-01
 0.343611620436904E-01
 0.338947934639645E-01
 0.334579226778057E-01
 0.329989843057828E-01
 0.324687429950613E-01
 0.319278453269686E-01
 0.314000969029692E-01
 0.308935012734037E-01
 0.303933718751498E-01
 0.299076851084322E-01
 0.294384730084594E-01
 0.289794184321655E-01
 0.285317877118216E-01
 0.280949850238494E-01
 0.276672412782878E-01
 0.272462122675020E-01
 0.268437152872331E-01
 0.264542935186375E-01
 0.260683324115754E-01
 0.256822951280829E-01
 0.253092138960876E-01
 0.249550920426443E-01
 0.257601621467101E-01
 0.270240426135559E-01
 0.283214626141040E-01
 0.296465088826824E-01
 0.309932874681124E-01
 0.323558122674196E-01
 0.337278711147915E-01
 0.351029080217638E-01
 0.365288882329889E-01
 0.379739966539170E-01
 0.394087839874584E-01
 0.408255878141003E-01
 0.422161796747725E-01
 0.435794657355559E-01
 0.449997571993711E-01
 0.463762217949403E-01
 0.477010994275978E-01
 0.489664861083100E-01
 0.502401273992501E-01
 0.515159629920473E-01
 0.527168102812009E-01
 0.538337542382935E-01
 0.549855309649722E-01
 0.560825063415313E-01
 0.570764145232903E-01
 0.580039774734682E-01
 0.589719930740751E-01
 0.598239061318021E-01
 0.605928267677238E-01
 0.614020165113103E-01
 0.620779973254439E-01
 0.626939303341844E-01
 0.633388850686379E-01
 0.638408427996169E-01
 0.643880928468198E-01
 0.648466633484554E-01
 0.651798616928835E-01
 0.655963542168755E-01
 0.658535215831721E-01
 0.661423996512542E-01
 0.663683111635302E-01
 0.665103592041589E-01
 0.667134725917715E-01
 0.667461630785153E-01
 0.669078635309687E-01
 0.669197868009147E-01
 0.669562392170285E-01
 0.669619124450332E-01
 0.667870407623396E-01
 0.664266815463724E-01
 0.658767032983184E-01
 0.651336303771138E-01
 0.641944659166265E-01
 0.630776043330149E-01
 0.621635706552302E-01
 0.610551702748167E-01
 0.598689827510490E-01
 0.587195517147444E-01
 0.575904795801770E-01
 0.565075457271618E-01
 0.554414882852214E-01
 0.543989555930665E-01
 0.533954155486983E-01
 0.524160817082038E-01
 0.514588669243613E-01
 0.505434498425796E-01
 0.496549598859992E-01
 0.498286019769534E-01
 0.526543020684656E-01
 0.556531082700640E-01
 0.585495200661083E-01
 0.613257858932683E-01
 0.640794229379853E-01
 0.668911776710200E-01
 0.695603921413529E-01
 0.720795074333243E-01
 0.747093105986325E-01
 0.772261062821603E-01
 0.795733644367970E-01
 0.819003517233501E-01
 0.842154585672042E-01
 0.863409374769942E-01
 0.883413201243123E-01
 0.904170226632635E-01
 0.922874735985666E-01
 0.939987056327970E-01
 0.958103766957473E-01
 0.974042254461185E-01
 0.988829454038398E-01
 0.100417099857181E+00
 0.101721206342853E+00
 0.102994657077667E+00
 0.104229981375697E+00
 0.105225098387553E+00
 0.106323279656879E+00
 0.107248732680874E+00
 0.108046146114460E+00
 0.108914891299530E+00
 0.109531759371842E+00
 0.110233796819778E+00
 0.110797575845900E+00
 0.111270203669911E+00
 0.111797243200524E+00
 0.112067051190126E+00
 0.112520456132909E+00
 0.112758470994590E+00
 0.113003481138068E+00
 0.113220688972631E+00
 0.113179051180995E+00
 0.112879795910110E+00
 0.112324692303695E+00
 0.111516059670801E+00
 0.110456848559707E+00
 0.109150787373011E+00
 0.107602562120088E+00
 0.105981631077003E+00
 0.104468819832360E+00
 0.102729859447161E+00
 0.100862921684498E+00
 0.990455539943647E-01
 0.972715785202556E-01
 0.955671554602528E-01
 0.938869893911213E-01
 0.922411388592865E-01
 0.906474864505986E-01
 0.890969887706174E-01
 0.875803455570151E-01
 0.861111096349343E-01
 0.846945312874806E-01
 0.833144834282123E-01
 0.819646482751363E-01
 0.806345833335563E-01
 0.793148693440616E-01
 0.780911195889111E-01
 0.768796932622836E-01
 0.756618333865498E-01
 0.744924007508862E-01
 0.733792370357508E-01
 0.722442251467304E-01
 0.711611703608772E-01
 0.699223823174000E-01
 0.685321316569839E-01
 0.669952143619639E-01
 0.653169784397692E-01
 0.635033319813289E-01
 0.615607369393191E-01
 0.594961868475482E-01
 0.573171621832038E-01
 0.550315613732177E-01
 0.526476168144610E-01
 0.501738140898666E-01
 0.476188299435158E-01
 0.449914909093288E-01
 0.423007399294977E-01
 0.395555946213109E-01
 0.398686147335599E-01
 0.403567460695783E-01
 0.407111646277556E-01
 0.411088427977751E-01
 0.414332278835634E-01
 0.417561278454246E-01
 0.420585058689973E-01
 0.422840535976259E-01
 0.425602517964124E-01
 0.426836797835442E-01
 0.429545013168552E-01
 0.430673429882214E-01
 0.430288374724426E-01
 0.428458078289908E-01
 0.425251875179726E-01
 0.420740482767674E-01
 0.415494235209533E-01
 0.411052901954525E-01
 0.405423138661768E-01
 0.399159693631987E-01
 0.392961431666917E-01
 0.386918118626117E-01
 0.381009877782547E-01
 0.375254639909114E-01
 0.369601099818260E-01
 0.364097205178619E-01
 0.358767648048455E-01
 0.353585063332071E-01
 0.348520750875719E-01
 0.343563305889118E-01
 0.338674114268251E-01
 0.333814747507999E-01
 0.329167008457927E-01
 0.324752185942081E-01
 0.320323051866608E-01
 0.315799748691314E-01
 0.311720452810613E-01
 0.307572108661549E-01
 0.303195646215186E-01
 0.299319456144196E-01
 0.295244827871248E-01
 0.291110422405535E-01
 0.286186624623661E-01
 0.280541631652871E-01
 0.274243845434853E-01
 0.267359732810659E-01
 0.259952890102481E-01
 0.252084474009362E-01
 0.260202730644379E-01
 0.271273934196547E-01
 0.282556832057650E-01
 0.294156863344490E-01
 0.305508287566064E-01
 0.316523075899863E-01
 0.327117699217555E-01
 0.338291030635116E-01
 0.348999032602785E-01
 0.359152768406634E-01
 0.368684625943462E-01
 0.378871002305051E-01
 0.388376333619177E-01
 0.397121309060827E-01
 0.405672285330665E-01
 0.414240915948920E-01
 0.421934366211004E-01
 0.429131997880219E-01
 0.436589089089113E-01
 0.443059990967061E-01
 0.449144198796428E-01
 0.455328753193584E-01
 0.460429366778934E-01
 0.465598687001265E-01
 0.470362037413340E-01
 0.473940684014499E-01
 0.478359764266781E-01
 0.481614996414845E-01
 0.484711002447095E-01
 0.487679028645269E-01
 0.489561887268024E-01
 0.492308010209677E-01
 0.493745144807165E-01
 0.495609240249080E-01
 0.496846484449403E-01
 0.497714867630583E-01
 0.498785106009411E-01
 0.498481497774963E-01
 0.499422749523841E-01
 0.499003954429108E-01
 0.497201347780311E-01
 0.493992079173189E-01
 0.489353496694448E-01
 0.483263896885629E-01
 0.475704570998078E-01
 0.468206793756709E-01
 0.460759269000999E-01
 0.451971198789639E-01
 0.443142381190935E-01
 0.434587573934740E-01
 0.426287757758567E-01
 0.418208961460389E-01
 0.410429758871178E-01
 0.402849621184904E-01
 0.395493267408765E-01
 0.388363593253648E-01
 0.381442431258979E-01
 0.374703350355854E-01
 0.368106161356911E-01
 0.361603293918484E-01
 0.355562136737016E-01
 0.349647856530476E-01
 0.343760405702835E-01
 0.337839812155317E-01
 0.332506600052945E-01
 0.330174517785196E-01
 0.341776229844157E-01
 0.352155158453898E-01
 0.363265611999637E-01
 0.373238245038024E-01
 0.382690880995674E-01
 0.392179428780108E-01
 0.400270915729956E-01
 0.408776788266250E-01
 0.416373175011616E-01
 0.423586334729075E-01
 0.430706770239500E-01
 0.436312102481524E-01
 0.442852492377334E-01
 0.447867126277737E-01
 0.453033537731906E-01
 0.457623324529415E-01
 0.461581540559121E-01
 0.465826750182773E-01
 0.468654029254475E-01
 0.472664302845786E-01
 0.475036787817140E-01
 0.478284101033743E-01
 0.480444823593824E-01
 0.482520799959658E-01
 0.484490942955380E-01
 0.485706851435249E-01
 0.487632814657254E-01
 0.487901095520281E-01
 0.486522492650174E-01
 0.483515045851709E-01
 0.478904495085049E-01
 0.472724686040615E-01
 0.466458337731637E-01
 0.460399079664407E-01
 0.452927539772789E-01
 0.445107780936896E-01
 0.437474487363209E-01
 0.430078691588506E-01
 0.422805554418847E-01
 0.415645890178462E-01
 0.408838771488835E-01
 0.402184588420393E-01
 0.395673177801369E-01
 0.389289503697079E-01
 0.383008131872692E-01
 0.377070209359086E-01
 0.371249338101991E-01
 0.365508927911894E-01
 0.359800556662463E-01
 0.354169688945470E-01
 0.349041091985362E-01
 0.343857089176672E-01
 0.338539528219603E-01
 0.333776774357216E-01
 0.328981410377466E-01
 0.323946467798124E-01
 0.319618622606907E-01
 0.314275722033284E-01
 0.307949779908269E-01
 0.300676741385157E-01
 0.292495785816674E-01
 0.283448596794586E-01
 0.273578988981832E-01
 0.262933203013578E-01
 0.251560820193625E-01
 0.239515830442993E-01
 0.226857206460900E-01
 0.213648539147290E-01
 0.199956754847009E-01
 0.185850371419771E-01
 0.171397908545581E-01
 0.168612856456744E-01
 0.169629832269177E-01
 0.169533205500227E-01
 0.167972321844858E-01
 0.165169798035045E-01
 0.163587849296355E-01
 0.160908602430863E-01
 0.160443926657387E-01
 0.171374198248638E-01
 0.182610120514013E-01
 0.193221730325730E-01
 0.203471745196779E-01
 0.214142904565926E-01
 0.224028069661927E-01
 0.233397670952410E-01
 0.243122058341376E-01
 0.251916036081409E-01
 0.260324642580043E-01
 0.268795844371283E-01
 0.276194879781752E-01
 0.283920569904855E-01
 0.290991816194245E-01
 0.297312321690336E-01
 0.303920358850448E-01
 0.309243711298290E-01
 0.314975903200593E-01
 0.319835420910946E-01
 0.324429123260369E-01
 0.328825610954043E-01
 0.332194444025914E-01
 0.336138778681345E-01
 0.338641389387779E-01
 0.342210006099343E-01
 0.344243814150376E-01
 0.346708008284809E-01
 0.348371066650639E-01
 0.350106636735281E-01
 0.351568807121708E-01
 0.352807761416537E-01
 0.354124454903308E-01
 0.354470004784745E-01
 0.355610057145662E-01
 0.355123631428115E-01
 0.356209965080640E-01
 0.355689699086830E-01
 0.353522773117053E-01
 0.349682124757670E-01
 0.344150422327229E-01
 0.338941357272223E-01
 0.333609958001093E-01
 0.327412081968964E-01
 0.321395274669187E-01
 0.315474216044669E-01
 0.309703789744312E-01
 0.304061287431275E-01
 0.298503627132960E-01
 0.293069774479952E-01
 0.287797217540551E-01
 0.297396398025347E-01
 0.313963349538776E-01
 0.330265229938335E-01
 0.345548050675895E-01
 0.361080920783150E-01
 0.376222566617286E-01
 0.390119668102606E-01
 0.403842631207972E-01
 0.417365154201115E-01
 0.429513845092960E-01
 0.441950047610432E-01
 0.453670800092521E-01
 0.464033864371398E-01
 0.475300562385000E-01
 0.484936151185128E-01
 0.494180252341917E-01
 0.503249895090189E-01
 0.510569111858726E-01
 0.519016086678599E-01
 0.525683216338460E-01
 0.532243861346580E-01
 0.538395911652698E-01
 0.543507148056858E-01
 0.549202786616258E-01
 0.552923472634348E-01
 0.557918903097321E-01
 0.561167265319023E-01
 0.564804859227981E-01
 0.567686754615784E-01
 0.569962475493370E-01
 0.572566833732753E-01
 0.573647767716469E-01
 0.576088655209229E-01
 0.576438117805170E-01
 0.578369076337548E-01
 0.578607609220003E-01
 0.576728048881570E-01
 0.572720824192509E-01
 0.566587025408508E-01
 0.558336855246942E-01
 0.550521478346644E-01
 0.542501504533067E-01
 0.532851485525582E-01
 0.523310783292633E-01
 0.513956777232787E-01
 0.504769295214429E-01
 0.495992356224757E-01
 0.487435105470542E-01
 0.479079368328655E-01
 0.470959403104423E-01
 0.463055631535642E-01
 0.455337146228071E-01
 0.447769171838480E-01
 0.440300619029455E-01
 0.433139920829986E-01
 0.426410989925737E-01
 0.430341214716993E-01
 0.449493270493952E-01
 0.467283849471891E-01
 0.483649616801485E-01
 0.501190713928672E-01
 0.517196617312580E-01
 0.531763046996052E-01
 0.547301117137391E-01
 0.561150394453127E-01
 0.574073497291653E-01
 0.587350613983219E-01
 0.598790332812642E-01
 0.610036411452959E-01
 0.620792829048032E-01
 0.629616765554018E-01
 0.639752702547916E-01
 0.647925252798075E-01
 0.655899661071421E-01
 0.663442328097146E-01
 0.669307395491083E-01
 0.676341931995772E-01
 0.681284561957470E-01
 0.687030508534852E-01
 0.691506954400201E-01
 0.695551399200066E-01
 0.699603665654873E-01
 0.701936106880565E-01
 0.705670348283354E-01
 0.707197789116296E-01
 0.709935600961197E-01
 0.711246014651468E-01
 0.712727539172115E-01
 0.713921894308870E-01
 0.712893397157044E-01
 0.709658013027342E-01
 0.704239473669488E-01
 0.696667824846616E-01
 0.686978426679713E-01
 0.676568886451640E-01
 0.667049789130444E-01
 0.655529987272062E-01
 0.643498877093280E-01
 0.631809041265412E-01
 0.620496576052001E-01
 0.609495695846110E-01
 0.598681208845383E-01
 0.588362451524874E-01
 0.578273134280894E-01
 0.568382814784438E-01
 0.558687231406574E-01
 0.549160666175632E-01
 0.540160380661848E-01
 0.531414207811554E-01
 0.522824503635215E-01
 0.514324107834215E-01
 0.505887935658300E-01
 0.498233903520533E-01
 0.490514470307028E-01
 0.482610411392544E-01
 0.475372996240026E-01
 0.468202721154246E-01
 0.460709002649505E-01
 0.454086479545819E-01
 0.446075607125124E-01
 0.436709530960255E-01
 0.426026062403932E-01
 0.427527312239039E-01
 0.436233067066952E-01
 0.445358589809451E-01
 0.453620465336392E-01
 0.460978800186065E-01
 0.468789685200466E-01
 0.475151692218474E-01
 0.481567683159885E-01
 0.487507489463068E-01
 0.492320778167084E-01
 0.497830448280473E-01
 0.501890327665568E-01
 0.506241044465143E-01
 0.510009729976572E-01
 0.513154054624919E-01
 0.516583801319653E-01
 0.518602779242302E-01
 0.521630872952948E-01
 0.523439736319785E-01
 0.525611920009837E-01
 0.527285560304056E-01
 0.528451751680549E-01
 0.529970388945490E-01
 0.530111147180226E-01
 0.528929018294569E-01
 0.526480249791196E-01
 0.522821123437468E-01
 0.518007809220870E-01
 0.512097443939311E-01
 0.505150197555895E-01
 0.497932155072242E-01
 0.491144253489549E-01
 0.483412133196121E-01
 0.474881031800745E-01
 0.466430641922844E-01
 0.458244851245733E-01
 0.450238189983942E-01
 0.442542652346579E-01
 0.435031531608573E-01
 0.427744156155087E-01
 0.420690041774620E-01
 0.413893090154098E-01
 0.407315933818877E-01
 0.400920178270634E-01
 0.394678940651078E-01
 0.388553224249394E-01
 0.382489113388692E-01
 0.376537950643723E-01
 0.370914360254329E-01
 0.365302049225689E-01
 0.359637977493374E-01
 0.354325644455035E-01
 0.349072972043598E-01
 0.343709486618030E-01
 0.338766100741417E-01
 0.333183107128538E-01
 0.327010269014574E-01
 0.320299034582487E-01
 0.313102999597860E-01
 0.305477588442545E-01
 0.297479255658883E-01
 0.289164858588737E-01
 0.280591641568930E-01
 0.271817706859356E-01
 0.262902408816873E-01
 0.265013663237665E-01
 0.269097051544896E-01
 0.272820376709286E-01
 0.276857526891102E-01
 0.280404573347839E-01
 0.283428955692445E-01
 0.286873719087343E-01
 0.289714814095541E-01
 0.292089659231757E-01
 0.294723839879531E-01
 0.296636798115605E-01
 0.298393868774562E-01
 0.300126366920884E-01
 0.301032689705146E-01
 0.302401528009041E-01
 0.303100336557264E-01
 0.303925849267067E-01
 0.304565898539392E-01
 0.304916244597187E-01
 0.305441709152200E-01
 0.305009346936134E-01
 0.305369607205636E-01
 0.304817594427418E-01
 0.304628396660866E-01
 0.304077116891282E-01
 0.302508250061620E-01
 0.299857679345119E-01
 0.296067745401862E-01
 0.291088200220738E-01
 0.285907043057109E-01
 0.281109990423669E-01
 0.275322332908669E-01
 0.269579172713936E-01
 0.263993633968256E-01
 0.258514483479397E-01
 0.271857756889888E-01
 0.294489793681756E-01
 0.316945518061023E-01
 0.339333617798690E-01
 0.363189981857841E-01
 0.386695264125828E-01
 0.409764399095163E-01
 0.432511357623287E-01
 0.456483268204990E-01
 0.479822423843159E-01
 0.502443985906427E-01
 0.524330187364557E-01
 0.547389476615837E-01
 0.569546403254304E-01
 0.590729714012323E-01
 0.611449208219219E-01
 0.632876160999545E-01
 0.653139416259198E-01
 0.672155202972320E-01
 0.691421656267418E-01
 0.710230437961066E-01
 0.727612792343545E-01
 0.743996620799065E-01
 0.761056915981398E-01
 0.776545642190606E-01
 0.790440696501676E-01
 0.805510557264996E-01
 0.818871282521594E-01
 0.830687764336109E-01
 0.843602426221392E-01
 0.854684857708383E-01
 0.864694977964550E-01
 0.875188503382255E-01
 0.883743311699738E-01
 0.892215314036014E-01
 0.900294237358785E-01
 0.906423354851864E-01
 0.914049486451311E-01
 0.919622070407232E-01
 0.924857047804883E-01
 0.929974217293878E-01
 0.932970414471758E-01
 0.937716712008381E-01
 0.940354777305625E-01
 0.943357100737635E-01
 0.945771995765257E-01
 0.946915671773682E-01
 0.949148495386204E-01
 0.949174519681781E-01
 0.946987489844076E-01
 0.942587177132726E-01
 0.935979195635690E-01
 0.927175532100578E-01
 0.916195403131579E-01
 0.903065957848380E-01
 0.889103652715115E-01
 0.876296562165100E-01
 0.861460480327083E-01
 0.845607459837862E-01
 0.830173208158573E-01
 0.814992030031196E-01
 0.800429935666931E-01
 0.786082741218082E-01
 0.772047998112155E-01
 0.758496212089215E-01
 0.745348608029445E-01
 0.732511323973430E-01
 0.720078029090551E-01
 0.708096014873207E-01
 0.696417516549123E-01
 0.684968782163805E-01
 0.673662569731643E-01
 0.662416564357585E-01
 0.652072306793705E-01
 0.641764361288562E-01
 0.631402516485032E-01
 0.621528288870510E-01
 0.612079849603590E-01
 0.602421339736458E-01
 0.593281534959960E-01
 0.582736011131038E-01
 0.570815703668222E-01
 0.557556365655389E-01
 0.542997771578643E-01
 0.527183015903696E-01
 0.510158115245881E-01
 0.491972158829508E-01
 0.472678070180124E-01
 0.452333694014950E-01
 0.437443048625043E-01
 0.444248211981771E-01
 0.450543262462698E-01
 0.455938229488333E-01
 0.461743070483758E-01
 0.466025381476213E-01
 0.471394831289509E-01
 0.474935756627036E-01
 0.479209405883542E-01
 0.482368470459370E-01
 0.485740476723073E-01
 0.488707587393183E-01
 0.491332180586594E-01
 0.494111481664655E-01
 0.495502983380241E-01
 0.498167763018524E-01
 0.498998593973191E-01
 0.498041087504231E-01
 0.495347199130833E-01
 0.490974607379459E-01
 0.484986260353076E-01
 0.478929918907508E-01
 0.473037874906879E-01
 0.465681154120979E-01
 0.458101856289623E-01
 0.450749735226892E-01
 0.443666633879011E-01
 0.436651288731125E-01
 0.429911159212760E-01
 0.423377153267957E-01
 0.416981950743998E-01
 0.410717362111787E-01
 0.404553804480425E-01
 0.398459744391015E-01
 0.392680235616055E-01
 0.387066498280915E-01
 0.381498086439494E-01
 0.375915134489408E-01
 0.370418059420522E-01
 0.365362751583294E-01
 0.360193100979495E-01
 0.354830050466664E-01
 0.350138006483500E-01
 0.345253174455017E-01
 0.340197540365986E-01
 0.335760694759335E-01
 0.330416234917089E-01
 0.324072622664281E-01
 0.316787540076792E-01
 0.308622047175755E-01
 0.299640213062161E-01
 0.289908573395209E-01
 0.279495430045971E-01
 0.268470203832794E-01
 0.256903095870356E-01
 0.244865169761651E-01
 0.244307434484012E-01
 0.260666658034713E-01
 0.277371406216438E-01
 0.293980626412187E-01
 0.310415730865335E-01
 0.326712235203929E-01
 0.343951651525779E-01
 0.360857756804177E-01
 0.377338176959477E-01
 0.393295824712042E-01
 0.409892164001518E-01
 0.426112195127251E-01
 0.441628247751199E-01
 0.456353589674475E-01
 0.471940693539268E-01
 0.486710644968122E-01
 0.500494146705135E-01
 0.513877479276504E-01
 0.527418199520342E-01
 0.539813772038163E-01
 0.551001331284474E-01
 0.563094844916410E-01
 0.573914431994864E-01
 0.583480947961600E-01
 0.593888434595305E-01
 0.602866523482471E-01
 0.610975593496565E-01
 0.619538043456016E-01
 0.626544872628207E-01
 0.633395997139705E-01
 0.639879484846873E-01
 0.644782981538786E-01
 0.650876041464293E-01
 0.655281526223510E-01
 0.659553898123497E-01
 0.663486246302024E-01
 0.665855077870718E-01
 0.669390601534612E-01
 0.671127575593695E-01
 0.673562706455199E-01
 0.675004456741734E-01
 0.675979722400341E-01
 0.677202585017357E-01
 0.676977409563930E-01
 0.678138352593893E-01
 0.677396774846813E-01
 0.674726612870711E-01
 0.670111338796674E-01
 0.663542982483271E-01
 0.655020641647701E-01
 0.644548950449623E-01
 0.634308832774411E-01
 0.624097117465791E-01
 0.612214919752146E-01
 0.600480462700754E-01
 0.589120830365441E-01
 0.578030969107903E-01
 0.567341765730515E-01
 0.556968524958858E-01
 0.546833624680780E-01
 0.536965201698345E-01
 0.527367684152091E-01
 0.518029886910971E-01
 0.508918031292045E-01
 0.499985218484750E-01
 0.491165394185623E-01
 0.482916292879215E-01
 0.474900905120239E-01
 0.466924004256740E-01
 0.458895103323892E-01
 0.451624868685330E-01
 0.466321285484448E-01
 0.483621221751068E-01
 0.501679136649225E-01
 0.518308675626250E-01
 0.533815818179214E-01
 0.550104050363067E-01
 0.564850951533750E-01
 0.578591800771131E-01
 0.592957590700502E-01
 0.605696206278475E-01
 0.617826611345247E-01
 0.630009533042815E-01
 0.640484299740576E-01
 0.650987911477994E-01
 0.660908187860112E-01
 0.669084976286612E-01
 0.678500393020141E-01
 0.686148881114061E-01
 0.693526066399972E-01
 0.700687620513047E-01
 0.706036738166740E-01
 0.712704018463492E-01
 0.717583291118709E-01
 0.722591459830540E-01
 0.727114187708989E-01
 0.730395864590058E-01
 0.734632696141850E-01
 0.737020950817941E-01
 0.740369327749714E-01
 0.742500261359373E-01
 0.744174370034255E-01
 0.746164356956946E-01
 0.746335994026831E-01
 0.744721452275973E-01
 0.741354472283172E-01
 0.736271560008192E-01
 0.729514109346761E-01
 0.721130677594188E-01
 0.711178568899306E-01
 0.701217909174326E-01
 0.691444120507443E-01
 0.680218835452818E-01
 0.668057490353457E-01
 0.656151666672529E-01
 0.644604221228541E-01
 0.633473085435953E-01
 0.622583748027281E-01
 0.611947551327172E-01
 0.601676298682546E-01
 0.591692763941114E-01
 0.581941700852756E-01
 0.572470579390094E-01
 0.563353236939681E-01
 0.554481920692172E-01
 0.545796616672462E-01
 0.537231054896187E-01
 0.528714192214137E-01
 0.520781867465941E-01
 0.512914294618110E-01
 0.505008100565719E-01
 0.497384075992938E-01
 0.490132696901865E-01
 0.482735468852971E-01
 0.475654971745659E-01
 0.467588812318544E-01
 0.458586851878279E-01
 0.448700367713524E-01
 0.437982909559078E-01
 0.426491078192451E-01
 0.414284568550867E-01
 0.401425401615136E-01
 0.387976842474295E-01
 0.374002634095607E-01
 0.359566832012781E-01
 0.344734057609011E-01
 0.329569796192094E-01
 0.314140541170547E-01
 0.298513860481968E-01
 0.282758499064776E-01
 0.266944370027097E-01
 0.251142016453835E-01
 0.235421212777448E-01
 0.219848889786350E-01
 0.204487159426750E-01
 0.189392375809328E-01
 0.174615673482129E-01
 0.160204567502588E-01
 0.146204594242518E-01
 0.132660060872678E-01
 0.119613665689734E-01
 0.107105501673819E-01
 0.951722077617442E-02
 0.848735649572889E-02
 0.829735612103282E-02
 0.833233344839532E-02
 0.831152222416370E-02
 0.834264105793874E-02
 0.830819237428377E-02
 0.832586924168316E-02
 0.826338064565649E-02
 0.825285860793010E-02
 0.817030014366613E-02
 0.815194135726964E-02
 0.881230206626319E-02
 0.100074991918195E-01
 0.112265148587642E-01
 0.125521351267098E-01
 0.139229310771111E-01
 0.153110000316142E-01
 0.167108739257245E-01
 0.182258842023151E-01
 0.197505328634888E-01
 0.212743940524110E-01
 0.227912128396909E-01
 0.243810889592593E-01
 0.259899319721745E-01
 0.275785730939695E-01
 0.291407616421185E-01
 0.307394383098878E-01
 0.323646989818777E-01
 0.339464611462169E-01
 0.354778335789838E-01
 0.370113866951634E-01
 0.385799066821564E-01
 0.400836477282677E-01
 0.415147556921491E-01
 0.429887479106211E-01
 0.444254386103506E-01
 0.457722644331775E-01
 0.470619727497646E-01
 0.483896000753700E-01
 0.496096775143534E-01
 0.507159710182850E-01
 0.519098431147077E-01
 0.529879771486220E-01
 0.539500285414350E-01
 0.549938349585579E-01
 0.559018522030408E-01
 0.567308495933377E-01
 0.575904723838947E-01
 0.583001141605985E-01
 0.590149344021127E-01
 0.596849027398462E-01
 0.601983870475986E-01
 0.608214980424393E-01
 0.612781346729814E-01
 0.617053135984597E-01
 0.621231404861026E-01
 0.624122069020611E-01
 0.628115556247124E-01
 0.630366625385102E-01
 0.633437433389647E-01
 0.635374922664318E-01
 0.636984734258442E-01
 0.638801486953666E-01
 0.639511220402706E-01
 0.641265570594130E-01
 0.641174115967402E-01
 0.639201927556143E-01
 0.635326135653381E-01
 0.629533443091783E-01
 0.621817163112349E-01
 0.612174798407961E-01
 0.603809271684935E-01
 0.594382460258396E-01
 0.583655964151529E-01
 0.573070525227336E-01
 0.562745273729638E-01
 0.552532548997171E-01
 0.542752242682801E-01
 0.533137234316607E-01
 0.523757888256065E-01
 0.514640855713266E-01
 0.505800690207627E-01
 0.497213256729882E-01
 0.488860938174558E-01
 0.480685949447570E-01
 0.472616246472885E-01
 0.464984856714612E-01
 0.457634004434675E-01
 0.450277706167425E-01
 0.453128570729084E-01
 0.471187273301913E-01
 0.487833156951270E-01
 0.505635231214469E-01
 0.521810325334338E-01
 0.536523916052352E-01
 0.552121879805928E-01
 0.565961264628811E-01
 0.579168628676692E-01
 0.592461097207752E-01
 0.603837414562581E-01
 0.615606771340534E-01
 0.626270268428823E-01
 0.635664953588466E-01
 0.645737093503683E-01
 0.653716729549204E-01
 0.662378124293623E-01
 0.669704304834603E-01
 0.676404339767192E-01
 0.683178053431774E-01
 0.687956893079618E-01
 0.694248142980668E-01
 0.698287520545233E-01
 0.703107574711918E-01
 0.706645410175989E-01
 0.709959028754067E-01
 0.713209448738964E-01
 0.715037116863299E-01
 0.718007272531684E-01
 0.718667546228162E-01
 0.721466582988714E-01
 0.722074438160736E-01
 0.720347109162053E-01
 0.716289316959452E-01
 0.709912241919074E-01
 0.701234136896682E-01
 0.690281377114902E-01
 0.681549287223019E-01
 0.670850006889751E-01
 0.658902385585887E-01
 0.647238300170634E-01
 0.635874427069474E-01
 0.624829722825746E-01
 0.614064916414519E-01
 0.603523996179171E-01
 0.593244677690636E-01
 0.583246680262076E-01
 0.573520039240798E-01
 0.564060530699118E-01
 0.554825116070775E-01
 0.545774521644264E-01
 0.536845753417386E-01
 0.528111794645664E-01
 0.520034277341539E-01
 0.511944919198742E-01
 0.503748415875408E-01
 0.496058885460616E-01
 0.488679217796907E-01
 0.481052083925276E-01
 0.473921836654320E-01
 0.467058119582404E-01
 0.470447815907582E-01
 0.481216951985691E-01
 0.492770660573043E-01
 0.502598456502521E-01
 0.512476444985784E-01
 0.521691374960905E-01
 0.529291107013608E-01
 0.537879533507764E-01
 0.544628656621146E-01
 0.551788263695693E-01
 0.557994427334304E-01
 0.563634739911387E-01
 0.569344941807312E-01
 0.573442074210612E-01
 0.578686900766768E-01
 0.581982310833134E-01
 0.585924086671460E-01
 0.588772344224846E-01
 0.591495783546513E-01
 0.594137495325300E-01
 0.595821303019761E-01
 0.598296059439946E-01
 0.598763572709522E-01
 0.601061986251768E-01
 0.601417604025624E-01
 0.599788301145330E-01
 0.596214262319316E-01
 0.590746040736687E-01
 0.583443348781185E-01
 0.574373019513303E-01
 0.567060181740093E-01
 0.558223217340475E-01
 0.548230111895740E-01
 0.538409609089169E-01
 0.528941204592228E-01
 0.519711376702576E-01
 0.510847593158872E-01
 0.502162304480369E-01
 0.493694133749401E-01
 0.485473048757916E-01
 0.477512963235416E-01
 0.469795467479578E-01
 0.462274571027625E-01
 0.454888071355406E-01
 0.447567159838535E-01
 0.440488774114140E-01
 0.433802708818585E-01
 0.427104774587487E-01
 0.420289210156957E-01
 0.414005939987528E-01
 0.407810023508022E-01
 0.401400902669496E-01
 0.395553285337494E-01
 0.389716767865147E-01
 0.383561753062817E-01
 0.376247009027714E-01
 0.367818452175664E-01
 0.358327824548489E-01
 0.347831574778992E-01
 0.336389806365224E-01
 0.324065564415423E-01
 0.310924337281121E-01
 0.297033571283583E-01
 0.282462236699812E-01
 0.267280707865792E-01
 0.251561114211874E-01
 0.235377914184104E-01
 0.218808108749065E-01
 0.201930607545984E-01
 0.184824791074555E-01
 0.180267420453618E-01
 0.181556226480686E-01
 0.182217216881636E-01
 0.181533786222709E-01
 0.179529328003103E-01
 0.177217163198750E-01
 0.175221122965693E-01
 0.172444095313447E-01
 0.169674183309067E-01
 0.167067782016950E-01
 0.164458743042069E-01
 0.161992021271162E-01
 0.159562813849662E-01
 0.157187801677507E-01
 0.154882100348612E-01
 0.152653575585069E-01
 0.150480499867088E-01
 0.148339402516508E-01
 0.146173017700732E-01
 0.144213188225893E-01
 0.142339589943903E-01
 0.140387814323582E-01
 0.138295749619168E-01
 0.136597525136135E-01
 0.134834168073059E-01
 0.132858166358993E-01
 0.131343586400685E-01
 0.132516133691647E-01
 0.133699730021022E-01
 0.134460754350714E-01
 0.135356874761182E-01
 0.135830189087400E-01
 0.136514734064680E-01
 0.136633655209749E-01
 0.137205280594055E-01
 0.136803000051974E-01
 0.137226941292050E-01
 0.136490344444765E-01
 0.136966506971703E-01
 0.148582740958554E-01
 0.163255474019637E-01
 0.177878821438958E-01
 0.193609906865075E-01
 0.209451041725358E-01
 0.225131699907603E-01
 0.240810833671497E-01
 0.257434920420164E-01
 0.273723038046368E-01
 0.289608730861496E-01
 0.305189261756636E-01
 0.321606546428782E-01
 0.337459469839730E-01
 0.352687807423842E-01
 0.367739852058298E-01
 0.383240607986588E-01
 0.397971679408530E-01
 0.411876075956490E-01
 0.426204162232475E-01
 0.440073278118552E-01
 0.452965123064447E-01
 0.465605337518011E-01
 0.478365877774450E-01
 0.489999613031980E-01
 0.501018381647219E-01
 0.512365155924116E-01
 0.522457496490874E-01
 0.531783303923931E-01
 0.541451302651325E-01
 0.549769256694130E-01
 0.557840481564145E-01
 0.565813597661140E-01
 0.572325064478052E-01
 0.579332263699423E-01
 0.585420452802804E-01
 0.590508800799491E-01
 0.596161522590885E-01
 0.600246773959738E-01
 0.604766291211665E-01
 0.608560397214373E-01
 0.611651805288560E-01
 0.615093545956402E-01
 0.616896206155936E-01
 0.619811072806258E-01
 0.621393101350639E-01
 0.623173709543409E-01
 0.624591143512475E-01
 0.625020549075511E-01
 0.626335262735868E-01
 0.625941055457643E-01
 0.623836438494785E-01
 0.620030885110470E-01
 0.614542201339046E-01
 0.607393155992055E-01
 0.598608461412246E-01
 0.589411548208945E-01
 0.580799260053280E-01
 0.570594452017794E-01
 0.559662524016397E-01
 0.549071334554271E-01
 0.538733285051704E-01
 0.528782999622636E-01
 0.519005149484335E-01
 0.509549012579440E-01
 0.500505110855574E-01
 0.491710610504263E-01
 0.483137809382463E-01
 0.474792922748585E-01
 0.466835078272274E-01
 0.459075686790607E-01
 0.451473350906759E-01
 0.443961033740705E-01
 0.436453569148615E-01
 0.429612297755110E-01
 0.422770056344765E-01
 0.415838747638548E-01
 0.409306820183801E-01
 0.403013224963665E-01
 0.396495309205899E-01
 0.390479693304362E-01
 0.383375683171676E-01
 0.375204165699515E-01
 0.365991855380612E-01
 0.355771289347106E-01
 0.344580084765823E-01
 0.332459825672920E-01
 0.319455071023518E-01
 0.319509350118919E-01
 0.324609487534342E-01
 0.329205967053185E-01
 0.333253823856857E-01
 0.337520259204207E-01
 0.340577471643750E-01
 0.344499838796329E-01
 0.347069537212878E-01
 0.350352648040498E-01
 0.352756010474519E-01
 0.355385341775003E-01
 0.357635429989973E-01
 0.359471999234429E-01
 0.361600551932758E-01
 0.362714886240463E-01
 0.364793569328297E-01
 0.365501290686760E-01
 0.364861704781027E-01
 0.362910670892005E-01
 0.359698041862523E-01
 0.355287299692650E-01
 0.350459234904537E-01
 0.346136450530133E-01
 0.340780149305744E-01
 0.335097326648716E-01
 0.329553449796138E-01
 0.324195809645257E-01
 0.318950282250594E-01
 0.313765554186223E-01
 0.308738201317465E-01
 0.303836711561773E-01
 0.299015380481513E-01
 0.294258462688503E-01
 0.289629909271866E-01
 0.285155431727068E-01
 0.280753004462122E-01
 0.276366398808980E-01
 0.271975274088404E-01
 0.267723340952785E-01
 0.263710974866561E-01
 0.259624593883478E-01
 0.255444547367482E-01
 0.251704329588662E-01
 0.247788175807262E-01
 0.243824174527583E-01
 0.240206369988227E-01
 0.236034236954028E-01
 0.231169970928937E-01
 0.243183351979611E-01
 0.258163032915451E-01
 0.273277331760993E-01
 0.288449396588924E-01
 0.303605516157502E-01
 0.318673253589329E-01
 0.334480172087966E-01
 0.350225461394583E-01
 0.365707612719175E-01
 0.380842258921604E-01
 0.395544683631267E-01
 0.410352412896798E-01
 0.425206912209909E-01
 0.439458203738581E-01
 0.453026607761543E-01
 0.465832905745781E-01
 0.479325346909643E-01
 0.491951768872984E-01
 0.503629210681478E-01
 0.514337269566272E-01
 0.525551700141234E-01
 0.535642723500414E-01
 0.544545970772931E-01
 0.553075312860341E-01
 0.561369631030376E-01
 0.568330804156425E-01
 0.574481726366589E-01
 0.580750759694968E-01
 0.585567368062446E-01
 0.589591461148104E-01
 0.593632372954332E-01
 0.596124213557056E-01
 0.598266133305171E-01
 0.600035945088883E-01
 0.600192975329230E-01
 0.600892391782009E-01
 0.600320470975390E-01
 0.598886838094829E-01
 0.597699916704317E-01
 0.594870453006409E-01
 0.592744689761518E-01
 0.589382226922684E-01
 0.585569200490491E-01
 0.581672852258816E-01
 0.576270469433533E-01
 0.572052830267552E-01
 0.566250794665626E-01
 0.561152323608609E-01
 0.555138490146439E-01
 0.547580689456165E-01
 0.538497371927638E-01
 0.527910880562559E-01
 0.515848055258738E-01
 0.502342109250302E-01
 0.487435138228303E-01
 0.473968791615778E-01
 0.459560179940059E-01
 0.444930580250312E-01
 0.430678668562469E-01
 0.416832425670890E-01
 0.403404237759877E-01
 0.390290908877326E-01
 0.377668212936718E-01
 0.365429088304436E-01
 0.353529600420831E-01
 0.341969669541459E-01
 0.330717790987491E-01
 0.319934847072740E-01
 0.309487669251175E-01
 0.299296139735037E-01
 0.292543029778256E-01
 0.303004307794934E-01
 0.312275217790226E-01
 0.320864868741444E-01
 0.329304364370550E-01
 0.336502259205057E-01
 0.342463215315571E-01
 0.348634486073194E-01
 0.353601077648274E-01
 0.357316076329617E-01
 0.360611643791270E-01
 0.363348819913828E-01
 0.364875666969867E-01
 0.365860142731275E-01
 0.366500476328178E-01
 0.365970626446343E-01
 0.364941132957817E-01
 0.363612383853207E-01
 0.361182514052321E-01
 0.358461394933568E-01
 0.355336975607104E-01
 0.351211633343028E-01
 0.347268176268265E-01
 0.342594968423895E-01
 0.337191879413629E-01
 0.332072076586885E-01
 0.326098127598874E-01
 0.320098992298741E-01
 0.313829839293262E-01
 0.306940117353501E-01
 0.300478209387025E-01
 0.293314387778176E-01
 0.286284385240261E-01
 0.279060464210276E-01
 0.271470622779935E-01
 0.264276791490561E-01
 0.256537964982857E-01
 0.249229837977920E-01
 0.241626865093954E-01
 0.233580818413088E-01
 0.225152453388207E-01
 0.216403456034855E-01
 0.207395313448831E-01
 0.198187962279618E-01
 0.188838585588695E-01
 0.179400862932070E-01
 0.169924803522829E-01
 0.161121594383981E-01
 0.152361152885978E-01
 0.143766710934578E-01
 0.135598218441076E-01
 0.127810970132344E-01
 0.120417085170664E-01
 0.113357378754173E-01
 0.106649634139162E-01
 0.100282010000367E-01
 0.942222302040869E-02
 0.884591606383709E-02
 0.829784242064466E-02
 0.777896929312753E-02
 0.728738979714314E-02
 0.682038312298474E-02
 0.637667137984536E-02
 0.595470400879027E-02
 0.555822807774365E-02
 0.518315002920668E-02
 0.482628185158890E-02
 0.448913977359616E-02
 0.417329623140066E-02
 0.390059053433543E-02
 0.403201998578275E-02
 0.415009469959771E-02
 0.425397380317612E-02
 0.434292602094763E-02
 0.441633628629136E-02
 0.447371164125211E-02
 0.451468604383831E-02
 0.453902381584481E-02
 0.454662163384869E-02
 0.453750912160542E-02
 0.451184820065054E-02
 0.446993135636768E-02
 0.441355848587529E-02
 0.434640764366170E-02
 0.426412179026114E-02
 0.416744884326985E-02
 0.405724681003134E-02
 0.393447601873119E-02
 0.380018977445520E-02
 0.365552343652552E-02
 0.350168218769536E-02
 0.333992794210777E-02
 0.317156586432273E-02
 0.299793086560674E-02
 0.282037428301672E-02
 0.264025079237742E-02
 0.245890550443888E-02
 0.227766115925839E-02
 0.209780537489793E-02
 0.192057799795738E-02
 0.174715872446800E-02
 0.157865524803313E-02
 0.141609222758989E-02
 0.126040133211394E-02
 0.111241252544464E-02
 0.972846650756396E-03
 0.842309281328842E-03
 0.721285780662094E-03
 0.610137536747429E-03
 0.509099399110286E-03
 0.418278394073452E-03
 0.337653796448425E-03
 0.267078603339934E-03
 0.206282388673295E-03
 0.154875472502725E-03
 0.112354303113381E-03
 0.781079500669591E-04
 0.514256013687768E-04
 0.315049600229558E-04
 0.174614225142581E-04
 0.833790556240807E-05
 0.311516874160592E-05
 0.722467881638016E-06
 0.483663576928136E-07
 0.285482818681290E-13
 0.000000000000000E+00
 0.000000000000000E+00
 0.000000000000000E+00
 0.000000000000000E+00
 0.000000000000000E+00
 0.000000000000000E+00
 0.000000000000000E+00
 0.000000000000000E+00
 0.000000000000000E+00
 0.000000000000000E+00
 0.000000000000000E+00
 0.000000000000000E+00
 0.000000000000000E+00
 0.000000000000000E+00
 0.000000000000000E+00
 0.000000000000000E+00
 0.000000000000000E+00
 0.000000000000000E+00
 0.000000000000000E+00
 0.000000000000000E+00
 0.000000000000000E+00
 0.000000000000000E+00
 0.000000000000000E+00
 0.000000000000000E+00
 0.000000000000000E+00
 0.000000000000000E+00
 0.000000000000000E+00
 0.000000000000000E+00
 0.000000000000000E+00
 0.000000000000000E+00
 0.000000000000000E+00
 0.000000000000000E+00
 0.000000000000000E+00
 0.000000000000000E+00
 0.000000000000000E+00
 0.000000000000000E+00
 0.000000000000000E+00
 0.000000000000000E+00
 0.000000000000000E+00
 0.000000000000000E+00
 0.000000000000000E+00
 0.000000000000000E+00
 0.000000000000000E+00
 0.000000000000000E+00
 0.000000000000000E+00
 0.000000000000000E+00
 0.000000000000000E+00
 0.000000000000000E+00
 0.000000000000000E+00
 0.000000000000000E+00
 0.000000000000000E+00
 0.000000000000000E+00
 0.000000000000000E+00
 0.000000000000000E+00
 0.000000000000000E+00
 0.000000000000000E+00
 0.000000000000000E+00
 0.000000000000000E+00
 0.000000000000000E+00
 0.000000000000000E+00
 0.000000000000000E+00
 0.000000000000000E+00
 0.000000000000000E+00
 0.000000000000000E+00
 0.000000000000000E+00
 0.000000000000000E+00
 0.000000000000000E+00
 0.000000000000000E+00
 0.000000000000000E+00
 0.000000000000000E+00
 0.000000000000000E+00
 0.000000000000000E+00
 0.000000000000000E+00
 0.000000000000000E+00
 0.000000000000000E+00
 0.000000000000000E+00
 0.000000000000000E+00
 0.000000000000000E+00
 0.000000000000000E+00
 0.000000000000000E+00
 0.000000000000000E+00
 0.000000000000000E+00
 0.000000000000000E+00
 0.000000000000000E+00
 0.000000000000000E+00
 0.000000000000000E+00
 0.000000000000000E+00
 0.000000000000000E+00
 0.000000000000000E+00
 0.000000000000000E+00
 0.000000000000000E+00
 0.000000000000000E+00
 0.000000000000000E+00
 0.000000000000000E+00
 0.000000000000000E+00
 0.000000000000000E+00
 0.000000000000000E+00
 0.000000000000000E+00
 0.000000000000000E+00
 0.000000000000000E+00
 0.000000000000000E+00
 0.000000000000000E+00
 0.000000000000000E+00
 0.000000000000000E+00
 0.000000000000000E+00
 0.000000000000000E+00
 0.000000000000000E+00
 0.000000000000000E+00
 0.000000000000000E+00
 0.000000000000000E+00
 0.000000000000000E+00
 0.000000000000000E+00
 0.000000000000000E+00
 0.000000000000000E+00
 0.000000000000000E+00
 0.000000000000000E+00
 0.000000000000000E+00
 0.000000000000000E+00
 0.000000000000000E+00
 0.000000000000000E+00
 0.000000000000000E+00
 0.000000000000000E+00
 0.000000000000000E+00
 0.000000000000000E+00
 0.000000000000000E+00
 0.000000000000000E+00
 0.000000000000000E+00
 0.000000000000000E+00
 0.000000000000000E+00
 0.000000000000000E+00
 0.000000000000000E+00
 0.000000000000000E+00
 0.000000000000000E+00
 0.000000000000000E+00
 0.000000000000000E+00
 0.000000000000000E+00
 0.000000000000000E+00
 0.000000000000000E+00
 0.000000000000000E+00
 0.000000000000000E+00
 0.000000000000000E+00
 0.000000000000000E+00
 0.000000000000000E+00
 0.000000000000000E+00
 0.000000000000000E+00
 0.000000000000000E+00
 0.000000000000000E+00
 0.000000000000000E+00
 0.000000000000000E+00
 0.000000000000000E+00
 0.000000000000000E+00
 0.000000000000000E+00
 0.000000000000000E+00
 0.000000000000000E+00
 0.000000000000000E+00
 0.000000000000000E+00
 0.000000000000000E+00
 0.000000000000000E+00
 0.000000000000000E+00
 0.000000000000000E+00
 0.000000000000000E+00
 0.000000000000000E+00
 0.000000000000000E+00
 0.000000000000000E+00
 0.000000000000000E+00
 0.000000000000000E+00
 0.000000000000000E+00
 0.000000000000000E+00
 0.000000000000000E+00
 0.000000000000000E+00
 0.000000000000000E+00
 0.000000000000000E+00
 0.000000000000000E+00
 0.000000000000000E+00
 0.000000000000000E+00
 0.000000000000000E+00
 0.000000000000000E+00
 0.000000000000000E+00
 0.000000000000000E+00
 0.000000000000000E+00
 0.000000000000000E+00
 0.000000000000000E+00
 0.000000000000000E+00
 0.000000000000000E+00
 0.000000000000000E+00
 0.000000000000000E+00
 0.000000000000000E+00
 0.000000000000000E+00
 0.000000000000000E+00
 0.000000000000000E+00
 0.000000000000000E+00
 0.000000000000000E+00
 0.000000000000000E+00
 0.000000000000000E+00
 0.000000000000000E+00
 0.000000000000000E+00
 0.000000000000000E+00
 0.000000000000000E+00
 0.000000000000000E+00
 0.000000000000000E+00
 0.000000000000000E+00
 0.000000000000000E+00
 0.000000000000000E+00
 0.000000000000000E+00
 0.000000000000000E+00
 0.000000000000000E+00
 0.000000000000000E+00
 0.000000000000000E+00
 0.000000000000000E+00
 0.000000000000000E+00
 0.000000000000000E+00
 0.000000000000000E+00
 0.000000000000000E+00
 0.000000000000000E+00
 0.000000000000000E+00
 0.000000000000000E+00
 0.000000000000000E+00
 0.000000000000000E+00
 0.000000000000000E+00
 0.000000000000000E+00
 0.000000000000000E+00
 0.000000000000000E+00
 0.000000000000000E+00
 0.000000000000000E+00
 0.000000000000000E+00
 0.000000000000000E+00
 0.000000000000000E+00
 0.000000000000000E+00
 0.000000000000000E+00
 0.000000000000000E+00
 0.000000000000000E+00
 0.000000000000000E+00
 0.000000000000000E+00
 0.000000000000000E+00
 0.000000000000000E+00
 0.000000000000000E+00
 0.000000000000000E+00
 0.000000000000000E+00
 0.000000000000000E+00
 0.000000000000000E+00
 0.000000000000000E+00
 0.000000000000000E+00
 0.000000000000000E+00
 0.000000000000000E+00
 0.000000000000000E+00
 0.000000000000000E+00
 0.000000000000000E+00
 0.000000000000000E+00
 0.000000000000000E+00
 0.000000000000000E+00
 0.000000000000000E+00
 0.000000000000000E+00
 0.000000000000000E+00
 0.000000000000000E+00
 0.000000000000000E+00
 0.000000000000000E+00
 0.000000000000000E+00
 0.000000000000000E+00
 0.000000000000000E+00
 0.000000000000000E+00
 0.000000000000000E+00
 0.000000000000000E+00
 0.000000000000000E+00
 0.000000000000000E+00
 0.000000000000000E+00
 0.000000000000000E+00
 0.000000000000000E+00
 0.000000000000000E+00
 0.000000000000000E+00
 0.000000000000000E+00
 0.000000000000000E+00
 0.000000000000000E+00
 0.000000000000000E+00
 0.000000000000000E+00
 0.000000000000000E+00
 0.000000000000000E+00
 0.000000000000000E+00
 0.000000000000000E+00
 0.000000000000000E+00
 0.000000000000000E+00
 0.000000000000000E+00
 0.000000000000000E+00
 0.000000000000000E+00
 0.000000000000000E+00
 0.000000000000000E+00
 0.000000000000000E+00
 0.000000000000000E+00
 0.000000000000000E+00
 0.000000000000000E+00
 0.000000000000000E+00
 0.000000000000000E+00
 0.000000000000000E+00
 0.000000000000000E+00
 0.000000000000000E+00
 0.000000000000000E+00
 0.000000000000000E+00
 0.000000000000000E+00
 0.000000000000000E+00
 0.000000000000000E+00
 0.000000000000000E+00
 0.000000000000000E+00
 0.000000000000000E+00
 0.000000000000000E+00
 0.000000000000000E+00
 0.000000000000000E+00
 0.000000000000000E+00
 0.000000000000000E+00
 0.000000000000000E+00
 0.000000000000000E+00
 0.000000000000000E+00
 0.000000000000000E+00
 0.000000000000000E+00
 0.000000000000000E+00
 0.000000000000000E+00
 0.000000000000000E+00
 0.000000000000000E+00
 0.000000000000000E+00
 0.000000000000000E+00
 0.000000000000000E+00
 0.000000000000000E+00
 0.000000000000000E+00
 0.000000000000000E+00
 0.000000000000000E+00
 0.000000000000000E+00
 0.000000000000000E+00
 0.000000000000000E+00
 0.000000000000000E+00
 0.000000000000000E+00
 0.000000000000000E+00
 0.000000000000000E+00
 0.000000000000000E+00
 0.000000000000000E+00
 0.000000000000000E+00
 0.000000000000000E+00
 0.000000000000000E+00
 0.000000000000000E+00
 0.000000000000000E+00
 0.000000000000000E+00
 0.000000000000000E+00
 0.000000000000000E+00
 0.000000000000000E+00
 0.000000000000000E+00
 0.000000000000000E+00
 0.000000000000000E+00
 0.000000000000000E+00
 0.000000000000000E+00
 0.000000000000000E+00
