 0.615107033794290E-07
 0.897636448106561E-06
 0.376618305806834E-05
 0.979215267792830E-05
 0.199022833457744E-04
 0.348265209228487E-04
 0.551013078118875E-04
 0.810746286146576E-04
 0.112912740127046E-03
 0.150608494988452E-03
 0.193991152199384E-03
 0.242737559731786E-03
 0.296384580945405E-03
 0.354342624813339E-03
 0.415910114620703E-03
 0.480288726214022E-03
 0.546599221129853E-03
 0.613897716883109E-03
 0.681192244384286E-03
 0.747459434026977E-03
 0.811661141618863E-03
 0.872760805036400E-03
 0.929739331257618E-03
 0.981610357286853E-03
 0.102743477657411E-02
 0.106633443544153E-02
 0.109750487529094E-02
 0.112266250420020E-02
 0.114017706957069E-02
 0.114870504666540E-02
 0.114785229740479E-02
 0.113733634770502E-02
 0.111699066718886E-02
 0.108676747337001E-02
 0.104673905767915E-02
 0.997097588574415E-03
 0.938153332431811E-03
 0.870331299218174E-03
 0.794166455838294E-03
 0.710297753487765E-03
 0.619461188426626E-03
 0.536455737814394E-03
 0.552105259481934E-03
 0.567810992228251E-03
 0.643594834487524E-03
 0.754391086095677E-03
 0.866885999532431E-03
 0.980206086986173E-03
 0.109344437305948E-02
 0.120566851200553E-02
 0.131592926865701E-02
 0.142326945871336E-02
 0.152673329283506E-02
 0.162537589645830E-02
 0.171993309193808E-02
 0.181023170815263E-02
 0.198660434999511E-02
 0.221031943136287E-02
 0.244963158041997E-02
 0.270453278655775E-02
 0.297489284436101E-02
 0.326918918941776E-02
 0.358285569467413E-02
 0.391263167476615E-02
 0.425790296024007E-02
 0.462627103072122E-02
 0.501780393962329E-02
 0.542423660090360E-02
 0.584435952654528E-02
 0.629045883420483E-02
 0.675744910641729E-02
 0.723611414398405E-02
 0.772647111394313E-02
 0.825123555734971E-02
 0.878448926097391E-02
 0.932384214297913E-02
 0.989330293925868E-02
 0.104750882717067E-01
 0.110582157240153E-01
 0.116681808074788E-01
 0.122901866250660E-01
 0.129077437038559E-01
 0.135567374199236E-01
 0.142089454723975E-01
 0.148511779350373E-01
 0.155367033167436E-01
 0.162074912589654E-01
 0.168841772420243E-01
 0.175839504314501E-01
 0.182609482425200E-01
 0.189728730473686E-01
 0.196738586139402E-01
 0.203683283235164E-01
 0.210919473976529E-01
 0.217802755800170E-01
 0.225111670537516E-01
 0.232179313842426E-01
 0.239254064652413E-01
 0.246507344141926E-01
 0.253272786802928E-01
 0.259495130090032E-01
 0.265120420822376E-01
 0.270096213980537E-01
 0.274371628058969E-01
 0.277897411912479E-01
 0.280626148710042E-01
 0.283941121177177E-01
 0.286470170320527E-01
 0.288142350477913E-01
 0.289445974526564E-01
 0.290679742186077E-01
 0.291856824585446E-01
 0.292957549833562E-01
 0.293959166985895E-01
 0.294981247637559E-01
 0.295925376263093E-01
 0.296799729626647E-01
 0.297600516916458E-01
 0.298319858650413E-01
 0.299030033585168E-01
 0.299759851481944E-01
 0.300407794992471E-01
 0.300939002472975E-01
 0.301313982307348E-01
 0.301840998551411E-01
 0.302303862960124E-01
 0.302553429961516E-01
 0.302801143840992E-01
 0.303151980868894E-01
 0.303206255540350E-01
 0.303338212874240E-01
 0.302557679712233E-01
 0.300842753871770E-01
 0.298176183533465E-01
 0.294545535692577E-01
 0.289942912215235E-01
 0.284364595208201E-01
 0.277811059420079E-01
 0.270287457442159E-01
 0.267015086857288E-01
 0.274361310488706E-01
 0.282214476432537E-01
 0.289012231174435E-01
 0.296521408625013E-01
 0.303122983536038E-01
 0.309897723098937E-01
 0.316311332605676E-01
 0.322406168608781E-01
 0.328644912709580E-01
 0.334015450739996E-01
 0.340115351009329E-01
 0.344928749417989E-01
 0.350733020948292E-01
 0.355408244244825E-01
 0.360505769793985E-01
 0.365071118229118E-01
 0.368261274121588E-01
 0.370071755386260E-01
 0.370505457417408E-01
 0.369572839003241E-01
 0.367590109233953E-01
 0.366499429217359E-01
 0.364079271307905E-01
 0.360868244406561E-01
 0.357661741471886E-01
 0.354443490179136E-01
 0.351277867112086E-01
 0.348099936476344E-01
 0.344898047558719E-01
 0.341708555581530E-01
 0.339858134090221E-01
 0.337583212304421E-01
 0.334679260817140E-01
 0.331162977521821E-01
 0.327053841010344E-01
 0.322909284905735E-01
 0.319855042267977E-01
 0.316919241425987E-01
 0.313849066833291E-01
 0.310580299310166E-01
 0.307754212061988E-01
 0.304757120145707E-01
 0.301468858249968E-01
 0.298705821263191E-01
 0.295673867286952E-01
 0.292512946736926E-01
 0.288366872282524E-01
 0.283273472923359E-01
 0.277275788406531E-01
 0.270422034142455E-01
 0.262765128293357E-01
 0.254362135430609E-01
 0.245273934219733E-01
 0.235565095009020E-01
 0.233513501360725E-01
 0.250164275248766E-01
 0.267525492350822E-01
 0.285451768108644E-01
 0.303330857783042E-01
 0.321075363978659E-01
 0.338600061367492E-01
 0.357145875089096E-01
 0.375492623666584E-01
 0.393431454079700E-01
 0.410870297575544E-01
 0.428722054104616E-01
 0.446590480983107E-01
 0.463758251487174E-01
 0.480133794895095E-01
 0.496804410344940E-01
 0.513251210737653E-01
 0.528709616873148E-01
 0.543093449859171E-01
 0.558418310246363E-01
 0.572571810235012E-01
 0.585467467358549E-01
 0.598584806632317E-01
 0.611105069841404E-01
 0.622197346953182E-01
 0.633294862643966E-01
 0.643909560359589E-01
 0.652946844777849E-01
 0.662316340168825E-01
 0.670804761739091E-01
 0.677669785095714E-01
 0.685643519926085E-01
 0.691858611948478E-01
 0.697676107766453E-01
 0.703396058920506E-01
 0.707251410231354E-01
 0.712376510718124E-01
 0.715770799571599E-01
 0.719066893235381E-01
 0.722086740452818E-01
 0.723733371352329E-01
 0.726458890958399E-01
 0.727200779085637E-01
 0.729076816220158E-01
 0.729611233078978E-01
 0.730145966854554E-01
 0.730572184262682E-01
 0.728951021102998E-01
 0.725253196291187E-01
 0.719458209271889E-01
 0.711553648385826E-01
 0.701534410774622E-01
 0.689402233152807E-01
 0.679517551067078E-01
 0.667682673583394E-01
 0.654719510155860E-01
 0.642153256790182E-01
 0.629858613724600E-01
 0.618095918320506E-01
 0.606538613273177E-01
 0.595254824308199E-01
 0.584302460277538E-01
 0.573707081999220E-01
 0.563474405770300E-01
 0.553580673382291E-01
 0.543980205584031E-01
 0.534621974429169E-01
 0.525425641427655E-01
 0.516315734866106E-01
 0.507647137441106E-01
 0.499398126072112E-01
 0.504543293764049E-01
 0.526869837192036E-01
 0.547803791846497E-01
 0.567992003848725E-01
 0.588797556366350E-01
 0.608052843999932E-01
 0.626065438588729E-01
 0.645003532632000E-01
 0.662258997309765E-01
 0.678112174284031E-01
 0.694911482997578E-01
 0.709919623967462E-01
 0.723753519228055E-01
 0.738214281436999E-01
 0.750799832603421E-01
 0.762891634042225E-01
 0.774885459584618E-01
 0.784931040464136E-01
 0.795517208510816E-01
 0.804970314517402E-01
 0.812925208868633E-01
 0.821856482343393E-01
 0.828754734336387E-01
 0.835828408044849E-01
 0.842246787779089E-01
 0.847131633781114E-01
 0.853144111710294E-01
 0.857086732945304E-01
 0.861715604252417E-01
 0.865334401685383E-01
 0.868173519988763E-01
 0.871562618629191E-01
 0.872868615335196E-01
 0.875971321797026E-01
 0.877134671817463E-01
 0.876233686907279E-01
 0.873303323658551E-01
 0.868386314949743E-01
 0.861532668700212E-01
 0.852798940313562E-01
 0.842247472586961E-01
 0.829945830807162E-01
 0.818617692892904E-01
 0.806581344221933E-01
 0.792918020900762E-01
 0.778620087779574E-01
 0.764744809160136E-01
 0.751252292348353E-01
 0.738151209557175E-01
 0.725344995686340E-01
 0.713061098502803E-01
 0.701070756882800E-01
 0.689390852983997E-01
 0.678005072745702E-01
 0.666888306076549E-01
 0.656001571466611E-01
 0.645529983523527E-01
 0.635438683255106E-01
 0.625513762221242E-01
 0.615682526611230E-01
 0.605980892859300E-01
 0.596952817247162E-01
 0.587897020580804E-01
 0.578728908842883E-01
 0.570324629618315E-01
 0.561871694639543E-01
 0.553221311618520E-01
 0.543452073064853E-01
 0.532616285220973E-01
 0.520770238202603E-01
 0.507973609416249E-01
 0.494288521524063E-01
 0.479778890024617E-01
 0.464510402305220E-01
 0.448550869191944E-01
 0.431970335461219E-01
 0.414840552832169E-01
 0.397234003647529E-01
 0.379223072951266E-01
 0.360879823035818E-01
 0.342276262717499E-01
 0.323484544729140E-01
 0.304576596397897E-01
 0.285623233437929E-01
 0.266693329248903E-01
 0.247853622725338E-01
 0.229169204655806E-01
 0.210704086141305E-01
 0.192521094261030E-01
 0.174680842686555E-01
 0.157240298042102E-01
 0.140251853492616E-01
 0.124814083188165E-01
 0.110852361182910E-01
 0.973211834386660E-02
 0.842560170458271E-02
 0.722401773928265E-02
 0.717455920838864E-02
 0.712538777096702E-02
 0.708114149590969E-02
 0.703682080858475E-02
 0.779950518632471E-02
 0.867936926489632E-02
 0.960399765775357E-02
 0.105705694505567E-01
 0.115759082302269E-01
 0.126272672771605E-01
 0.137559348998799E-01
 0.149188236346467E-01
 0.161115786468796E-01
 0.173295305148821E-01
 0.185677365085931E-01
 0.198611736413751E-01
 0.212033367515703E-01
 0.225566011862313E-01
 0.239149993559806E-01
 0.252723882458593E-01
 0.266483770252320E-01
 0.280820405604273E-01
 0.295026497216857E-01
 0.309034036026228E-01
 0.322774323944351E-01
 0.336796105600415E-01
 0.350985846511700E-01
 0.364762642739323E-01
 0.378053694784503E-01
 0.391139312259469E-01
 0.404622369015232E-01
 0.417473078501002E-01
 0.429617222092406E-01
 0.441648439408996E-01
 0.453750175968235E-01
 0.465000746371547E-01
 0.475328234062013E-01
 0.486384143831769E-01
 0.496474618741466E-01
 0.505503552881222E-01
 0.515028861299032E-01
 0.523736721837219E-01
 0.531252827655445E-01
 0.539481324835177E-01
 0.546617251052088E-01
 0.552843446833998E-01
 0.559630152435134E-01
 0.565056428149322E-01
 0.570457346316523E-01
 0.575529608420329E-01
 0.579294044640158E-01
 0.584053863116846E-01
 0.587325494901398E-01
 0.590754302957098E-01
 0.593735865533790E-01
 0.595809329740705E-01
 0.598572378788370E-01
 0.599753433392147E-01
 0.601959380786454E-01
 0.602970393123574E-01
 0.604042113727092E-01
 0.604961867122931E-01
 0.604237156006026E-01
 0.601829600118002E-01
 0.597708048956271E-01
 0.591849119309160E-01
 0.584237256392140E-01
 0.574864384628707E-01
 0.566940439206583E-01
 0.557786701812670E-01
 0.547490872097265E-01
 0.537364737246211E-01
 0.527578929228028E-01
 0.517995996377642E-01
 0.508741797189072E-01
 0.499667852126842E-01
 0.490826765499990E-01
 0.482243695849158E-01
 0.473914995813387E-01
 0.465826474391433E-01
 0.457951014141392E-01
 0.450240224513716E-01
 0.442640034237132E-01
 0.435232999496552E-01
 0.428340716388506E-01
 0.421480523950957E-01
 0.420435779847106E-01
 0.437192114412117E-01
 0.452837401516263E-01
 0.469312870210585E-01
 0.484255191242205E-01
 0.498366306541176E-01
 0.512844613447394E-01
 0.525635091524256E-01
 0.538300780168889E-01
 0.550510731249201E-01
 0.560900173297019E-01
 0.572350791269697E-01
 0.582088974387776E-01
 0.591252889480291E-01
 0.600374776173758E-01
 0.607503499056012E-01
 0.615986357448118E-01
 0.622499342079354E-01
 0.629133725671991E-01
 0.635097356243754E-01
 0.639983395075463E-01
 0.645479401372499E-01
 0.648827104272024E-01
 0.653846095671762E-01
 0.656791461567021E-01
 0.660408830264343E-01
 0.663055687156999E-01
 0.665323926861121E-01
 0.667762200582008E-01
 0.668769770559488E-01
 0.671103285695051E-01
 0.671205471733021E-01
 0.669075820710726E-01
 0.664722271134521E-01
 0.658160762492608E-01
 0.649414874376147E-01
 0.639912625199179E-01
 0.631368129172365E-01
 0.620798385513356E-01
 0.609814970067458E-01
 0.599120742822350E-01
 0.588755053213897E-01
 0.578565914791096E-01
 0.568584404652746E-01
 0.559033697441381E-01
 0.549681184599454E-01
 0.540527388084942E-01
 0.531561407958588E-01
 0.522755985071977E-01
 0.514466956547535E-01
 0.506358813443418E-01
 0.498361446917840E-01
 0.490392175634473E-01
 0.482570365915403E-01
 0.475392291192630E-01
 0.468116011499825E-01
 0.460636916225663E-01
 0.454008194162922E-01
 0.447244858668293E-01
 0.440152340259042E-01
 0.436649176670781E-01
 0.446741212112274E-01
 0.457489927618202E-01
 0.466501778845606E-01
 0.475699302645572E-01
 0.484068910433048E-01
 0.491366269276188E-01
 0.499138555152504E-01
 0.505043460291259E-01
 0.511906178399588E-01
 0.517222162396182E-01
 0.522527423992219E-01
 0.527324796341313E-01
 0.531190253358136E-01
 0.535554861270029E-01
 0.538103901979233E-01
 0.542125197240392E-01
 0.544152798413756E-01
 0.547143608815071E-01
 0.548900086881397E-01
 0.550810998084408E-01
 0.552393801364088E-01
 0.553286616782965E-01
 0.554785696176142E-01
 0.554272340409877E-01
 0.551769206820731E-01
 0.547306732216426E-01
 0.540923001683277E-01
 0.532663719504716E-01
 0.525660228322754E-01
 0.517607493268308E-01
 0.508394519927094E-01
 0.499331855909555E-01
 0.490601299368718E-01
 0.482052034734590E-01
 0.473797471752573E-01
 0.465702977377177E-01
 0.457818390360868E-01
 0.450166368312088E-01
 0.442742049510434E-01
 0.435525662816043E-01
 0.428472833960523E-01
 0.421536406125036E-01
 0.414653094128130E-01
 0.408151331851488E-01
 0.401916997155821E-01
 0.395640830034150E-01
 0.389239527492774E-01
 0.383549718065324E-01
 0.377767235758755E-01
 0.371720510478202E-01
 0.366433606532536E-01
 0.360945510004405E-01
 0.355320090717319E-01
 0.348478377080489E-01
 0.340462199238542E-01
 0.331317369932955E-01
 0.321092813343707E-01
 0.309840348121041E-01
 0.297615276278662E-01
 0.284477318630597E-01
 0.270491119101904E-01
 0.267911592264530E-01
 0.269727531654275E-01
 0.271934665141918E-01
 0.273472780937420E-01
 0.275091508806746E-01
 0.276422520150582E-01
 0.277505058216373E-01
 0.278710561017142E-01
 0.279252485100943E-01
 0.280406927577982E-01
 0.279986666071208E-01
 0.278017176381693E-01
 0.274531263198858E-01
 0.270656787284447E-01
 0.267267711298919E-01
 0.262812996029423E-01
 0.258393878000216E-01
 0.254107557052461E-01
 0.249845567215810E-01
 0.245837336495679E-01
 0.241910690299795E-01
 0.238069034138228E-01
 0.234325928747189E-01
 0.230682142043951E-01
 0.227115241397400E-01
 0.223595303666537E-01
 0.220075812095889E-01
 0.216935665794348E-01
 0.213816907730393E-01
 0.210646208821389E-01
 0.207353911672651E-01
 0.204586948690215E-01
 0.201690156901181E-01
 0.198555426632927E-01
 0.195928631902462E-01
 0.198826571366119E-01
 0.201502689776797E-01
 0.203967038750690E-01
 0.206207456528130E-01
 0.208147209711531E-01
 0.210023256959415E-01
 0.211477318961538E-01
 0.213045803487388E-01
 0.214024242212742E-01
 0.215356274967341E-01
 0.215941620531156E-01
 0.217113575815486E-01
 0.217369186870692E-01
 0.218435242577699E-01
 0.218058819728614E-01
 0.218995508963959E-01
 0.218409995512377E-01
 0.216296553079303E-01
 0.212687336957851E-01
 0.209766456612204E-01
 0.206327604510948E-01
 0.202505332383915E-01
 0.210009474612706E-01
 0.225916421901815E-01
 0.241415608516989E-01
 0.258011663087756E-01
 0.274174082774919E-01
 0.289768978801816E-01
 0.305428114399441E-01
 0.321417757612150E-01
 0.336673087700475E-01
 0.351130036341191E-01
 0.366412536214917E-01
 0.380941489232928E-01
 0.394518714773366E-01
 0.408198292563593E-01
 0.421643414345973E-01
 0.433989123192932E-01
 0.445928652717577E-01
 0.457995054783938E-01
 0.468839659380260E-01
 0.479320065274144E-01
 0.489849081146430E-01
 0.499052627095395E-01
 0.508422031331932E-01
 0.517179040174348E-01
 0.524483813784909E-01
 0.532473753767190E-01
 0.539280667499725E-01
 0.545469058860140E-01
 0.551869036369285E-01
 0.556700157719342E-01
 0.562121607545131E-01
 0.566509735341569E-01
 0.570427166651179E-01
 0.574454435711107E-01
 0.576832547395271E-01
 0.580496641119022E-01
 0.582561176396637E-01
 0.584981564347989E-01
 0.586778508848673E-01
 0.587964479673318E-01
 0.589620719574584E-01
 0.589640820169000E-01
 0.591189364584164E-01
 0.591039785599355E-01
 0.589188941725854E-01
 0.585638759242801E-01
 0.580397629924442E-01
 0.573481892061334E-01
 0.564916736547755E-01
 0.556233975015877E-01
 0.547886680812444E-01
 0.538010713405722E-01
 0.527853238456130E-01
 0.517970650357087E-01
 0.508406324798566E-01
 0.498997325112715E-01
 0.489917602664406E-01
 0.481150798512173E-01
 0.472605845819978E-01
 0.464294284011325E-01
 0.456197833245243E-01
 0.448290918869594E-01
 0.440529739549404E-01
 0.433218110986760E-01
 0.426106825694700E-01
 0.419091321394373E-01
 0.412099714337016E-01
 0.405409685520324E-01
 0.399076391350577E-01
 0.392656108755493E-01
 0.386284398236010E-01
 0.380494596317099E-01
 0.374485629026185E-01
 0.368632139032917E-01
 0.361704447229661E-01
 0.353729449649926E-01
 0.344739481364108E-01
 0.334771129598292E-01
 0.323863866197917E-01
 0.312059184745818E-01
 0.302653700706591E-01
 0.307251584670418E-01
 0.312061377437838E-01
 0.316307599387237E-01
 0.320162323346636E-01
 0.324074259840907E-01
 0.327046675622326E-01
 0.330705729281614E-01
 0.333162750466599E-01
 0.336207384233272E-01
 0.338446730532239E-01
 0.340758772947260E-01
 0.342809675160227E-01
 0.344414682566519E-01
 0.346345410123858E-01
 0.347243666576297E-01
 0.349122470033787E-01
 0.349811708364641E-01
 0.349352835295769E-01
 0.347794566089756E-01
 0.345192235131630E-01
 0.341606496776429E-01
 0.337101823991471E-01
 0.333049037699945E-01
 0.328628658829326E-01
 0.323388545708802E-01
 0.317958839782405E-01
 0.312671468237094E-01
 0.307551511589665E-01
 0.302530745085729E-01
 0.297689450235822E-01
 0.293012491650828E-01
 0.288443091766922E-01
 0.283990051126372E-01
 0.279636245636298E-01
 0.275374100899047E-01
 0.271186183602863E-01
 0.267223172625212E-01
 0.263363721891454E-01
 0.259534254275053E-01
 0.255699604534725E-01
 0.252048720794751E-01
 0.248549416769186E-01
 0.244980252501856E-01
 0.245085450100960E-01
 0.258165169605368E-01
 0.271553051161013E-01
 0.285437685934520E-01
 0.299870851259940E-01
 0.314517447559508E-01
 0.329300115797543E-01
 0.344139432488369E-01
 0.358956239565156E-01
 0.373673353698970E-01
 0.388938920276821E-01
 0.404317806481639E-01
 0.419452371569348E-01
 0.434255497551874E-01
 0.448642206570530E-01
 0.463265074091376E-01
 0.477945922627388E-01
 0.492046999962848E-01
 0.505480160279977E-01
 0.518536417124302E-01
 0.531993491380192E-01
 0.544614415617261E-01
 0.556314494646894E-01
 0.567943775629481E-01
 0.579451383200733E-01
 0.589868471458945E-01
 0.599460456253801E-01
 0.609585648805354E-01
 0.618461304972931E-01
 0.626296352211102E-01
 0.634822182681836E-01
 0.641956228581516E-01
 0.648391145291285E-01
 0.655121679171517E-01
 0.660330673611115E-01
 0.665759968239249E-01
 0.670560458603049E-01
 0.674085046284714E-01
 0.678544665653079E-01
 0.681311878792048E-01
 0.684405957561400E-01
 0.686862136633947E-01
 0.688358341287962E-01
 0.690563039151933E-01
 0.690964098782658E-01
 0.692627413598979E-01
 0.692839007896604E-01
 0.693228294430014E-01
 0.693343461673823E-01
 0.691572021293377E-01
 0.687864098881864E-01
 0.682176946887467E-01
 0.674474501720397E-01
 0.664727318875478E-01
 0.652979573684061E-01
 0.643473521710631E-01
 0.631960625269187E-01
 0.619569350317366E-01
 0.607545746133972E-01
 0.595782953896754E-01
 0.584505757776140E-01
 0.573413688009238E-01
 0.562601586005063E-01
 0.552205021472210E-01
 0.542105209084821E-01
 0.532244928099610E-01
 0.522820807333789E-01
 0.513684851168096E-01
 0.504771193438808E-01
 0.525727929944273E-01
 0.555457915146832E-01
 0.584418375505583E-01
 0.612145609220239E-01
 0.639567253057848E-01
 0.667676976002032E-01
 0.694341728445693E-01
 0.719479176321005E-01
 0.745737893650645E-01
 0.770821242400124E-01
 0.794178725895787E-01
 0.817403593051737E-01
 0.840455433550020E-01
 0.861601523247396E-01
 0.881860199213338E-01
 0.902525189304113E-01
 0.921121666766536E-01
 0.938569836905843E-01
 0.956558423452995E-01
 0.972339684489300E-01
 0.987228856642282E-01
 0.100232009432882E+00
 0.101509235440125E+00
 0.102780528555868E+00
 0.103986776749906E+00
 0.104952991514379E+00
 0.106065418585567E+00
 0.106966240258968E+00
 0.107779965902304E+00
 0.108624255007567E+00
 0.109216547652422E+00
 0.109941199407541E+00
 0.110482197742509E+00
 0.110955639826026E+00
 0.111459968046844E+00
 0.111715064154399E+00
 0.112193883930678E+00
 0.112413347802806E+00
 0.112688108983137E+00
 0.112887977556060E+00
 0.112827854346096E+00
 0.112509444839194E+00
 0.111935332937963E+00
 0.111108856151805E+00
 0.110034015428594E+00
 0.108715445638134E+00
 0.107158448390046E+00
 0.105600141683611E+00
 0.104075385874914E+00
 0.102324805710956E+00
 0.100446944151064E+00
 0.986243662266409E-01
 0.968461631651737E-01
 0.951391103303034E-01
 0.934600712675337E-01
 0.918223157981446E-01
 0.902489479187939E-01
 0.887140517529680E-01
 0.872159109106511E-01
 0.857500886499471E-01
 0.843448929870950E-01
 0.829800782485271E-01
 0.816445074567362E-01
 0.803291380678949E-01
 0.790236441446111E-01
 0.777933736300440E-01
 0.765949243278033E-01
 0.753917095250384E-01
 0.742165507369652E-01
 0.731168814286944E-01
 0.719944868880719E-01
 0.709049520368214E-01
 0.696612448439906E-01
 0.682677135819003E-01
 0.667293011776163E-01
 0.650516463405346E-01
 0.632411110958164E-01
 0.613047139915244E-01
 0.592499792072540E-01
 0.570847421106143E-01
 0.548169693011650E-01
 0.524546458317631E-01
 0.500057547632109E-01
 0.474783379844744E-01
 0.448806000079174E-01
 0.422210079677754E-01
 0.395083490049274E-01
 0.376309880626891E-01
 0.381059142295512E-01
 0.384428720921735E-01
 0.388308831207985E-01
 0.391419120739159E-01
 0.394431997571378E-01
 0.397299516101875E-01
 0.399438654773201E-01
 0.402176074819529E-01
 0.403613711775092E-01
 0.406290502739054E-01
 0.407446513844548E-01
 0.407142153490231E-01
 0.405444107224263E-01
 0.402424502707522E-01
 0.398160152626599E-01
 0.393250144280675E-01
 0.389066515027792E-01
 0.383746309281732E-01
 0.377747464345563E-01
 0.371874213403868E-01
 0.366189293051233E-01
 0.360676497705569E-01
 0.355310297742998E-01
 0.350042391316582E-01
 0.344897625284199E-01
 0.339891131143064E-01
 0.335030973094455E-01
 0.330302917560330E-01
 0.325672179682260E-01
 0.321091897718910E-01
 0.316520345414230E-01
 0.312118785188681E-01
 0.307937442553134E-01
 0.303726372364109E-01
 0.299423955464163E-01
 0.295538006546980E-01
 0.291597955809121E-01
 0.287471667297636E-01
 0.283820611568765E-01
 0.280005267744662E-01
 0.276129855442229E-01
 0.271524145293923E-01
 0.266250770120102E-01
 0.260372006303967E-01
 0.253949404614492E-01
 0.254670409722292E-01
 0.265417095727808E-01
 0.276555718730845E-01
 0.287761760464080E-01
 0.298761380253768E-01
 0.309483614048808E-01
 0.319860181335166E-01
 0.330650429760266E-01
 0.341222722562858E-01
 0.351319590660459E-01
 0.360870246580918E-01
 0.370701781698801E-01
 0.380224623570462E-01
 0.389069062566194E-01
 0.397409892535463E-01
 0.406148522156581E-01
 0.414079226394240E-01
 0.421136437158807E-01
 0.428734857585986E-01
 0.435532311827120E-01
 0.441351790959016E-01
 0.447889826199973E-01
 0.453407758613442E-01
 0.458242757140219E-01
 0.463465097548543E-01
 0.467569137578563E-01
 0.471759865840231E-01
 0.475561397190948E-01
 0.478316871013306E-01
 0.481854191988075E-01
 0.484163455908782E-01
 0.486704753097381E-01
 0.488767197624696E-01
 0.490112368988730E-01
 0.491988661395332E-01
 0.492549913440814E-01
 0.494028384290286E-01
 0.494440479787599E-01
 0.494955139947894E-01
 0.495299870373322E-01
 0.494273279199983E-01
 0.491841011094268E-01
 0.487977032264877E-01
 0.482664014653787E-01
 0.475892987688195E-01
 0.467662468829487E-01
 0.461042163247785E-01
 0.453017516593545E-01
 0.444189065789449E-01
 0.435622308385984E-01
 0.427252661787232E-01
 0.419242905378076E-01
 0.411386316912955E-01
 0.403716886211510E-01
 0.396281411635164E-01
 0.389098832879911E-01
 0.382170532772638E-01
 0.375487663589340E-01
 0.369008901603356E-01
 0.362694769254029E-01
 0.356489913924046E-01
 0.350331498430801E-01
 0.344424448250878E-01
 0.338850020588821E-01
 0.333248341772818E-01
 0.327565931232883E-01
 0.338488647895524E-01
 0.349519442972721E-01
 0.360271281187791E-01
 0.370915805181717E-01
 0.380217087617612E-01
 0.390071239339837E-01
 0.398884020834671E-01
 0.407043053889262E-01
 0.415395400564032E-01
 0.422253700664011E-01
 0.429786461083830E-01
 0.436142788941701E-01
 0.442256721180692E-01
 0.448170244563840E-01
 0.452955126566058E-01
 0.458464211327469E-01
 0.462360829231234E-01
 0.467170212389239E-01
 0.470678426622040E-01
 0.474266274358028E-01
 0.477445956682247E-01
 0.479854587590539E-01
 0.482768453973033E-01
 0.484076405392733E-01
 0.486844242581428E-01
 0.487929468635722E-01
 0.489945044106674E-01
 0.490961607964038E-01
 0.490297001357919E-01
 0.487962888845072E-01
 0.483976672900073E-01
 0.478361892275903E-01
 0.471255743972114E-01
 0.465732781460202E-01
 0.458649842605002E-01
 0.450695382533901E-01
 0.442959163294129E-01
 0.435403644581451E-01
 0.428110289010513E-01
 0.420968564007369E-01
 0.413962440569833E-01
 0.407142189489491E-01
 0.400527287043104E-01
 0.394112840319246E-01
 0.387881248041440E-01
 0.381801907220821E-01
 0.375834126463602E-01
 0.369924375373077E-01
 0.364167212436891E-01
 0.358829007972160E-01
 0.353470277284339E-01
 0.348007419555833E-01
 0.342914578316747E-01
 0.337972951107924E-01
 0.332821032552094E-01
 0.328077325440256E-01
 0.323451916842748E-01
 0.318448854194970E-01
 0.312419019697687E-01
 0.305391264693400E-01
 0.297397348389758E-01
 0.288472909373286E-01
 0.278658322203062E-01
 0.267999159342777E-01
 0.256546126871651E-01
 0.244354543603533E-01
 0.231483588088925E-01
 0.217995556891162E-01
 0.206723717888946E-01
 0.208450844410796E-01
 0.208645155490650E-01
 0.210108979634517E-01
 0.210205016323669E-01
 0.211306928219566E-01
 0.211349144015145E-01
 0.209849433560105E-01
 0.206837298392851E-01
 0.204195173589310E-01
 0.201273741411163E-01
 0.197877289124889E-01
 0.194563245816040E-01
 0.191262659567274E-01
 0.188141061779196E-01
 0.195007430978027E-01
 0.205596250905010E-01
 0.216661551231994E-01
 0.227219834449431E-01
 0.236909847924548E-01
 0.247245665221943E-01
 0.256696353237051E-01
 0.265332417947385E-01
 0.274475528895638E-01
 0.282500140854932E-01
 0.290320821589161E-01
 0.297913567189115E-01
 0.304284405305132E-01
 0.311435159978925E-01
 0.317262407603793E-01
 0.323057047789927E-01
 0.328363941241023E-01
 0.332937045912243E-01
 0.337780334126779E-01
 0.341201924842949E-01
 0.345611629705963E-01
 0.348503616037962E-01
 0.352003522365562E-01
 0.354471973760329E-01
 0.357052010715720E-01
 0.359189413975558E-01
 0.360942394189099E-01
 0.362784724688915E-01
 0.363766635729504E-01
 0.365405495075153E-01
 0.365590163274456E-01
 0.367101968309714E-01
 0.366941811383974E-01
 0.367950760865350E-01
 0.367730704583816E-01
 0.365813519821825E-01
 0.362188067784771E-01
 0.356852310234942E-01
 0.351264796467971E-01
 0.346077581608078E-01
 0.339739249459261E-01
 0.333458719384524E-01
 0.327378684987480E-01
 0.321358786777539E-01
 0.315673357329985E-01
 0.310090354855377E-01
 0.304644684650584E-01
 0.299353349866367E-01
 0.294200104746845E-01
 0.300238890190219E-01
 0.316158735480408E-01
 0.331038948544972E-01
 0.345720322629482E-01
 0.360470695127547E-01
 0.373997926397143E-01
 0.387392301922236E-01
 0.400598896744105E-01
 0.412416740556148E-01
 0.424539827395491E-01
 0.435864182844405E-01
 0.445830097940743E-01
 0.456656553583324E-01
 0.465852205182566E-01
 0.474824318859952E-01
 0.483436079528001E-01
 0.490495083347325E-01
 0.498538006389618E-01
 0.504770131795430E-01
 0.511361928888542E-01
 0.517026656744974E-01
 0.522015454020309E-01
 0.527180774934548E-01
 0.530720494034693E-01
 0.535464613018505E-01
 0.538228905674713E-01
 0.542051080809721E-01
 0.544439147972375E-01
 0.547060123777166E-01
 0.549179615659519E-01
 0.550641315698851E-01
 0.552585417466166E-01
 0.552940631797312E-01
 0.554785511727272E-01
 0.554558476468784E-01
 0.552242006373046E-01
 0.547824384594870E-01
 0.541301630504575E-01
 0.532679759736083E-01
 0.525788751509475E-01
 0.517371739403503E-01
 0.508006527910874E-01
 0.498923268866152E-01
 0.489962561050149E-01
 0.481459137462567E-01
 0.473070861982603E-01
 0.464872060814765E-01
 0.456905834425954E-01
 0.449201046736591E-01
 0.441740322279760E-01
 0.434493863102330E-01
 0.427424074253881E-01
 0.420475711523636E-01
 0.413570498768719E-01
 0.414713226423158E-01
 0.433085535501577E-01
 0.451150292909418E-01
 0.467824067658013E-01
 0.484485362775891E-01
 0.500837565750008E-01
 0.515639695408603E-01
 0.530530506116304E-01
 0.544847533616787E-01
 0.557482013049668E-01
 0.570740875432699E-01
 0.582791139292328E-01
 0.593386396054981E-01
 0.604853482844631E-01
 0.614436933166616E-01
 0.623824725279062E-01
 0.632780427188828E-01
 0.639884992464664E-01
 0.648250598565947E-01
 0.654598449644971E-01
 0.661100628408861E-01
 0.666896212560917E-01
 0.671479449271641E-01
 0.676810322660835E-01
 0.680033462361421E-01
 0.684606150542417E-01
 0.687429738919283E-01
 0.690532642172669E-01
 0.693063938420563E-01
 0.694814818321409E-01
 0.697176350633329E-01
 0.697542559300182E-01
 0.699791453585460E-01
 0.699859654867372E-01
 0.697750022168576E-01
 0.693475101545587E-01
 0.687058609347575E-01
 0.678535671249250E-01
 0.667951628141346E-01
 0.658710126854537E-01
 0.648376856106128E-01
 0.636517535345650E-01
 0.624869319993533E-01
 0.613585609616475E-01
 0.602522780012642E-01
 0.591978198186091E-01
 0.581644191477994E-01
 0.571559642562440E-01
 0.561749953807711E-01
 0.552225896189874E-01
 0.542970172249499E-01
 0.533936976582154E-01
 0.525071831534725E-01
 0.516312585250897E-01
 0.508013134544855E-01
 0.500055255524668E-01
 0.492100350076301E-01
 0.484046212666300E-01
 0.476704159952419E-01
 0.469393378161958E-01
 0.461838597118694E-01
 0.454985005286452E-01
 0.448136624651417E-01
 0.440950862075059E-01
 0.432433886648458E-01
 0.422618522188145E-01
 0.411541098562243E-01
 0.414545901172427E-01
 0.422847993903678E-01
 0.431470521585355E-01
 0.438757393296951E-01
 0.446124061596202E-01
 0.452932353349679E-01
 0.458552427935352E-01
 0.464972759602987E-01
 0.470030579726926E-01
 0.475176203134194E-01
 0.479880900678827E-01
 0.483743429934525E-01
 0.488126990723989E-01
 0.491136830431993E-01
 0.494733926022441E-01
 0.497442309275369E-01
 0.499843428510322E-01
 0.502367354253619E-01
 0.503775710781331E-01
 0.506177680216214E-01
 0.507233272556275E-01
 0.508958866533773E-01
 0.509917366786790E-01
 0.509572479503980E-01
 0.507977091951355E-01
 0.505187421272683E-01
 0.501263798862209E-01
 0.496271662720252E-01
 0.490282083822507E-01
 0.483371376423687E-01
 0.476766960825777E-01
 0.470027422010096E-01
 0.462460809953720E-01
 0.454227309943527E-01
 0.446117017077352E-01
 0.438260205803793E-01
 0.430636421592888E-01
 0.423284211191556E-01
 0.416101484636051E-01
 0.409117432263561E-01
 0.402405114891490E-01
 0.395859590487916E-01
 0.389468153472251E-01
 0.383321020530975E-01
 0.377342077595287E-01
 0.371499896446047E-01
 0.365753655712308E-01
 0.360058536244414E-01
 0.354615856269013E-01
 0.349338668257253E-01
 0.344041280416975E-01
 0.338811293220525E-01
 0.333909213587861E-01
 0.328926700322204E-01
 0.324037821395046E-01
 0.318584353851254E-01
 0.312619031343319E-01
 0.306194548188286E-01
 0.299363791064344E-01
 0.292180317391969E-01
 0.284698794197679E-01
 0.284986901000112E-01
 0.290349577570395E-01
 0.295591628096578E-01
 0.300492298799145E-01
 0.304976459812017E-01
 0.309510108927251E-01
 0.313881368533049E-01
 0.317719341475088E-01
 0.321286123710980E-01
 0.325002818351059E-01
 0.328074906821778E-01
 0.330972287821181E-01
 0.333853070684608E-01
 0.335964234051030E-01
 0.338259306904789E-01
 0.340171420195832E-01
 0.341507166696510E-01
 0.343252357342830E-01
 0.344107127095068E-01
 0.345328075573138E-01
 0.346002396937532E-01
 0.346414323603284E-01
 0.346960000223435E-01
 0.346648712059578E-01
 0.347133844102985E-01
 0.346611825856785E-01
 0.346549205260361E-01
 0.345970603541054E-01
 0.344321386105012E-01
 0.341537530227300E-01
 0.337559539396456E-01
 0.332334194191878E-01
 0.326033369518956E-01
 0.320962325947576E-01
 0.314698205986262E-01
 0.308247320684915E-01
 0.301957436802586E-01
 0.295867604155079E-01
 0.289850527586636E-01
 0.288780098917137E-01
 0.312451785618919E-01
 0.335879305170417E-01
 0.359565197240285E-01
 0.384348783172661E-01
 0.408690929677948E-01
 0.432509451018152E-01
 0.456397314138257E-01
 0.481117174795581E-01
 0.505122525106582E-01
 0.528330867201371E-01
 0.551574938898059E-01
 0.575286799665838E-01
 0.598007623079028E-01
 0.619654827187741E-01
 0.641644455597950E-01
 0.663391016011366E-01
 0.683869959464911E-01
 0.703026595121826E-01
 0.723414877816645E-01
 0.742360087943138E-01
 0.759787790642466E-01
 0.777425372578842E-01
 0.794470284104693E-01
 0.809838790865458E-01
 0.824883056242202E-01
 0.839777615815950E-01
 0.852857835746069E-01
 0.865656144487459E-01
 0.878191615080775E-01
 0.888789302719729E-01
 0.899652447286159E-01
 0.909680169589088E-01
 0.917674834087364E-01
 0.927133809726299E-01
 0.934588002114387E-01
 0.941330421335572E-01
 0.948280359081755E-01
 0.953081393374016E-01
 0.959139292078069E-01
 0.963531066783706E-01
 0.967419021664428E-01
 0.971486362013936E-01
 0.973320435132520E-01
 0.977134378324331E-01
 0.978730377448778E-01
 0.980835039940695E-01
 0.982290551005925E-01
 0.981476292504045E-01
 0.978380247253508E-01
 0.972998714549374E-01
 0.965336959046308E-01
 0.955409748741803E-01
 0.943241580000529E-01
 0.928866419861809E-01
 0.915567758905799E-01
 0.901528467348855E-01
 0.885436045152961E-01
 0.868993776051841E-01
 0.853012089187072E-01
 0.837587283567972E-01
 0.822375609942205E-01
 0.807832084312052E-01
 0.793641343505332E-01
 0.779806031084900E-01
 0.766338491863613E-01
 0.753224601292364E-01
 0.740425576294456E-01
 0.727894513994953E-01
 0.715640535989722E-01
 0.704096187163796E-01
 0.692756394747122E-01
 0.681521529763747E-01
 0.670305680362398E-01
 0.660013264468606E-01
 0.649755023895213E-01
 0.639349761693448E-01
 0.629674419394860E-01
 0.620152987995928E-01
 0.610153812806708E-01
 0.598725318961817E-01
 0.585901432270528E-01
 0.571720749116523E-01
 0.556225801890872E-01
 0.539462595107349E-01
 0.521480728068307E-01
 0.502334073105076E-01
 0.482081564374189E-01
 0.460787499490371E-01
 0.444571170151027E-01
 0.451691881308043E-01
 0.457595193093904E-01
 0.463438380092133E-01
 0.468891676995505E-01
 0.473583699534409E-01
 0.478628562331391E-01
 0.482082695919530E-01
 0.486782286256857E-01
 0.489620996528318E-01
 0.493451133911056E-01
 0.496006240925562E-01
 0.498792950579491E-01
 0.501156558911743E-01
 0.503062117117808E-01
 0.505391312361189E-01
 0.505867177256234E-01
 0.504536365648749E-01
 0.501454615371554E-01
 0.496685014335718E-01
 0.490296180194917E-01
 0.484596782063212E-01
 0.478328988471710E-01
 0.470758767033844E-01
 0.463177285338632E-01
 0.455757026154042E-01
 0.448505880755338E-01
 0.441390648192995E-01
 0.434552922753113E-01
 0.427853250223363E-01
 0.421323903737936E-01
 0.414957894121357E-01
 0.408734973264127E-01
 0.402615074089427E-01
 0.396551768281898E-01
 0.390888074393307E-01
 0.385330141194498E-01
 0.379771732365274E-01
 0.374143654010754E-01
 0.368958037890047E-01
 0.363849605946876E-01
 0.358570401622280E-01
 0.353620991496765E-01
 0.348827920610347E-01
 0.343738292441835E-01
 0.339221564587209E-01
 0.333662783710241E-01
 0.327116164864994E-01
 0.319639553019638E-01
 0.311293572961726E-01
 0.302140905621519E-01
 0.292245972200726E-01
 0.281675127081749E-01
 0.270497160729161E-01
 0.258783703695157E-01
 0.246609161570943E-01
 0.244865045057800E-01
 0.261207175640150E-01
 0.277476953555892E-01
 0.293593495035065E-01
 0.309477577080257E-01
 0.325797984290714E-01
 0.342381537206209E-01
 0.358553863199821E-01
 0.374231081829086E-01
 0.389732383473234E-01
 0.405783215454251E-01
 0.421167315896437E-01
 0.435801391129806E-01
 0.450292015098570E-01
 0.465013347208029E-01
 0.478821753944226E-01
 0.491639198431127E-01
 0.505103308639568E-01
 0.517742439538307E-01
 0.529217291169373E-01
 0.540637734773577E-01
 0.551776877111225E-01
 0.561618878031573E-01
 0.571466462993215E-01
 0.580910635299982E-01
 0.588913146071955E-01
 0.597305887380197E-01
 0.604830257328019E-01
 0.610895914747101E-01
 0.617970157031342E-01
 0.623441154449569E-01
 0.628597525941314E-01
 0.633657824705742E-01
 0.637067425449248E-01
 0.641752669905081E-01
 0.644702806746178E-01
 0.647696366856436E-01
 0.650279706739877E-01
 0.651804050175718E-01
 0.654157382115886E-01
 0.654699324400417E-01
 0.656516246000625E-01
 0.656859426519522E-01
 0.657491001271959E-01
 0.657708021988767E-01
 0.656066389350439E-01
 0.652544800359140E-01
 0.647127562496293E-01
 0.639804753061922E-01
 0.630572790413726E-01
 0.619793396910682E-01
 0.610794815827048E-01
 0.599937308946269E-01
 0.588288189101662E-01
 0.576985745082454E-01
 0.565942620018330E-01
 0.555315848755598E-01
 0.544864278595475E-01
 0.534698927814542E-01
 0.524967257531122E-01
 0.515478489897157E-01
 0.506209680718939E-01
 0.497244179527622E-01
 0.488662793672011E-01
 0.480308787758931E-01
 0.472115823863957E-01
 0.464015438123726E-01
 0.456037467970442E-01
 0.448725176628258E-01
 0.441385177619151E-01
 0.435419890879342E-01
 0.451798323275571E-01
 0.468907558331835E-01
 0.485044253793926E-01
 0.499788703264364E-01
 0.515352292937293E-01
 0.529697587338428E-01
 0.542556206861005E-01
 0.556464384086914E-01
 0.568803181119699E-01
 0.580120568365668E-01
 0.591972766236745E-01
 0.602192706868695E-01
 0.612295056766775E-01
 0.622023946448214E-01
 0.630052971920133E-01
 0.638971953832694E-01
 0.646457737161083E-01
 0.653418587316644E-01
 0.660451594145886E-01
 0.665734272291852E-01
 0.672102422164609E-01
 0.676941853084241E-01
 0.681574368920156E-01
 0.686060113538451E-01
 0.689078896832395E-01
 0.693300000942168E-01
 0.695728092966977E-01
 0.698834869404309E-01
 0.701048483424336E-01
 0.702795116642709E-01
 0.704907173343859E-01
 0.705229650638042E-01
 0.703798857570536E-01
 0.700657782900726E-01
 0.695854174742180E-01
 0.689439153879831E-01
 0.681466812718038E-01
 0.671994876804107E-01
 0.662694890413418E-01
 0.653393815806777E-01
 0.642717822976513E-01
 0.631284004187558E-01
 0.620150001706003E-01
 0.609273758835709E-01
 0.598823750042537E-01
 0.588542427059894E-01
 0.578501130049610E-01
 0.568874123116435E-01
 0.559480920320021E-01
 0.550311831025964E-01
 0.541353629068493E-01
 0.532756762142931E-01
 0.524414250622748E-01
 0.516240796013885E-01
 0.508189949599132E-01
 0.500193205444896E-01
 0.492670017027658E-01
 0.485325058257315E-01
 0.477939668857411E-01
 0.470751016271669E-01
 0.463977736444558E-01
 0.457042272765876E-01
 0.450358839773248E-01
 0.442716522724745E-01
 0.434164342019519E-01
 0.424754592638517E-01
 0.414542307909590E-01
 0.403584720755487E-01
 0.391940757640234E-01
 0.379670667102384E-01
 0.366835913718634E-01
 0.353499375772515E-01
 0.339725687205602E-01
 0.325581393827013E-01
 0.311134606827591E-01
 0.296454078085521E-01
 0.281607960686852E-01
 0.266662727191947E-01
 0.251682644333999E-01
 0.236729889876569E-01
 0.221865055054230E-01
 0.207147620171403E-01
 0.192636088360255E-01
 0.178387703499865E-01
 0.164457883954890E-01
 0.150899566064676E-01
 0.137762592635438E-01
 0.125093202797350E-01
 0.112933657338507E-01
 0.114213924494987E-01
 0.114906246919051E-01
 0.116028082254059E-01
 0.116430565400740E-01
 0.117258069914055E-01
 0.117407324253489E-01
 0.117975047687749E-01
 0.117924978138045E-01
 0.118222537397931E-01
 0.117996147989107E-01
 0.118176579170997E-01
 0.117829274267023E-01
 0.117681599108848E-01
 0.117215345541050E-01
 0.116800746758375E-01
 0.116292484175016E-01
 0.115697528547142E-01
 0.122154098624742E-01
 0.136561400999696E-01
 0.151168566538670E-01
 0.165862291622769E-01
 0.180757192970524E-01
 0.196707805851053E-01
 0.212630797465040E-01
 0.228463141726353E-01
 0.244409598152672E-01
 0.261235907343418E-01
 0.277813359370445E-01
 0.294067742278801E-01
 0.310143117009676E-01
 0.327045597165277E-01
 0.343469538297051E-01
 0.359334916941904E-01
 0.375001713520314E-01
 0.391176752299097E-01
 0.406619752677008E-01
 0.421249598011172E-01
 0.436071843594191E-01
 0.450699008133519E-01
 0.464350961794186E-01
 0.477430022718662E-01
 0.490934896225716E-01
 0.503296767110729E-01
 0.514547764739918E-01
 0.526584165843421E-01
 0.537335154331771E-01
 0.547038337355701E-01
 0.557403641650370E-01
 0.566336658722303E-01
 0.574740284547854E-01
 0.583244302924058E-01
 0.590192836658790E-01
 0.597689823326179E-01
 0.604197154662396E-01
 0.609744524837347E-01
 0.615797385634253E-01
 0.620142459188491E-01
 0.625181493207930E-01
 0.629139258292579E-01
 0.632644792938763E-01
 0.636295308581078E-01
 0.638341689734655E-01
 0.641728913949129E-01
 0.643285478956262E-01
 0.645605897646375E-01
 0.646969845823412E-01
 0.648070651254999E-01
 0.649326759706728E-01
 0.648700863589204E-01
 0.646159014275470E-01
 0.641670481623901E-01
 0.635209616491893E-01
 0.626758307693113E-01
 0.616728473906199E-01
 0.608428073061982E-01
 0.598201569474942E-01
 0.587186931232750E-01
 0.576496465572560E-01
 0.566045520315883E-01
 0.555990776513429E-01
 0.546079785694477E-01
 0.536394691975677E-01
 0.527050472815201E-01
 0.517949650886208E-01
 0.509091387502179E-01
 0.500579486790990E-01
 0.492320169078437E-01
 0.484248110589334E-01
 0.476297444900745E-01
 0.468397739518032E-01
 0.460885688711251E-01
 0.453747062505893E-01
 0.466994078305072E-01
 0.484698757501240E-01
 0.502123629921659E-01
 0.519502190790789E-01
 0.535224084438549E-01
 0.550930065991794E-01
 0.566128053443844E-01
 0.579505783748310E-01
 0.593530585431448E-01
 0.606265707318319E-01
 0.617578709051040E-01
 0.629705710582196E-01
 0.639806451512738E-01
 0.650031401813185E-01
 0.659416356717782E-01
 0.667216271095872E-01
 0.675993482624418E-01
 0.682588881190471E-01
 0.689957843251647E-01
 0.695966668597106E-01
 0.701447678933671E-01
 0.706967303786289E-01
 0.710618985398476E-01
 0.715710741453456E-01
 0.718486666588750E-01
 0.722500995661397E-01
 0.724963919427803E-01
 0.727579213659285E-01
 0.729820466214384E-01
 0.731016111558939E-01
 0.733115866657497E-01
 0.732856889469689E-01
 0.730241209955365E-01
 0.725276702919424E-01
 0.717977750905993E-01
 0.708366478877726E-01
 0.697842419467036E-01
 0.688430453474132E-01
 0.676857308950130E-01
 0.664808536413199E-01
 0.653047663707532E-01
 0.641618335062783E-01
 0.630440917562642E-01
 0.619444188144299E-01
 0.608944325127724E-01
 0.598686786998270E-01
 0.588650130048178E-01
 0.578819601681454E-01
 0.569224779107295E-01
 0.560119297994331E-01
 0.551214233417901E-01
 0.542432472502053E-01
 0.533681057566172E-01
 0.525137068028566E-01
 0.517223211471692E-01
 0.509209868538110E-01
 0.500991544552033E-01
 0.493710795246786E-01
 0.486266664398622E-01
 0.478502340000510E-01
 0.471830155246279E-01
 0.476401296510092E-01
 0.487681450085393E-01
 0.499172516870917E-01
 0.508921163282235E-01
 0.519026891605482E-01
 0.528155856044800E-01
 0.536268052027414E-01
 0.544831274299112E-01
 0.551537222670062E-01
 0.558922936601658E-01
 0.565060473741950E-01
 0.570800301455487E-01
 0.576447579962839E-01
 0.580563497682835E-01
 0.585776333364676E-01
 0.589047165636806E-01
 0.593185846112184E-01
 0.596068425996011E-01
 0.598839109608996E-01
 0.601475143534458E-01
 0.603080918291931E-01
 0.605540536029565E-01
 0.606019714612115E-01
 0.608174586903572E-01
 0.608578297801376E-01
 0.607040505679264E-01
 0.603594607384754E-01
 0.598283293740186E-01
 0.591159020037557E-01
 0.582283548396366E-01
 0.574499594454747E-01
 0.565834743495050E-01
 0.555781423825428E-01
 0.545868445711782E-01
 0.536253863279150E-01
 0.526822188229698E-01
 0.517827965070883E-01
 0.509029176433952E-01
 0.500448268316284E-01
 0.492105964317574E-01
 0.483993128873886E-01
 0.476098483648658E-01
 0.468390521657535E-01
 0.460823558533643E-01
 0.453328815557138E-01
 0.446330970036206E-01
 0.439476478853115E-01
 0.432607553571106E-01
 0.425658166174943E-01
 0.419438920167840E-01
 0.413085068857171E-01
 0.406513608697405E-01
 0.400716760553589E-01
 0.394711048221795E-01
 0.388614410135302E-01
 0.381390480808627E-01
 0.373087101228773E-01
 0.363756274955683E-01
 0.353453540729824E-01
 0.342237673094576E-01
 0.330170723336714E-01
 0.317318048975456E-01
 0.303747959457888E-01
 0.289530942421762E-01
 0.274738813253398E-01
 0.259444197595163E-01
 0.243720448754388E-01
 0.227641707291196E-01
 0.211282701279986E-01
 0.194718170709323E-01
 0.178022211625146E-01
 0.161267973678115E-01
 0.144826978634021E-01
 0.143996132233637E-01
 0.142115889204702E-01
 0.140857234522799E-01
 0.139051450196188E-01
 0.137086708964171E-01
 0.135108118338588E-01
 0.133239208925934E-01
 0.131303660942850E-01
 0.129371084407408E-01
 0.127570287103092E-01
 0.125790322188226E-01
 0.124034511272777E-01
 0.122357701080560E-01
 0.120812907174092E-01
 0.119308595329134E-01
 0.117806987125403E-01
 0.116243257686384E-01
 0.114709501555322E-01
 0.113939184529485E-01
 0.115710912872976E-01
 0.116553952025658E-01
 0.117999298243209E-01
 0.118622915377599E-01
 0.119767585244043E-01
 0.120127533071835E-01
 0.121067686472587E-01
 0.121226014353396E-01
 0.121929468209526E-01
 0.121666118561627E-01
 0.122228611870186E-01
 0.121740339778833E-01
 0.122213017539543E-01
 0.122586160157851E-01
 0.136705880895792E-01
 0.151477752809371E-01
 0.166312221933554E-01
 0.181146696761195E-01
 0.197059219755099E-01
 0.213110693412599E-01
 0.229027823600877E-01
 0.244741925678523E-01
 0.261496591515873E-01
 0.278088788093283E-01
 0.294325412809682E-01
 0.310137300718472E-01
 0.326862408642060E-01
 0.343237424815813E-01
 0.359039593445246E-01
 0.374313639055865E-01
 0.390436715987974E-01
 0.405818998851128E-01
 0.420392308345785E-01
 0.434807815643121E-01
 0.449433195655785E-01
 0.463108547145024E-01
 0.475820701706071E-01
 0.489381825954973E-01
 0.501830037351408E-01
 0.513108592274580E-01
 0.524791341948987E-01
 0.535770328948643E-01
 0.545465289050917E-01
 0.555522316805079E-01
 0.564792321816083E-01
 0.572677980190311E-01
 0.581400240928234E-01
 0.588880298639509E-01
 0.595474375244538E-01
 0.602558265666962E-01
 0.608114458555831E-01
 0.613780544271070E-01
 0.618914533896259E-01
 0.622750210000788E-01
 0.627547022748311E-01
 0.630728627963729E-01
 0.634308908692013E-01
 0.637165791702440E-01
 0.639220182013135E-01
 0.641836140440539E-01
 0.642778700771730E-01
 0.644971664018230E-01
 0.645731845671992E-01
 0.646772124290860E-01
 0.647445257112434E-01
 0.646416810322312E-01
 0.643672919442965E-01
 0.639205518476441E-01
 0.633014162022141E-01
 0.625107609431738E-01
 0.615504756928318E-01
 0.606168542796665E-01
 0.596795438353124E-01
 0.585890079002484E-01
 0.574782462432543E-01
 0.563994150017781E-01
 0.553600889891893E-01
 0.543310146066890E-01
 0.533512249903185E-01
 0.523935562062884E-01
 0.514604605278692E-01
 0.505522926978240E-01
 0.496677404218353E-01
 0.488052319247715E-01
 0.479609966616014E-01
 0.471433908555623E-01
 0.463705522582957E-01
 0.456107400120068E-01
 0.448562711076433E-01
 0.441068420890449E-01
 0.434243119940581E-01
 0.427357734737250E-01
 0.420330877600023E-01
 0.414007936229603E-01
 0.407603283714631E-01
 0.401013940143953E-01
 0.393332865888494E-01
 0.384584090501646E-01
 0.374795062009893E-01
 0.363996258783821E-01
 0.352221711961545E-01
 0.339509849376393E-01
 0.325903806010196E-01
 0.330764614678393E-01
 0.336101274419065E-01
 0.340626565159000E-01
 0.345025956336471E-01
 0.349172582100372E-01
 0.352522315163348E-01
 0.356351447548203E-01
 0.358778954234377E-01
 0.362348539418052E-01
 0.364506410912457E-01
 0.367297114734469E-01
 0.369268894088080E-01
 0.371326984408553E-01
 0.373157479982268E-01
 0.374533338688910E-01
 0.376315729161139E-01
 0.376701385053742E-01
 0.375725507840714E-01
 0.373430712238493E-01
 0.369866718261526E-01
 0.365089532747836E-01
 0.360908390215720E-01
 0.356221215061482E-01
 0.350516373421321E-01
 0.344743061407104E-01
 0.339116207114430E-01
 0.333659087248320E-01
 0.328306274493023E-01
 0.323196246270178E-01
 0.318197535827175E-01
 0.313320993568411E-01
 0.308567428879289E-01
 0.303922578794653E-01
 0.299357619706487E-01
 0.294845617475238E-01
 0.290592624515543E-01
 0.286468567753125E-01
 0.282351194029844E-01
 0.278188389430940E-01
 0.274293445002577E-01
 0.270525007116653E-01
 0.266638691276261E-01
 0.262915613554412E-01
 0.259397038880410E-01
 0.255653510812443E-01
 0.252254280919497E-01
 0.248079084793212E-01
 0.243173166683555E-01
 0.237586045935689E-01
 0.245795503516014E-01
 0.262104272481811E-01
 0.278729239590069E-01
 0.295514651474306E-01
 0.312383420636092E-01
 0.329255540197215E-01
 0.346381762871478E-01
 0.364213129891440E-01
 0.381892560727458E-01
 0.399333781556076E-01
 0.416448149131914E-01
 0.433723080526953E-01
 0.451394744122344E-01
 0.468547622253869E-01
 0.485088402662101E-01
 0.500926231326069E-01
 0.517704972448759E-01
 0.533681729519786E-01
 0.548762635296046E-01
 0.563077302074104E-01
 0.578107318223543E-01
 0.592054831088971E-01
 0.604830297749286E-01
 0.617639131085123E-01
 0.630129826619988E-01
 0.641293639973329E-01
 0.652162286703691E-01
 0.662954941657403E-01
 0.672239877913821E-01
 0.681206989382476E-01
 0.690035245886938E-01
 0.697229985036200E-01
 0.704884807996703E-01
 0.711589795154812E-01
 0.716925756675402E-01
 0.723201020797206E-01
 0.727658998223097E-01
 0.732219914210759E-01
 0.736240946136926E-01
 0.738977921257815E-01
 0.742669707740967E-01
 0.744420769284824E-01
 0.747145279878755E-01
 0.748597624607631E-01
 0.749759551786264E-01
 0.751022323088804E-01
 0.750843588434197E-01
 0.751994275784808E-01
 0.751099716200388E-01
 0.748112119534736E-01
 0.742991057804874E-01
 0.735704492298406E-01
 0.726229479558753E-01
 0.714552354752102E-01
 0.703299141147257E-01
 0.691922248573582E-01
 0.678694751544050E-01
 0.665523477595673E-01
 0.652727310972268E-01
 0.640244891589471E-01
 0.628217191706714E-01
 0.616554909346578E-01
 0.605177139616573E-01
 0.594117099042736E-01
 0.583383280651028E-01
 0.572955392320866E-01
 0.562799032989640E-01
 0.552858128437816E-01
 0.543057932257897E-01
 0.533932793215751E-01
 0.541948472872579E-01
 0.569197359793880E-01
 0.595109052223489E-01
 0.622154435648689E-01
 0.648275320291634E-01
 0.672872355958623E-01
 0.697408342802219E-01
 0.721910007188089E-01
 0.744692547894271E-01
 0.766391469486266E-01
 0.788874856337745E-01
 0.809480528980872E-01
 0.828512625033362E-01
 0.848660787592195E-01
 0.866780212709424E-01
 0.883192822823908E-01
 0.900692755993001E-01
 0.916046566720588E-01
 0.930162603325877E-01
 0.944855310531004E-01
 0.957298855949962E-01
 0.969419569381080E-01
 0.981184830102129E-01
 0.990630137414223E-01
 0.100126951014533E+00
 0.101008200223364E+00
 0.101781474128982E+00
 0.102603401845143E+00
 0.103183828882455E+00
 0.103876359560818E+00
 0.104406098765150E+00
 0.104853875923772E+00
 0.105343297661057E+00
 0.105586077902577E+00
 0.106033297082682E+00
 0.106241778294350E+00
 0.106479120551913E+00
 0.106664137650344E+00
 0.106600180184756E+00
 0.106289164302305E+00
 0.105733773193685E+00
 0.104937577957988E+00
 0.103905143835067E+00
 0.102642080067294E+00
 0.101155010604280E+00
 0.995939112686355E-01
 0.981327330528706E-01
 0.964618824825176E-01
 0.946445253172533E-01
 0.928529321765081E-01
 0.911125343862855E-01
 0.894154050431876E-01
 0.877595629445369E-01
 0.861343129223596E-01
 0.845465957727029E-01
 0.829988199223683E-01
 0.814908637103321E-01
 0.800213720511152E-01
 0.785876115468356E-01
 0.771836951878805E-01
 0.758014996086030E-01
 0.744330674658095E-01
 0.730880356558968E-01
 0.718122332228711E-01
 0.705379118521579E-01
 0.692551339532830E-01
 0.680363339879841E-01
 0.668377591271085E-01
 0.656144529287071E-01
 0.644614135187999E-01
 0.631708114379111E-01
 0.617490425404227E-01
 0.602029462115018E-01
 0.585398338790125E-01
 0.567674501631678E-01
 0.548938721567588E-01
 0.529274126525694E-01
 0.508765891812817E-01
 0.487501570815454E-01
 0.465571405542808E-01
 0.443067902353270E-01
 0.420084558598255E-01
 0.396714362071051E-01
 0.373048913051942E-01
 0.349178532841380E-01
 0.325192931528740E-01
 0.301181576847134E-01
 0.277233185820524E-01
 0.253434496082105E-01
 0.235277140264345E-01
 0.235728748888881E-01
 0.236406503848258E-01
 0.236191222511855E-01
 0.236634419946113E-01
 0.244137601905822E-01
 0.254377050619992E-01
 0.264517336901457E-01
 0.274522676406383E-01
 0.284357249308321E-01
 0.293985456673745E-01
 0.303372172489144E-01
 0.312482980344364E-01
 0.321284388114705E-01
 0.329744020175612E-01
 0.337830792374094E-01
 0.345515078578360E-01
 0.352768878793365E-01
 0.359565997197031E-01
 0.365882233068889E-01
 0.371695578737073E-01
 0.376986409992342E-01
 0.381737651548454E-01
 0.385934905891844E-01
 0.389566544768447E-01
 0.392623771114727E-01
 0.395100660484833E-01
 0.396994186671946E-01
 0.398304232110567E-01
 0.399033583477638E-01
 0.399187914993160E-01
 0.398775762076475E-01
 0.397808484652757E-01
 0.396300215101424E-01
 0.394267784201014E-01
 0.391730620424426E-01
 0.388710621616474E-01
 0.385232001063107E-01
 0.381321111387825E-01
 0.377006249959090E-01
 0.372317449083221E-01
 0.367286253710513E-01
 0.361945489498242E-01
 0.356329025283113E-01
 0.350471535286636E-01
 0.344408265666924E-01
 0.338174806648018E-01
 0.331806867600740E-01
 0.325340051488286E-01
 0.318809627856545E-01
 0.312250307033323E-01
 0.305696018588084E-01
 0.299179694113915E-01
 0.292733051818755E-01
 0.286386382052386E-01
 0.280168338258580E-01
 0.274105742441866E-01
 0.268223413965870E-01
 0.262544025392629E-01
 0.257129509380476E-01
 0.252252354943948E-01
 0.247614546091119E-01
 0.243227624923962E-01
 0.239100605868466E-01
 0.235240003653276E-01
 0.231649885250085E-01
 0.228331927011759E-01
 0.225285465719064E-01
 0.222507540773253E-01
 0.219992930989940E-01
 0.217734193833053E-01
 0.215721719317909E-01
 0.213943814280160E-01
 0.212386830876607E-01
 0.211035342754037E-01
 0.209872356335117E-01
 0.208879532257085E-01
 0.208037391720552E-01
 0.207325495079635E-01
 0.206722597378253E-01
 0.206206797166259E-01
 0.205755695487691E-01
 0.205346574031907E-01
 0.204956591990877E-01
 0.204562995563510E-01
 0.204143333036180E-01
 0.203675669157056E-01
 0.203138792273070E-01
 0.202512406219758E-01
 0.201777298769498E-01
 0.200915482227513E-01
 0.199910309139114E-01
 0.198746572886287E-01
 0.197458286380064E-01
 0.196145614754768E-01
 0.194633262259584E-01
 0.192911458983304E-01
 0.190972334339285E-01
 0.188809948570365E-01
 0.186420318182526E-01
 0.183801430470563E-01
 0.180953243234265E-01
 0.177877667954163E-01
 0.174578535261562E-01
 0.171061540881042E-01
 0.167334170527064E-01
 0.163405604545785E-01
 0.159286605959156E-01
 0.154989396761816E-01
 0.150527526149224E-01
 0.145915732131873E-01
 0.141169796327288E-01
 0.136306391280872E-01
 0.131342920332499E-01
 0.126297351542620E-01
 0.121188049198228E-01
 0.116033607926206E-01
 0.110852694126120E-01
 0.105663896755298E-01
 0.100485585993670E-01
 0.953357762522116E-02
 0.902319908278286E-02
 0.851911281985567E-02
 0.802293325349784E-02
 0.753618720380132E-02
 0.706030285976291E-02
 0.659660018416883E-02
 0.614628302342692E-02
 0.571043307646904E-02
 0.529000566583607E-02
 0.488582702251410E-02
 0.449859270403277E-02
 0.412886688932136E-02
 0.377708256656099E-02
 0.344354286555528E-02
 0.312842383733982E-02
 0.283177882809844E-02
 0.255354434056192E-02
 0.229354707485360E-02
 0.205151177543772E-02
 0.182706959524772E-02
 0.161976682239548E-02
 0.142907393767479E-02
 0.125439500941604E-02
 0.109507741519975E-02
 0.950421821616689E-03
 0.819692289873216E-03
 0.702126310262782E-03
 0.596944520746912E-03
 0.503359851386553E-03
 0.420585876262459E-03
 0.347844230639861E-03
 0.284371035823589E-03
 0.229746872718263E-03
 0.182792030784406E-03
 0.142843495563065E-03
 0.109266119453486E-03
 0.814519732127215E-04
 0.588192711142324E-04
 0.408099941441266E-04
 0.268861973413077E-04
 0.165250139318375E-04
 0.921239456945912E-05
 0.443564486922968E-05
 0.167483992136120E-05
 0.393215164555875E-06
 0.266452829788786E-07
 0.159884349420016E-13
 0.000000000000000E+00
 0.000000000000000E+00
 0.000000000000000E+00
 0.000000000000000E+00
 0.000000000000000E+00
 0.000000000000000E+00
 0.000000000000000E+00
 0.000000000000000E+00
 0.000000000000000E+00
 0.000000000000000E+00
 0.000000000000000E+00
 0.000000000000000E+00
 0.000000000000000E+00
 0.000000000000000E+00
 0.000000000000000E+00
 0.000000000000000E+00
 0.000000000000000E+00
 0.000000000000000E+00
 0.000000000000000E+00
 0.000000000000000E+00
 0.000000000000000E+00
 0.000000000000000E+00
 0.000000000000000E+00
 0.000000000000000E+00
 0.000000000000000E+00
 0.000000000000000E+00
 0.000000000000000E+00
 0.000000000000000E+00
 0.000000000000000E+00
 0.000000000000000E+00
 0.000000000000000E+00
 0.000000000000000E+00
 0.000000000000000E+00
 0.000000000000000E+00
 0.000000000000000E+00
 0.000000000000000E+00
 0.000000000000000E+00
 0.000000000000000E+00
 0.000000000000000E+00
 0.000000000000000E+00
 0.000000000000000E+00
 0.000000000000000E+00
 0.000000000000000E+00
 0.000000000000000E+00
 0.000000000000000E+00
 0.000000000000000E+00
 0.000000000000000E+00
 0.000000000000000E+00
 0.000000000000000E+00
 0.000000000000000E+00
 0.000000000000000E+00
 0.000000000000000E+00
 0.000000000000000E+00
 0.000000000000000E+00
 0.000000000000000E+00
 0.000000000000000E+00
 0.000000000000000E+00
 0.000000000000000E+00
 0.000000000000000E+00
 0.000000000000000E+00
 0.000000000000000E+00
 0.000000000000000E+00
 0.000000000000000E+00
 0.000000000000000E+00
 0.000000000000000E+00
 0.000000000000000E+00
 0.000000000000000E+00
 0.000000000000000E+00
 0.000000000000000E+00
 0.000000000000000E+00
 0.000000000000000E+00
 0.000000000000000E+00
 0.000000000000000E+00
 0.000000000000000E+00
 0.000000000000000E+00
 0.000000000000000E+00
 0.000000000000000E+00
 0.000000000000000E+00
 0.000000000000000E+00
 0.000000000000000E+00
 0.000000000000000E+00
 0.000000000000000E+00
 0.000000000000000E+00
 0.000000000000000E+00
 0.000000000000000E+00
 0.000000000000000E+00
 0.000000000000000E+00
 0.000000000000000E+00
 0.000000000000000E+00
 0.000000000000000E+00
 0.000000000000000E+00
 0.000000000000000E+00
 0.000000000000000E+00
 0.000000000000000E+00
 0.000000000000000E+00
 0.000000000000000E+00
 0.000000000000000E+00
 0.000000000000000E+00
 0.000000000000000E+00
 0.000000000000000E+00
 0.000000000000000E+00
 0.000000000000000E+00
 0.000000000000000E+00
 0.000000000000000E+00
 0.000000000000000E+00
 0.000000000000000E+00
 0.000000000000000E+00
 0.000000000000000E+00
 0.000000000000000E+00
 0.000000000000000E+00
 0.000000000000000E+00
 0.000000000000000E+00
 0.000000000000000E+00
 0.000000000000000E+00
 0.000000000000000E+00
 0.000000000000000E+00
 0.000000000000000E+00
 0.000000000000000E+00
 0.000000000000000E+00
 0.000000000000000E+00
 0.000000000000000E+00
 0.000000000000000E+00
 0.000000000000000E+00
 0.000000000000000E+00
 0.000000000000000E+00
 0.000000000000000E+00
 0.000000000000000E+00
 0.000000000000000E+00
 0.000000000000000E+00
 0.000000000000000E+00
 0.000000000000000E+00
 0.000000000000000E+00
 0.000000000000000E+00
 0.000000000000000E+00
 0.000000000000000E+00
 0.000000000000000E+00
 0.000000000000000E+00
 0.000000000000000E+00
 0.000000000000000E+00
 0.000000000000000E+00
 0.000000000000000E+00
 0.000000000000000E+00
 0.000000000000000E+00
 0.000000000000000E+00
 0.000000000000000E+00
 0.000000000000000E+00
 0.000000000000000E+00
 0.000000000000000E+00
 0.000000000000000E+00
 0.000000000000000E+00
 0.000000000000000E+00
 0.000000000000000E+00
 0.000000000000000E+00
 0.000000000000000E+00
 0.000000000000000E+00
 0.000000000000000E+00
 0.000000000000000E+00
 0.000000000000000E+00
 0.000000000000000E+00
 0.000000000000000E+00
 0.000000000000000E+00
 0.000000000000000E+00
 0.000000000000000E+00
 0.000000000000000E+00
 0.000000000000000E+00
 0.000000000000000E+00
 0.000000000000000E+00
 0.000000000000000E+00
 0.000000000000000E+00
 0.000000000000000E+00
 0.000000000000000E+00
 0.000000000000000E+00
 0.000000000000000E+00
 0.000000000000000E+00
 0.000000000000000E+00
 0.000000000000000E+00
 0.000000000000000E+00
 0.000000000000000E+00
 0.000000000000000E+00
 0.000000000000000E+00
 0.000000000000000E+00
 0.000000000000000E+00
 0.000000000000000E+00
 0.000000000000000E+00
 0.000000000000000E+00
 0.000000000000000E+00
 0.000000000000000E+00
 0.000000000000000E+00
 0.000000000000000E+00
 0.000000000000000E+00
 0.000000000000000E+00
 0.000000000000000E+00
 0.000000000000000E+00
 0.000000000000000E+00
 0.000000000000000E+00
 0.000000000000000E+00
 0.000000000000000E+00
 0.000000000000000E+00
 0.000000000000000E+00
 0.000000000000000E+00
 0.000000000000000E+00
 0.000000000000000E+00
 0.000000000000000E+00
 0.000000000000000E+00
 0.000000000000000E+00
 0.000000000000000E+00
 0.000000000000000E+00
 0.000000000000000E+00
 0.000000000000000E+00
 0.000000000000000E+00
 0.000000000000000E+00
 0.000000000000000E+00
 0.000000000000000E+00
 0.000000000000000E+00
 0.000000000000000E+00
 0.000000000000000E+00
 0.000000000000000E+00
 0.000000000000000E+00
 0.000000000000000E+00
 0.000000000000000E+00
 0.000000000000000E+00
 0.000000000000000E+00
 0.000000000000000E+00
 0.000000000000000E+00
 0.000000000000000E+00
 0.000000000000000E+00
 0.000000000000000E+00
 0.000000000000000E+00
 0.000000000000000E+00
 0.000000000000000E+00
 0.000000000000000E+00
 0.000000000000000E+00
 0.000000000000000E+00
 0.000000000000000E+00
 0.000000000000000E+00
 0.000000000000000E+00
 0.000000000000000E+00
 0.000000000000000E+00
 0.000000000000000E+00
 0.000000000000000E+00
 0.000000000000000E+00
 0.000000000000000E+00
 0.000000000000000E+00
 0.000000000000000E+00
 0.000000000000000E+00
 0.000000000000000E+00
 0.000000000000000E+00
 0.000000000000000E+00
 0.000000000000000E+00
 0.000000000000000E+00
 0.000000000000000E+00
 0.000000000000000E+00
 0.000000000000000E+00
 0.000000000000000E+00
 0.000000000000000E+00
 0.000000000000000E+00
 0.000000000000000E+00
 0.000000000000000E+00
 0.000000000000000E+00
 0.000000000000000E+00
 0.000000000000000E+00
 0.000000000000000E+00
 0.000000000000000E+00
 0.000000000000000E+00
 0.000000000000000E+00
 0.000000000000000E+00
 0.000000000000000E+00
 0.000000000000000E+00
 0.000000000000000E+00
 0.000000000000000E+00
 0.000000000000000E+00
 0.000000000000000E+00
 0.000000000000000E+00
 0.000000000000000E+00
 0.000000000000000E+00
 0.000000000000000E+00
 0.000000000000000E+00
 0.000000000000000E+00
 0.000000000000000E+00
 0.000000000000000E+00
 0.000000000000000E+00
 0.000000000000000E+00
 0.000000000000000E+00
 0.000000000000000E+00
 0.000000000000000E+00
 0.000000000000000E+00
 0.000000000000000E+00
 0.000000000000000E+00
 0.000000000000000E+00
 0.000000000000000E+00
 0.000000000000000E+00
 0.000000000000000E+00
 0.000000000000000E+00
 0.000000000000000E+00
 0.000000000000000E+00
 0.000000000000000E+00
 0.000000000000000E+00
 0.000000000000000E+00
 0.000000000000000E+00
 0.000000000000000E+00
 0.000000000000000E+00
 0.000000000000000E+00
 0.000000000000000E+00
 0.000000000000000E+00
 0.000000000000000E+00
 0.000000000000000E+00
 0.000000000000000E+00
 0.000000000000000E+00
 0.000000000000000E+00
 0.000000000000000E+00
 0.000000000000000E+00
 0.000000000000000E+00
 0.000000000000000E+00
 0.000000000000000E+00
 0.000000000000000E+00
 0.000000000000000E+00
 0.000000000000000E+00
 0.000000000000000E+00
 0.000000000000000E+00
 0.000000000000000E+00
 0.000000000000000E+00
 0.000000000000000E+00
 0.000000000000000E+00
 0.000000000000000E+00
 0.000000000000000E+00
 0.000000000000000E+00
 0.000000000000000E+00
 0.000000000000000E+00
 0.000000000000000E+00
 0.000000000000000E+00
 0.000000000000000E+00
 0.000000000000000E+00
 0.000000000000000E+00
 0.000000000000000E+00
 0.000000000000000E+00
 0.000000000000000E+00
 0.000000000000000E+00
 0.000000000000000E+00
 0.000000000000000E+00
 0.000000000000000E+00
 0.000000000000000E+00
 0.000000000000000E+00
 0.000000000000000E+00
 0.000000000000000E+00
 0.000000000000000E+00
 0.000000000000000E+00
 0.000000000000000E+00
