 0.155342567307145E-06
 0.227609111564670E-05
 0.959503633709899E-05
 0.250732729648844E-04
 0.512266227208087E-04
 0.901189308351147E-04
 0.143359481272110E-03
 0.212104540813368E-03
 0.297063015486819E-03
 0.398506161141431E-03
 0.516281243846539E-03
 0.649829010918664E-03
 0.798204785706215E-03
 0.960102970453020E-03
 0.113388468765599E-02
 0.131760828306120E-02
 0.150906236539287E-02
 0.170580104064111E-02
 0.190518096972683E-02
 0.210439986865115E-02
 0.230053606398648E-02
 0.249058873128732E-02
 0.267151844169484E-02
 0.284028762285222E-02
 0.299390051394629E-02
 0.312944218308318E-02
 0.324411619646176E-02
 0.333528056822735E-02
 0.340048166661910E-02
 0.343748577125654E-02
 0.344430799362355E-02
 0.341923828491968E-02
 0.336086431006072E-02
 0.326809101446267E-02
 0.314015674344134E-02
 0.297664574695641E-02
 0.277749686221142E-02
 0.254300815546132E-02
 0.227383739833218E-02
 0.197099843548974E-02
 0.167902558303595E-02
 0.178708314045662E-02
 0.189705002584263E-02
 0.200629944470156E-02
 0.211405242637167E-02
 0.222434672285313E-02
 0.233125374225037E-02
 0.243944780185205E-02
 0.258801642050245E-02
 0.296712890163142E-02
 0.338137071482970E-02
 0.383166988598136E-02
 0.431872520884144E-02
 0.484298131620517E-02
 0.540460578778003E-02
 0.600346859205109E-02
 0.663912316251101E-02
 0.731078777828002E-02
 0.801732638435438E-02
 0.875722951234327E-02
 0.952859759134799E-02
 0.103291294221381E-01
 0.111561173778552E-01
 0.120064486818511E-01
 0.128766103962193E-01
 0.137626957108203E-01
 0.146604106873999E-01
 0.155650825515503E-01
 0.164716715658072E-01
 0.173747880571827E-01
 0.182687150815949E-01
 0.191474365695800E-01
 0.200046709098274E-01
 0.208339100502110E-01
 0.216284634198922E-01
 0.223815043876663E-01
 0.230861159014376E-01
 0.237353329019204E-01
 0.243221822075912E-01
 0.248397240427001E-01
 0.252811006374116E-01
 0.256395950033211E-01
 0.259365849813310E-01
 0.262266993033324E-01
 0.265140083688309E-01
 0.267959393974563E-01
 0.270703181510786E-01
 0.273404119845194E-01
 0.276077892493007E-01
 0.278723943966469E-01
 0.281324895149850E-01
 0.283849625961984E-01
 0.286256423204864E-01
 0.288525017169641E-01
 0.291027594594748E-01
 0.293346645839393E-01
 0.295849694024437E-01
 0.308227114907435E-01
 0.320207665820539E-01
 0.331713991224040E-01
 0.342667962670355E-01
 0.352991119619393E-01
 0.362605157153056E-01
 0.371432469186115E-01
 0.379396740274198E-01
 0.386423558833911E-01
 0.392441013761773E-01
 0.397380246415659E-01
 0.401175955391228E-01
 0.403766871800052E-01
 0.405632429439835E-01
 0.407395339396610E-01
 0.409114462869692E-01
 0.410666084519149E-01
 0.412249535558852E-01
 0.413699799638214E-01
 0.415046436971487E-01
 0.416300221694502E-01
 0.417466669543369E-01
 0.418536468479980E-01
 0.419482635559525E-01
 0.420281919325276E-01
 0.421034307379258E-01
 0.421870466080751E-01
 0.434255471613022E-01
 0.447698094161927E-01
 0.459453302689404E-01
 0.469451114031961E-01
 0.477631993074010E-01
 0.483947369028854E-01
 0.488360161693557E-01
 0.490845283573778E-01
 0.491390061130830E-01
 0.489994546659506E-01
 0.486939722036524E-01
 0.483642468694903E-01
 0.480431132152470E-01
 0.477098010724413E-01
 0.473908658440635E-01
 0.470675756792601E-01
 0.467392147008487E-01
 0.464044257285805E-01
 0.460799813904374E-01
 0.457592963254759E-01
 0.454386484661192E-01
 0.451008038034480E-01
 0.447650069351149E-01
 0.444451947689627E-01
 0.441122315963054E-01
 0.450327050560925E-01
 0.471640431730642E-01
 0.492660111373797E-01
 0.513293539494850E-01
 0.533448645579286E-01
 0.553034447489951E-01
 0.571961650982838E-01
 0.590143232231702E-01
 0.607494996741980E-01
 0.623936112055010E-01
 0.639389617449408E-01
 0.653782917208243E-01
 0.667048261231485E-01
 0.679123208373673E-01
 0.689951059030178E-01
 0.699481240288852E-01
 0.707669631827246E-01
 0.714478830603428E-01
 0.719878361091796E-01
 0.723844840536872E-01
 0.726362105053757E-01
 0.727421296031491E-01
 0.727020901749981E-01
 0.725166748634822E-01
 0.721871939063821E-01
 0.717156735384652E-01
 0.711048391094928E-01
 0.703580930532623E-01
 0.694794879640146E-01
 0.684736952962595E-01
 0.673459704375738E-01
 0.661021148616475E-01
 0.647484356795422E-01
 0.632917024048009E-01
 0.617391005172470E-01
 0.600981816695460E-01
 0.583768109869299E-01
 0.579443809790096E-01
 0.629800983663480E-01
 0.681043617354487E-01
 0.732937813500125E-01
 0.785242046101402E-01
 0.837708684166616E-01
 0.890085492544419E-01
 0.942117087168556E-01
 0.993546334510664E-01
 0.104411567120335E+00
 0.109356832190960E+00
 0.114164943134106E+00
 0.118810717331364E+00
 0.123269390814235E+00
 0.127516741020540E+00
 0.131529211467097E+00
 0.135284029891207E+00
 0.138759315507072E+00
 0.141934179693275E+00
 0.144788830274310E+00
 0.147304686643638E+00
 0.149464502036719E+00
 0.151252477738133E+00
 0.152654350649935E+00
 0.153657443890988E+00
 0.154250685307169E+00
 0.154424611479683E+00
 0.154171377387664E+00
 0.153484783584853E+00
 0.152360319627135E+00
 0.150795212501044E+00
 0.148788466336464E+00
 0.146340883535376E+00
 0.143455063264688E+00
 0.140135377703847E+00
 0.136419041872068E+00
 0.132730632828682E+00
 0.129197330231410E+00
 0.125800873330366E+00
 0.122543675705054E+00
 0.119416502626313E+00
 0.116409552827619E+00
 0.113517493234008E+00
 0.110734207179137E+00
 0.108054254899906E+00
 0.105470603493877E+00
 0.102982023751817E+00
 0.100585235353463E+00
 0.982703790983455E-01
 0.960390426132669E-01
 0.938797087554356E-01
 0.927070318893224E-01
 0.940379595789476E-01
 0.951321629109374E-01
 0.959807341361753E-01
 0.965756575658365E-01
 0.969098476569610E-01
 0.969772029379128E-01
 0.967726259506764E-01
 0.962920294448770E-01
 0.955323401663011E-01
 0.944915143817514E-01
 0.931685711388803E-01
 0.915636339554513E-01
 0.898346103566241E-01
 0.909888322339807E-01
 0.985509207742772E-01
 0.105850797578958E+00
 0.112868068317060E+00
 0.119583483937389E+00
 0.125979026551576E+00
 0.132037971163102E+00
 0.137744923007415E+00
 0.143085839465132E+00
 0.148048051089255E+00
 0.152620294500463E+00
 0.156792761395828E+00
 0.160557157371333E+00
 0.163906757269797E+00
 0.166836443396245E+00
 0.169342718394538E+00
 0.171423692474932E+00
 0.173079051498558E+00
 0.174310016131212E+00
 0.175119302403172E+00
 0.175511090895320E+00
 0.175491006234932E+00
 0.175066102264386E+00
 0.174244843682359E+00
 0.173037074528066E+00
 0.171453968061841E+00
 0.169507959191842E+00
 0.167212666014036E+00
 0.164582808744588E+00
 0.161634132349907E+00
 0.158383335353453E+00
 0.154848003365564E+00
 0.151047461652864E+00
 0.147232905593437E+00
 0.143579891891677E+00
 0.140070065933248E+00
 0.136719991446668E+00
 0.133493315713514E+00
 0.130391126182094E+00
 0.127408455118410E+00
 0.124537643171465E+00
 0.121767636672090E+00
 0.119089394046674E+00
 0.116514885065758E+00
 0.114034298266408E+00
 0.111860424357677E+00
 0.113426626053350E+00
 0.114709603175549E+00
 0.115708918543063E+00
 0.116425137355426E+00
 0.116859819771295E+00
 0.117015533249513E+00
 0.116895871213787E+00
 0.116505454185532E+00
 0.115849898182458E+00
 0.114935754580065E+00
 0.113770439438462E+00
 0.112362169902229E+00
 0.110719915292549E+00
 0.108857258628345E+00
 0.106954823690797E+00
 0.105103617530674E+00
 0.103288141382322E+00
 0.101542256274832E+00
 0.998235047299170E-01
 0.981419893844473E-01
 0.965030066994976E-01
 0.949087528706090E-01
 0.933598362574239E-01
 0.918523134266203E-01
 0.903823350651873E-01
 0.889438565342050E-01
 0.875285576916926E-01
 0.861276629656309E-01
 0.848046741805393E-01
 0.835147949274462E-01
 0.822289052815046E-01
 0.809519659054767E-01
 0.797780450412950E-01
 0.785917808454760E-01
 0.773940066060541E-01
 0.760393904678508E-01
 0.745352000810883E-01
 0.728891886576001E-01
 0.711095636089108E-01
 0.692049455432354E-01
 0.671843201567136E-01
 0.650569842010341E-01
 0.628324881405273E-01
 0.605205813730150E-01
 0.581311661329685E-01
 0.556742614652245E-01
 0.533041549568344E-01
 0.509930083914823E-01
 0.486319099455202E-01
 0.462303909571059E-01
 0.437979320749165E-01
 0.413439116377224E-01
 0.388775817166048E-01
 0.364080561337329E-01
 0.339442869880146E-01
 0.314950197528964E-01
 0.290687384952206E-01
 0.266736220084271E-01
 0.243175213029522E-01
 0.220079501887668E-01
 0.197520708988774E-01
 0.175566628239312E-01
 0.177647098541816E-01
 0.203058120573486E-01
 0.230203365112309E-01
 0.259021523114178E-01
 0.289439715352184E-01
 0.321373460329877E-01
 0.354726716784177E-01
 0.389392136088560E-01
 0.425251588735691E-01
 0.462176934912990E-01
 0.500030935034652E-01
 0.538668166979632E-01
 0.577935837837415E-01
 0.617674437050817E-01
 0.657718248564965E-01
 0.697895791591270E-01
 0.738030276601079E-01
 0.777940153138833E-01
 0.817439809142749E-01
 0.856340465349149E-01
 0.894451279177355E-01
 0.931580615621810E-01
 0.967537372165408E-01
 0.100213220507310E+00
 0.103517853524081E+00
 0.106649330750519E+00
 0.109589758374687E+00
 0.112321710429575E+00
 0.114828292985407E+00
 0.117093220538261E+00
 0.119100902046105E+00
 0.120836531362041E+00
 0.122286178063179E+00
 0.123436877109762E+00
 0.124276716432191E+00
 0.124794919505772E+00
 0.124981917068936E+00
 0.124829401739893E+00
 0.124330363564232E+00
 0.123479112007998E+00
 0.122271295672003E+00
 0.120703930226367E+00
 0.118775437385385E+00
 0.116485688239272E+00
 0.113836039539230E+00
 0.110900568006616E+00
 0.108032170118319E+00
 0.105279412055983E+00
 0.102633220460906E+00
 0.100088022247272E+00
 0.976380875264885E-01
 0.952795914789680E-01
 0.930119838865992E-01
 0.908333430310036E-01
 0.887325955131175E-01
 0.867057163396594E-01
 0.847539611288224E-01
 0.828694435197777E-01
 0.810464310479933E-01
 0.792914860780641E-01
 0.775889010600504E-01
 0.766406063045777E-01
 0.777553170805119E-01
 0.786878425268063E-01
 0.794294927872921E-01
 0.799722123185963E-01
 0.803086323130537E-01
 0.804321252643782E-01
 0.803368672538294E-01
 0.800179046995740E-01
 0.794712082324193E-01
 0.786936936130007E-01
 0.776832061503299E-01
 0.764384896021959E-01
 0.750506845825523E-01
 0.781296146340125E-01
 0.842501482656850E-01
 0.901049535934816E-01
 0.956727725161493E-01
 0.100933333606252E+00
 0.105867420022237E+00
 0.110456937546573E+00
 0.114684990318009E+00
 0.118535963258027E+00
 0.121995602632222E+00
 0.125051085130752E+00
 0.127691071127729E+00
 0.129905744634369E+00
 0.131686845978030E+00
 0.133027701864487E+00
 0.133923253351205E+00
 0.134370079043312E+00
 0.134366411017416E+00
 0.133912144201549E+00
 0.133008843126194E+00
 0.131659749628066E+00
 0.129869790437068E+00
 0.127645577829154E+00
 0.124995394654446E+00
 0.121985617519482E+00
 0.119023355691698E+00
 0.116164696576406E+00
 0.113417158269664E+00
 0.110765040832966E+00
 0.108206055967792E+00
 0.105742268441494E+00
 0.103360855477416E+00
 0.101061725566594E+00
 0.988476377011774E-01
 0.967104950631231E-01
 0.946403697344514E-01
 0.926378138154580E-01
 0.907012899633848E-01
 0.888246697715431E-01
 0.870106771720608E-01
 0.852429478847357E-01
 0.835481558469207E-01
 0.850807629743990E-01
 0.865607925066189E-01
 0.877555097093191E-01
 0.886602541759005E-01
 0.892714574186798E-01
 0.895866418505475E-01
 0.896044148261208E-01
 0.893244713724716E-01
 0.887476105600092E-01
 0.878757591259127E-01
 0.867119887646009E-01
 0.852740462323448E-01
 0.837959439978295E-01
 0.823571503080435E-01
 0.809397661808757E-01
 0.821828538507366E-01
 0.867202741933517E-01
 0.909091467841925E-01
 0.947366650386758E-01
 0.981915621981236E-01
 0.101264150019835E+00
 0.103946332805611E+00
 0.106231601304953E+00
 0.108115023083017E+00
 0.109593247740873E+00
 0.110664534301614E+00
 0.111328791315419E+00
 0.111587609239530E+00
 0.111444266453098E+00
 0.110903702676328E+00
 0.109972467484054E+00
 0.108658658132208E+00
 0.106971857622144E+00
 0.104923075859456E+00
 0.102524691695794E+00
 0.999978779980102E-01
 0.975665949282346E-01
 0.952219459716006E-01
 0.929628583193497E-01
 0.907941785632032E-01
 0.886967924584575E-01
 0.866772108083376E-01
 0.847306726760059E-01
 0.828494135365018E-01
 0.810319380979986E-01
 0.792758731707421E-01
 0.775785822132446E-01
 0.759383674487744E-01
 0.743497728703164E-01
 0.728135108189188E-01
 0.713298497067967E-01
 0.698882100991948E-01
 0.688323899345780E-01
 0.703927888976666E-01
 0.716857087156086E-01
 0.727086398867757E-01
 0.734601481840892E-01
 0.739399134125265E-01
 0.741487512626665E-01
 0.740886110774223E-01
 0.737625556923255E-01
 0.731747312722366E-01
 0.723303289972524E-01
 0.712355372745480E-01
 0.699920031297474E-01
 0.687781198911528E-01
 0.675912302735824E-01
 0.664330046489801E-01
 0.652914895624408E-01
 0.642006981704473E-01
 0.631299238843087E-01
 0.620804683348387E-01
 0.610519438413807E-01
 0.600414607601158E-01
 0.590472503041446E-01
 0.581144745370601E-01
 0.571980660625817E-01
 0.562891547380808E-01
 0.553777966585820E-01
 0.545097807197234E-01
 0.536892196779797E-01
 0.528534767302753E-01
 0.520151507553636E-01
 0.512701749993442E-01
 0.504934801259921E-01
 0.497203712386606E-01
 0.487768384145242E-01
 0.476684954327143E-01
 0.464016165643948E-01
 0.449830986171085E-01
 0.434204070070245E-01
 0.417215223871639E-01
 0.398949018525337E-01
 0.383144752455465E-01
 0.375847737835887E-01
 0.368750101923722E-01
 0.361816077389701E-01
 0.355131352578537E-01
 0.348602003247324E-01
 0.342256583348657E-01
 0.336120093958811E-01
 0.345939709715461E-01
 0.356157261306164E-01
 0.364251633268464E-01
 0.370213400038960E-01
 0.374043394207527E-01
 0.375752646887083E-01
 0.375362047036186E-01
 0.372901913083764E-01
 0.385374840813696E-01
 0.402771239972624E-01
 0.417523160385750E-01
 0.429524836214996E-01
 0.438683320757748E-01
 0.444918985157305E-01
 0.448166021660545E-01
 0.448372886503185E-01
 0.445502563411569E-01
 0.439532574106399E-01
 0.430454793441981E-01
 0.419779275719091E-01
 0.409499798522392E-01
 0.399582121745112E-01
 0.390032447801902E-01
 0.380834350206547E-01
 0.371941409680180E-01
 0.363351226292401E-01
 0.355023201149759E-01
 0.347032553764002E-01
 0.339254960227934E-01
 0.331742439494391E-01
 0.324447064425418E-01
 0.317405754660906E-01
 0.310594453028192E-01
 0.303989204199909E-01
 0.297642390889923E-01
 0.291456257401105E-01
 0.285461249508697E-01
 0.279627132808992E-01
 0.296279756864412E-01
 0.349319481939378E-01
 0.402567769835931E-01
 0.455810274998975E-01
 0.508832660207366E-01
 0.561420657544478E-01
 0.613360269474015E-01
 0.664438296241688E-01
 0.714443262381220E-01
 0.763166715338262E-01
 0.810404783562625E-01
 0.855959802216933E-01
 0.899641763860861E-01
 0.941269376484318E-01
 0.980670637328869E-01
 0.101768301829122E+00
 0.105215351275589E+00
 0.108393882641071E+00
 0.111290588677525E+00
 0.113893266047310E+00
 0.116190910523233E+00
 0.118173802312773E+00
 0.119833563800987E+00
 0.121163184852389E+00
 0.122157023648562E+00
 0.122810797955271E+00
 0.123121580780458E+00
 0.123087807825010E+00
 0.122709296162204E+00
 0.121987267570338E+00
 0.120924366961695E+00
 0.119524666013638E+00
 0.117793644251475E+00
 0.115738144853250E+00
 0.113366309804086E+00
 0.110687505912392E+00
 0.107766238171095E+00
 0.104915688864317E+00
 0.102188156522693E+00
 0.995715465330755E-01
 0.970682455433130E-01
 0.946677475262268E-01
 0.923620257191471E-01
 0.901383953614405E-01
 0.879929101343476E-01
 0.859281168358882E-01
 0.839472269162090E-01
 0.820367320116853E-01
 0.801889920274924E-01
 0.784012666164777E-01
 0.766850038687417E-01
 0.750218966530655E-01
 0.752935804668793E-01
 0.763927467100071E-01
 0.772754796944471E-01
 0.779377233560141E-01
 0.783763415946624E-01
 0.785891474544208E-01
 0.785749131975267E-01
 0.783333619665746E-01
 0.778651470162590E-01
 0.771718266074796E-01
 0.762558425709038E-01
 0.751205081695770E-01
 0.737882343870895E-01
 0.724574839677809E-01
 0.711434545015551E-01
 0.698638052848807E-01
 0.686264565824921E-01
 0.674084508376495E-01
 0.662238833392495E-01
 0.650676568745912E-01
 0.639472162457529E-01
 0.628595244590034E-01
 0.617985837563906E-01
 0.611618864396079E-01
 0.625690527021846E-01
 0.637217192045968E-01
 0.646242886927936E-01
 0.652823735813814E-01
 0.657027204987305E-01
 0.658931454209724E-01
 0.658624819657852E-01
 0.656205400733625E-01
 0.651780692669792E-01
 0.645467210703408E-01
 0.637390082269129E-01
 0.627682621059597E-01
 0.616485918664855E-01
 0.603948479800387E-01
 0.590590388198444E-01
 0.577628702157497E-01
 0.565219560924857E-01
 0.553181828008002E-01
 0.541582570153048E-01
 0.530359587538798E-01
 0.519556426788026E-01
 0.509107097783583E-01
 0.498963368304817E-01
 0.489143874396792E-01
 0.479546056829730E-01
 0.470313978379452E-01
 0.461369034556009E-01
 0.452636786289583E-01
 0.444139650928125E-01
 0.435931818443375E-01
 0.438735896986916E-01
 0.448010885950921E-01
 0.455542048918323E-01
 0.461353432918874E-01
 0.465479875961615E-01
 0.467966070326959E-01
 0.468865222634949E-01
 0.468237651888918E-01
 0.466149591257437E-01
 0.462672352504799E-01
 0.457881927214094E-01
 0.451859019754226E-01
 0.444845185656976E-01
 0.437767692389632E-01
 0.430920681479926E-01
 0.446701821515830E-01
 0.470721745278496E-01
 0.496824683209818E-01
 0.524930923881875E-01
 0.554944015852180E-01
 0.586751051497486E-01
 0.620224143066592E-01
 0.655222806514779E-01
 0.691596699190926E-01
 0.729188058601574E-01
 0.767833284047492E-01
 0.807363359784895E-01
 0.847603166676152E-01
 0.888370074773036E-01
 0.929472452194812E-01
 0.970708784833246E-01
 0.101186794330609E+00
 0.105273079469631E+00
 0.109307294181486E+00
 0.113266802133547E+00
 0.117129082402455E+00
 0.120871956894268E+00
 0.124473693983780E+00
 0.127912988225932E+00
 0.131168854275961E+00
 0.134220499440620E+00
 0.137047245908875E+00
 0.139628558371614E+00
 0.141944199380270E+00
 0.143974493144371E+00
 0.145700641670342E+00
 0.147105017738890E+00
 0.148171364768090E+00
 0.148884863584101E+00
 0.149232071254170E+00
 0.149200781770093E+00
 0.148779885599953E+00
 0.147959303484257E+00
 0.146730038930036E+00
 0.145084345652125E+00
 0.143015960488767E+00
 0.140520327656691E+00
 0.137594745488603E+00
 0.134238397889952E+00
 0.130535582883676E+00
 0.126926779495768E+00
 0.123470471769615E+00
 0.120159180610175E+00
 0.116977894898407E+00
 0.113924756457332E+00
 0.110996281820028E+00
 0.108185764269760E+00
 0.105481134076725E+00
 0.102882394850686E+00
 0.100380568689308E+00
 0.979785878423876E-01
 0.956677727382051E-01
 0.934324629111692E-01
 0.912869808875183E-01
 0.892084447472153E-01
 0.883956498459465E-01
 0.895334705932098E-01
 0.904690676310287E-01
 0.911913811890301E-01
 0.916899387850548E-01
 0.919550105878904E-01
 0.919777606599494E-01
 0.917503543997624E-01
 0.912659988742426E-01
 0.905189178440473E-01
 0.895042857459629E-01
 0.895985607027246E-01
 0.992107690790266E-01
 0.108666880151077E+00
 0.117938855246274E+00
 0.126998951569160E+00
 0.135819789000428E+00
 0.144374506617114E+00
 0.152636999444255E+00
 0.160582186030639E+00
 0.168186236623894E+00
 0.175426702136572E+00
 0.182282523369220E+00
 0.188733950701883E+00
 0.194762442220386E+00
 0.200350614393829E+00
 0.205482291554303E+00
 0.210142653466091E+00
 0.214318437634166E+00
 0.217998133699183E+00
 0.221172116834435E+00
 0.223832696876897E+00
 0.225974093734724E+00
 0.227592372478735E+00
 0.228685376368517E+00
 0.229252685220659E+00
 0.229295608429156E+00
 0.228817205363670E+00
 0.227822315388136E+00
 0.226317575328777E+00
 0.224311402524534E+00
 0.221813927280979E+00
 0.218836871812367E+00
 0.215393392985192E+00
 0.211497926314508E+00
 0.207166077074333E+00
 0.202414592211910E+00
 0.197281487247151E+00
 0.192197710962556E+00
 0.187326772260644E+00
 0.182657754604734E+00
 0.178186399175891E+00
 0.173890504307519E+00
 0.169764098705170E+00
 0.165796689369069E+00
 0.161975884639153E+00
 0.158289718213190E+00
 0.154744574276563E+00
 0.151318604741992E+00
 0.148022713949385E+00
 0.144840101608844E+00
 0.145712295651286E+00
 0.147356337834144E+00
 0.148658762172279E+00
 0.149616758278651E+00
 0.150228620031809E+00
 0.150493721027354E+00
 0.150412529683712E+00
 0.149986655581248E+00
 0.149218906535699E+00
 0.148113333852233E+00
 0.146675246212044E+00
 0.144911178092278E+00
 0.142828809362155E+00
 0.140437880585255E+00
 0.137923897899358E+00
 0.135469063814214E+00
 0.133092769761963E+00
 0.130770812960323E+00
 0.128529912123095E+00
 0.126336770995718E+00
 0.124191713551149E+00
 0.122097062643334E+00
 0.120062890201324E+00
 0.118087050427629E+00
 0.116155517778380E+00
 0.114256774764593E+00
 0.112388970047001E+00
 0.110591522209917E+00
 0.108875478649192E+00
 0.107169539647722E+00
 0.105464403403599E+00
 0.103854207168711E+00
 0.102296239508267E+00
 0.100712470110236E+00
 0.992023484395206E-01
 0.974765781240335E-01
 0.955420263732239E-01
 0.934061392642989E-01
 0.910768877864890E-01
 0.885627449191045E-01
 0.858726877036431E-01
 0.830162119936794E-01
 0.800033466458538E-01
 0.768446562245305E-01
 0.735512240402928E-01
 0.704164330526360E-01
 0.673032423968160E-01
 0.640799511184998E-01
 0.607578191596815E-01
 0.577444233025675E-01
 0.567081821307384E-01
 0.556917936058609E-01
 0.547073182478611E-01
 0.537422759818139E-01
 0.528026122201303E-01
 0.518889715930059E-01
 0.509991192172730E-01
 0.501366037163188E-01
 0.507188677626699E-01
 0.519555807940682E-01
 0.529657146852833E-01
 0.537539568726945E-01
 0.543257986042128E-01
 0.546875586038800E-01
 0.548463902795792E-01
 0.548102552613712E-01
 0.545878589895823E-01
 0.541885602452554E-01
 0.536222804496192E-01
 0.528994416238775E-01
 0.520994555292198E-01
 0.513195554546874E-01
 0.505597087149713E-01
 0.498006933294923E-01
 0.490568899173235E-01
 0.483408087835655E-01
 0.476315686822776E-01
 0.469358150140503E-01
 0.462542441864546E-01
 0.455824917974188E-01
 0.456183254138131E-01
 0.482223456880306E-01
 0.509338942437136E-01
 0.537375440952657E-01
 0.566173243636126E-01
 0.595568550984747E-01
 0.625394347630008E-01
 0.655480867006243E-01
 0.685655827638597E-01
 0.715744664945938E-01
 0.745570930166944E-01
 0.774956905716228E-01
 0.803724358670299E-01
 0.831695297262880E-01
 0.858692647586288E-01
 0.884540894140307E-01
 0.909066835134347E-01
 0.932100605582921E-01
 0.953477007020770E-01
 0.973037026137212E-01
 0.990629327175838E-01
 0.100611151664954E+00
 0.101935107608658E+00
 0.103022596698056E+00
 0.103862497660706E+00
 0.104444788758044E+00
 0.104760554473257E+00
 0.104801988363991E+00
 0.104562397736276E+00
 0.104036214101025E+00
 0.103219010539440E+00
 0.102107524593041E+00
 0.100699685207316E+00
 0.989946453412882E-01
 0.969928260678821E-01
 0.946959788730743E-01
 0.921473042668696E-01
 0.896559498435174E-01
 0.872646183478483E-01
 0.849746960545510E-01
 0.827760564893213E-01
 0.806709822785665E-01
 0.786479404112244E-01
 0.767042161512182E-01
 0.748365875149665E-01
 0.730340052446927E-01
 0.713028301624622E-01
 0.696340823314116E-01
 0.680253563723305E-01
 0.664744654226515E-01
 0.649804713087714E-01
 0.635310924589384E-01
 0.628581204796303E-01
 0.637200993229268E-01
 0.644323544395122E-01
 0.649875225390985E-01
 0.653787946305959E-01
 0.655998870149663E-01
 0.656450678037431E-01
 0.655092362725542E-01
 0.651880283627673E-01
 0.646779156017795E-01
 0.639762760761181E-01
 0.630814330992221E-01
 0.619926691434709E-01
 0.608336872598627E-01
 0.597065613900968E-01
 0.632941808744659E-01
 0.675428711947126E-01
 0.715374123122004E-01
 0.752637515298634E-01
 0.787091627500337E-01
 0.818622940058547E-01
 0.847131498137295E-01
 0.872530142411594E-01
 0.894743363935712E-01
 0.913706149855789E-01
 0.929363270221943E-01
 0.941669403134381E-01
 0.950590269171824E-01
 0.956104591032846E-01
 0.958206343997416E-01
 0.956906586775831E-01
 0.952234272062600E-01
 0.944235805631871E-01
 0.932973584510710E-01
 0.918524077563051E-01
 0.900976070411688E-01
 0.880674772503297E-01
 0.860209404225851E-01
 0.840504919903444E-01
 0.821475005055350E-01
 0.803096145594046E-01
 0.785303595426397E-01
 0.768176894078520E-01
 0.751613986217928E-01
 0.735630674852091E-01
 0.720155566802063E-01
 0.705205137250508E-01
 0.690722240339620E-01
 0.676697318527647E-01
 0.663164244700855E-01
 0.649981093319296E-01
 0.637209025510322E-01
 0.624826611659304E-01
 0.612816062301160E-01
 0.613780661002428E-01
 0.626346418288682E-01
 0.636701737436672E-01
 0.644819884195213E-01
 0.650685023856488E-01
 0.654291141202163E-01
 0.655640785999078E-01
 0.654744029362209E-01
 0.651617903739317E-01
 0.646286450399406E-01
 0.638781349421492E-01
 0.629142966718983E-01
 0.618597199921846E-01
 0.608367063296496E-01
 0.598453066265525E-01
 0.588578612352669E-01
 0.579229801682446E-01
 0.569981230234390E-01
 0.560935151940783E-01
 0.552072274187478E-01
 0.543399127309991E-01
 0.534848429447964E-01
 0.526362143780709E-01
 0.518138846282005E-01
 0.510368967230755E-01
 0.502658861524858E-01
 0.494973961350426E-01
 0.487298027525593E-01
 0.480334251438589E-01
 0.473235760199588E-01
 0.465885489859872E-01
 0.459463735542351E-01
 0.452856188120189E-01
 0.445978935782089E-01
 0.437636214436211E-01
 0.427872370933799E-01
 0.416740201109356E-01
 0.404300122886768E-01
 0.390618735446764E-01
 0.375767098920809E-01
 0.359819219288634E-01
 0.344914515078449E-01
 0.329711814280405E-01
 0.313583566051930E-01
 0.296604946415100E-01
 0.278853503897408E-01
 0.312894650933229E-01
 0.354103958797080E-01
 0.394412377666750E-01
 0.433610043509908E-01
 0.471490476858500E-01
 0.507850774535868E-01
 0.542492067673596E-01
 0.575220300430790E-01
 0.605847304159435E-01
 0.634192144587754E-01
 0.660082768713944E-01
 0.683357963640832E-01
 0.703869484707878E-01
 0.721483969468239E-01
 0.736084104185050E-01
 0.747568623387786E-01
 0.755851121950167E-01
 0.760858167937688E-01
 0.762527551609811E-01
 0.760807495085107E-01
 0.755657274308751E-01
 0.747049147322970E-01
 0.734970985312332E-01
 0.719428751311561E-01
 0.701216557473503E-01
 0.683378505346244E-01
 0.666212853696435E-01
 0.649742324272659E-01
 0.633799810155075E-01
 0.618437643714023E-01
 0.603646518074663E-01
 0.589391627855449E-01
 0.575665087692288E-01
 0.562373288580941E-01
 0.549585822006211E-01
 0.537267048783357E-01
 0.525320950473657E-01
 0.513797840851308E-01
 0.502680571311812E-01
 0.491831819502996E-01
 0.481444351785820E-01
 0.471340969139674E-01
 0.461556228087079E-01
 0.452085991676169E-01
 0.458164906644967E-01
 0.468695193336441E-01
 0.477196770896649E-01
 0.483605977821266E-01
 0.487868342571183E-01
 0.525640993768804E-01
 0.581656452893856E-01
 0.636073560186473E-01
 0.688660472055004E-01
 0.739190456992626E-01
 0.787441685138809E-01
 0.833197919761865E-01
 0.876250093274541E-01
 0.916398354681296E-01
 0.953454010337516E-01
 0.987240910522083E-01
 0.101759615720071E+00
 0.104437032453940E+00
 0.106742753072833E+00
 0.108664564512346E+00
 0.110191674764941E+00
 0.111314779903068E+00
 0.112026139694885E+00
 0.112319647734968E+00
 0.112190883634976E+00
 0.111637138255499E+00
 0.110657409358349E+00
 0.109252374484067E+00
 0.107424356442830E+00
 0.105177298440282E+00
 0.102603651935585E+00
 0.100077885295869E+00
 0.976445463638180E-01
 0.952996321139179E-01
 0.930443054922771E-01
 0.908657008282100E-01
 0.887708768317782E-01
 0.867492680397884E-01
 0.847989495761430E-01
 0.829095735118494E-01
 0.810923527607506E-01
 0.793335893167955E-01
 0.776221133291430E-01
 0.759831691559607E-01
 0.743784905900774E-01
 0.728404055391797E-01
 0.713421633115753E-01
 0.698946197553319E-01
 0.684915185792283E-01
 0.699154367947568E-01
 0.712389995396621E-01
 0.723047476144420E-01
 0.731067307542739E-01
 0.736400007421164E-01
 0.739005204479440E-01
 0.738851068913409E-01
 0.735914367722337E-01
 0.730181201309817E-01
 0.742150295956103E-01
 0.808350407693745E-01
 0.872236387931169E-01
 0.933575511945872E-01
 0.992146471260368E-01
 0.104774195222482E+00
 0.110016978473778E+00
 0.114925266049820E+00
 0.119482691863810E+00
 0.123674114067149E+00
 0.127485524838712E+00
 0.130904053567383E+00
 0.133918071163266E+00
 0.136517369862631E+00
 0.138693369696227E+00
 0.140439295508531E+00
 0.141750279521585E+00
 0.142623370585021E+00
 0.143057462263035E+00
 0.143053174500319E+00
 0.142612728781582E+00
 0.141739845411584E+00
 0.140439673761634E+00
 0.138718753665835E+00
 0.136585003612969E+00
 0.134047734552481E+00
 0.131117687779829E+00
 0.127833768091303E+00
 0.124574517067504E+00
 0.121450678219636E+00
 0.118441528321511E+00
 0.115556178924055E+00
 0.112782394141391E+00
 0.110112624707340E+00
 0.107536919465092E+00
 0.105053835564021E+00
 0.102666890005211E+00
 0.100356608510955E+00
 0.981275030877429E-01
 0.959664485392559E-01
 0.938853058741979E-01
 0.918765350216160E-01
 0.899313737314369E-01
 0.880470998401497E-01
 0.888211783860771E-01
 0.902737458399357E-01
 0.914432390039684E-01
 0.923265710582134E-01
 0.929216880929583E-01
 0.932274981504664E-01
 0.932438397995871E-01
 0.929714951366866E-01
 0.924122337890797E-01
 0.915688693788882E-01
 0.904453108211843E-01
 0.890465923488486E-01
 0.874571572917850E-01
 0.859103894237403E-01
 0.843985515312040E-01
 0.829322858632253E-01
 0.814777232285902E-01
 0.800845657089498E-01
 0.787222696103896E-01
 0.785849240377014E-01
 0.820617405931816E-01
 0.852417914156546E-01
 0.881225993085478E-01
 0.907031387057723E-01
 0.929837360312521E-01
 0.949659767945091E-01
 0.966526527865461E-01
 0.980477579286377E-01
 0.991565137702063E-01
 0.999853883746866E-01
 0.100542072865785E+00
 0.100835398031776E+00
 0.100875201608153E+00
 0.100672182660623E+00
 0.100237789832669E+00
 0.995841778392573E-01
 0.987242351241906E-01
 0.976716494802585E-01
 0.964409559799003E-01
 0.950475148039336E-01
 0.935073942219966E-01
 0.918371723750305E-01
 0.900537024702977E-01
 0.881738965776159E-01
 0.862145712810483E-01
 0.841923717847412E-01
 0.821237619009958E-01
 0.800429696208120E-01
 0.780538919215626E-01
 0.761681128889297E-01
 0.743818494147263E-01
 0.726699996520360E-01
 0.710258748591006E-01
 0.694472327440239E-01
 0.679264397601599E-01
 0.664582601188489E-01
 0.650478743239010E-01
 0.656451963854211E-01
 0.665292113807270E-01
 0.672176747599269E-01
 0.677148567846742E-01
 0.680259008993044E-01
 0.681567048874452E-01
 0.681137880488761E-01
 0.679041831516527E-01
 0.675353772973708E-01
 0.670153038760181E-01
 0.663523734596836E-01
 0.655555273744689E-01
 0.646342943460863E-01
 0.635988218666698E-01
 0.624909905564409E-01
 0.614151912375259E-01
 0.603730240770038E-01
 0.593449720891576E-01
 0.583530696542836E-01
 0.575988733640713E-01
 0.587424557733510E-01
 0.599632800040086E-01
 0.612486811850876E-01
 0.625854595757212E-01
 0.639597791436601E-01
 0.653570495845903E-01
 0.667618649931888E-01
 0.681580466501583E-01
 0.695287985408318E-01
 0.708569482659587E-01
 0.721252226237505E-01
 0.733164995054823E-01
 0.744139858109978E-01
 0.754012933830493E-01
 0.762624171743406E-01
 0.769816529741908E-01
 0.775435137182413E-01
 0.779327035754292E-01
 0.781341859891820E-01
 0.781333447334830E-01
 0.779162018266375E-01
 0.774696377502530E-01
 0.767815643038815E-01
 0.758410239610762E-01
 0.746382193371365E-01
 0.731644989149828E-01
 0.714123325627237E-01
 0.693911398796989E-01
 0.673566026607895E-01
 0.654099664149786E-01
 0.635427191817480E-01
 0.617590318856605E-01
 0.600446610226781E-01
 0.584001465171509E-01
 0.568208686188648E-01
 0.553001280972992E-01
 0.538367378231617E-01
 0.524379423076940E-01
 0.510884019341719E-01
 0.497932290187084E-01
 0.485495593837642E-01
 0.473521766405984E-01
 0.462100383220626E-01
 0.451014794135799E-01
 0.440300440168009E-01
 0.443059033148489E-01
 0.448048714163133E-01
 0.452102780298395E-01
 0.455115264838844E-01
 0.456980947848159E-01
 0.520727506551733E-01
 0.595776812503522E-01
 0.671206100010708E-01
 0.746784642573489E-01
 0.822276755335969E-01
 0.897443067319538E-01
 0.972041996982527E-01
 0.104583116829525E+00
 0.111856857121525E+00
 0.119001340953619E+00
 0.125992671410339E+00
 0.132807187494286E+00
 0.139421524869891E+00
 0.145812694771107E+00
 0.151958184413549E+00
 0.157836075073358E+00
 0.163425168489646E+00
 0.168705109599029E+00
 0.173656494737455E+00
 0.178260959406973E+00
 0.182501247027124E+00
 0.186361266868622E+00
 0.189826152440255E+00
 0.192882329196677E+00
 0.195517593272279E+00
 0.197721194098256E+00
 0.199483907336612E+00
 0.200798083869006E+00
 0.201657666568942E+00
 0.202058177293172E+00
 0.201996687678586E+00
 0.201471794008910E+00
 0.200483615151788E+00
 0.199033822981154E+00
 0.197125699948986E+00
 0.194764204254750E+00
 0.191956015506394E+00
 0.188709536888879E+00
 0.185034843477372E+00
 0.180943585424391E+00
 0.176448871019755E+00
 0.171794342885834E+00
 0.167333028041486E+00
 0.163056441112434E+00
 0.158956930944347E+00
 0.155020151271660E+00
 0.151244391515798E+00
 0.147612144101139E+00
 0.144124796218736E+00
 0.140773095055745E+00
 0.137543495427139E+00
 0.134434601668074E+00
 0.131429778986795E+00
 0.128536812129282E+00
 0.125739423067596E+00
 0.126935714897153E+00
 0.128300745678140E+00
 0.129378203574436E+00
 0.130162935863645E+00
 0.130650777758972E+00
 0.130838540149027E+00
 0.130723986209415E+00
 0.130305811751519E+00
 0.129583654934654E+00
 0.128558153798161E+00
 0.127231046716660E+00
 0.125605286546472E+00
 0.123685127812947E+00
 0.121493802728127E+00
 0.119286064794472E+00
 0.117145148590510E+00
 0.115052531436914E+00
 0.113029208974002E+00
 0.111044170398099E+00
 0.109109201080988E+00
 0.107241800471911E+00
 0.105413943836797E+00
 0.103631783191877E+00
 0.101915939990325E+00
 0.100243725375440E+00
 0.986064367285921E-01
 0.969977749674795E-01
 0.954033640909991E-01
 0.938758044221740E-01
 0.930435169823780E-01
 0.939151683592149E-01
 0.944149018022724E-01
 0.945502435765010E-01
 0.943302528967259E-01
 0.937654918872078E-01
 0.928679788558879E-01
 0.916511273714308E-01
 0.901296759790036E-01
 0.883225726982921E-01
 0.864440860245010E-01
 0.846269548778751E-01
 0.828666495322236E-01
 0.811606191708488E-01
 0.795155517064862E-01
 0.779214479208056E-01
 0.763743757832877E-01
 0.748737500813525E-01
 0.734132955538803E-01
 0.720017318628189E-01
 0.706288362462006E-01
 0.692895037889115E-01
 0.679957818684432E-01
 0.667344613578505E-01
 0.655095452028867E-01
 0.643176039846839E-01
 0.631584201893796E-01
 0.621651020933053E-01
 0.637653996882387E-01
 0.651042879681950E-01
 0.661824562763850E-01
 0.670017381528278E-01
 0.675650904285189E-01
 0.678765439929418E-01
 0.679411443856426E-01
 0.677649004985057E-01
 0.673547481968564E-01
 0.667185248218256E-01
 0.658649470511041E-01
 0.648431288017415E-01
 0.638170994603443E-01
 0.628153247576572E-01
 0.618431343480066E-01
 0.608879456206022E-01
 0.599478015776629E-01
 0.590274453581484E-01
 0.581283976497959E-01
 0.572508487728524E-01
 0.563975487661018E-01
 0.555634817859724E-01
 0.547511172398140E-01
 0.539468959956448E-01
 0.531453475087427E-01
 0.523718666050701E-01
 0.516397073684194E-01
 0.508999465273471E-01
 0.501455157824554E-01
 0.494738554444643E-01
 0.487945656871003E-01
 0.480833160429709E-01
 0.495667010173734E-01
 0.541368027466738E-01
 0.587943687314561E-01
 0.635178372567776E-01
 0.682852423628042E-01
 0.730742832704582E-01
 0.778623728833358E-01
 0.826266701246177E-01
 0.873441141240685E-01
 0.919914842441219E-01
 0.965455028410045E-01
 0.100982980967226E+00
 0.105280991167651E+00
 0.109417045397869E+00
 0.113369261427210E+00
 0.117116511087593E+00
 0.120638549423219E+00
 0.123916121717264E+00
 0.126931040227112E+00
 0.129666222469372E+00
 0.132105691950718E+00
 0.134234555941484E+00
 0.136038984056009E+00
 0.137506209851390E+00
 0.138624567155580E+00
 0.139383560946652E+00
 0.139773965713364E+00
 0.139787942448603E+00
 0.139419163958480E+00
 0.138662933395605E+00
 0.137516275104314E+00
 0.135977976676798E+00
 0.134048571249051E+00
 0.131730266807881E+00
 0.129026845395589E+00
 0.125943560596542E+00
 0.122539400611363E+00
 0.119199189270862E+00
 0.116007121587635E+00
 0.112949655440643E+00
 0.110012918463883E+00
 0.107194512245353E+00
 0.104492982355996E+00
 0.101897660298593E+00
 0.993938270565252E-01
 0.969905217308291E-01
 0.946748457650640E-01
 0.924461006914847E-01
 0.902986387195764E-01
 0.882257830175017E-01
 0.862274434256121E-01
 0.842920737660661E-01
 0.834736448550858E-01
 0.846752321332856E-01
 0.856584094172301E-01
 0.864153778428074E-01
 0.869392640803133E-01
 0.872241184090452E-01
 0.872649217391283E-01
 0.870576029515203E-01
 0.865990601246065E-01
 0.858871795258521E-01
 0.849208489291743E-01
 0.836999618425087E-01
 0.822298361021171E-01
 0.806853168556002E-01
 0.791836938353971E-01
 0.819036023236405E-01
 0.878887398117027E-01
 0.936044024879941E-01
 0.990352727484939E-01
 0.104167046855926E+00
 0.108986481215498E+00
 0.113481513477716E+00
 0.117641415216910E+00
 0.121456924674065E+00
 0.124920325238269E+00
 0.128025462186640E+00
 0.130767711120864E+00
 0.133143920683075E+00
 0.135152352782106E+00
 0.136792640670241E+00
 0.138065779432981E+00
 0.138974152020456E+00
 0.139521576639082E+00
 0.139713344817493E+00
 0.139556214787714E+00
 0.139058338964087E+00
 0.138229132855634E+00
 0.137079120558800E+00
 0.135619802533422E+00
 0.133863578248063E+00
 0.131823727739738E+00
 0.129514429083680E+00
 0.126950777083854E+00
 0.124148774772567E+00
 0.121130076767558E+00
 0.118147660636264E+00
 0.115290760963554E+00
 0.112544181062388E+00
 0.109913781125235E+00
 0.107374391086395E+00
 0.104933309532633E+00
 0.102590470177391E+00
 0.100327994111701E+00
 0.981438345290346E-01
 0.960256371034967E-01
 0.939912790592926E-01
 0.920336728835895E-01
 0.901380903129248E-01
 0.901815055422259E-01
 0.914421284179350E-01
 0.924570257266119E-01
 0.932267231280187E-01
 0.937527477365978E-01
 0.940376296912403E-01
 0.940848479538870E-01
 0.938987368901763E-01
 0.934843876332756E-01
 0.928475782259974E-01
 0.919947535083923E-01
 0.909330558984082E-01
 0.896703869085044E-01
 0.882154636249266E-01
 0.867068384828231E-01
 0.852349900042399E-01
 0.837977224753178E-01
 0.823904452403302E-01
 0.810229865569360E-01
 0.796840258568221E-01
 0.783741787198356E-01
 0.770946402653485E-01
 0.758489374540795E-01
 0.746358779845192E-01
 0.734466987524756E-01
 0.722824652856231E-01
 0.711344048396596E-01
 0.700301902393562E-01
 0.689703470385687E-01
 0.679163946825923E-01
 0.668635684153966E-01
 0.658740264544621E-01
 0.649099175682238E-01
 0.639314619358220E-01
 0.630043669754160E-01
 0.619433298403115E-01
 0.607551280111026E-01
 0.594468844012148E-01
 0.580260647894009E-01
 0.565004854290501E-01
 0.548783132709188E-01
 0.531680468307043E-01
 0.513784752363126E-01
 0.495186198618578E-01
 0.475976654089864E-01
 0.456248878562899E-01
 0.436760722655907E-01
 0.418217863886254E-01
 0.399306900055117E-01
 0.380113378756418E-01
 0.360723043935969E-01
 0.341221500647563E-01
 0.321693685333988E-01
 0.302223170922400E-01
 0.282891428472958E-01
 0.263777208288557E-01
 0.244956154877274E-01
 0.234144421313266E-01
 0.226831266673063E-01
 0.219813493049883E-01
 0.213058067678919E-01
 0.206601628971491E-01
 0.200457483627165E-01
 0.194545987004108E-01
 0.188871770146573E-01
 0.183435978977747E-01
 0.178182766454153E-01
 0.173177533041880E-01
 0.168373834205238E-01
 0.178450856361170E-01
 0.222888348105667E-01
 0.268674141176891E-01
 0.315653136146759E-01
 0.363660056974714E-01
 0.412520098584167E-01
 0.462050003827642E-01
 0.512059461890667E-01
 0.562352594580386E-01
 0.612729277828453E-01
 0.662986133775693E-01
 0.712917175079952E-01
 0.762314216424815E-01
 0.810967232420143E-01
 0.858664822059866E-01
 0.905194866309916E-01
 0.950345384436982E-01
 0.993905542235934E-01
 0.103566675135750E+00
 0.107542381285175E+00
 0.111297608185701E+00
 0.114812864752019E+00
 0.118069352104111E+00
 0.121049080272024E+00
 0.123734976800929E+00
 0.126110979658393E+00
 0.128162108757587E+00
 0.129874515693500E+00
 0.131235517368485E+00
 0.132233622895540E+00
 0.132858563197024E+00
 0.133101330304736E+00
 0.132954230625251E+00
 0.132410954022406E+00
 0.131466657204428E+00
 0.130118054291297E+00
 0.128363500672599E+00
 0.126203052101725E+00
 0.123638483292964E+00
 0.120673259812134E+00
 0.117580646963664E+00
 0.114613466740436E+00
 0.111749383702864E+00
 0.109006199703696E+00
 0.106367623500020E+00
 0.103819867045337E+00
 0.101363855167691E+00
 0.990022685773276E-01
 0.967318256816122E-01
 0.945362248789013E-01
 0.924199503478264E-01
 0.903797443956851E-01
 0.883972157391308E-01
 0.864957756702112E-01
 0.846454585543177E-01
 0.828666000309059E-01
 0.818088171647552E-01
 0.831475581948180E-01
 0.842684883780082E-01
 0.851628666769760E-01
 0.858227219929184E-01
 0.862409304892865E-01
 0.864113004266218E-01
 0.863286408739512E-01
 0.859887970146279E-01
 0.853886490269363E-01
 0.845260841049183E-01
 0.833999575550125E-01
 0.820121466545622E-01
 0.817921265312639E-01
 0.885939648061412E-01
 0.951245283311260E-01
 0.101360453808238E+00
 0.107279703849437E+00
 0.112861669214677E+00
 0.118087170435405E+00
 0.122938376526287E+00
 0.127398686242312E+00
 0.131452629379795E+00
 0.135085838501460E+00
 0.138285118260766E+00
 0.141038607408892E+00
 0.143335996975890E+00
 0.145168747242924E+00
 0.146530244559681E+00
 0.147415859635060E+00
 0.147822905180136E+00
 0.147750527791245E+00
 0.147199589882420E+00
 0.146172592636939E+00
 0.144673663646740E+00
 0.142708597745503E+00
 0.140284914087817E+00
 0.137411887624892E+00
 0.134119043079679E+00
 0.130796035978390E+00
 0.127605409748897E+00
 0.124532466994591E+00
 0.121576979558934E+00
 0.118723523619723E+00
 0.115977716939044E+00
 0.113329251222820E+00
 0.110771477058634E+00
 0.108298698911708E+00
 0.105919116692062E+00
 0.103618074873148E+00
 0.101395241015295E+00
 0.992518458411873E-01
 0.971644490030286E-01
 0.951633204503269E-01
 0.932120369243831E-01
 0.914223058926697E-01
 0.932517663179233E-01
 0.947820709911596E-01
 0.960077459207322E-01
 0.969243554996325E-01
 0.975285298019002E-01
 0.978179882390715E-01
 0.977915633604244E-01
 0.974492298674735E-01
 0.967921393332989E-01
 0.958226526954619E-01
 0.945443562949088E-01
 0.929732508486159E-01
 0.913592814268103E-01
 0.897725835164398E-01
 0.882164649421482E-01
 0.867250283080073E-01
 0.901560917692758E-01
 0.949148141374015E-01
 0.993174777104735E-01
 0.103353020794755E+00
 0.107011833341913E+00
 0.110285830784061E+00
 0.113168540780234E+00
 0.115655167542770E+00
 0.117742603808840E+00
 0.119429378511353E+00
 0.120715552544044E+00
 0.121602597280576E+00
 0.122093302281743E+00
 0.122191753987236E+00
 0.121903405200879E+00
 0.121235221396256E+00
 0.120195855679325E+00
 0.118795783410318E+00
 0.117047330570042E+00
 0.114964558777881E+00
 0.112563015123392E+00
 0.109866746814091E+00
 0.107136244781162E+00
 0.104519017859305E+00
 0.102009124104771E+00
 0.995911620119796E-01
 0.972598576507744E-01
 0.950178571191258E-01
 0.928612248867097E-01
 0.907801432581744E-01
 0.887672951153086E-01
 0.868226555510520E-01
 0.849443880321292E-01
 0.831281516144489E-01
 0.813702287311873E-01
 0.796751437029765E-01
 0.780367588113854E-01
 0.764492299083048E-01
 0.769589908016924E-01
 0.783575166897246E-01
 0.794873960165971E-01
 0.803483173710273E-01
 0.809410127508341E-01
 0.812672532362763E-01
 0.813298535906530E-01
 0.811326853092411E-01
 0.806806901683260E-01
 0.799798793033579E-01
 0.790373020396848E-01
 0.778609772679874E-01
 0.765070913114666E-01
 0.751684055432938E-01
 0.738619037392156E-01
 0.726052678369579E-01
 0.713594345351649E-01
 0.701462444270522E-01
 0.689767617623520E-01
 0.678329554525189E-01
 0.667100436012811E-01
 0.656050888031776E-01
 0.645411756361957E-01
 0.635136559794895E-01
 0.625053289374494E-01
 0.615083544391421E-01
 0.605165355993720E-01
 0.595790478323211E-01
 0.586788278274276E-01
 0.577701004026580E-01
 0.568647877344289E-01
 0.560455033640784E-01
 0.552045203682043E-01
 0.543635032238191E-01
 0.533649878063965E-01
 0.522156567270044E-01
 0.509227155881543E-01
 0.494938480579800E-01
 0.479371756459003E-01
 0.462612263626846E-01
 0.444749105071140E-01
 0.425874966413165E-01
 0.407970900697653E-01
 0.390065327275858E-01
 0.371338515397886E-01
 0.351883466484525E-01
 0.331795699731386E-01
 0.311172685252440E-01
 0.290113117088966E-01
 0.268716067374202E-01
 0.247080132484523E-01
 0.241848819423089E-01
 0.252242874923538E-01
 0.260557525351838E-01
 0.266682641332467E-01
 0.270519190387357E-01
 0.271978961773365E-01
 0.270984226386088E-01
 0.267467652978501E-01
 0.261382443946528E-01
 0.254053591859374E-01
 0.246989691090816E-01
 0.240233134485504E-01
 0.233624991162802E-01
 0.227323916177847E-01
 0.221258404101289E-01
 0.215496905916338E-01
 0.209921114083592E-01
 0.204586637485898E-01
 0.199383462745119E-01
 0.194439214700519E-01
 0.189674454271669E-01
 0.185088363825664E-01
 0.180633371820283E-01
 0.176272679586484E-01
 0.179302127117547E-01
 0.224627746340173E-01
 0.271293830173781E-01
 0.319125138192857E-01
 0.367938133185836E-01
 0.417542369568599E-01
 0.467741864107207E-01
 0.518336454130481E-01
 0.569123138792152E-01
 0.619897343010663E-01
 0.670454011062798E-01
 0.720588465494112E-01
 0.770097041223866E-01
 0.818777576282257E-01
 0.866429866857698E-01
 0.912856165114542E-01
 0.957861740536676E-01
 0.100125548528477E+00
 0.104285055333581E+00
 0.108246507258670E+00
 0.111992300989603E+00
 0.115505525133312E+00
 0.118770087858208E+00
 0.121770852698758E+00
 0.124493766463079E+00
 0.126925965757704E+00
 0.129055855018049E+00
 0.130873154058340E+00
 0.132368915567348E+00
 0.133535515667588E+00
 0.134366626628258E+00
 0.134857188240470E+00
 0.135003396881468E+00
 0.134802723814470E+00
 0.134253958690707E+00
 0.133357259452794E+00
 0.132114185638348E+00
 0.130527701691366E+00
 0.128602154329509E+00
 0.126343241957926E+00
 0.123757995421401E+00
 0.120854777186436E+00
 0.117673237243829E+00
 0.114547429265486E+00
 0.111552843031032E+00
 0.108680126374323E+00
 0.105919130692560E+00
 0.103278878537377E+00
 0.100739029043256E+00
 0.982944749524255E-01
 0.959441598830774E-01
 0.936886075275800E-01
 0.915110649171058E-01
 0.894146754100589E-01
 0.873986639151089E-01
 0.854435802186365E-01
 0.835620470085284E-01
 0.821980690439151E-01
 0.833754745874145E-01
 0.843441490923132E-01
 0.850986076268417E-01
 0.856342078260323E-01
 0.859471370199406E-01
 0.860344250739825E-01
 0.858939977862170E-01
 0.855247526605828E-01
 0.849266148895642E-01
 0.841005364836099E-01
 0.830484342510239E-01
 0.817730998242200E-01
 0.803044017557583E-01
 0.788238441408713E-01
 0.773988541642119E-01
 0.760159183531675E-01
 0.746624933426182E-01
 0.733359395112976E-01
 0.720488314008617E-01
 0.708023745842710E-01
 0.695778457430898E-01
 0.683865614034001E-01
 0.672360003518856E-01
 0.661152560169495E-01
 0.670684026803668E-01
 0.683080530605805E-01
 0.692556425909656E-01
 0.699146647706253E-01
 0.702904616220586E-01
 0.703901234467204E-01
 0.702222610927717E-01
 0.697967319719018E-01
 0.691244034269453E-01
 0.682170067831208E-01
 0.670870919079593E-01
 0.657480565915962E-01
 0.643459693661143E-01
 0.629997703647191E-01
 0.616861906251621E-01
 0.604162930223878E-01
 0.591873966716016E-01
 0.579975994437297E-01
 0.568505717200988E-01
 0.557339637092836E-01
 0.546491455939399E-01
 0.535921173440863E-01
 0.525725427263199E-01
 0.515862273057354E-01
 0.506272695449391E-01
 0.496800020345837E-01
 0.487714872750686E-01
 0.478849138552331E-01
 0.470169226954157E-01
 0.461815030027615E-01
 0.473719069314430E-01
 0.483875460360203E-01
 0.492046847049919E-01
 0.498249018431176E-01
 0.502506709640146E-01
 0.504853278735322E-01
 0.505330714607344E-01
 0.503989809088060E-01
 0.500890141932632E-01
 0.496099618300926E-01
 0.489693613981787E-01
 0.482148332144076E-01
 0.474592879025732E-01
 0.467184896778923E-01
 0.460066620045973E-01
 0.452995869283197E-01
 0.446029682365720E-01
 0.439215319235844E-01
 0.432580538059304E-01
 0.426081166394765E-01
 0.419794521418026E-01
 0.413646107266029E-01
 0.407580650450752E-01
 0.429393210404498E-01
 0.467765099612915E-01
 0.508092035358998E-01
 0.550215651544254E-01
 0.593963839956051E-01
 0.639153036026501E-01
 0.685590507730340E-01
 0.733076337916814E-01
 0.781404878223261E-01
 0.830365539153180E-01
 0.879742927619926E-01
 0.929316551780002E-01
 0.978860486246361E-01
 0.102814340179879E+00
 0.107692917469213E+00
 0.112497801014450E+00
 0.117204782752389E+00
 0.121789567537554E+00
 0.126227912011239E+00
 0.130495770882380E+00
 0.134569459987821E+00
 0.138425829327432E+00
 0.142042422345763E+00
 0.145397595342354E+00
 0.148470585966244E+00
 0.151241541564159E+00
 0.153691532459744E+00
 0.155802575601785E+00
 0.157557684557146E+00
 0.158940950846600E+00
 0.159937653699548E+00
 0.160534389202999E+00
 0.160719202809905E+00
 0.160481702220663E+00
 0.159813126134721E+00
 0.158706353685377E+00
 0.157155859347723E+00
 0.155157640894134E+00
 0.152709161497181E+00
 0.149809342382745E+00
 0.146458620151201E+00
 0.142659054010683E+00
 0.138721477685296E+00
 0.134950068052980E+00
 0.131340649200535E+00
 0.127869606155442E+00
 0.124542335289497E+00
 0.121351761749759E+00
 0.118286242426232E+00
 0.115338176170226E+00
 0.112501913491005E+00
 0.109779347417897E+00
 0.107151389754372E+00
 0.104618773878209E+00
 0.102188592773523E+00
 0.998350417858335E-01
 0.975751658896239E-01
 0.953793391434311E-01
 0.964559455455464E-01
 0.976225485136237E-01
 0.985512483331951E-01
 0.992322961536971E-01
 0.996567745388882E-01
 0.998165863493501E-01
 0.997044741157812E-01
 0.993140909491756E-01
 0.986401100155385E-01
 0.976783325528094E-01
 0.964257539614329E-01
 0.948805719067367E-01
 0.975812546191249E-01
 0.106744358539290E+00
 0.115683956308624E+00
 0.124374054795591E+00
 0.132789335417099E+00
 0.140905291199395E+00
 0.148698410897519E+00
 0.156146373464884E+00
 0.163228214885056E+00
 0.169924443617748E+00
 0.176217098586770E+00
 0.182089755282981E+00
 0.187527491140873E+00
 0.192516827167807E+00
 0.197045672287181E+00
 0.201103304754434E+00
 0.204680420923555E+00
 0.207769259901203E+00
 0.210363779552991E+00
 0.212459831253959E+00
 0.214055273851812E+00
 0.215149986763748E+00
 0.215745778768726E+00
 0.215846225166461E+00
 0.215456485965048E+00
 0.214583156193799E+00
 0.213234181589891E+00
 0.211418848857261E+00
 0.209147837438661E+00
 0.206433307626030E+00
 0.203289013565086E+00
 0.199730288174432E+00
 0.195773921014762E+00
 0.191438010530782E+00
 0.186741762942882E+00
 0.181943992559328E+00
 0.177348477788215E+00
 0.172940559055031E+00
 0.168712583476507E+00
 0.164651377120698E+00
 0.160750631541809E+00
 0.156997612120712E+00
 0.153383294058096E+00
 0.149900247797285E+00
 0.146540644220139E+00
 0.143303848367388E+00
 0.140175507531281E+00
 0.137155674000691E+00
 0.137628725257501E+00
 0.139205203186648E+00
 0.140447343197446E+00
 0.141353314022986E+00
 0.141922504067785E+00
 0.142155490120576E+00
 0.142054009852509E+00
 0.141620961308411E+00
 0.140860424515099E+00
 0.139777677067146E+00
 0.138379177804348E+00
 0.136672517407371E+00
 0.134666359422036E+00
 0.132370398858866E+00
 0.129900626835007E+00
 0.127490394851575E+00
 0.125143413495211E+00
 0.122828589615353E+00
 0.120595968630645E+00
 0.118404474389809E+00
 0.116254307779939E+00
 0.114149156263676E+00
 0.112083870368394E+00
 0.110060774206976E+00
 0.108076998996092E+00
 0.106124501093971E+00
 0.104190026755761E+00
 0.102354586246192E+00
 0.100541872783455E+00
 0.987373867395354E-01
 0.969340090552872E-01
 0.952496085254122E-01
 0.935692203233565E-01
 0.918643741198476E-01
 0.902591371844566E-01
 0.884600249417963E-01
 0.864758746213651E-01
 0.843162647135840E-01
 0.819914677696018E-01
 0.795123727864976E-01
 0.768903855968271E-01
 0.741373191618609E-01
 0.712652880966332E-01
 0.682866225066616E-01
 0.652138123265335E-01
 0.620602453513379E-01
 0.591720172889444E-01
 0.562142886187246E-01
 0.531990262798068E-01
 0.501382571398818E-01
 0.470440143301882E-01
 0.439282619598299E-01
 0.408028131925123E-01
 0.376792575999980E-01
 0.386847154733969E-01
 0.410925620368102E-01
 0.435447460490473E-01
 0.460346353072729E-01
 0.485552031629071E-01
 0.510990629545702E-01
 0.536585044687675E-01
 0.562255316691978E-01
 0.587919013720871E-01
 0.613491630803196E-01
 0.638887007543648E-01
 0.664017776753408E-01
 0.688795853979003E-01
 0.713132969323164E-01
 0.736941230579913E-01
 0.760133697527481E-01
 0.782624946612342E-01
 0.804331612491550E-01
 0.825172902190973E-01
 0.845071083719101E-01
 0.863951953200288E-01
 0.881745285591317E-01
 0.898385275179497E-01
 0.913810971340452E-01
 0.927966709754404E-01
 0.940802530043538E-01
 0.952274562136848E-01
 0.962345360779689E-01
 0.970984172520614E-01
 0.978167130190515E-01
 0.983877381715216E-01
 0.988105168068981E-01
 0.990847865715974E-01
 0.992110001816598E-01
 0.991903239970288E-01
 0.990246326918591E-01
 0.987164990668727E-01
 0.982691786080506E-01
 0.976865888989042E-01
 0.969732840318575E-01
 0.961344239644675E-01
 0.951757389148537E-01
 0.941034896058798E-01
 0.929244249293027E-01
 0.916457386060886E-01
 0.902750254078585E-01
 0.888202360911405E-01
 0.872896293396498E-01
 0.856917192081938E-01
 0.840352175449633E-01
 0.823289720049199E-01
 0.805819011139453E-01
 0.788029283228331E-01
 0.770009171615039E-01
 0.751846094709116E-01
 0.733625682368271E-01
 0.715431258583677E-01
 0.697343378906673E-01
 0.679439414945801E-01
 0.661793170986550E-01
 0.644474513746694E-01
 0.627548999062696E-01
 0.611077490012228E-01
 0.595115775258059E-01
 0.579714206515617E-01
 0.564917375334186E-01
 0.550763844490644E-01
 0.537285945081530E-01
 0.524509650225160E-01
 0.512454536024912E-01
 0.501133833161842E-01
 0.490554556843944E-01
 0.480717686490318E-01
 0.471618360478340E-01
 0.463246060752656E-01
 0.455584782490393E-01
 0.448613204819985E-01
 0.442304890748586E-01
 0.436628544683985E-01
 0.431548346239409E-01
 0.427024363897275E-01
 0.423013036465329E-01
 0.419467698318485E-01
 0.416339118896228E-01
 0.413576028477105E-01
 0.411125609947310E-01
 0.408933948502768E-01
 0.406946445785562E-01
 0.405108218037322E-01
 0.403364504026177E-01
 0.401661103435948E-01
 0.399944850745514E-01
 0.398164110558263E-01
 0.396269267284406E-01
 0.394213180791078E-01
 0.391951588443932E-01
 0.389443446358694E-01
 0.386651212457261E-01
 0.383541079079490E-01
 0.380083164375427E-01
 0.376251671126277E-01
 0.372025019029508E-01
 0.367385952025842E-01
 0.362321616957052E-01
 0.356823606286597E-01
 0.350887957663340E-01
 0.344515106791070E-01
 0.337709795390715E-01
 0.330480940253104E-01
 0.322841470387422E-01
 0.314808136895018E-01
 0.306401296029305E-01
 0.297644662650497E-01
 0.288565031234684E-01
 0.279191964876529E-01
 0.269557457401254E-01
 0.259695577021582E-01
 0.249642100591583E-01
 0.239434145764945E-01
 0.229109806160246E-01
 0.218707792798651E-01
 0.208267083892350E-01
 0.197826583668277E-01
 0.187424789706217E-01
 0.177099467830565E-01
 0.166887334913005E-01
 0.156823752503081E-01
 0.146942436902152E-01
 0.137275192386759E-01
 0.127851673285108E-01
 0.118699178070559E-01
 0.109842476163475E-01
 0.101303666781143E-01
 0.931020693133237E-02
 0.852541454097964E-02
 0.777734533198381E-02
 0.706706345050381E-02
 0.639534315843577E-02
 0.576267360769882E-02
 0.516926642665674E-02
 0.461506599138328E-02
 0.409976223165571E-02
 0.362280577948706E-02
 0.318342517384907E-02
 0.278064579743093E-02
 0.241331021307345E-02
 0.208009959075144E-02
 0.177955591458914E-02
 0.151010463737282E-02
 0.127007741364085E-02
 0.105773452239036E-02
 0.871286581847381E-03
 0.708915187739846E-03
 0.568792125191100E-03
 0.449096827696234E-03
 0.348031789757212E-03
 0.263835655771707E-03
 0.194793733360058E-03
 0.139245702778953E-03
 0.955903241374569E-04
 0.622869695044001E-04
 0.378538475494102E-04
 0.208628291968684E-04
 0.993083711886794E-05
 0.370780811145554E-05
 0.861298198938159E-06
 0.578372729846136E-07
 0.343430957099449E-13
 0.000000000000000E+00
 0.000000000000000E+00
 0.000000000000000E+00
 0.000000000000000E+00
 0.000000000000000E+00
 0.000000000000000E+00
 0.000000000000000E+00
 0.000000000000000E+00
 0.000000000000000E+00
 0.000000000000000E+00
 0.000000000000000E+00
 0.000000000000000E+00
 0.000000000000000E+00
 0.000000000000000E+00
 0.000000000000000E+00
 0.000000000000000E+00
 0.000000000000000E+00
 0.000000000000000E+00
 0.000000000000000E+00
 0.000000000000000E+00
 0.000000000000000E+00
 0.000000000000000E+00
 0.000000000000000E+00
 0.000000000000000E+00
 0.000000000000000E+00
 0.000000000000000E+00
 0.000000000000000E+00
 0.000000000000000E+00
 0.000000000000000E+00
 0.000000000000000E+00
 0.000000000000000E+00
 0.000000000000000E+00
 0.000000000000000E+00
 0.000000000000000E+00
 0.000000000000000E+00
 0.000000000000000E+00
 0.000000000000000E+00
 0.000000000000000E+00
 0.000000000000000E+00
 0.000000000000000E+00
 0.000000000000000E+00
 0.000000000000000E+00
 0.000000000000000E+00
 0.000000000000000E+00
 0.000000000000000E+00
 0.000000000000000E+00
 0.000000000000000E+00
 0.000000000000000E+00
 0.000000000000000E+00
 0.000000000000000E+00
 0.000000000000000E+00
 0.000000000000000E+00
 0.000000000000000E+00
 0.000000000000000E+00
 0.000000000000000E+00
 0.000000000000000E+00
 0.000000000000000E+00
 0.000000000000000E+00
 0.000000000000000E+00
 0.000000000000000E+00
 0.000000000000000E+00
 0.000000000000000E+00
 0.000000000000000E+00
 0.000000000000000E+00
 0.000000000000000E+00
 0.000000000000000E+00
 0.000000000000000E+00
 0.000000000000000E+00
 0.000000000000000E+00
 0.000000000000000E+00
 0.000000000000000E+00
 0.000000000000000E+00
 0.000000000000000E+00
 0.000000000000000E+00
 0.000000000000000E+00
 0.000000000000000E+00
 0.000000000000000E+00
 0.000000000000000E+00
 0.000000000000000E+00
 0.000000000000000E+00
 0.000000000000000E+00
 0.000000000000000E+00
 0.000000000000000E+00
 0.000000000000000E+00
 0.000000000000000E+00
 0.000000000000000E+00
 0.000000000000000E+00
 0.000000000000000E+00
 0.000000000000000E+00
 0.000000000000000E+00
 0.000000000000000E+00
 0.000000000000000E+00
 0.000000000000000E+00
 0.000000000000000E+00
 0.000000000000000E+00
 0.000000000000000E+00
 0.000000000000000E+00
 0.000000000000000E+00
 0.000000000000000E+00
 0.000000000000000E+00
 0.000000000000000E+00
 0.000000000000000E+00
 0.000000000000000E+00
 0.000000000000000E+00
 0.000000000000000E+00
 0.000000000000000E+00
 0.000000000000000E+00
 0.000000000000000E+00
 0.000000000000000E+00
 0.000000000000000E+00
 0.000000000000000E+00
 0.000000000000000E+00
 0.000000000000000E+00
 0.000000000000000E+00
 0.000000000000000E+00
 0.000000000000000E+00
 0.000000000000000E+00
 0.000000000000000E+00
 0.000000000000000E+00
 0.000000000000000E+00
 0.000000000000000E+00
 0.000000000000000E+00
 0.000000000000000E+00
 0.000000000000000E+00
 0.000000000000000E+00
 0.000000000000000E+00
 0.000000000000000E+00
 0.000000000000000E+00
 0.000000000000000E+00
 0.000000000000000E+00
 0.000000000000000E+00
 0.000000000000000E+00
 0.000000000000000E+00
 0.000000000000000E+00
 0.000000000000000E+00
 0.000000000000000E+00
 0.000000000000000E+00
 0.000000000000000E+00
 0.000000000000000E+00
 0.000000000000000E+00
 0.000000000000000E+00
 0.000000000000000E+00
 0.000000000000000E+00
 0.000000000000000E+00
 0.000000000000000E+00
 0.000000000000000E+00
 0.000000000000000E+00
 0.000000000000000E+00
 0.000000000000000E+00
 0.000000000000000E+00
 0.000000000000000E+00
 0.000000000000000E+00
 0.000000000000000E+00
 0.000000000000000E+00
 0.000000000000000E+00
 0.000000000000000E+00
 0.000000000000000E+00
 0.000000000000000E+00
 0.000000000000000E+00
 0.000000000000000E+00
 0.000000000000000E+00
 0.000000000000000E+00
 0.000000000000000E+00
 0.000000000000000E+00
 0.000000000000000E+00
 0.000000000000000E+00
 0.000000000000000E+00
 0.000000000000000E+00
 0.000000000000000E+00
 0.000000000000000E+00
 0.000000000000000E+00
 0.000000000000000E+00
 0.000000000000000E+00
 0.000000000000000E+00
 0.000000000000000E+00
 0.000000000000000E+00
 0.000000000000000E+00
 0.000000000000000E+00
 0.000000000000000E+00
 0.000000000000000E+00
 0.000000000000000E+00
 0.000000000000000E+00
 0.000000000000000E+00
 0.000000000000000E+00
 0.000000000000000E+00
 0.000000000000000E+00
 0.000000000000000E+00
 0.000000000000000E+00
 0.000000000000000E+00
 0.000000000000000E+00
 0.000000000000000E+00
 0.000000000000000E+00
 0.000000000000000E+00
 0.000000000000000E+00
 0.000000000000000E+00
 0.000000000000000E+00
 0.000000000000000E+00
 0.000000000000000E+00
 0.000000000000000E+00
 0.000000000000000E+00
 0.000000000000000E+00
 0.000000000000000E+00
 0.000000000000000E+00
 0.000000000000000E+00
 0.000000000000000E+00
 0.000000000000000E+00
 0.000000000000000E+00
 0.000000000000000E+00
 0.000000000000000E+00
 0.000000000000000E+00
 0.000000000000000E+00
 0.000000000000000E+00
 0.000000000000000E+00
 0.000000000000000E+00
 0.000000000000000E+00
 0.000000000000000E+00
 0.000000000000000E+00
 0.000000000000000E+00
 0.000000000000000E+00
 0.000000000000000E+00
 0.000000000000000E+00
 0.000000000000000E+00
 0.000000000000000E+00
 0.000000000000000E+00
 0.000000000000000E+00
 0.000000000000000E+00
 0.000000000000000E+00
 0.000000000000000E+00
 0.000000000000000E+00
 0.000000000000000E+00
 0.000000000000000E+00
 0.000000000000000E+00
 0.000000000000000E+00
 0.000000000000000E+00
 0.000000000000000E+00
 0.000000000000000E+00
 0.000000000000000E+00
 0.000000000000000E+00
 0.000000000000000E+00
 0.000000000000000E+00
 0.000000000000000E+00
 0.000000000000000E+00
 0.000000000000000E+00
 0.000000000000000E+00
 0.000000000000000E+00
 0.000000000000000E+00
 0.000000000000000E+00
 0.000000000000000E+00
 0.000000000000000E+00
 0.000000000000000E+00
 0.000000000000000E+00
 0.000000000000000E+00
 0.000000000000000E+00
 0.000000000000000E+00
 0.000000000000000E+00
 0.000000000000000E+00
 0.000000000000000E+00
 0.000000000000000E+00
 0.000000000000000E+00
 0.000000000000000E+00
 0.000000000000000E+00
 0.000000000000000E+00
 0.000000000000000E+00
 0.000000000000000E+00
 0.000000000000000E+00
 0.000000000000000E+00
 0.000000000000000E+00
 0.000000000000000E+00
 0.000000000000000E+00
 0.000000000000000E+00
 0.000000000000000E+00
 0.000000000000000E+00
 0.000000000000000E+00
 0.000000000000000E+00
 0.000000000000000E+00
 0.000000000000000E+00
 0.000000000000000E+00
 0.000000000000000E+00
 0.000000000000000E+00
 0.000000000000000E+00
 0.000000000000000E+00
 0.000000000000000E+00
 0.000000000000000E+00
 0.000000000000000E+00
 0.000000000000000E+00
 0.000000000000000E+00
 0.000000000000000E+00
 0.000000000000000E+00
 0.000000000000000E+00
 0.000000000000000E+00
 0.000000000000000E+00
 0.000000000000000E+00
 0.000000000000000E+00
 0.000000000000000E+00
 0.000000000000000E+00
 0.000000000000000E+00
 0.000000000000000E+00
 0.000000000000000E+00
 0.000000000000000E+00
 0.000000000000000E+00
 0.000000000000000E+00
 0.000000000000000E+00
 0.000000000000000E+00
 0.000000000000000E+00
 0.000000000000000E+00
 0.000000000000000E+00
 0.000000000000000E+00
 0.000000000000000E+00
 0.000000000000000E+00
 0.000000000000000E+00
 0.000000000000000E+00
 0.000000000000000E+00
 0.000000000000000E+00
 0.000000000000000E+00
 0.000000000000000E+00
 0.000000000000000E+00
 0.000000000000000E+00
 0.000000000000000E+00
 0.000000000000000E+00
 0.000000000000000E+00
 0.000000000000000E+00
 0.000000000000000E+00
 0.000000000000000E+00
 0.000000000000000E+00
 0.000000000000000E+00
 0.000000000000000E+00
 0.000000000000000E+00
 0.000000000000000E+00
 0.000000000000000E+00
 0.000000000000000E+00
 0.000000000000000E+00
 0.000000000000000E+00
 0.000000000000000E+00
 0.000000000000000E+00
 0.000000000000000E+00
 0.000000000000000E+00
 0.000000000000000E+00
 0.000000000000000E+00
 0.000000000000000E+00
 0.000000000000000E+00
 0.000000000000000E+00
 0.000000000000000E+00
 0.000000000000000E+00
 0.000000000000000E+00
 0.000000000000000E+00
 0.000000000000000E+00
 0.000000000000000E+00
