 0.882194777465363E-07
 0.129282401582098E-05
 0.545198101726087E-05
 0.142556283484705E-04
 0.291522648503832E-04
 0.513515266923918E-04
 0.818300208299822E-04
 0.121340321062988E-03
 0.170422984512960E-03
 0.229421405759479E-03
 0.298499287277547E-03
 0.377660476260914E-03
 0.466770897007708E-03
 0.565582285276623E-03
 0.673757412917670E-03
 0.790896451692899E-03
 0.916564097534307E-03
 0.105031705488949E-02
 0.119173149254614E-02
 0.134043011352785E-02
 0.149610851897802E-02
 0.165856054860853E-02
 0.182770226442488E-02
 0.200359421049914E-02
 0.218646157689976E-02
 0.237671193803391E-02
 0.257495030639379E-02
 0.278199130623410E-02
 0.299886830758169E-02
 0.322683938087829E-02
 0.346738995250196E-02
 0.372223207684528E-02
 0.399330028000514E-02
 0.428274393634505E-02
 0.459291613576002E-02
 0.492635901115045E-02
 0.528578558000134E-02
 0.567405829550375E-02
 0.609416464050729E-02
 0.654919013735438E-02
 0.704228905998384E-02
 0.757665298831589E-02
 0.815547726283817E-02
 0.878192547441373E-02
 0.945909233528285E-02
 0.101899654862603E-01
 0.109773868604046E-01
 0.118240141064162E-01
 0.127322823819221E-01
 0.137043667121914E-01
 0.147421451683917E-01
 0.158471632587650E-01
 0.170206000228776E-01
 0.182632362677655E-01
 0.195754252500104E-01
 0.209570660404410E-01
 0.224075798734347E-01
 0.239258899152883E-01
 0.255104049079206E-01
 0.271590069643169E-01
 0.288690435186117E-01
 0.306373232705517E-01
 0.324601160637909E-01
 0.343331569106173E-01
 0.362516545801619E-01
 0.382103050883661E-01
 0.402033100739638E-01
 0.422243996752459E-01
 0.442668593944026E-01
 0.463235606385784E-01
 0.483869949643744E-01
 0.504493122110154E-01
 0.525023625391051E-01
 0.545377419970578E-01
 0.565468409319634E-01
 0.585208945775795E-01
 0.604510354362360E-01
 0.623283473683979E-01
 0.641439213160434E-01
 0.658889123187367E-01
 0.675545971650170E-01
 0.691324319501314E-01
 0.706141090315816E-01
 0.719916131539311E-01
 0.732572765623132E-01
 0.744038326844927E-01
 0.754244676679086E-01
 0.763128690382703E-01
 0.770632710814964E-01
 0.776704969747598E-01
 0.781299978360533E-01
 0.784378885619603E-01
 0.785909798196424E-01
 0.785868052818054E-01
 0.784236434159142E-01
 0.781005337272192E-01
 0.776172878893789E-01
 0.769744963029103E-01
 0.761735302721696E-01
 0.752165395037153E-01
 0.741064443965608E-01
 0.728469227729940E-01
 0.714423911096513E-01
 0.698979806455366E-01
 0.682195087770388E-01
 0.664134459934984E-01
 0.644868785139202E-01
 0.624474669057277E-01
 0.603034011917810E-01
 0.580633530192281E-01
 0.557364252315948E-01
 0.533320988106934E-01
 0.508601769931208E-01
 0.483307266475606E-01
 0.457540175922158E-01
 0.434707820657441E-01
 0.438438983431782E-01
 0.440120888444967E-01
 0.439653900216782E-01
 0.438051103437852E-01
 0.436428955065081E-01
 0.434739691765770E-01
 0.433027512484045E-01
 0.431218316727210E-01
 0.429359741089564E-01
 0.427447987758449E-01
 0.425449076691046E-01
 0.423285569160388E-01
 0.421138823584640E-01
 0.419273801693515E-01
 0.417176851162735E-01
 0.414673514168753E-01
 0.412637543607635E-01
 0.410524006299639E-01
 0.407791647117112E-01
 0.405809073309083E-01
 0.403438424693553E-01
 0.400835068323139E-01
 0.405905805041509E-01
 0.420415692441455E-01
 0.433475463223190E-01
 0.444973797697713E-01
 0.454804799097706E-01
 0.462868749615876E-01
 0.469073088729753E-01
 0.473333387577300E-01
 0.479484030649546E-01
 0.531269688205657E-01
 0.582564029852542E-01
 0.633134804328601E-01
 0.682749676581802E-01
 0.731177461478561E-01
 0.778189414302463E-01
 0.823560580774106E-01
 0.867071171932609E-01
 0.908507898360330E-01
 0.947665198638964E-01
 0.984346334112023E-01
 0.101836437669179E+00
 0.104954315533966E+00
 0.107771822349083E+00
 0.110273786322006E+00
 0.112446408135136E+00
 0.114277351959500E+00
 0.115755821851723E+00
 0.116872622784444E+00
 0.117620209875066E+00
 0.117992729264439E+00
 0.117986050383381E+00
 0.117597786523867E+00
 0.116827302396606E+00
 0.115675712499529E+00
 0.114145877168367E+00
 0.112242399674120E+00
 0.110014911812496E+00
 0.107782625110357E+00
 0.105630997205191E+00
 0.103532320149141E+00
 0.101512433205120E+00
 0.995413588797321E-01
 0.976229192371185E-01
 0.957535133720787E-01
 0.939242112938198E-01
 0.921528090894845E-01
 0.904365913205665E-01
 0.887673794558942E-01
 0.871231232819946E-01
 0.855166514814009E-01
 0.839700353617110E-01
 0.824481736863048E-01
 0.809546700266746E-01
 0.824178694837038E-01
 0.839293315725793E-01
 0.851753119457433E-01
 0.861506166120480E-01
 0.868512811674416E-01
 0.872745477395531E-01
 0.874188542407509E-01
 0.872838483133131E-01
 0.868704006882653E-01
 0.861805848950632E-01
 0.852176226372605E-01
 0.839858314199391E-01
 0.826073864434140E-01
 0.812534222496205E-01
 0.799301277058380E-01
 0.786186072034856E-01
 0.773465945385915E-01
 0.761028545067821E-01
 0.748777795572264E-01
 0.736742927092628E-01
 0.754731293731257E-01
 0.784349379759141E-01
 0.811160459389824E-01
 0.835152593161588E-01
 0.856328231838320E-01
 0.874704287573022E-01
 0.890312007985489E-01
 0.903196493278433E-01
 0.913415875020539E-01
 0.921040365359460E-01
 0.926151441917027E-01
 0.928841307013085E-01
 0.929212542993551E-01
 0.927377740245135E-01
 0.923458899331741E-01
 0.917586562552528E-01
 0.909898778954912E-01
 0.900540044545578E-01
 0.889660291939672E-01
 0.877413923297278E-01
 0.863958866760308E-01
 0.849455682875994E-01
 0.834066777892705E-01
 0.817955734476246E-01
 0.801286667749116E-01
 0.784223445128900E-01
 0.766928652808629E-01
 0.749562345962414E-01
 0.732280786103598E-01
 0.715235400579965E-01
 0.698571960978544E-01
 0.682430373158728E-01
 0.666944663222876E-01
 0.652242498914355E-01
 0.638444367908561E-01
 0.625662555373548E-01
 0.614000162410527E-01
 0.610480125267595E-01
 0.618330898696610E-01
 0.624377479528902E-01
 0.628665394130896E-01
 0.631247086963759E-01
 0.632182140250058E-01
 0.631537313195314E-01
 0.629386199996612E-01
 0.625808627348020E-01
 0.620890002418380E-01
 0.614720663928424E-01
 0.607395157919359E-01
 0.599011449625129E-01
 0.600631118637659E-01
 0.610753866459405E-01
 0.622136747250555E-01
 0.634692071618536E-01
 0.648321799932137E-01
 0.662917543403168E-01
 0.678360930203108E-01
 0.694524393789920E-01
 0.711272229277433E-01
 0.728461668037206E-01
 0.745943781231128E-01
 0.763564168843626E-01
 0.781163508875803E-01
 0.798578071840156E-01
 0.815640278168001E-01
 0.832179357155555E-01
 0.848022176755870E-01
 0.862994306178803E-01
 0.876921293037036E-01
 0.889630002060736E-01
 0.900949773108542E-01
 0.910713210819183E-01
 0.918756615376542E-01
 0.924920284222838E-01
 0.929049005582167E-01
 0.930992956587790E-01
 0.930608976851927E-01
 0.927761964428250E-01
 0.922326069261266E-01
 0.914185471958858E-01
 0.903234753148766E-01
 0.889379047411054E-01
 0.872534234842364E-01
 0.852627342009874E-01
 0.829597176217301E-01
 0.805526299770476E-01
 0.782496535322793E-01
 0.760379219970277E-01
 0.739223804176676E-01
 0.718991476263068E-01
 0.699533616627341E-01
 0.680819581363791E-01
 0.662855106011664E-01
 0.645643171049409E-01
 0.629064780544083E-01
 0.613139857208380E-01
 0.597770849343263E-01
 0.583048421183712E-01
 0.568947012283595E-01
 0.555277860583134E-01
 0.542202661395953E-01
 0.531921141397703E-01
 0.538435452208220E-01
 0.543911314292682E-01
 0.548241257328501E-01
 0.551320984444905E-01
 0.553050279938298E-01
 0.553333731664412E-01
 0.578899702972934E-01
 0.660181315278795E-01
 0.741568801382726E-01
 0.822814619523195E-01
 0.903668659981981E-01
 0.983878793846048E-01
 0.106319139214324E+00
 0.114135204667710E+00
 0.121810667786993E+00
 0.129320303369442E+00
 0.136639235342216E+00
 0.143743084336678E+00
 0.150608069393883E+00
 0.157211062118687E+00
 0.163529617926699E+00
 0.169542019467074E+00
 0.175227356598607E+00
 0.180565644275311E+00
 0.185537959259896E+00
 0.190126568998659E+00
 0.194315031926947E+00
 0.198088261644162E+00
 0.201432560438259E+00
 0.204335636086299E+00
 0.206786618572513E+00
 0.208776090979838E+00
 0.210296142269265E+00
 0.211340439939600E+00
 0.211904309565497E+00
 0.211984799882317E+00
 0.211580711848385E+00
 0.210692581485261E+00
 0.209322626338336E+00
 0.207474683596090E+00
 0.205154171732835E+00
 0.202368092053684E+00
 0.199125059974900E+00
 0.195435335163487E+00
 0.191310818099328E+00
 0.186764998056580E+00
 0.181894649648799E+00
 0.177161054614173E+00
 0.172626447401105E+00
 0.168276936461520E+00
 0.164103829878277E+00
 0.160095495651963E+00
 0.156249827909123E+00
 0.152550961002537E+00
 0.148991843416693E+00
 0.145565355658540E+00
 0.142262045311877E+00
 0.139076988322833E+00
 0.136010019132334E+00
 0.133046215863627E+00
 0.133073977127149E+00
 0.134594191874260E+00
 0.135812416000982E+00
 0.136723292260784E+00
 0.137322552401065E+00
 0.137607036593777E+00
 0.137574687526528E+00
 0.137224530766730E+00
 0.136556662253324E+00
 0.135572259127483E+00
 0.134273608261243E+00
 0.132664125702191E+00
 0.130748343997513E+00
 0.128531873270034E+00
 0.126196777958336E+00
 0.123921254057236E+00
 0.121724698113896E+00
 0.119576786239641E+00
 0.117499274625068E+00
 0.115465909525838E+00
 0.113483555524320E+00
 0.111554806804667E+00
 0.109679313936814E+00
 0.107852727841655E+00
 0.106068558660518E+00
 0.104318601867510E+00
 0.102592418494399E+00
 0.100938187774854E+00
 0.993494876147013E-01
 0.977709340824048E-01
 0.961890693084969E-01
 0.948603529813532E-01
 0.952143404546633E-01
 0.952071285444634E-01
 0.948492213227139E-01
 0.941525561028490E-01
 0.931304258652444E-01
 0.917973889253827E-01
 0.901691740201441E-01
 0.882966691902315E-01
 0.864374427456915E-01
 0.846357423223694E-01
 0.828907889621546E-01
 0.812016093556247E-01
 0.795622406971476E-01
 0.779768930120375E-01
 0.764368405867176E-01
 0.749454188079671E-01
 0.734954152855221E-01
 0.720893328893408E-01
 0.707204103151739E-01
 0.693920144556886E-01
 0.681043078983982E-01
 0.668480672310404E-01
 0.656286598407745E-01
 0.644453434627749E-01
 0.632938782802886E-01
 0.634766223159964E-01
 0.649817072819471E-01
 0.662226923343300E-01
 0.672012604552714E-01
 0.679201297727777E-01
 0.683830377729577E-01
 0.685947426573440E-01
 0.685610280366969E-01
 0.682886878565500E-01
 0.677854782303834E-01
 0.670600475818831E-01
 0.661218733407916E-01
 0.650802692515622E-01
 0.640597455272827E-01
 0.630654056173828E-01
 0.620828278047164E-01
 0.611278416314365E-01
 0.602001178088739E-01
 0.592881930288874E-01
 0.583934176852461E-01
 0.575151026181277E-01
 0.566507634232226E-01
 0.557957685867627E-01
 0.549859032495355E-01
 0.541977179318546E-01
 0.534153255990484E-01
 0.526302209369950E-01
 0.518706160884389E-01
 0.511612050509404E-01
 0.504383867568803E-01
 0.497033158408036E-01
 0.490563415790438E-01
 0.483816117677131E-01
 0.523246631387276E-01
 0.566899147493108E-01
 0.611192792705068E-01
 0.655912739952524E-01
 0.700840381904990E-01
 0.745754303405039E-01
 0.790431345136667E-01
 0.834647718256285E-01
 0.878180127255183E-01
 0.920806862336677E-01
 0.962308827516433E-01
 0.100247048295558E+00
 0.104108070535424E+00
 0.107793360153473E+00
 0.111282933010389E+00
 0.114557497916001E+00
 0.117598551303784E+00
 0.120388475275124E+00
 0.122910631735712E+00
 0.125149444894335E+00
 0.127090467891217E+00
 0.128720435126740E+00
 0.130027306677200E+00
 0.131000312144928E+00
 0.131629998060341E+00
 0.131908277981592E+00
 0.131828480932302E+00
 0.131385393232805E+00
 0.130575290141032E+00
 0.129395955256927E+00
 0.127846686802506E+00
 0.125928291501960E+00
 0.123643069385415E+00
 0.120994795220453E+00
 0.117988702163606E+00
 0.114755854426479E+00
 0.111642929612801E+00
 0.108659950931814E+00
 0.105807636682646E+00
 0.103068229515502E+00
 0.100441552711930E+00
 0.979183243011601E-01
 0.954932011924324E-01
 0.931623213003438E-01
 0.909129161792068E-01
 0.887543891590001E-01
 0.866732725321804E-01
 0.846652784730394E-01
 0.827262613462369E-01
 0.808571832531082E-01
 0.790522211696964E-01
 0.790267061761171E-01
 0.801138593536431E-01
 0.809928402995240E-01
 0.816562545459669E-01
 0.820975433655642E-01
 0.823110376270668E-01
 0.822920125275263E-01
 0.820367245035345E-01
 0.815424246313985E-01
 0.808073582058186E-01
 0.798307637521417E-01
 0.786128746620606E-01
 0.771771775315711E-01
 0.757332952213456E-01
 0.743307553981903E-01
 0.768553833714885E-01
 0.822440200308870E-01
 0.873651492618672E-01
 0.922047707409989E-01
 0.967501057175513E-01
 0.100989644966864E+00
 0.104913183338874E+00
 0.108511843000954E+00
 0.111778090295045E+00
 0.114705752550147E+00
 0.117290039540832E+00
 0.119527569323768E+00
 0.121416392140731E+00
 0.122956002759955E+00
 0.124147333822714E+00
 0.124992729776088E+00
 0.125495908580611E+00
 0.125661921637159E+00
 0.125497119260375E+00
 0.125009121946819E+00
 0.124206791554597E+00
 0.123100194972187E+00
 0.121700555822464E+00
 0.120020194133146E+00
 0.118072456580736E+00
 0.115871640164245E+00
 0.113432911571899E+00
 0.110772398226900E+00
 0.108073757438632E+00
 0.105484466882455E+00
 0.102995163975194E+00
 0.100600836307772E+00
 0.983079525618042E-01
 0.960951715482857E-01
 0.939603881497715E-01
 0.918964829466042E-01
 0.899069262281831E-01
 0.879950074510436E-01
 0.861456928183203E-01
 0.843567128878903E-01
 0.826113883404744E-01
 0.809393883617070E-01
 0.813841472784904E-01
 0.825808587020157E-01
 0.835440537761857E-01
 0.842741826983632E-01
 0.847726455561446E-01
 0.850417472958734E-01
 0.850846548149984E-01
 0.849053738037377E-01
 0.845087489260717E-01
 0.839004737036880E-01
 0.830870883087049E-01
 0.820759496441183E-01
 0.808751734501374E-01
 0.795198524909128E-01
 0.781694793490954E-01
 0.768565885997186E-01
 0.755803159971841E-01
 0.743252572281636E-01
 0.730923346171064E-01
 0.719027976713933E-01
 0.707385974052741E-01
 0.695966748670096E-01
 0.684760099097759E-01
 0.673922862780578E-01
 0.663417475008306E-01
 0.653119291428186E-01
 0.642973213168747E-01
 0.632897344335180E-01
 0.623200527589908E-01
 0.613958141337798E-01
 0.604701856033483E-01
 0.595335348174795E-01
 0.586907858468761E-01
 0.578342867153707E-01
 0.569572687660581E-01
 0.559534987144765E-01
 0.548296285585270E-01
 0.535927118779249E-01
 0.522501686402020E-01
 0.508097494503837E-01
 0.492794961320313E-01
 0.476677019827139E-01
 0.459828774503261E-01
 0.442337204208117E-01
 0.424290815252881E-01
 0.406084865505983E-01
 0.394538101740475E-01
 0.400472158409359E-01
 0.404621609873242E-01
 0.406864170797840E-01
 0.407086161391053E-01
 0.405183027471011E-01
 0.401060106368441E-01
 0.394633579904022E-01
 0.385831409536683E-01
 0.374784855533927E-01
 0.363618062829499E-01
 0.352918175525331E-01
 0.342652591318394E-01
 0.332855683202078E-01
 0.323411777218327E-01
 0.314330790358514E-01
 0.305576195312348E-01
 0.297190237780576E-01
 0.289128169869316E-01
 0.281377082007620E-01
 0.273900448826324E-01
 0.266757182449503E-01
 0.259839952557860E-01
 0.253233169825639E-01
 0.246865603985473E-01
 0.240746125987427E-01
 0.234826148663918E-01
 0.233863194240615E-01
 0.285339121890189E-01
 0.337740640216675E-01
 0.390874950112113E-01
 0.444542259418265E-01
 0.498536730033158E-01
 0.552647261271175E-01
 0.606658202347947E-01
 0.660350185825169E-01
 0.713501192465990E-01
 0.765887764989401E-01
 0.817286153334087E-01
 0.867473221954149E-01
 0.916227149398479E-01
 0.963328136287972E-01
 0.100855934817352E+00
 0.105170813736498E+00
 0.109256735973110E+00
 0.113093651833435E+00
 0.116662259613270E+00
 0.119944067455376E+00
 0.122921457630432E+00
 0.125577770474211E+00
 0.127897404397331E+00
 0.129865911895664E+00
 0.131470073451120E+00
 0.132697949048425E+00
 0.133538924117230E+00
 0.133983767414569E+00
 0.134024702041886E+00
 0.133655472295054E+00
 0.132871385441636E+00
 0.131669322818350E+00
 0.130047736010302E+00
 0.128006652658251E+00
 0.125547704411141E+00
 0.122674166265950E+00
 0.119551006678147E+00
 0.116535953833997E+00
 0.113639862735345E+00
 0.110852338376995E+00
 0.108163425156250E+00
 0.105581539968677E+00
 0.103092755603067E+00
 0.100697176086593E+00
 0.983888929512572E-01
 0.961607910441850E-01
 0.940093477263684E-01
 0.919332823170049E-01
 0.899311062425129E-01
 0.879903285627983E-01
 0.861187940134155E-01
 0.843049339693571E-01
 0.825515020429956E-01
 0.831687043375771E-01
 0.844662607305755E-01
 0.855285775341619E-01
 0.863474966095947E-01
 0.869157254022221E-01
 0.872269005271455E-01
 0.872756509784685E-01
 0.870576416952713E-01
 0.865695832385718E-01
 0.858092127583300E-01
 0.847752691747507E-01
 0.834674868775742E-01
 0.820161611126485E-01
 0.889812444615518E-01
 0.956772764336841E-01
 0.102080830081910E+00
 0.108169434248447E+00
 0.113921680232685E+00
 0.119317334492787E+00
 0.124337434909284E+00
 0.128964361947436E+00
 0.133181896555517E+00
 0.136975285162930E+00
 0.140331320642829E+00
 0.143238426484237E+00
 0.145686718946557E+00
 0.147668030297422E+00
 0.149175899091754E+00
 0.150205552090035E+00
 0.150753901872846E+00
 0.150819565965114E+00
 0.150402893386646E+00
 0.149505979273583E+00
 0.148132660125580E+00
 0.146288498683372E+00
 0.143980772422168E+00
 0.141218468215806E+00
 0.138012268394033E+00
 0.134563946732378E+00
 0.131242270967724E+00
 0.128047846361556E+00
 0.124971023122821E+00
 0.122009270851967E+00
 0.119156807860291E+00
 0.116405262756526E+00
 0.113759816128658E+00
 0.111203756460148E+00
 0.108737166255539E+00
 0.106354971013794E+00
 0.104046692744897E+00
 0.101826395952646E+00
 0.996710679090419E-01
 0.975923739964741E-01
 0.955733304375369E-01
 0.936221752627877E-01
 0.944683337129997E-01
 0.961026232603798E-01
 0.974293265705347E-01
 0.984439201500820E-01
 0.991429855823932E-01
 0.995242262111455E-01
 0.995864930829626E-01
 0.993298076293935E-01
 0.987553734524631E-01
 0.978655773290854E-01
 0.966639803066038E-01
 0.951552954327322E-01
 0.934802510872603E-01
 0.918457587674129E-01
 0.902573889189311E-01
 0.886968948168965E-01
 0.872746510880212E-01
 0.922359626950997E-01
 0.968522380349453E-01
 0.101112195593428E+00
 0.105006130144415E+00
 0.108525937702409E+00
 0.111665122584161E+00
 0.114418795845154E+00
 0.116783665545808E+00
 0.118758014800213E+00
 0.120341669204160E+00
 0.121535965430099E+00
 0.122343735907439E+00
 0.122769314300798E+00
 0.122818548689860E+00
 0.122498797583431E+00
 0.121818888421093E+00
 0.120789037138596E+00
 0.119420747731454E+00
 0.117726718374371E+00
 0.115720770849660E+00
 0.113417800799180E+00
 0.110833731831085E+00
 0.108076753457937E+00
 0.105415547867651E+00
 0.102857328327897E+00
 0.100401979603650E+00
 0.980381453801589E-01
 0.957613333707894E-01
 0.935692031133277E-01
 0.914575620731640E-01
 0.894197622053210E-01
 0.874515271706269E-01
 0.855517886004320E-01
 0.837145259408163E-01
 0.819421865947726E-01
 0.802243166239233E-01
 0.785667696656087E-01
 0.769692138228027E-01
 0.778963973093105E-01
 0.792077095480421E-01
 0.802567467636927E-01
 0.810442517652174E-01
 0.815720084153479E-01
 0.818428136818953E-01
 0.818604443999321E-01
 0.816296229937015E-01
 0.811559898585819E-01
 0.804460851267841E-01
 0.795073320505455E-01
 0.783480096787301E-01
 0.770049332254460E-01
 0.756624430978579E-01
 0.743564754825613E-01
 0.730847183149935E-01
 0.718399136340684E-01
 0.706154192143789E-01
 0.694212657063705E-01
 0.682655821230284E-01
 0.671312449658675E-01
 0.660316723422390E-01
 0.649663127435270E-01
 0.639270079967420E-01
 0.629075161117115E-01
 0.619003711623085E-01
 0.608969506196648E-01
 0.599685617649519E-01
 0.590535704917083E-01
 0.581316801932523E-01
 0.572354317447225E-01
 0.564038567585371E-01
 0.555514827933260E-01
 0.547188754592528E-01
 0.537380313320171E-01
 0.526158826946992E-01
 0.513598406298078E-01
 0.499777629587278E-01
 0.484779201071156E-01
 0.468689508408365E-01
 0.451598121103976E-01
 0.433597365193719E-01
 0.414782046230474E-01
 0.397597979254790E-01
 0.379814701883369E-01
 0.361395717389886E-01
 0.342433225728986E-01
 0.323020438127695E-01
 0.303251053025664E-01
 0.283218795907028E-01
 0.263017078204085E-01
 0.264885882815144E-01
 0.266344084742124E-01
 0.265583874979127E-01
 0.262520033086684E-01
 0.257078881736161E-01
 0.249621082435032E-01
 0.242204640133715E-01
 0.235038734069322E-01
 0.228188534069511E-01
 0.221599845781029E-01
 0.215242931500590E-01
 0.209114998358345E-01
 0.203327659095835E-01
 0.197710597675893E-01
 0.192316399904099E-01
 0.187157719628099E-01
 0.182219842948037E-01
 0.177397185674230E-01
 0.172844489600658E-01
 0.168386781130803E-01
 0.164160175322896E-01
 0.208933791508819E-01
 0.255242295196295E-01
 0.302929755535534E-01
 0.351831696647372E-01
 0.401775620003097E-01
 0.452581581294999E-01
 0.504062848450435E-01
 0.556026719058703E-01
 0.608275564599352E-01
 0.660608073665489E-01
 0.712820543854191E-01
 0.764708016778729E-01
 0.816065120321208E-01
 0.866686646631891E-01
 0.916368048675075E-01
 0.964906074947773E-01
 0.101209965350497E+00
 0.105775096244377E+00
 0.110166651553657E+00
 0.114365812639779E+00
 0.118354374998499E+00
 0.122114830916485E+00
 0.125630459810864E+00
 0.128885423430271E+00
 0.131864852712285E+00
 0.134554914750164E+00
 0.136942860816629E+00
 0.139017068121632E+00
 0.140767088196242E+00
 0.142183703752808E+00
 0.143258984138591E+00
 0.143986327617144E+00
 0.144360487592590E+00
 0.144377590760845E+00
 0.144035158113319E+00
 0.143332132274929E+00
 0.142268903192427E+00
 0.140847318070142E+00
 0.139070665735520E+00
 0.136943637669532E+00
 0.134472279529659E+00
 0.131663949980743E+00
 0.128527295705237E+00
 0.125123566842778E+00
 0.121802379689792E+00
 0.118621940558653E+00
 0.115571705925032E+00
 0.112644051278472E+00
 0.109837904112398E+00
 0.107142195095996E+00
 0.104554466601342E+00
 0.102065751322076E+00
 0.996653042184007E-01
 0.973635330845122E-01
 0.951402490581203E-01
 0.929958328111692E-01
 0.909272685916118E-01
 0.889306274145456E-01
 0.888183370188080E-01
 0.899380811539235E-01
 0.908410528755635E-01
 0.915217900688394E-01
 0.919757051926287E-01
 0.921990886702207E-01
 0.921891132677885E-01
 0.919438501703200E-01
 0.914622954315995E-01
 0.907443978189746E-01
 0.897910779282304E-01
 0.886042308846128E-01
 0.871867100154979E-01
 0.855952459789126E-01
 0.840307035118290E-01
 0.825044631157630E-01
 0.810329234408501E-01
 0.795796758050661E-01
 0.781846644074953E-01
 0.768258055487032E-01
 0.754971933615017E-01
 0.741988605859926E-01
 0.729272210037315E-01
 0.716780047231296E-01
 0.704816599894508E-01
 0.712339530496771E-01
 0.725749830277012E-01
 0.736051078089257E-01
 0.743277331018744E-01
 0.747477009359162E-01
 0.748712429607552E-01
 0.747059383231281E-01
 0.742606809976890E-01
 0.735456505379933E-01
 0.725722749321610E-01
 0.713531767904349E-01
 0.699086371392260E-01
 0.684275835201811E-01
 0.669926981183091E-01
 0.656009953247221E-01
 0.642537404583340E-01
 0.629484150408273E-01
 0.616854970013263E-01
 0.604607553110370E-01
 0.592750665377618E-01
 0.581240258804710E-01
 0.570039073057414E-01
 0.559204087155228E-01
 0.548666552153601E-01
 0.538430902250766E-01
 0.528454841930611E-01
 0.518776919814184E-01
 0.509344219107301E-01
 0.500170735961380E-01
 0.491237251146710E-01
 0.502915940802092E-01
 0.513928893748670E-01
 0.522833077171269E-01
 0.529638483780070E-01
 0.534364664855927E-01
 0.537040622259969E-01
 0.537704725533229E-01
 0.536404592976515E-01
 0.533196862683106E-01
 0.528146835296300E-01
 0.521328027112020E-01
 0.513213118372877E-01
 0.505165526871393E-01
 0.497262418256769E-01
 0.489658230794312E-01
 0.482103595151751E-01
 0.474659913252307E-01
 0.467430003120754E-01
 0.460362297046187E-01
 0.453399401186557E-01
 0.446692580972252E-01
 0.440145817228385E-01
 0.433715773876631E-01
 0.427349694388803E-01
 0.420987930509583E-01
 0.414793367164943E-01
 0.445640648436222E-01
 0.488697323145947E-01
 0.533506163648689E-01
 0.579887726890922E-01
 0.627652591606722E-01
 0.676601567996560E-01
 0.726526107851317E-01
 0.777209077572618E-01
 0.828425896004676E-01
 0.879945883662425E-01
 0.931533605260933E-01
 0.982950042010380E-01
 0.103395356031868E+00
 0.108430076439474E+00
 0.113374736272840E+00
 0.118204913385420E+00
 0.122896299551054E+00
 0.127424812658227E+00
 0.131766708806735E+00
 0.135898691335753E+00
 0.139798015203990E+00
 0.143442584843403E+00
 0.146811044311802E+00
 0.149882862331123E+00
 0.152638419366837E+00
 0.155059103998605E+00
 0.157127418614932E+00
 0.158827083616978E+00
 0.160143123094240E+00
 0.161061919488977E+00
 0.161571238710603E+00
 0.161660242162450E+00
 0.161319508823985E+00
 0.160541084748570E+00
 0.159318562376673E+00
 0.157647176019545E+00
 0.155523890647420E+00
 0.152947462269190E+00
 0.149918457661178E+00
 0.146439233401076E+00
 0.142531090384748E+00
 0.138615544804563E+00
 0.134867433674581E+00
 0.131278336617742E+00
 0.127835552388663E+00
 0.124528891866336E+00
 0.121361122367987E+00
 0.118313593029886E+00
 0.115385519839077E+00
 0.112568151353030E+00
 0.109860199171410E+00
 0.107251733040463E+00
 0.104741802673893E+00
 0.102316902640675E+00
 0.999810603040298E-01
 0.977218654587304E-01
 0.961095694054857E-01
 0.974778530571161E-01
 0.986102067097986E-01
 0.994964906706702E-01
 0.100127440272338E+00
 0.100494697689838E+00
 0.100590840632619E+00
 0.100409415638237E+00
 0.999449782050019E-01
 0.991931352347311E-01
 0.981505793959067E-01
 0.968151049638811E-01
 0.951856043566799E-01
 0.955859738271586E-01
 0.104425120726754E+00
 0.113028519945263E+00
 0.121371444306617E+00
 0.129430059286105E+00
 0.137181497823287E+00
 0.144603966415539E+00
 0.151676870882516E+00
 0.158380935888632E+00
 0.164698295148375E+00
 0.170612544593552E+00
 0.176108766347759E+00
 0.181173537982949E+00
 0.185794939305703E+00
 0.189962564207741E+00
 0.193667543049751E+00
 0.196902580964777E+00
 0.199662014758859E+00
 0.201941882741257E+00
 0.203739990394456E+00
 0.205055947633161E+00
 0.205891157623900E+00
 0.206248753811225E+00
 0.206133503433263E+00
 0.205551709863098E+00
 0.204511143232502E+00
 0.203021010173295E+00
 0.201091950928922E+00
 0.198736039464489E+00
 0.195966765133795E+00
 0.192798986831408E+00
 0.189248861241520E+00
 0.185333749928038E+00
 0.181072108943466E+00
 0.176506570137594E+00
 0.172012187858826E+00
 0.167709700295419E+00
 0.163584553834475E+00
 0.159625954415038E+00
 0.155823372764306E+00
 0.152169658792576E+00
 0.148654925546566E+00
 0.145271621372672E+00
 0.142013837088652E+00
 0.138864886152181E+00
 0.135835992221896E+00
 0.132911911189216E+00
 0.130941853097654E+00
 0.132657704071904E+00
 0.134055609266558E+00
 0.135134051238509E+00
 0.135892639115116E+00
 0.136332104187687E+00
 0.136454288424754E+00
 0.136262123000920E+00
 0.135759601731045E+00
 0.134951758086697E+00
 0.133844646982455E+00
 0.132445321548493E+00
 0.130761794789986E+00
 0.128802988607472E+00
 0.126590423552769E+00
 0.124356689145857E+00
 0.122180009493137E+00
 0.120054568423673E+00
 0.117996788853514E+00
 0.115974877860378E+00
 0.114000978630369E+00
 0.112088469996030E+00
 0.110222013216317E+00
 0.108401252909322E+00
 0.106641178011242E+00
 0.104926568909884E+00
 0.103249676995334E+00
 0.101602491736793E+00
 0.999738592054191E-01
 0.984016205848414E-01
 0.969046430310102E-01
 0.954130948330034E-01
 0.939130933892089E-01
 0.925352199649587E-01
 0.911606024962181E-01
 0.897367239640645E-01
 0.881275789258054E-01
 0.863406073202907E-01
 0.843838128139893E-01
 0.822657387946776E-01
 0.799954305699071E-01
 0.775823828144824E-01
 0.750364796404090E-01
 0.723679366282978E-01
 0.695872501397450E-01
 0.667051548363128E-01
 0.638173048291793E-01
 0.610987022060313E-01
 0.582996323261721E-01
 0.554305073585123E-01
 0.525018245448615E-01
 0.495241388035671E-01
 0.465080337802442E-01
 0.434640829957870E-01
 0.404028011045700E-01
 0.373345909033506E-01
 0.342696903417178E-01
 0.312181201533055E-01
 0.281896335036169E-01
 0.278799035978228E-01
 0.286665151107823E-01
 0.292925640430240E-01
 0.297648034387399E-01
 0.300906453472082E-01
 0.302780953643349E-01
 0.312918935197994E-01
 0.328963150855137E-01
 0.346674745745797E-01
 0.366009997044373E-01
 0.386912876239862E-01
 0.409315559287563E-01
 0.433139110734253E-01
 0.458294250492369E-01
 0.484682077696089E-01
 0.512194634808719E-01
 0.540715256053720E-01
 0.570118738854819E-01
 0.600271465919621E-01
 0.631031646040266E-01
 0.662249810787274E-01
 0.693769616749187E-01
 0.725428905644906E-01
 0.757060914915769E-01
 0.788495523115479E-01
 0.819560433607128E-01
 0.850082216768270E-01
 0.879887144107884E-01
 0.908801784548882E-01
 0.936653410878489E-01
 0.963270356562729E-01
 0.988482510076395E-01
 0.101212209164183E+00
 0.103402473829550E+00
 0.105403079050486E+00
 0.107198659552877E+00
 0.108774565021320E+00
 0.110116948271945E+00
 0.111212827541533E+00
 0.112050131500177E+00
 0.112617739117777E+00
 0.112905524523669E+00
 0.112904411323079E+00
 0.112606434835546E+00
 0.112004807195651E+00
 0.111093979646334E+00
 0.109869697042095E+00
 0.108329040095714E+00
 0.106470451647959E+00
 0.104293745703361E+00
 0.101800102347672E+00
 0.990992973784455E-01
 0.964907875578711E-01
 0.939932470364605E-01
 0.915905667230197E-01
 0.892782019609410E-01
 0.870625187934576E-01
 0.849268075776502E-01
 0.828815533569921E-01
 0.809084185696717E-01
 0.790084277041220E-01
 0.771799641474144E-01
 0.754174196596129E-01
 0.737166676481253E-01
 0.720786292210888E-01
 0.704934498383217E-01
 0.689644133498129E-01
 0.691896027287279E-01
 0.700461265872596E-01
 0.707465527965826E-01
 0.712826930423437E-01
 0.716469681337141E-01
 0.718324458329086E-01
 0.718328893100432E-01
 0.716428050299051E-01
 0.712574787370981E-01
 0.706729990296047E-01
 0.698862770605135E-01
 0.688950693989649E-01
 0.677004972677877E-01
 0.664539792199009E-01
 0.699055196220304E-01
 0.751862850005390E-01
 0.802149093598807E-01
 0.849726163084281E-01
 0.894415703287373E-01
 0.936049626208835E-01
 0.974470994440000E-01
 0.100953486371339E+00
 0.104110902426171E+00
 0.106907460713361E+00
 0.109332654136440E+00
 0.111377385643235E+00
 0.113033984317074E+00
 0.114296213137351E+00
 0.115159279442957E+00
 0.115619860297097E+00
 0.115676148706646E+00
 0.115327914719470E+00
 0.114576564215704E+00
 0.113425174491831E+00
 0.111878492000092E+00
 0.109942890591511E+00
 0.107626301635937E+00
 0.105055171121602E+00
 0.102559049198213E+00
 0.100157223724455E+00
 0.978332175157050E-01
 0.955925061168198E-01
 0.934288564085938E-01
 0.913405974983932E-01
 0.893240889904617E-01
 0.873783111372133E-01
 0.855000965912888E-01
 0.836837346056281E-01
 0.819247597467059E-01
 0.802249776966619E-01
 0.785761701124082E-01
 0.769842537467754E-01
 0.754332750259098E-01
 0.739387377862602E-01
 0.724891100330967E-01
 0.735947985861228E-01
 0.749603327329489E-01
 0.760703581461177E-01
 0.769205417886941E-01
 0.775075374384149E-01
 0.778290004508141E-01
 0.778836036632050E-01
 0.776710467804158E-01
 0.771920588229451E-01
 0.764484009396678E-01
 0.754428745110630E-01
 0.741972418778269E-01
 0.729312878656348E-01
 0.717000989953812E-01
 0.704897593674486E-01
 0.700753512296763E-01
 0.735571983321603E-01
 0.767018339831268E-01
 0.794981544503220E-01
 0.819365092209431E-01
 0.840087586166306E-01
 0.857083289969099E-01
 0.870302537768324E-01
 0.879711941634451E-01
 0.885294411863555E-01
 0.887049056995713E-01
 0.884991037241717E-01
 0.879151418193921E-01
 0.869577034165660E-01
 0.856330341999295E-01
 0.839489235467153E-01
 0.819557747423205E-01
 0.799809057001866E-01
 0.780713505326723E-01
 0.762339551616276E-01
 0.744591348361295E-01
 0.727476141856091E-01
 0.710939875851490E-01
 0.694962938889006E-01
 0.679506545085388E-01
 0.664576081794118E-01
 0.650167892593545E-01
 0.636253421635100E-01
 0.622709926674806E-01
 0.609695599063686E-01
 0.597002318131012E-01
 0.584839168968900E-01
 0.572979303621407E-01
 0.561483686150204E-01
 0.550345995833852E-01
 0.541192283228967E-01
 0.555676392668025E-01
 0.567691096058237E-01
 0.577200675152435E-01
 0.584179969930736E-01
 0.588614560987285E-01
 0.590500827403762E-01
 0.589845891653441E-01
 0.586667525695282E-01
 0.580994067792115E-01
 0.572864312759485E-01
 0.562974824500500E-01
 0.560588671385584E-01
 0.591240352526750E-01
 0.618897439517813E-01
 0.643444007747799E-01
 0.664777968366101E-01
 0.682811359017938E-01
 0.697470742816540E-01
 0.708697691375960E-01
 0.716449267634124E-01
 0.720698412399619E-01
 0.721434171763431E-01
 0.718661751757496E-01
 0.712402423548097E-01
 0.702693317900089E-01
 0.689587147916380E-01
 0.673569284097057E-01
 0.657588064021503E-01
 0.642164859689121E-01
 0.627286907623340E-01
 0.612937547954623E-01
 0.599079948967648E-01
 0.585681914065621E-01
 0.572755237742509E-01
 0.560250828753373E-01
 0.548143637346509E-01
 0.536384522383242E-01
 0.525093307465804E-01
 0.514123353228654E-01
 0.503479311185171E-01
 0.493171720612936E-01
 0.483183399600579E-01
 0.473480803219593E-01
 0.464074092809025E-01
 0.454948815186523E-01
 0.446052951432423E-01
 0.441006190347039E-01
 0.453818599267736E-01
 0.464402747372464E-01
 0.472717219181480E-01
 0.478730985987148E-01
 0.482423386205305E-01
 0.483784037726470E-01
 0.482812770164277E-01
 0.495853126352408E-01
 0.532547090858759E-01
 0.566753043183544E-01
 0.598300632416483E-01
 0.627030120791325E-01
 0.652793145655499E-01
 0.675453663838090E-01
 0.694888971471383E-01
 0.710990644346102E-01
 0.723665254548228E-01
 0.732834781178939E-01
 0.738436720694479E-01
 0.740423980340937E-01
 0.738764677760868E-01
 0.733441964453127E-01
 0.724453954065099E-01
 0.711813785572032E-01
 0.695631086787923E-01
 0.678673534552346E-01
 0.662336412549929E-01
 0.646619342633986E-01
 0.631443125372174E-01
 0.616824809835117E-01
 0.602700700876806E-01
 0.589049918638258E-01
 0.575879173499344E-01
 0.563113736877863E-01
 0.550801729106785E-01
 0.538909975490794E-01
 0.527388563783292E-01
 0.516177249108661E-01
 0.505380752786651E-01
 0.494922343302519E-01
 0.484743845462837E-01
 0.474896179070253E-01
 0.465317473294088E-01
 0.456013974453272E-01
 0.446974984220146E-01
 0.452613811737560E-01
 0.464231181794172E-01
 0.473607734729743E-01
 0.480688358519492E-01
 0.528747943863327E-01
 0.587997969001545E-01
 0.645998973142774E-01
 0.702527872943598E-01
 0.757367970301975E-01
 0.810309795491004E-01
 0.861151893742078E-01
 0.909701549466329E-01
 0.955775450481902E-01
 0.999200318180168E-01
 0.103981354115462E+00
 0.107746383255989E+00
 0.111201189727402E+00
 0.114333107095328E+00
 0.117130789333807E+00
 0.119584259288933E+00
 0.121684947166308E+00
 0.123425718421431E+00
 0.124800891177774E+00
 0.125806244844815E+00
 0.126439023015068E+00
 0.126697933580198E+00
 0.126583147228052E+00
 0.126096293505257E+00
 0.125240452830132E+00
 0.124020143126446E+00
 0.122441300021186E+00
 0.120511249275041E+00
 0.118238669936346E+00
 0.115633547423827E+00
 0.112712155201866E+00
 0.109763625555330E+00
 0.106939110387618E+00
 0.104231808177416E+00
 0.101632237945407E+00
 0.991321771464803E-01
 0.967308361592421E-01
 0.944216641200118E-01
 0.921988364803720E-01
 0.900623659112031E-01
 0.879988407396093E-01
 0.860085894944660E-01
 0.840792041402741E-01
 0.822244225368483E-01
 0.804320978034056E-01
 0.786962322055493E-01
 0.770185109786490E-01
 0.781660161907664E-01
 0.793300266435490E-01
 0.802529782310865E-01
 0.809318753203776E-01
 0.813646995181150E-01
 0.815504079074871E-01
 0.814889236705932E-01
 0.811811203122116E-01
 0.806288057781639E-01
 0.798347128983183E-01
 0.788024978115378E-01
 0.775367424371462E-01
 0.761331435134828E-01
 0.747667204436893E-01
 0.734360802790332E-01
 0.721320365079671E-01
 0.708628355381274E-01
 0.696380605019957E-01
 0.684384662802177E-01
 0.672645502432519E-01
 0.661162863243518E-01
 0.649920890579039E-01
 0.666406084979500E-01
 0.685096281652040E-01
 0.701284631564958E-01
 0.715007012205055E-01
 0.726311036375017E-01
 0.735255789281038E-01
 0.741911535950713E-01
 0.746359368393219E-01
 0.748690773866525E-01
 0.749007117308188E-01
 0.747419040730685E-01
 0.744045789505424E-01
 0.739014480474384E-01
 0.732459331144920E-01
 0.724520872098881E-01
 0.715345161516646E-01
 0.705083007395320E-01
 0.693889184075308E-01
 0.681921618510570E-01
 0.669340529587340E-01
 0.656307526810289E-01
 0.642984694172428E-01
 0.629533683987555E-01
 0.616114825487273E-01
 0.602886233833215E-01
 0.590002906323960E-01
 0.577615814735184E-01
 0.565871027559352E-01
 0.554908902873146E-01
 0.544863376059004E-01
 0.535861338165379E-01
 0.528022077228000E-01
 0.521456746051000E-01
 0.516267824836701E-01
 0.512548559282288E-01
 0.510382368781224E-01
 0.512478349325538E-01
 0.516427416293023E-01
 0.518852263705996E-01
 0.519811909812710E-01
 0.525003224744208E-01
 0.533282528677035E-01
 0.543376490115926E-01
 0.555272087201385E-01
 0.568943528572307E-01
 0.584352448842853E-01
 0.601448154286693E-01
 0.620167904487266E-01
 0.640437215722899E-01
 0.662170168615066E-01
 0.685269704827891E-01
 0.709627909758417E-01
 0.735126296189736E-01
 0.761636119625828E-01
 0.789018763872926E-01
 0.817126234319766E-01
 0.845801786788463E-01
 0.874880701451281E-01
 0.904191185014382E-01
 0.933555355931334E-01
 0.962790247503231E-01
 0.991708762872711E-01
 0.102012053816224E+00
 0.104783270968437E+00
 0.107465062414639E+00
 0.110037855938061E+00
 0.112482052363086E+00
 0.114778117219667E+00
 0.116906683524927E+00
 0.118848661303096E+00
 0.120585348210415E+00
 0.122098536885344E+00
 0.123370616796046E+00
 0.124384669672618E+00
 0.125124557708791E+00
 0.125575003633243E+00
 0.125721662605919E+00
 0.125551187589037E+00
 0.125051291110901E+00
 0.124210806046303E+00
 0.123019746315457E+00
 0.121469366534671E+00
 0.119552218904748E+00
 0.117262206244003E+00
 0.114594631260796E+00
 0.111546242822640E+00
 0.108391791300850E+00
 0.105373718205100E+00
 0.102477195665391E+00
 0.997070576379582E-01
 0.970493904688339E-01
 0.944953415809458E-01
 0.920419444835690E-01
 0.896817901183253E-01
 0.874172340830452E-01
 0.852398658288811E-01
 0.831483941752309E-01
 0.811353516798935E-01
 0.791962357390874E-01
 0.773264347291645E-01
 0.755285328088925E-01
 0.737900336439100E-01
 0.739996008234444E-01
 0.748420009346397E-01
 0.755236020441002E-01
 0.760336950546222E-01
 0.763620730466814E-01
 0.764990628043102E-01
 0.764355761589327E-01
 0.761631821680638E-01
 0.756741894430515E-01
 0.764538382556897E-01
 0.856998441553952E-01
 0.948680776041763E-01
 0.103930620612953E+00
 0.112859740524071E+00
 0.121628017321171E+00
 0.130208442071001E+00
 0.138574487476940E+00
 0.146700161162973E+00
 0.154560058280752E+00
 0.162129429942835E+00
 0.169384277602648E+00
 0.176301473232365E+00
 0.182858895160914E+00
 0.189035563641864E+00
 0.194811760392833E+00
 0.200169121601874E+00
 0.205090701710640E+00
 0.209561012956867E+00
 0.213566051121887E+00
 0.217093319826145E+00
 0.220131863445687E+00
 0.222672312863186E+00
 0.224706940910062E+00
 0.226229718563905E+00
 0.227236361287837E+00
 0.227724357885095E+00
 0.227692980081469E+00
 0.227143276643176E+00
 0.226078058579733E+00
 0.224501881080496E+00
 0.222421024488149E+00
 0.219843473066511E+00
 0.216778888462692E+00
 0.213238575118064E+00
 0.209235436572385E+00
 0.204783923241660E+00
 0.199899973005535E+00
 0.194708803173075E+00
 0.189682220697835E+00
 0.184869427781818E+00
 0.180249854039960E+00
 0.175822119097777E+00
 0.171570852493580E+00
 0.167484728745801E+00
 0.163554473512719E+00
 0.159772855595720E+00
 0.156131861298879E+00
 0.152623474354278E+00
 0.149236451485971E+00
 0.145969912045098E+00
 0.142822308770233E+00
 0.144223065844466E+00
 0.145790931093235E+00
 0.147026364240202E+00
 0.147925294543001E+00
 0.148484794196163E+00
 0.148703097343032E+00
 0.148579602856375E+00
 0.148114863688870E+00
 0.147310574372689E+00
 0.146169566822080E+00
 0.144695814177628E+00
 0.142894432620425E+00
 0.140771670586051E+00
 0.138340308793083E+00
 0.135851082166798E+00
 0.133431566919151E+00
 0.131060195992248E+00
 0.128788284329745E+00
 0.126553657993698E+00
 0.124369429515713E+00
 0.122243548338760E+00
 0.120178949924112E+00
 0.118174925325623E+00
 0.116227025962935E+00
 0.114327466910441E+00
 0.112466681857081E+00
 0.110635444326780E+00
 0.108821464084932E+00
 0.107125636279742E+00
 0.105457282607651E+00
 0.103789828607150E+00
 0.102151821310816E+00
 0.100629802651792E+00
 0.990866730184185E-01
 0.975524119239665E-01
 0.957996978482989E-01
 0.938343914141885E-01
 0.916630688631048E-01
 0.892930180723248E-01
 0.867322247601903E-01
 0.839893423242034E-01
 0.810736445418712E-01
 0.789210635709695E-01
 0.773390782181416E-01
 0.758024072194218E-01
 0.743134624011534E-01
 0.728687370288661E-01
 0.714672830506809E-01
 0.701018092347306E-01
 0.687779445691836E-01
 0.674904271005839E-01
 0.662390980419519E-01
 0.650207629089780E-01
 0.638374182438285E-01
 0.626860315719237E-01
 0.615683515082208E-01
 0.604818759529934E-01
 0.598606075704484E-01
 0.613924943564424E-01
 0.626666952927687E-01
 0.636858519086579E-01
 0.644536573344363E-01
 0.649748441482941E-01
 0.652551634799741E-01
 0.653013533760757E-01
 0.651210921218001E-01
 0.647229336297549E-01
 0.641162287242701E-01
 0.633110443520799E-01
 0.623457206763497E-01
 0.613775339692304E-01
 0.604338243835079E-01
 0.595097482718496E-01
 0.586039382033465E-01
 0.577103374122955E-01
 0.568334958219897E-01
 0.559789848088554E-01
 0.551471643425228E-01
 0.543355917301893E-01
 0.535433782637710E-01
 0.527657869383900E-01
 0.519981372731207E-01
 0.512329748437553E-01
 0.505021871004320E-01
 0.498050006123029E-01
 0.491033076328614E-01
 0.483889782560624E-01
 0.494457226604534E-01
 0.529511499037268E-01
 0.565252080910940E-01
 0.601489693802719E-01
 0.638031058494457E-01
 0.674679645232760E-01
 0.711236500249745E-01
 0.747501188546476E-01
 0.783272854377757E-01
 0.818351361451047E-01
 0.852538449888767E-01
 0.885638842767863E-01
 0.917461249506318E-01
 0.947819240254592E-01
 0.976531997535702E-01
 0.100342498118970E+00
 0.102833056213136E+00
 0.105108868197573E+00
 0.107154757598261E+00
 0.108956456132152E+00
 0.110500685556679E+00
 0.111775236855650E+00
 0.112769041395527E+00
 0.113472231070067E+00
 0.113876187328949E+00
 0.113973580756587E+00
 0.113758402997210E+00
 0.113225992041809E+00
 0.112373051359721E+00
 0.111197663559954E+00
 0.109699299656783E+00
 0.107878824667380E+00
 0.105738498917444E+00
 0.103281972877916E+00
 0.100530152474705E+00
 0.977831056169895E-01
 0.951556185599221E-01
 0.926367628346007E-01
 0.902235496347060E-01
 0.879094761304669E-01
 0.856893704089485E-01
 0.835554237139558E-01
 0.815027333286554E-01
 0.795332057329343E-01
 0.776338726234765E-01
 0.758054952054609E-01
 0.740312268111240E-01
 0.723345290868944E-01
 0.706967638794876E-01
 0.691073175049166E-01
 0.676955065344537E-01
 0.687183905183560E-01
 0.695685481475435E-01
 0.702383664116077E-01
 0.707210265851369E-01
 0.710105377812110E-01
 0.711017654122899E-01
 0.709904538497422E-01
 0.706732408372009E-01
 0.701476627579386E-01
 0.694121531503841E-01
 0.684660391412802E-01
 0.673095402524243E-01
 0.660490770176967E-01
 0.648210999410410E-01
 0.636332696674271E-01
 0.680826163731673E-01
 0.723593731028349E-01
 0.763721495578481E-01
 0.801089429062796E-01
 0.835589643978302E-01
 0.867126726986703E-01
 0.895617985099105E-01
 0.920993670814899E-01
 0.943197229036873E-01
 0.962185568695379E-01
 0.977929326481560E-01
 0.990413073201704E-01
 0.999635417244757E-01
 0.100560897778465E+00
 0.100836022408308E+00
 0.100792920094094E+00
 0.100436918049182E+00
 0.997746292388650E-01
 0.988139180873651E-01
 0.975638712820993E-01
 0.960347718742887E-01
 0.942380704113326E-01
 0.921863443549686E-01
 0.900147509756502E-01
 0.879224519701261E-01
 0.859106818307208E-01
 0.839705579460801E-01
 0.820996212128539E-01
 0.802963385497754E-01
 0.785563783397348E-01
 0.768765395972142E-01
 0.752541922077326E-01
 0.736809564253574E-01
 0.721551903166139E-01
 0.706854092853629E-01
 0.692617867839961E-01
 0.678687331986928E-01
 0.665319477437364E-01
 0.652383415295279E-01
 0.648769768080381E-01
 0.661153197116981E-01
 0.671377640303726E-01
 0.679429896755155E-01
 0.685305923515956E-01
 0.689011007057264E-01
 0.690559849933298E-01
 0.689976520377348E-01
 0.687294237410308E-01
 0.682555018822560E-01
 0.675809276332237E-01
 0.667115460503318E-01
 0.656582309769963E-01
 0.645682543738142E-01
 0.635046473248627E-01
 0.624596527543048E-01
 0.614506967227394E-01
 0.604621403393688E-01
 0.594912222831089E-01
 0.585419408919203E-01
 0.576161149745837E-01
 0.567127224725590E-01
 0.558274974395504E-01
 0.549581239306655E-01
 0.540982142080526E-01
 0.532538879684787E-01
 0.524626092463095E-01
 0.516753407287903E-01
 0.508830602764660E-01
 0.501146626139313E-01
 0.493958824482227E-01
 0.486611757007730E-01
 0.479327076393493E-01
 0.472692097441362E-01
 0.465048621322514E-01
 0.456137966702587E-01
 0.446016911286846E-01
 0.434747434742365E-01
 0.422396470838913E-01
 0.409035407869883E-01
 0.394739467746981E-01
 0.379587144376288E-01
 0.392556288683519E-01
 0.420311215280497E-01
 0.447175007496603E-01
 0.472957780702220E-01
 0.497473324057895E-01
 0.520539979349106E-01
 0.541981522824791E-01
 0.561628047224214E-01
 0.579316843534527E-01
 0.594893276654597E-01
 0.608211635916718E-01
 0.619135929162036E-01
 0.627540589436265E-01
 0.633311081889039E-01
 0.636344429434760E-01
 0.636549704105785E-01
 0.633848539658357E-01
 0.628175699863346E-01
 0.619479690242260E-01
 0.607723348112923E-01
 0.592884313308479E-01
 0.576864716271835E-01
 0.561470252612522E-01
 0.546661977615398E-01
 0.532417594795086E-01
 0.518698718932455E-01
 0.505552399743557E-01
 0.492865597876657E-01
 0.480644318284576E-01
 0.468867683247713E-01
 0.457536681782104E-01
 0.446605576302474E-01
 0.436081621814789E-01
 0.425923378282633E-01
 0.416116889792470E-01
 0.406669650500152E-01
 0.397518698351926E-01
 0.388645811840653E-01
 0.380121746713034E-01
 0.371864634790554E-01
 0.363868154398860E-01
 0.370163858070623E-01
 0.378249308272281E-01
 0.438203955335447E-01
 0.497965505099772E-01
 0.557212260484383E-01
 0.615700767231316E-01
 0.673188033728776E-01
 0.729432390510083E-01
 0.784194294242414E-01
 0.837237196194067E-01
 0.888328580442129E-01
 0.937241198357688E-01
 0.983754415860802E-01
 0.102765550839085E+00
 0.106874073621048E+00
 0.110681611582848E+00
 0.114169792755150E+00
 0.117321309848792E+00
 0.120119962938873E+00
 0.122550719100298E+00
 0.124599793379648E+00
 0.126254747221477E+00
 0.127504594352837E+00
 0.128339900727525E+00
 0.128752864550619E+00
 0.128737365129454E+00
 0.128288975717041E+00
 0.127404944724648E+00
 0.126084158872787E+00
 0.124327107104148E+00
 0.122135862342554E+00
 0.119514089297042E+00
 0.116546931455569E+00
 0.113637248624614E+00
 0.110835759893546E+00
 0.108142951186612E+00
 0.105550188971057E+00
 0.103052113813321E+00
 0.100644794097454E+00
 0.983273834273304E-01
 0.960899130894169E-01
 0.939267534003012E-01
 0.918430096590766E-01
 0.898343576065387E-01
 0.878839637463430E-01
 0.860038140964797E-01
 0.841836379908230E-01
 0.824238128694464E-01
 0.807093684576485E-01
 0.790673595733855E-01
 0.800580516293194E-01
 0.814359689700664E-01
 0.825579173897940E-01
 0.834164181068570E-01
 0.840049796097336E-01
 0.843181491007381E-01
 0.843515495881077E-01
 0.841018997902144E-01
 0.835670195755271E-01
 0.827458282194444E-01
 0.816383424619515E-01
 0.821380933308986E-01
 0.890730727369954E-01
 0.957417846110293E-01
 0.102121037928313E+00
 0.108188721555186E+00
 0.113923893633479E+00
 0.119306859762023E+00
 0.124319235617707E+00
 0.128943994121239E+00
 0.133165503863369E+00
 0.136969569987981E+00
 0.140343487223878E+00
 0.143276107052718E+00
 0.145757911195218E+00
 0.147781077470093E+00
 0.149339525117607E+00
 0.150428933796947E+00
 0.151046739046372E+00
 0.151192112297071E+00
 0.150865933836540E+00
 0.150070764329516E+00
 0.148810817957214E+00
 0.147091939593310E+00
 0.144921588315456E+00
 0.142308827133747E+00
 0.139264313150627E+00
 0.135829357154703E+00
 0.132409824651153E+00
 0.129123580258956E+00
 0.125965505575858E+00
 0.122930312115151E+00
 0.119999902087037E+00
 0.117189739098681E+00
 0.114479204570919E+00
 0.111866025673441E+00
 0.109344797823787E+00
 0.106912026539298E+00
 0.104563964132479E+00
 0.102291771918501E+00
 0.100095882463794E+00
 0.979772881380468E-01
 0.959194498302177E-01
 0.939335517805320E-01
 0.938911268522458E-01
 0.955477619948291E-01
 0.969020638201255E-01
 0.979497918209067E-01
 0.986878136760032E-01
 0.991141286839750E-01
 0.992278848830304E-01
 0.990293853772549E-01
 0.985200846463904E-01
 0.977025796200887E-01
 0.965805990752613E-01
 0.951589892205864E-01
 0.934959151225321E-01
 0.918393615539824E-01
 0.902316184489193E-01
 0.886774030497777E-01
 0.871457345376995E-01
 0.856415726748011E-01
 0.874231544916869E-01
 0.917030235084937E-01
 0.956513866623770E-01
 0.992614759485006E-01
 0.102527993310270E+00
 0.105447131262600E+00
 0.108016587515332E+00
 0.110235570272535E+00
 0.112104790513934E+00
 0.113626439227150E+00
 0.114804150633669E+00
 0.115642955053413E+00
 0.116149225758744E+00
 0.116330623159054E+00
 0.116196038217534E+00
 0.115755536037018E+00
 0.115020299755596E+00
 0.114002573484661E+00
 0.112715601217635E+00
 0.111173558070461E+00
 0.109391472482976E+00
 0.107385142558860E+00
 0.105171053350706E+00
 0.102766300956298E+00
 0.100215020519538E+00
 0.977307442222571E-01
 0.953420965073432E-01
 0.930608626578861E-01
 0.908628705934992E-01
 0.887500202599769E-01
 0.867208064335287E-01
 0.847646289420806E-01
 0.828793776635944E-01
 0.810631659269877E-01
 0.793094268199576E-01
 0.776078577686374E-01
 0.759717217696043E-01
 0.743920169375949E-01
 0.740588448117358E-01
 0.752772666238811E-01
 0.762611465292179E-01
 0.770127014814228E-01
 0.775350603781956E-01
 0.778322298630251E-01
 0.779090619800878E-01
 0.777712314516082E-01
 0.774252251599170E-01
 0.768783345747625E-01
 0.761386337456871E-01
 0.752149302012006E-01
 0.741166916630600E-01
 0.728633767271706E-01
 0.715996054773730E-01
 0.703658310169424E-01
 0.691583261752443E-01
 0.679879115536636E-01
 0.668366568553761E-01
 0.657100011094477E-01
 0.646120666995188E-01
 0.635455172818247E-01
 0.625084887399948E-01
 0.614992573291407E-01
 0.605153568561668E-01
 0.595517044912690E-01
 0.586037349383057E-01
 0.576638412249734E-01
 0.567790753251916E-01
 0.559184065189134E-01
 0.550570425129718E-01
 0.542036270422148E-01
 0.534219261119024E-01
 0.526303507622343E-01
 0.518331698013932E-01
 0.509203925210210E-01
 0.498993218105424E-01
 0.487775672311328E-01
 0.475630356097662E-01
 0.462639160766251E-01
 0.448886487878363E-01
 0.437261608534511E-01
 0.440606599823743E-01
 0.442298327233353E-01
 0.442204359357076E-01
 0.440200356255971E-01
 0.436170646914303E-01
 0.430008721932587E-01
 0.421617722727600E-01
 0.410911013884967E-01
 0.398377412150990E-01
 0.386144902703380E-01
 0.374427033369062E-01
 0.363215091032281E-01
 0.352411539259502E-01
 0.342041733895077E-01
 0.332089378629730E-01
 0.322517602355530E-01
 0.313324419216591E-01
 0.304379890679871E-01
 0.295884852224229E-01
 0.287656503079364E-01
 0.279726475408106E-01
 0.272059856337470E-01
 0.264683944655376E-01
 0.257587582262776E-01
 0.250707150083314E-01
 0.244106508579400E-01
 0.255428315229355E-01
 0.310821787216693E-01
 0.367337274605011E-01
 0.424782497989072E-01
 0.482956428678879E-01
 0.541650403358456E-01
 0.600649399148202E-01
 0.659733275691843E-01
 0.718677865098714E-01
 0.777255926989607E-01
 0.835238084267343E-01
 0.892393856126456E-01
 0.948492831122837E-01
 0.100330595028993E+00
 0.105660685395212E+00
 0.110817327338904E+00
 0.115778845896879E+00
 0.120524259011187E+00
 0.125033404202125E+00
 0.129287037297811E+00
 0.133266899802393E+00
 0.136955768787390E+00
 0.140337515329377E+00
 0.143397193632103E+00
 0.146121163224570E+00
 0.148497223414354E+00
 0.150514728256313E+00
 0.152164658854168E+00
 0.153439651215782E+00
 0.154333997261690E+00
 0.154843642299047E+00
 0.154966193801019E+00
 0.154700942734544E+00
 0.154048889953520E+00
 0.153012769418337E+00
 0.151597062745476E+00
 0.149807999880421E+00
 0.147653537696181E+00
 0.145143307244321E+00
 0.142288526883636E+00
 0.139101891950712E+00
 0.135597463692122E+00
 0.131790580754276E+00
 0.127697802402564E+00
 0.123413552832982E+00
 0.119257205626648E+00
 0.115289134440669E+00
 0.111450505201471E+00
 0.107791753379334E+00
 0.104262422802306E+00
 0.100861781652411E+00
 0.975828573027033E-01
 0.944145188909331E-01
 0.913595982849170E-01
 0.884429702148753E-01
 0.856321964588025E-01
 0.828948209191775E-01
 0.802238553326415E-01
 0.777051870500257E-01
 0.774577536232529E-01
 0.773820619636106E-01
 0.771045464492011E-01
 0.766277264379393E-01
 0.759550453941758E-01
 0.750908439568610E-01
 0.740403338979061E-01
 0.728095745823777E-01
 0.714054474865511E-01
 0.698356205478643E-01
 0.681084969996941E-01
 0.662331507569669E-01
 0.642192557521025E-01
 0.621196322228464E-01
 0.600771697600351E-01
 0.580922134775102E-01
 0.561672151119064E-01
 0.542943816380858E-01
 0.524874039379668E-01
 0.507290372783886E-01
 0.490197314392955E-01
 0.473590648978521E-01
 0.457449403440747E-01
 0.441735782466624E-01
 0.426418724179227E-01
 0.411730463203202E-01
 0.412794423920566E-01
 0.412060435336861E-01
 0.409382207195797E-01
 0.404878816959871E-01
 0.398674878318328E-01
 0.390899453755036E-01
 0.381685031360565E-01
 0.371166594403949E-01
 0.359480746418771E-01
 0.346764834683335E-01
 0.333156047433424E-01
 0.319146607377536E-01
 0.305657745321187E-01
 0.292747704176277E-01
 0.280253246218468E-01
 0.268236153512731E-01
 0.256724265388517E-01
 0.266041885429713E-01
 0.280039686281263E-01
 0.300508232478426E-01
 0.321370729159569E-01
 0.342551335177449E-01
 0.363970337839435E-01
 0.385544616157168E-01
 0.407188122324774E-01
 0.428812386510584E-01
 0.450327050561002E-01
 0.471640431730497E-01
 0.492660111373729E-01
 0.513293539494966E-01
 0.533448645579213E-01
 0.553034447490009E-01
 0.571961650982972E-01
 0.590143232231784E-01
 0.607494996741744E-01
 0.623936112055057E-01
 0.639389617449670E-01
 0.653782917207898E-01
 0.667048261231810E-01
 0.679123208373761E-01
 0.689951059029977E-01
 0.699481240288941E-01
 0.707669631826885E-01
 0.714478830603947E-01
 0.719878361091717E-01
 0.723844840536550E-01
 0.726362105053856E-01
 0.727421296031058E-01
 0.727020901750189E-01
 0.725166748634205E-01
 0.721871939064107E-01
 0.717156735384918E-01
 0.711048391094527E-01
 0.703580930532435E-01
 0.694794879638850E-01
 0.684736952963311E-01
 0.673459704376470E-01
 0.661021148615599E-01
 0.647484356794879E-01
 0.632917024048637E-01
 0.617391005172072E-01
 0.600981816695955E-01
 0.583768109868932E-01
 0.565831124622969E-01
 0.547254135943364E-01
 0.528121901177841E-01
 0.508520111790536E-01
 0.488534849865070E-01
 0.468252049425795E-01
 0.447756965135255E-01
 0.427133653286569E-01
 0.406464471064007E-01
 0.385829598909730E-01
 0.365306589255953E-01
 0.344969943849228E-01
 0.324890721918729E-01
 0.305136181883745E-01
 0.285769459261366E-01
 0.266849282500977E-01
 0.248429727707473E-01
 0.230560012929277E-01
 0.213284333458651E-01
 0.196641740050091E-01
 0.180666061481375E-01
 0.165385871108624E-01
 0.150824495196972E-01
 0.137000059968440E-01
 0.123925574795707E-01
 0.111609050374650E-01
 0.100053651242465E-01
 0.892578818263044E-02
 0.792158037170547E-02
 0.699172808592015E-02
 0.613482486293798E-02
 0.534910029782583E-02
 0.463245063543059E-02
 0.398247073997179E-02
 0.339648713249769E-02
 0.287159176498162E-02
 0.240467617824533E-02
 0.199246569247004E-02
 0.163155328376148E-02
 0.131843282294226E-02
 0.104953136830754E-02
 0.821240213895377E-03
 0.629944427202743E-03
 0.472050642335747E-03
 0.344012913856146E-03
 0.242356457697196E-03
 0.163699123989202E-03
 0.104770479480979E-03
 0.624284048141231E-04
 0.336731589512394E-04
 0.156589086973165E-04
 0.570274426559267E-05
 0.129124743228229E-05
 0.846941618595892E-07
 0.000000000000000E+00
 0.000000000000000E+00
 0.000000000000000E+00
 0.000000000000000E+00
 0.000000000000000E+00
 0.000000000000000E+00
 0.000000000000000E+00
 0.000000000000000E+00
 0.000000000000000E+00
 0.000000000000000E+00
 0.000000000000000E+00
 0.000000000000000E+00
 0.000000000000000E+00
 0.000000000000000E+00
 0.000000000000000E+00
 0.000000000000000E+00
 0.000000000000000E+00
 0.000000000000000E+00
 0.000000000000000E+00
 0.000000000000000E+00
 0.000000000000000E+00
 0.000000000000000E+00
 0.000000000000000E+00
 0.000000000000000E+00
 0.000000000000000E+00
 0.000000000000000E+00
 0.000000000000000E+00
 0.000000000000000E+00
 0.000000000000000E+00
 0.000000000000000E+00
 0.000000000000000E+00
 0.000000000000000E+00
 0.000000000000000E+00
 0.000000000000000E+00
 0.000000000000000E+00
 0.000000000000000E+00
 0.000000000000000E+00
 0.000000000000000E+00
 0.000000000000000E+00
 0.000000000000000E+00
 0.000000000000000E+00
 0.000000000000000E+00
 0.000000000000000E+00
 0.000000000000000E+00
 0.000000000000000E+00
 0.000000000000000E+00
 0.000000000000000E+00
 0.000000000000000E+00
 0.000000000000000E+00
 0.000000000000000E+00
 0.000000000000000E+00
 0.000000000000000E+00
 0.000000000000000E+00
 0.000000000000000E+00
 0.000000000000000E+00
 0.000000000000000E+00
 0.000000000000000E+00
 0.000000000000000E+00
 0.000000000000000E+00
 0.000000000000000E+00
 0.000000000000000E+00
 0.000000000000000E+00
 0.000000000000000E+00
 0.000000000000000E+00
 0.000000000000000E+00
 0.000000000000000E+00
 0.000000000000000E+00
 0.000000000000000E+00
 0.000000000000000E+00
 0.000000000000000E+00
 0.000000000000000E+00
 0.000000000000000E+00
 0.000000000000000E+00
 0.000000000000000E+00
 0.000000000000000E+00
 0.000000000000000E+00
 0.000000000000000E+00
 0.000000000000000E+00
 0.000000000000000E+00
 0.000000000000000E+00
 0.000000000000000E+00
 0.000000000000000E+00
 0.000000000000000E+00
 0.000000000000000E+00
 0.000000000000000E+00
 0.000000000000000E+00
 0.000000000000000E+00
 0.000000000000000E+00
 0.000000000000000E+00
 0.000000000000000E+00
 0.000000000000000E+00
 0.000000000000000E+00
 0.000000000000000E+00
 0.000000000000000E+00
 0.000000000000000E+00
 0.000000000000000E+00
 0.000000000000000E+00
 0.000000000000000E+00
 0.000000000000000E+00
 0.000000000000000E+00
 0.000000000000000E+00
 0.000000000000000E+00
 0.000000000000000E+00
 0.000000000000000E+00
 0.000000000000000E+00
 0.000000000000000E+00
 0.000000000000000E+00
 0.000000000000000E+00
 0.000000000000000E+00
 0.000000000000000E+00
 0.000000000000000E+00
 0.000000000000000E+00
 0.000000000000000E+00
 0.000000000000000E+00
 0.000000000000000E+00
 0.000000000000000E+00
 0.000000000000000E+00
 0.000000000000000E+00
 0.000000000000000E+00
 0.000000000000000E+00
 0.000000000000000E+00
 0.000000000000000E+00
 0.000000000000000E+00
 0.000000000000000E+00
 0.000000000000000E+00
 0.000000000000000E+00
 0.000000000000000E+00
 0.000000000000000E+00
 0.000000000000000E+00
 0.000000000000000E+00
 0.000000000000000E+00
 0.000000000000000E+00
 0.000000000000000E+00
 0.000000000000000E+00
 0.000000000000000E+00
 0.000000000000000E+00
 0.000000000000000E+00
 0.000000000000000E+00
 0.000000000000000E+00
 0.000000000000000E+00
 0.000000000000000E+00
 0.000000000000000E+00
 0.000000000000000E+00
 0.000000000000000E+00
 0.000000000000000E+00
 0.000000000000000E+00
 0.000000000000000E+00
 0.000000000000000E+00
 0.000000000000000E+00
 0.000000000000000E+00
 0.000000000000000E+00
 0.000000000000000E+00
 0.000000000000000E+00
 0.000000000000000E+00
 0.000000000000000E+00
 0.000000000000000E+00
 0.000000000000000E+00
 0.000000000000000E+00
 0.000000000000000E+00
 0.000000000000000E+00
 0.000000000000000E+00
 0.000000000000000E+00
 0.000000000000000E+00
 0.000000000000000E+00
 0.000000000000000E+00
 0.000000000000000E+00
 0.000000000000000E+00
 0.000000000000000E+00
 0.000000000000000E+00
 0.000000000000000E+00
 0.000000000000000E+00
 0.000000000000000E+00
 0.000000000000000E+00
 0.000000000000000E+00
 0.000000000000000E+00
 0.000000000000000E+00
 0.000000000000000E+00
 0.000000000000000E+00
 0.000000000000000E+00
 0.000000000000000E+00
 0.000000000000000E+00
 0.000000000000000E+00
 0.000000000000000E+00
 0.000000000000000E+00
 0.000000000000000E+00
 0.000000000000000E+00
 0.000000000000000E+00
 0.000000000000000E+00
 0.000000000000000E+00
 0.000000000000000E+00
 0.000000000000000E+00
 0.000000000000000E+00
 0.000000000000000E+00
 0.000000000000000E+00
 0.000000000000000E+00
 0.000000000000000E+00
 0.000000000000000E+00
 0.000000000000000E+00
 0.000000000000000E+00
 0.000000000000000E+00
 0.000000000000000E+00
 0.000000000000000E+00
 0.000000000000000E+00
 0.000000000000000E+00
 0.000000000000000E+00
 0.000000000000000E+00
 0.000000000000000E+00
 0.000000000000000E+00
 0.000000000000000E+00
 0.000000000000000E+00
 0.000000000000000E+00
 0.000000000000000E+00
 0.000000000000000E+00
 0.000000000000000E+00
 0.000000000000000E+00
 0.000000000000000E+00
 0.000000000000000E+00
 0.000000000000000E+00
 0.000000000000000E+00
 0.000000000000000E+00
 0.000000000000000E+00
 0.000000000000000E+00
 0.000000000000000E+00
 0.000000000000000E+00
 0.000000000000000E+00
 0.000000000000000E+00
 0.000000000000000E+00
 0.000000000000000E+00
 0.000000000000000E+00
 0.000000000000000E+00
 0.000000000000000E+00
 0.000000000000000E+00
 0.000000000000000E+00
 0.000000000000000E+00
 0.000000000000000E+00
 0.000000000000000E+00
 0.000000000000000E+00
 0.000000000000000E+00
 0.000000000000000E+00
 0.000000000000000E+00
 0.000000000000000E+00
 0.000000000000000E+00
 0.000000000000000E+00
 0.000000000000000E+00
 0.000000000000000E+00
 0.000000000000000E+00
 0.000000000000000E+00
 0.000000000000000E+00
 0.000000000000000E+00
 0.000000000000000E+00
 0.000000000000000E+00
 0.000000000000000E+00
 0.000000000000000E+00
 0.000000000000000E+00
 0.000000000000000E+00
 0.000000000000000E+00
 0.000000000000000E+00
 0.000000000000000E+00
 0.000000000000000E+00
 0.000000000000000E+00
 0.000000000000000E+00
 0.000000000000000E+00
 0.000000000000000E+00
 0.000000000000000E+00
 0.000000000000000E+00
 0.000000000000000E+00
 0.000000000000000E+00
 0.000000000000000E+00
 0.000000000000000E+00
 0.000000000000000E+00
 0.000000000000000E+00
 0.000000000000000E+00
 0.000000000000000E+00
 0.000000000000000E+00
 0.000000000000000E+00
 0.000000000000000E+00
 0.000000000000000E+00
 0.000000000000000E+00
 0.000000000000000E+00
 0.000000000000000E+00
 0.000000000000000E+00
 0.000000000000000E+00
 0.000000000000000E+00
 0.000000000000000E+00
 0.000000000000000E+00
 0.000000000000000E+00
 0.000000000000000E+00
 0.000000000000000E+00
 0.000000000000000E+00
 0.000000000000000E+00
 0.000000000000000E+00
 0.000000000000000E+00
 0.000000000000000E+00
 0.000000000000000E+00
 0.000000000000000E+00
 0.000000000000000E+00
 0.000000000000000E+00
 0.000000000000000E+00
 0.000000000000000E+00
 0.000000000000000E+00
 0.000000000000000E+00
 0.000000000000000E+00
 0.000000000000000E+00
 0.000000000000000E+00
 0.000000000000000E+00
 0.000000000000000E+00
 0.000000000000000E+00
 0.000000000000000E+00
 0.000000000000000E+00
 0.000000000000000E+00
 0.000000000000000E+00
 0.000000000000000E+00
 0.000000000000000E+00
 0.000000000000000E+00
 0.000000000000000E+00
 0.000000000000000E+00
 0.000000000000000E+00
 0.000000000000000E+00
 0.000000000000000E+00
 0.000000000000000E+00
 0.000000000000000E+00
 0.000000000000000E+00
 0.000000000000000E+00
 0.000000000000000E+00
 0.000000000000000E+00
 0.000000000000000E+00
 0.000000000000000E+00
 0.000000000000000E+00
 0.000000000000000E+00
 0.000000000000000E+00
 0.000000000000000E+00
 0.000000000000000E+00
 0.000000000000000E+00
 0.000000000000000E+00
 0.000000000000000E+00
 0.000000000000000E+00
 0.000000000000000E+00
 0.000000000000000E+00
 0.000000000000000E+00
 0.000000000000000E+00
 0.000000000000000E+00
 0.000000000000000E+00
 0.000000000000000E+00
 0.000000000000000E+00
 0.000000000000000E+00
 0.000000000000000E+00
 0.000000000000000E+00
 0.000000000000000E+00
