 0.000000000000000E+00
 0.000000000000000E+00
 0.000000000000000E+00
 0.000000000000000E+00
 0.000000000000000E+00
 0.000000000000000E+00
 0.000000000000000E+00
 0.000000000000000E+00
 0.000000000000000E+00
 0.000000000000000E+00
 0.000000000000000E+00
 0.000000000000000E+00
 0.000000000000000E+00
 0.000000000000000E+00
 0.000000000000000E+00
 0.000000000000000E+00
 0.000000000000000E+00
 0.000000000000000E+00
 0.000000000000000E+00
 0.000000000000000E+00
 0.000000000000000E+00
 0.000000000000000E+00
 0.000000000000000E+00
 0.000000000000000E+00
 0.000000000000000E+00
 0.000000000000000E+00
 0.000000000000000E+00
 0.000000000000000E+00
 0.487524083733914E-32
 0.258700477831338E-30
 0.923691532739682E-29
 0.228365935193136E-27
 0.424375433299732E-26
 0.631881985087111E-25
 0.783561571176080E-24
 0.830368475736674E-23
 0.766879180639520E-22
 0.627197742516441E-21
 0.460407272123840E-20
 0.306778091639473E-19
 0.187286430136853E-18
 0.105569485507971E-17
 0.552951973770663E-17
 0.270550606877111E-16
 0.124206216829741E-15
 0.537035108318383E-15
 0.219398679225336E-14
 0.849326524661098E-14
 0.312343518864417E-13
 0.109374323973415E-12
 0.365470625630274E-12
 0.116763890527936E-11
 0.357349922673901E-11
 0.104946910230055E-10
 0.296247188020176E-10
 0.805052600085402E-10
 0.210920054817779E-09
 0.533502532922653E-09
 0.130450704240575E-08
 0.308731268056182E-08
 0.708011203713640E-08
 0.157505521134193E-07
 0.340243372996051E-07
 0.714392244397955E-07
 0.145923819760486E-06
 0.290217147392219E-06
 0.562431439468442E-06
 0.106288566087189E-05
 0.196008387455569E-05
 0.352952148596442E-05
 0.620975480852979E-05
 0.106806723857382E-04
 0.179688885471024E-04
 0.295843036175109E-04
 0.476897770819467E-04
 0.753022191152104E-04
 0.116518045791962E-03
 0.176748954433373E-03
 0.262945838310900E-03
 0.383780335613796E-03
 0.549746456579994E-03
 0.773140819123779E-03
 0.107155307083321E-02
 0.150959122533773E-02
 0.208910151706315E-02
 0.284093319224343E-02
 0.379763571646171E-02
 0.499195782441629E-02
 0.645499431967527E-02
 0.821410868877499E-02
 0.102908220232512E-01
 0.126989061122795E-01
 0.154429381824215E-01
 0.185175560914211E-01
 0.219075903779737E-01
 0.255891455821056E-01
 0.295315688523486E-01
 0.337000988799240E-01
 0.380588586579172E-01
 0.425737691336681E-01
 0.472149409761521E-01
 0.519581616095767E-01
 0.567852324970818E-01
 0.616831084068227E-01
 0.666420116728413E-01
 0.716528962245259E-01
 0.767047736619746E-01
 0.817824519420141E-01
 0.868651606385752E-01
 0.919263547961047E-01
 0.969347371613980E-01
 0.101856270443725E+00
 0.106656729108710E+00
 0.111304218518936E+00
 0.115771100687096E+00
 0.120034911669200E+00
 0.124078103196827E+00
 0.127886731017603E+00
 0.131448472253675E+00
 0.134750517085359E+00
 0.137777902683275E+00
 0.140512731713722E+00
 0.142934475324882E+00
 0.145021265086607E+00
 0.146751810064581E+00
 0.148107408955156E+00
 0.149073510971532E+00
 0.149640418666558E+00
 0.149802980854252E+00
 0.149559418497502E+00
 0.148909672215506E+00
 0.147853783478768E+00
 0.146390788292271E+00
 0.144518427876630E+00
 0.142233724531589E+00
 0.139534213414881E+00
 0.136419437841705E+00
 0.132892254355267E+00
 0.129242236817173E+00
 0.125746895964014E+00
 0.122399757754221E+00
 0.119186633524772E+00
 0.116108769579275E+00
 0.113151531227444E+00
 0.110310047694373E+00
 0.107577658420083E+00
 0.104949083850289E+00
 0.102425550276679E+00
 0.999954431570087E-01
 0.976538129607679E-01
 0.953942970130883E-01
 0.932163789653397E-01
 0.911149777930872E-01
 0.890833813790772E-01
 0.901530206434244E-01
 0.912928643716483E-01
 0.922226893559800E-01
 0.929244808572683E-01
 0.933737860737008E-01
 0.935478589755317E-01
 0.934335346367525E-01
 0.930310929233840E-01
 0.923522009867308E-01
 0.914128431937208E-01
 0.902246113354562E-01
 0.887886072602643E-01
 0.871395844782223E-01
 0.854971160840930E-01
 0.890723177782295E-01
 0.959380951168533E-01
 0.102538599798887E+00
 0.108853198086298E+00
 0.114860590498584E+00
 0.120541084927801E+00
 0.125878868505276E+00
 0.130862976423285E+00
 0.135486311077038E+00
 0.139743197110265E+00
 0.143626883104359E+00
 0.147128502864756E+00
 0.150238162234141E+00
 0.152947509878107E+00
 0.155252204557837E+00
 0.157152736071557E+00
 0.158653099643646E+00
 0.159758213533161E+00
 0.160471800169107E+00
 0.160796151727112E+00
 0.160733935059435E+00
 0.160290781066869E+00
 0.159476808811617E+00
 0.158305902821406E+00
 0.156793092106539E+00
 0.154951747870801E+00
 0.152792553953254E+00
 0.150325078625034E+00
 0.147561003610990E+00
 0.144516854147870E+00
 0.141214292724860E+00
 0.137715589501719E+00
 0.134275693542855E+00
 0.130977176188707E+00
 0.127817548825537E+00
 0.124777647347426E+00
 0.121865239189603E+00
 0.119065203683743E+00
 0.116358484723224E+00
 0.113764946724459E+00
 0.111266565036950E+00
 0.108850017233332E+00
 0.106525008117121E+00
 0.104267861399252E+00
 0.103054681221090E+00
 0.104477185476560E+00
 0.105635024988126E+00
 0.106547030008056E+00
 0.107215727665520E+00
 0.107625264270617E+00
 0.107755860208015E+00
 0.107602588633758E+00
 0.107182422021845E+00
 0.106523734221230E+00
 0.105649055095423E+00
 0.104557282280504E+00
 0.103243201175861E+00
 0.101699128620046E+00
 0.999420919122503E-01
 0.981919709578596E-01
 0.964880359139746E-01
 0.948267628855075E-01
 0.932148871294263E-01
 0.916355880982264E-01
 0.900969629290477E-01
 0.886199819673436E-01
 0.871763799726521E-01
 0.857378735348138E-01
 0.843645194780382E-01
 0.830129319756295E-01
 0.817231717137582E-01
 0.804636653727144E-01
 0.791866239757036E-01
 0.779508066137287E-01
 0.767741887221201E-01
 0.756265960217139E-01
 0.744761880117586E-01
 0.733777046286987E-01
 0.723129459026104E-01
 0.711826761286986E-01
 0.699029310594815E-01
 0.684834168047732E-01
 0.669351505252585E-01
 0.652690746531957E-01
 0.634950479104265E-01
 0.616212223610958E-01
 0.596541227687326E-01
 0.575997263417151E-01
 0.554651625366497E-01
 0.532599589704104E-01
 0.509959169124795E-01
 0.488356660221060E-01
 0.467110429131126E-01
 0.445483519930595E-01
 0.423557625248764E-01
 0.401401199894526E-01
 0.379090695063921E-01
 0.356722330188048E-01
 0.334402576003332E-01
 0.312226564567278E-01
 0.290265696193416E-01
 0.268576692893407E-01
 0.247223177560178E-01
 0.226288525196323E-01
 0.205867219564696E-01
 0.186042533206429E-01
 0.166870851514947E-01
 0.148385960387476E-01
 0.130617977814923E-01
 0.160740957530251E-01
 0.194060247404280E-01
 0.229029578053628E-01
 0.265562686189099E-01
 0.303558390148208E-01
 0.342898327725919E-01
 0.383447228729538E-01
 0.425054831775932E-01
 0.467559193222365E-01
 0.510791476819979E-01
 0.554581342004900E-01
 0.598760580838333E-01
 0.643162537595897E-01
 0.687616953735082E-01
 0.731942990718525E-01
 0.775944901005938E-01
 0.819413640499609E-01
 0.862134289252866E-01
 0.903895710959119E-01
 0.944497586678823E-01
 0.983751497183788E-01
 0.102147610726284E+00
 0.105748977280205E+00
 0.109160521734303E+00
 0.112362955976855E+00
 0.115336973424811E+00
 0.118064024709320E+00
 0.120526923221869E+00
 0.122710039110799E+00
 0.124599123843271E+00
 0.126180996704715E+00
 0.127443308172934E+00
 0.128374447815029E+00
 0.128963554264276E+00
 0.129200600081092E+00
 0.129076595742740E+00
 0.128583950772625E+00
 0.127716906115144E+00
 0.126471819168946E+00
 0.124847093665353E+00
 0.122842739946941E+00
 0.120459801863791E+00
 0.117700004672586E+00
 0.114668680424346E+00
 0.111728746147842E+00
 0.108904851255633E+00
 0.106183543973593E+00
 0.103568073558426E+00
 0.101055564219709E+00
 0.986323209220449E-01
 0.963033833119938E-01
 0.940625698740285E-01
 0.919028397111245E-01
 0.898182150602249E-01
 0.878059506713011E-01
 0.858675645308144E-01
 0.839915948331031E-01
 0.821812462164937E-01
 0.804311697376265E-01
 0.792137460838453E-01
 0.804383715224783E-01
 0.814665425612600E-01
 0.822885132224117E-01
 0.828957709018313E-01
 0.832810315844897E-01
 0.834382041907785E-01
 0.833625234649039E-01
 0.830505206960681E-01
 0.824994165051312E-01
 0.817061819817877E-01
 0.806671950898458E-01
 0.793791561468374E-01
 0.779391123406089E-01
 0.822286947633907E-01
 0.885904011590349E-01
 0.946760013219921E-01
 0.100463359588958E+00
 0.105931801715676E+00
 0.111062004093164E+00
 0.115835802510720E+00
 0.120236110035363E+00
 0.124246988816508E+00
 0.127853778139328E+00
 0.131043170748290E+00
 0.133803241282023E+00
 0.136123529849803E+00
 0.137995250832705E+00
 0.139411553000933E+00
 0.140367647361956E+00
 0.140860670175349E+00
 0.140889339349883E+00
 0.140453636688152E+00
 0.139554753502111E+00
 0.138195358084913E+00
 0.136380014148729E+00
 0.134115470104882E+00
 0.131410625358357E+00
 0.128293881497963E+00
 0.125140836062774E+00
 0.122113224453140E+00
 0.119191499863163E+00
 0.116384440242480E+00
 0.113671673163468E+00
 0.111059479241577E+00
 0.108538999917480E+00
 0.106107461070462E+00
 0.103760717479916E+00
 0.101497821973770E+00
 0.993029615774050E-01
 0.971879585778970E-01
 0.951441074426877E-01
 0.931579365326115E-01
 0.912445069059286E-01
 0.893883732242913E-01
 0.875842622852655E-01
 0.888464043318486E-01
 0.903957236119140E-01
 0.916514062261254E-01
 0.926079360559340E-01
 0.932609047082181E-01
 0.936073889221399E-01
 0.936460484309169E-01
 0.933770491808404E-01
 0.928018594240995E-01
 0.919229334207325E-01
 0.907434374145260E-01
 0.892704172875290E-01
 0.877091017485858E-01
 0.861929819038944E-01
 0.847163440209362E-01
 0.837844404601944E-01
 0.886649018401766E-01
 0.931988795627848E-01
 0.973730423244001E-01
 0.101175490441457E+00
 0.104595881608303E+00
 0.107625613375964E+00
 0.110257945219979E+00
 0.112487952040827E+00
 0.114312316907156E+00
 0.115729101574648E+00
 0.116737665269042E+00
 0.117338801876850E+00
 0.117535008413089E+00
 0.117330702443923E+00
 0.116732239507830E+00
 0.115747712204145E+00
 0.114386644903022E+00
 0.112659746082644E+00
 0.110578823365669E+00
 0.108156853279015E+00
 0.105492782172224E+00
 0.102905265557701E+00
 0.100416057708165E+00
 0.980196570938215E-01
 0.957126003987658E-01
 0.934929693570687E-01
 0.913472938555415E-01
 0.892839312951116E-01
 0.872944758280476E-01
 0.853713032470748E-01
 0.835118052230084E-01
 0.817166874230621E-01
 0.799802367776329E-01
 0.783006102760351E-01
 0.766772893868899E-01
 0.751032198546288E-01
 0.735833698601790E-01
 0.731454094323875E-01
 0.746559238079662E-01
 0.758957271762978E-01
 0.768635582857943E-01
 0.775588081275187E-01
 0.779818561383554E-01
 0.781343741793293E-01
 0.780192509444359E-01
 0.776402832591478E-01
 0.770020317936514E-01
 0.761100032018530E-01
 0.749709347899492E-01
 0.736624253964802E-01
 0.723867120822621E-01
 0.711330207874766E-01
 0.699187014242122E-01
 0.687158721956592E-01
 0.675588641451422E-01
 0.664331715319946E-01
 0.653280327495842E-01
 0.642436963142419E-01
 0.631799602387531E-01
 0.621463159791532E-01
 0.611599636391868E-01
 0.601908052250120E-01
 0.592318080615483E-01
 0.582723845981897E-01
 0.573672447716145E-01
 0.564995905061468E-01
 0.556197294498891E-01
 0.547449149292782E-01
 0.539560596454678E-01
 0.531383471598456E-01
 0.523291969083901E-01
 0.513534721776536E-01
 0.502171844177280E-01
 0.489267252727846E-01
 0.474890745234923E-01
 0.459118474881871E-01
 0.442032259812362E-01
 0.423719331339141E-01
 0.405639593200816E-01
 0.388194031555769E-01
 0.369723842031488E-01
 0.350319628266230E-01
 0.330077621001238E-01
 0.309095956584176E-01
 0.287471605696957E-01
 0.273217140192861E-01
 0.281021182718338E-01
 0.290541424294710E-01
 0.298059734885422E-01
 0.303578736605873E-01
 0.307107653186198E-01
 0.308665050123009E-01
 0.308281298480839E-01
 0.320607334916315E-01
 0.332339583780650E-01
 0.341542177977277E-01
 0.348123319026509E-01
 0.352005567250983E-01
 0.353125471672738E-01
 0.351432417486682E-01
 0.346887370641458E-01
 0.339462461247683E-01
 0.330793301236736E-01
 0.322402425766426E-01
 0.314332682409107E-01
 0.306548939403872E-01
 0.299049274373156E-01
 0.291829780951254E-01
 0.284877930245339E-01
 0.278140391435270E-01
 0.271674720045661E-01
 0.265420448199374E-01
 0.259375299310917E-01
 0.253515610459376E-01
 0.247865942056622E-01
 0.242389784458751E-01
 0.237036780850363E-01
 0.231929137881618E-01
 0.226917910908552E-01
 0.235538710484261E-01
 0.284997328787432E-01
 0.335208940918034E-01
 0.385974598541274E-01
 0.437089720849610E-01
 0.488344397689530E-01
 0.539525166836830E-01
 0.590417833167845E-01
 0.640810221932819E-01
 0.690493807185888E-01
 0.739263902521909E-01
 0.786918993570997E-01
 0.833260196066466E-01
 0.878091530549141E-01
 0.921221058127815E-01
 0.962462464877201E-01
 0.100163667527877E+00
 0.103857332807874E+00
 0.107311209331527E+00
 0.110510370173533E+00
 0.113441040186232E+00
 0.116090566298023E+00
 0.118447336386050E+00
 0.120500715446596E+00
 0.122241074390894E+00
 0.123659939151161E+00
 0.124750211422569E+00
 0.125506358424860E+00
 0.125924477469001E+00
 0.126002210354032E+00
 0.125738568582480E+00
 0.125133776366331E+00
 0.124189215652213E+00
 0.122907485864200E+00
 0.121292523101803E+00
 0.119349702650901E+00
 0.117085877320939E+00
 0.114509347835847E+00
 0.111629784090778E+00
 0.108645293073778E+00
 0.105785225063132E+00
 0.103048503360746E+00
 0.100422553151623E+00
 0.979054072834503E-01
 0.954851547164780E-01
 0.931619714418541E-01
 0.909287148385059E-01
 0.887761416978580E-01
 0.867072013456269E-01
 0.847105510473819E-01
 0.827843391807325E-01
 0.809275784858080E-01
 0.791361404396929E-01
 0.774010896914132E-01
 0.766873714939733E-01
 0.778302556621502E-01
 0.787632111877591E-01
 0.794812840792913E-01
 0.799804561134345E-01
 0.802576481805501E-01
 0.803108052794291E-01
 0.801390020258459E-01
 0.797424104605095E-01
 0.791220869602251E-01
 0.782797360128568E-01
 0.772176544285893E-01
 0.759388917303750E-01
 0.745439018883668E-01
 0.731863504588514E-01
 0.718701175253283E-01
 0.705737249945361E-01
 0.693302793453573E-01
 0.681174847100834E-01
 0.669308441963938E-01
 0.657720990108062E-01
 0.646427454551617E-01
 0.635365860218882E-01
 0.624510367029582E-01
 0.625695819622190E-01
 0.638363538021350E-01
 0.648369446266747E-01
 0.655757098359192E-01
 0.660581757083709E-01
 0.662909923236931E-01
 0.662819204889034E-01
 0.660398551687819E-01
 0.655748732478584E-01
 0.648982686723534E-01
 0.640225246576380E-01
 0.629611924206226E-01
 0.617286961255908E-01
 0.603957250550069E-01
 0.591027007391951E-01
 0.578509284054400E-01
 0.566470809409726E-01
 0.554807790283718E-01
 0.543510379646312E-01
 0.532580085630184E-01
 0.522004820236284E-01
 0.511721839094638E-01
 0.501729941893558E-01
 0.492075043450934E-01
 0.482725003194348E-01
 0.473606813463260E-01
 0.464724110388517E-01
 0.456126901798227E-01
 0.447780745548869E-01
 0.439609486212484E-01
 0.440341478182780E-01
 0.450510863502153E-01
 0.458852151473761E-01
 0.465384079734908E-01
 0.470134722366377E-01
 0.473139324090116E-01
 0.474439163426258E-01
 0.474082072756653E-01
 0.472123712496468E-01
 0.468628312859908E-01
 0.463668519440444E-01
 0.457324871978112E-01
 0.450137282630922E-01
 0.443102586988493E-01
 0.436188927075009E-01
 0.429442528720938E-01
 0.422750961771809E-01
 0.416310519224207E-01
 0.409995856206619E-01
 0.436309551267720E-01
 0.467104311906704E-01
 0.499950040429850E-01
 0.534728950801924E-01
 0.571310479897406E-01
 0.609552650543985E-01
 0.649303285732970E-01
 0.690400615228125E-01
 0.732673174471363E-01
 0.775939396210129E-01
 0.820007579706613E-01
 0.864676744555212E-01
 0.909738325515036E-01
 0.954978131424818E-01
 0.100017786943512E+00
 0.104511590427825E+00
 0.108956748057723E+00
 0.113330495795692E+00
 0.117609849189688E+00
 0.121771720177679E+00
 0.125793055413455E+00
 0.129650967633788E+00
 0.133322852652603E+00
 0.136786501912089E+00
 0.140020216764225E+00
 0.143002913353707E+00
 0.145714199397826E+00
 0.148134420392056E+00
 0.150244701498570E+00
 0.152027024615579E+00
 0.153464359714596E+00
 0.154540826855665E+00
 0.155241834598965E+00
 0.155554149868748E+00
 0.155465899532034E+00
 0.154966550088273E+00
 0.154046922252824E+00
 0.152699264732864E+00
 0.150917363965042E+00
 0.148696641761130E+00
 0.146034206257229E+00
 0.142928856345498E+00
 0.139381065137791E+00
 0.135526996516683E+00
 0.131802741451731E+00
 0.128240601743554E+00
 0.124821096904107E+00
 0.121535698768821E+00
 0.118393976333260E+00
 0.115370968466355E+00
 0.112470672735546E+00
 0.109679860961503E+00
 0.106996205124281E+00
 0.104416471525921E+00
 0.101928184144903E+00
 0.995328210917601E-01
 0.972286682062180E-01
 0.949991335935950E-01
 0.928537323361998E-01
 0.926088980320947E-01
 0.937874375450242E-01
 0.947467590316591E-01
 0.954761351103201E-01
 0.959656237571367E-01
 0.962061582447908E-01
 0.961896485345727E-01
 0.959090373274525E-01
 0.953582565539973E-01
 0.945321166826363E-01
 0.934262411624465E-01
 0.920371321452775E-01
 0.987282703362305E-01
 0.108158126247456E+00
 0.117386069333221E+00
 0.126384811836145E+00
 0.135127836045765E+00
 0.143589457440391E+00
 0.151744865350012E+00
 0.159570182489433E+00
 0.167042570325584E+00
 0.174140369110910E+00
 0.180843231131049E+00
 0.187132209211008E+00
 0.192989796614664E+00
 0.198399949055988E+00
 0.203348124541277E+00
 0.207821349583730E+00
 0.211808288060436E+00
 0.215299282684157E+00
 0.218286364169482E+00
 0.220763254247345E+00
 0.222725393885437E+00
 0.224170000102232E+00
 0.225096118635406E+00
 0.225504629845006E+00
 0.225398193303221E+00
 0.224781160193777E+00
 0.223659505023566E+00
 0.222040810025300E+00
 0.219934291621982E+00
 0.217350823712212E+00
 0.214302913506938E+00
 0.210804618802343E+00
 0.206871432862008E+00
 0.202520176171615E+00
 0.197768917045356E+00
 0.192700718555935E+00
 0.187767564552980E+00
 0.183039250182029E+00
 0.178515754581104E+00
 0.174169198669837E+00
 0.169992950643249E+00
 0.165981791426765E+00
 0.162122865342891E+00
 0.158411859163993E+00
 0.154834564906162E+00
 0.151382347830956E+00
 0.148057313334374E+00
 0.144847115145844E+00
 0.142285987328222E+00
 0.144145196382646E+00
 0.145667345453288E+00
 0.146849334882407E+00
 0.147689185309663E+00
 0.148186051728758E+00
 0.148340308806390E+00
 0.148153612509064E+00
 0.147628855042377E+00
 0.146770033646774E+00
 0.145582133984468E+00
 0.144071106261637E+00
 0.142243922852728E+00
 0.140108645022599E+00
 0.137686122642483E+00
 0.135235306715248E+00
 0.132850279684591E+00
 0.130520350381866E+00
 0.128268955562690E+00
 0.126056799251418E+00
 0.123895791145708E+00
 0.121798189926274E+00
 0.119756943096682E+00
 0.117772338144795E+00
 0.115848106184070E+00
 0.113973514265428E+00
 0.112140518382239E+00
 0.110338415342491E+00
 0.108555817754488E+00
 0.106845647946370E+00
 0.105208572245463E+00
 0.103574773976273E+00
 0.101930167883693E+00
 0.100434940053939E+00
 0.989283315705032E-01
 0.973800957794834E-01
 0.956236222158376E-01
 0.936661067738768E-01
 0.915153903383621E-01
 0.891799006050166E-01
 0.866685905255683E-01
 0.839908964871366E-01
 0.811567297429746E-01
 0.781764816397746E-01
 0.750610050445127E-01
 0.718215555412805E-01
 0.687798273629302E-01
 0.657210616393227E-01
 0.625615241316860E-01
 0.593123747521394E-01
 0.559849803838138E-01
 0.525908137469276E-01
 0.491413643171834E-01
 0.480205748224921E-01
 0.472034762756066E-01
 0.464057811894386E-01
 0.456186351165001E-01
 0.448610863205827E-01
 0.441206851436508E-01
 0.451153610397271E-01
 0.462102458125740E-01
 0.470958272218296E-01
 0.477775803983453E-01
 0.482617847122901E-01
 0.485554749336931E-01
 0.486664299169036E-01
 0.486031693340390E-01
 0.483749149223792E-01
 0.479915080010151E-01
 0.474633127985534E-01
 0.468044233792923E-01
 0.461166303024999E-01
 0.454404845440735E-01
 0.447749742204506E-01
 0.441230850028931E-01
 0.434860939055447E-01
 0.428576251840364E-01
 0.444948099911929E-01
 0.468206633784668E-01
 0.492691571141846E-01
 0.518274633727646E-01
 0.544819367131291E-01
 0.572182096259342E-01
 0.600212606851462E-01
 0.628754625054645E-01
 0.657646355509003E-01
 0.686721280396682E-01
 0.715809192643038E-01
 0.744737256929838E-01
 0.773330919398593E-01
 0.801414674135257E-01
 0.828812847609943E-01
 0.855350532145907E-01
 0.880854624275328E-01
 0.905154786352599E-01
 0.928084195994167E-01
 0.949480143111887E-01
 0.969184694426517E-01
 0.987045610672135E-01
 0.100291748740250E+00
 0.101666287521260E+00
 0.102815310387113E+00
 0.103726871876507E+00
 0.104389969283774E+00
 0.104794570654004E+00
 0.104931670143644E+00
 0.104793368704869E+00
 0.104372958772081E+00
 0.103664988711549E+00
 0.102665295952499E+00
 0.101371015246770E+00
 0.997805775909869E-01
 0.978937119150707E-01
 0.957114519740606E-01
 0.932385623777740E-01
 0.907164722782392E-01
 0.882987954031548E-01
 0.859793172055173E-01
 0.837563606211115E-01
 0.816244391246578E-01
 0.795770969791926E-01
 0.776110317378149E-01
 0.757230643954841E-01
 0.739029938682289E-01
 0.721543041086049E-01
 0.704657911877876E-01
 0.688437321251134E-01
 0.672765351502041E-01
 0.657628022879928E-01
 0.642978184122905E-01
 0.629178329410803E-01
 0.638051132813020E-01
 0.645499770058618E-01
 0.651444295061512E-01
 0.655810016105658E-01
 0.658527254126294E-01
 0.659532032848220E-01
 0.658767583343297E-01
 0.656185869730047E-01
 0.651748340728431E-01
 0.645425727356171E-01
 0.637197317514384E-01
 0.627050270554274E-01
 0.615471556869449E-01
 0.604115324728172E-01
 0.637406094810483E-01
 0.682246848981028E-01
 0.724593450389076E-01
 0.764289755660924E-01
 0.801190077426479E-01
 0.835159959066666E-01
 0.866076790897151E-01
 0.893830267076655E-01
 0.918322720636172E-01
 0.939469408892467E-01
 0.957198833520291E-01
 0.971453144693883E-01
 0.982188603343554E-01
 0.989376006625988E-01
 0.993000970334669E-01
 0.993064015367998E-01
 0.989580479958296E-01
 0.982580323885429E-01
 0.972107891526971E-01
 0.958221680340918E-01
 0.940994141723826E-01
 0.920511517187811E-01
 0.898943324540395E-01
 0.878135942095934E-01
 0.858013142043671E-01
 0.838591688363511E-01
 0.819885985269569E-01
 0.801785650657045E-01
 0.784340393403046E-01
 0.767483941903141E-01
 0.751173314887666E-01
 0.735433412038624E-01
 0.720180065818232E-01
 0.705409545437092E-01
 0.691126132737240E-01
 0.677262449420597E-01
 0.663814126211448E-01
 0.650767796510223E-01
 0.638139382102710E-01
 0.626617644739086E-01
 0.640688669232299E-01
 0.652505771110297E-01
 0.662028540008773E-01
 0.669226332973451E-01
 0.674077850759043E-01
 0.676570890207975E-01
 0.676702665046240E-01
 0.674480194716273E-01
 0.669920343034497E-01
 0.663049493608493E-01
 0.653903192353271E-01
 0.643036035899317E-01
 0.632266183336293E-01
 0.621726024743050E-01
 0.611614552551213E-01
 0.601576659748500E-01
 0.591697360299618E-01
 0.582180542125936E-01
 0.572849705904539E-01
 0.563656409415271E-01
 0.556969757400186E-01
 0.561205753948470E-01
 0.562089646274130E-01
 0.559626841032401E-01
 0.553838669337417E-01
 0.544762449840364E-01
 0.532664321277409E-01
 0.520143184620148E-01
 0.508095374237638E-01
 0.496356467583886E-01
 0.485042724666468E-01
 0.474058893800672E-01
 0.463359987455268E-01
 0.452985932527516E-01
 0.442934249094733E-01
 0.433212286375030E-01
 0.423750417611727E-01
 0.414500780432709E-01
 0.405548580344192E-01
 0.396879883720056E-01
 0.388421974787665E-01
 0.380138495176971E-01
 0.372177289376605E-01
 0.364298950276778E-01
 0.356793231706454E-01
 0.349439603025841E-01
 0.342185255409437E-01
 0.335204328719742E-01
 0.340745089633337E-01
 0.350248164278375E-01
 0.364723098816277E-01
 0.405232924007965E-01
 0.444040981639912E-01
 0.480942402486131E-01
 0.515742367043009E-01
 0.548257348901042E-01
 0.578316035660199E-01
 0.605760033671585E-01
 0.630444515173161E-01
 0.652238893021015E-01
 0.671027504930384E-01
 0.686710258105211E-01
 0.699203236944897E-01
 0.708439324508202E-01
 0.714368843754672E-01
 0.716960100644885E-01
 0.716199628277286E-01
 0.712092004962476E-01
 0.704659334414608E-01
 0.693940675129631E-01
 0.679991715081466E-01
 0.662884774905226E-01
 0.643221211400169E-01
 0.623855355764575E-01
 0.605070721598807E-01
 0.587091776676769E-01
 0.569617933106629E-01
 0.585208945775737E-01
 0.604510354362535E-01
 0.623283473683852E-01
 0.641439213160161E-01
 0.658889123187418E-01
 0.675545971650330E-01
 0.691324319501260E-01
 0.706141090316077E-01
 0.719916131539214E-01
 0.732572765622941E-01
 0.744038326845219E-01
 0.754244676678929E-01
 0.763128690382636E-01
 0.770632710815064E-01
 0.776704969747832E-01
 0.781299978360406E-01
 0.784378885619619E-01
 0.785909798196545E-01
 0.785868052818133E-01
 0.784236434159100E-01
 0.781005337272117E-01
 0.776172878893759E-01
 0.769744963029117E-01
 0.761735302721757E-01
 0.752165395037108E-01
 0.741064443965611E-01
 0.728469227729954E-01
 0.714423911096554E-01
 0.698979806455434E-01
 0.682195087770393E-01
 0.664134459934917E-01
 0.644868785139253E-01
 0.624474669057339E-01
 0.622731911139440E-01
 0.624193930903237E-01
 0.622932865272895E-01
 0.619006483792615E-01
 0.612486385210431E-01
 0.603457338720428E-01
 0.592016351577772E-01
 0.578271598045484E-01
 0.562341375490854E-01
 0.544353186420845E-01
 0.524442933802324E-01
 0.503299543121874E-01
 0.482837445225678E-01
 0.463274656821999E-01
 0.444444879208413E-01
 0.426320056556234E-01
 0.408949794619259E-01
 0.392332215767707E-01
 0.376415848018096E-01
 0.361125461727441E-01
 0.346366940156862E-01
 0.332036458450974E-01
 0.318407363897027E-01
 0.305519839689642E-01
 0.292883998214609E-01
 0.280597995235796E-01
 0.269239819358400E-01
 0.257974829845751E-01
 0.247156033726208E-01
 0.237016405710674E-01
 0.226787689066180E-01
 0.224454889241473E-01
 0.222792810524371E-01
 0.220138635662057E-01
 0.216543696646054E-01
 0.212063304091985E-01
 0.206756428920874E-01
 0.200685327485359E-01
 0.193914973107325E-01
 0.205347695625685E-01
 0.216881532509599E-01
 0.226889327879911E-01
 0.235386360845278E-01
 0.242396386188191E-01
 0.247951170457838E-01
 0.252089996405607E-01
 0.254859134991261E-01
 0.256311276744360E-01
 0.256504916739087E-01
 0.255503700088927E-01
 0.253375749137253E-01
 0.250192997896715E-01
 0.246030548588711E-01
 0.240966046075209E-01
 0.235079053221957E-01
 0.228450414540368E-01
 0.221161613638468E-01
 0.213294146611277E-01
 0.204928934063344E-01
 0.196145778801941E-01
 0.187022858905497E-01
 0.177636242625321E-01
 0.168059424649727E-01
 0.158362899389708E-01
 0.148613790202333E-01
 0.138875540263531E-01
 0.129436971710781E-01
 0.120582354447105E-01
 0.112253276227103E-01
 0.104482846408396E-01
 0.971800257853343E-02
 0.903287374193817E-02
 0.839058627739220E-02
 0.819254204654729E-02
 0.846409228932238E-02
 0.869844033974105E-02
 0.889621025812369E-02
 0.905819286414420E-02
 0.918532631218705E-02
 0.927867666561204E-02
 0.933941877505071E-02
 0.936881783764488E-02
 0.936821195547517E-02
 0.933899587340485E-02
 0.928260597003124E-02
 0.920050655437157E-02
 0.909417755675505E-02
 0.896510371997340E-02
 0.881476533727805E-02
 0.864463050529429E-02
 0.845614881999234E-02
 0.825074648748918E-02
 0.802982289593866E-02
 0.779474871309423E-02
 0.754686548680929E-02
 0.728748658012838E-02
 0.701789915484742E-02
 0.673936690641946E-02
 0.645313333597876E-02
 0.616042544462952E-02
 0.586245776872930E-02
 0.556043662542555E-02
 0.525556434161496E-02
 0.494904317999788E-02
 0.464207867302278E-02
 0.433588213234147E-02
 0.403167214054148E-02
 0.373067485043660E-02
 0.343412290316164E-02
 0.314325276962340E-02
 0.285930035952065E-02
 0.258349478542648E-02
 0.231705020910432E-02
 0.206115570486747E-02
 0.181696307171557E-02
 0.158557253732044E-02
 0.136801633758570E-02
 0.116524023490448E-02
 0.978083087540916E-03
 0.807254622340373E-03
 0.653311573985258E-03
 0.516632373877959E-03
 0.397390598074830E-03
 0.295527438771122E-03
 0.210723496776384E-03
 0.142370238120744E-03
 0.895414772518365E-04
 0.509652711886617E-04
 0.249966371335476E-04
 0.959151382532389E-05
 0.228241963686988E-05
 0.156258170537766E-06
 0.000000000000000E+00
 0.000000000000000E+00
 0.000000000000000E+00
 0.000000000000000E+00
 0.000000000000000E+00
 0.000000000000000E+00
 0.000000000000000E+00
 0.000000000000000E+00
 0.000000000000000E+00
 0.000000000000000E+00
 0.000000000000000E+00
 0.000000000000000E+00
 0.000000000000000E+00
 0.000000000000000E+00
 0.000000000000000E+00
 0.000000000000000E+00
 0.000000000000000E+00
 0.000000000000000E+00
 0.000000000000000E+00
 0.000000000000000E+00
 0.000000000000000E+00
 0.000000000000000E+00
 0.000000000000000E+00
 0.000000000000000E+00
 0.000000000000000E+00
 0.000000000000000E+00
 0.000000000000000E+00
 0.000000000000000E+00
 0.000000000000000E+00
 0.000000000000000E+00
 0.000000000000000E+00
 0.000000000000000E+00
 0.000000000000000E+00
 0.000000000000000E+00
 0.000000000000000E+00
 0.000000000000000E+00
 0.000000000000000E+00
 0.000000000000000E+00
 0.000000000000000E+00
 0.000000000000000E+00
 0.000000000000000E+00
 0.000000000000000E+00
 0.000000000000000E+00
 0.000000000000000E+00
 0.000000000000000E+00
 0.000000000000000E+00
 0.000000000000000E+00
 0.000000000000000E+00
 0.000000000000000E+00
 0.000000000000000E+00
 0.000000000000000E+00
 0.000000000000000E+00
 0.000000000000000E+00
 0.000000000000000E+00
 0.000000000000000E+00
 0.000000000000000E+00
 0.000000000000000E+00
 0.000000000000000E+00
 0.000000000000000E+00
 0.000000000000000E+00
 0.000000000000000E+00
 0.000000000000000E+00
 0.000000000000000E+00
 0.000000000000000E+00
 0.000000000000000E+00
 0.000000000000000E+00
 0.000000000000000E+00
 0.000000000000000E+00
 0.000000000000000E+00
 0.000000000000000E+00
 0.000000000000000E+00
 0.000000000000000E+00
 0.000000000000000E+00
 0.000000000000000E+00
 0.000000000000000E+00
 0.000000000000000E+00
 0.000000000000000E+00
 0.000000000000000E+00
 0.000000000000000E+00
 0.000000000000000E+00
 0.000000000000000E+00
 0.000000000000000E+00
 0.000000000000000E+00
 0.000000000000000E+00
 0.000000000000000E+00
 0.000000000000000E+00
 0.000000000000000E+00
 0.000000000000000E+00
 0.000000000000000E+00
 0.000000000000000E+00
 0.000000000000000E+00
 0.000000000000000E+00
 0.000000000000000E+00
 0.000000000000000E+00
 0.000000000000000E+00
 0.000000000000000E+00
 0.000000000000000E+00
 0.000000000000000E+00
 0.000000000000000E+00
 0.000000000000000E+00
 0.000000000000000E+00
 0.000000000000000E+00
 0.000000000000000E+00
 0.000000000000000E+00
 0.000000000000000E+00
 0.000000000000000E+00
 0.000000000000000E+00
 0.000000000000000E+00
 0.000000000000000E+00
 0.000000000000000E+00
 0.000000000000000E+00
 0.000000000000000E+00
 0.000000000000000E+00
 0.000000000000000E+00
 0.000000000000000E+00
 0.000000000000000E+00
 0.000000000000000E+00
 0.000000000000000E+00
 0.000000000000000E+00
 0.000000000000000E+00
 0.000000000000000E+00
 0.000000000000000E+00
 0.000000000000000E+00
 0.000000000000000E+00
 0.000000000000000E+00
 0.000000000000000E+00
 0.000000000000000E+00
 0.000000000000000E+00
 0.000000000000000E+00
 0.000000000000000E+00
 0.000000000000000E+00
 0.000000000000000E+00
 0.000000000000000E+00
 0.000000000000000E+00
 0.000000000000000E+00
 0.000000000000000E+00
 0.000000000000000E+00
 0.000000000000000E+00
 0.000000000000000E+00
 0.000000000000000E+00
 0.000000000000000E+00
 0.000000000000000E+00
 0.000000000000000E+00
 0.000000000000000E+00
 0.000000000000000E+00
 0.000000000000000E+00
 0.000000000000000E+00
 0.000000000000000E+00
 0.000000000000000E+00
 0.000000000000000E+00
 0.000000000000000E+00
 0.000000000000000E+00
 0.000000000000000E+00
 0.000000000000000E+00
 0.000000000000000E+00
 0.000000000000000E+00
 0.000000000000000E+00
 0.000000000000000E+00
 0.000000000000000E+00
 0.000000000000000E+00
 0.000000000000000E+00
 0.000000000000000E+00
 0.000000000000000E+00
 0.000000000000000E+00
 0.000000000000000E+00
 0.000000000000000E+00
 0.000000000000000E+00
 0.000000000000000E+00
 0.000000000000000E+00
 0.000000000000000E+00
 0.000000000000000E+00
 0.000000000000000E+00
 0.000000000000000E+00
 0.000000000000000E+00
 0.000000000000000E+00
 0.000000000000000E+00
 0.000000000000000E+00
 0.000000000000000E+00
 0.000000000000000E+00
 0.000000000000000E+00
 0.000000000000000E+00
 0.000000000000000E+00
 0.000000000000000E+00
 0.000000000000000E+00
 0.000000000000000E+00
 0.000000000000000E+00
 0.000000000000000E+00
 0.000000000000000E+00
 0.000000000000000E+00
 0.000000000000000E+00
 0.000000000000000E+00
 0.000000000000000E+00
 0.000000000000000E+00
 0.000000000000000E+00
 0.000000000000000E+00
 0.000000000000000E+00
 0.000000000000000E+00
 0.000000000000000E+00
 0.000000000000000E+00
 0.000000000000000E+00
 0.000000000000000E+00
 0.000000000000000E+00
 0.000000000000000E+00
 0.000000000000000E+00
 0.000000000000000E+00
 0.000000000000000E+00
 0.000000000000000E+00
 0.000000000000000E+00
 0.000000000000000E+00
 0.000000000000000E+00
 0.000000000000000E+00
 0.000000000000000E+00
 0.000000000000000E+00
 0.000000000000000E+00
 0.000000000000000E+00
 0.000000000000000E+00
 0.000000000000000E+00
 0.000000000000000E+00
 0.000000000000000E+00
 0.000000000000000E+00
 0.000000000000000E+00
 0.000000000000000E+00
 0.000000000000000E+00
 0.000000000000000E+00
 0.000000000000000E+00
 0.000000000000000E+00
 0.000000000000000E+00
 0.000000000000000E+00
 0.000000000000000E+00
 0.000000000000000E+00
 0.000000000000000E+00
 0.000000000000000E+00
 0.000000000000000E+00
 0.000000000000000E+00
 0.000000000000000E+00
 0.000000000000000E+00
 0.000000000000000E+00
 0.000000000000000E+00
 0.000000000000000E+00
 0.000000000000000E+00
 0.000000000000000E+00
 0.000000000000000E+00
 0.000000000000000E+00
 0.000000000000000E+00
 0.000000000000000E+00
 0.000000000000000E+00
 0.000000000000000E+00
 0.000000000000000E+00
 0.000000000000000E+00
 0.000000000000000E+00
 0.000000000000000E+00
 0.000000000000000E+00
 0.000000000000000E+00
 0.000000000000000E+00
 0.000000000000000E+00
 0.000000000000000E+00
 0.000000000000000E+00
 0.000000000000000E+00
 0.000000000000000E+00
 0.000000000000000E+00
 0.000000000000000E+00
 0.000000000000000E+00
 0.000000000000000E+00
 0.000000000000000E+00
 0.000000000000000E+00
 0.000000000000000E+00
 0.000000000000000E+00
 0.000000000000000E+00
 0.000000000000000E+00
 0.000000000000000E+00
 0.000000000000000E+00
 0.000000000000000E+00
 0.000000000000000E+00
 0.000000000000000E+00
 0.000000000000000E+00
 0.000000000000000E+00
 0.000000000000000E+00
 0.000000000000000E+00
 0.000000000000000E+00
 0.000000000000000E+00
 0.000000000000000E+00
 0.000000000000000E+00
 0.000000000000000E+00
 0.000000000000000E+00
 0.000000000000000E+00
 0.000000000000000E+00
 0.000000000000000E+00
 0.000000000000000E+00
 0.000000000000000E+00
 0.000000000000000E+00
 0.000000000000000E+00
 0.000000000000000E+00
 0.000000000000000E+00
 0.000000000000000E+00
 0.000000000000000E+00
 0.000000000000000E+00
 0.000000000000000E+00
 0.000000000000000E+00
 0.000000000000000E+00
 0.000000000000000E+00
 0.000000000000000E+00
 0.000000000000000E+00
 0.000000000000000E+00
 0.000000000000000E+00
 0.000000000000000E+00
 0.000000000000000E+00
 0.000000000000000E+00
 0.000000000000000E+00
 0.000000000000000E+00
 0.000000000000000E+00
 0.000000000000000E+00
 0.000000000000000E+00
 0.000000000000000E+00
 0.000000000000000E+00
 0.000000000000000E+00
 0.000000000000000E+00
 0.000000000000000E+00
 0.000000000000000E+00
 0.000000000000000E+00
 0.000000000000000E+00
 0.000000000000000E+00
 0.000000000000000E+00
 0.000000000000000E+00
 0.000000000000000E+00
 0.000000000000000E+00
 0.000000000000000E+00
 0.000000000000000E+00
 0.000000000000000E+00
 0.000000000000000E+00
 0.000000000000000E+00
 0.000000000000000E+00
 0.000000000000000E+00
 0.000000000000000E+00
 0.000000000000000E+00
 0.000000000000000E+00
 0.000000000000000E+00
 0.000000000000000E+00
 0.000000000000000E+00
 0.000000000000000E+00
 0.000000000000000E+00
 0.000000000000000E+00
 0.000000000000000E+00
 0.000000000000000E+00
 0.000000000000000E+00
 0.000000000000000E+00
 0.000000000000000E+00
 0.000000000000000E+00
 0.000000000000000E+00
