 0.127956508206054E-07
 0.184681217251582E-06
 0.764573577110361E-06
 0.195897087230202E-05
 0.392013034799378E-05
 0.674929537895954E-05
 0.105010550163074E-04
 0.153897833114089E-04
 0.219199761717026E-04
 0.299509078398349E-04
 0.395739744767199E-04
 0.509048679406051E-04
 0.639737967706838E-04
 0.789208408641609E-04
 0.956878897166304E-04
 0.114478300661981E-03
 0.135120291920985E-03
 0.157907595778131E-03
 0.182529329111840E-03
 0.208621459037372E-03
 0.235968093256819E-03
 0.265421738954988E-03
 0.296007497268202E-03
 0.328400525179943E-03
 0.361892864763701E-03
 0.395787545255965E-03
 0.429734706145385E-03
 0.463363213629658E-03
 0.523869877007643E-03
 0.597680552547503E-03
 0.676462801558061E-03
 0.759837478870454E-03
 0.847583228883706E-03
 0.940871269958067E-03
 0.104009870550436E-02
 0.114514466058855E-02
 0.125609127850956E-02
 0.137279946084472E-02
 0.149539124414404E-02
 0.162389472782030E-02
 0.180767259730376E-02
 0.205205141363909E-02
 0.232204439559804E-02
 0.261891918824691E-02
 0.294384570349229E-02
 0.329787675810539E-02
 0.368192849189339E-02
 0.409676216930771E-02
 0.454296884998897E-02
 0.502095766488570E-02
 0.553094737246517E-02
 0.607295996314737E-02
 0.664681472410573E-02
 0.725212154735199E-02
 0.788827320144906E-02
 0.855443734280044E-02
 0.924954966742441E-02
 0.997230952477226E-02
 0.109439332449768E-01
 0.122178238310611E-01
 0.135771603605918E-01
 0.150225926818337E-01
 0.165543470201783E-01
 0.181722025453386E-01
 0.198754693212862E-01
 0.216629689855683E-01
 0.235330193944187E-01
 0.254834238751503E-01
 0.275114650420339E-01
 0.296139027464102E-01
 0.317869757558162E-01
 0.340264070249891E-01
 0.363274127331321E-01
 0.386847154733819E-01
 0.410925620368124E-01
 0.435447460490520E-01
 0.460346353072720E-01
 0.485552031629024E-01
 0.510990629545942E-01
 0.536585044687385E-01
 0.562255316692192E-01
 0.587919013720919E-01
 0.613491630802970E-01
 0.638887007543739E-01
 0.664017776753578E-01
 0.688795853978967E-01
 0.713132969322925E-01
 0.736941230579954E-01
 0.760133697527566E-01
 0.782624946612167E-01
 0.804331612491685E-01
 0.825172902191092E-01
 0.845071083719187E-01
 0.863951953200196E-01
 0.881745285591146E-01
 0.898385275179602E-01
 0.913810971340489E-01
 0.927966709754386E-01
 0.940802530043462E-01
 0.952274562136907E-01
 0.962345360779677E-01
 0.970984172520530E-01
 0.978167130190643E-01
 0.983877381715174E-01
 0.988105168068892E-01
 0.990847865716026E-01
 0.992110001816672E-01
 0.991903239970223E-01
 0.990246326918574E-01
 0.987164990668723E-01
 0.982691786080390E-01
 0.976865888989042E-01
 0.969732840318628E-01
 0.961344239644732E-01
 0.951757389148532E-01
 0.941034896058713E-01
 0.929244249293129E-01
 0.916457386060874E-01
 0.902750254078574E-01
 0.888202360911425E-01
 0.872896293396438E-01
 0.856917192081945E-01
 0.840352175449647E-01
 0.823289720049113E-01
 0.805819011139524E-01
 0.788029283228335E-01
 0.770009171614990E-01
 0.751846094709072E-01
 0.733625682368272E-01
 0.715431258583759E-01
 0.697343378906673E-01
 0.679439414945807E-01
 0.661793170986589E-01
 0.644474513746646E-01
 0.627548999062615E-01
 0.611077490012213E-01
 0.595115775258083E-01
 0.579714206515541E-01
 0.564917375334234E-01
 0.550763844490650E-01
 0.537285945081498E-01
 0.524509650225203E-01
 0.512454536024918E-01
 0.501133833161821E-01
 0.490554556843886E-01
 0.480717686490415E-01
 0.471618360478388E-01
 0.481991904795666E-01
 0.492210030940896E-01
 0.501320532821421E-01
 0.509226334445857E-01
 0.515834089140462E-01
 0.521055095344875E-01
 0.524806020824552E-01
 0.527009447815066E-01
 0.527594344102641E-01
 0.526496543487542E-01
 0.523659209773547E-01
 0.519104577399763E-01
 0.513988920455754E-01
 0.537152147461493E-01
 0.582199206914376E-01
 0.625781447498593E-01
 0.667682342200520E-01
 0.707692427903666E-01
 0.745610752114985E-01
 0.781245625780687E-01
 0.814414878628957E-01
 0.844945957408518E-01
 0.872676210850410E-01
 0.897453576653789E-01
 0.919137686408996E-01
 0.937601218113478E-01
 0.952731225816069E-01
 0.964430198909400E-01
 0.972616736422610E-01
 0.977225900544995E-01
 0.978209447101022E-01
 0.975536146682805E-01
 0.969192302049843E-01
 0.959182401376172E-01
 0.945529716800098E-01
 0.928281475373715E-01
 0.909793860890272E-01
 0.891808276783457E-01
 0.874382573288833E-01
 0.857381922338192E-01
 0.840904707502476E-01
 0.824871540240833E-01
 0.809304824401518E-01
 0.794122995689771E-01
 0.779331519369551E-01
 0.764912575119091E-01
 0.750865848634113E-01
 0.737203920832897E-01
 0.723847186614655E-01
 0.710780591235676E-01
 0.698048392556454E-01
 0.685554993997783E-01
 0.673412482895278E-01
 0.665383492471385E-01
 0.680973118680974E-01
 0.694190839922686E-01
 0.704978949898929E-01
 0.713288589683026E-01
 0.719080258830841E-01
 0.722324772678634E-01
 0.723004318780989E-01
 0.721113233966842E-01
 0.716658278025628E-01
 0.709658421116087E-01
 0.700144342094318E-01
 0.688818885887325E-01
 0.677628609477620E-01
 0.666657533179550E-01
 0.656060078363804E-01
 0.645500080378691E-01
 0.657702669950803E-01
 0.682937758187972E-01
 0.704761945966095E-01
 0.723092482557822E-01
 0.737861228922814E-01
 0.749015715119784E-01
 0.756520328219012E-01
 0.760357175557938E-01
 0.760526300703559E-01
 0.757045186722310E-01
 0.749947739330624E-01
 0.739283101865471E-01
 0.725114676563879E-01
 0.708100258420503E-01
 0.691245210129170E-01
 0.674891405815979E-01
 0.659284529629702E-01
 0.644069237627455E-01
 0.629365372123101E-01
 0.615193774122771E-01
 0.601501221259531E-01
 0.588196422820614E-01
 0.575369239794429E-01
 0.563004133480903E-01
 0.551046410519775E-01
 0.539443055057837E-01
 0.528216570989316E-01
 0.517329245641590E-01
 0.506787910734036E-01
 0.496571585778488E-01
 0.486649242859649E-01
 0.477053589376985E-01
 0.467712432249872E-01
 0.467174114657910E-01
 0.480046186171169E-01
 0.490565139708784E-01
 0.498700465950664E-01
 0.504430556424458E-01
 0.507742420015178E-01
 0.508631913869169E-01
 0.507104267198389E-01
 0.503174631438431E-01
 0.538837702924479E-01
 0.574172941415186E-01
 0.606840707292246E-01
 0.636693368355815E-01
 0.663596457787886E-01
 0.687427591903791E-01
 0.708075845184469E-01
 0.725441892839654E-01
 0.739438910076681E-01
 0.749993966528976E-01
 0.757049542519012E-01
 0.760564815369501E-01
 0.760516470824036E-01
 0.756898935391162E-01
 0.749724066141708E-01
 0.739020454788111E-01
 0.724832579917708E-01
 0.707683152111070E-01
 0.690557844272806E-01
 0.674034450319309E-01
 0.658074009183923E-01
 0.642682356373116E-01
 0.627839856394426E-01
 0.613542713912190E-01
 0.599739483566709E-01
 0.586389585352896E-01
 0.573542087080481E-01
 0.561018592880348E-01
 0.548960622308420E-01
 0.537268202618449E-01
 0.525900286646503E-01
 0.514909076251575E-01
 0.504282988767996E-01
 0.493953003791898E-01
 0.483946426870131E-01
 0.474244247853258E-01
 0.464799784578677E-01
 0.463705749895361E-01
 0.476063547927001E-01
 0.486205636728439E-01
 0.494082437243040E-01
 0.499654399635066E-01
 0.502892243551198E-01
 0.503777337295782E-01
 0.511821067805153E-01
 0.555971409230185E-01
 0.597849171391224E-01
 0.637266571171674E-01
 0.674045646169490E-01
 0.708016815301903E-01
 0.739018049531497E-01
 0.766895088663512E-01
 0.791502847398696E-01
 0.812707813463260E-01
 0.830390916798042E-01
 0.844450140923734E-01
 0.854802162449685E-01
 0.861382585139569E-01
 0.864144805083382E-01
 0.863058023850810E-01
 0.858105217800322E-01
 0.849281854139644E-01
 0.836595831798832E-01
 0.820068650381818E-01
 0.800374659058254E-01
 0.780924550239235E-01
 0.762246175020039E-01
 0.744193939142965E-01
 0.726768571880336E-01
 0.709914145150577E-01
 0.693622049723698E-01
 0.677966897990015E-01
 0.662815529054369E-01
 0.648165183255494E-01
 0.634040315645746E-01
 0.620332503894078E-01
 0.607131135248276E-01
 0.594330139183010E-01
 0.581823783428780E-01
 0.569853749668908E-01
 0.558205614130847E-01
 0.546828836612799E-01
 0.535909345683141E-01
 0.525239345468160E-01
 0.531236609097675E-01
 0.543778157273219E-01
 0.553952730135051E-01
 0.561700340921585E-01
 0.566971120494432E-01
 0.569725844512682E-01
 0.602034833668149E-01
 0.663359537910752E-01
 0.723027547568951E-01
 0.780819294394719E-01
 0.836524315996050E-01
 0.889940803605085E-01
 0.940875128858312E-01
 0.989141775507162E-01
 0.103456389607808E+00
 0.107697448868503E+00
 0.111621800475799E+00
 0.115215206920357E+00
 0.118464893325864E+00
 0.121359632283327E+00
 0.123889752228598E+00
 0.126047081462873E+00
 0.127824866924520E+00
 0.129217717901495E+00
 0.130221611638553E+00
 0.130833965311658E+00
 0.131053743845872E+00
 0.130881553997171E+00
 0.130319681024858E+00
 0.129372050045885E+00
 0.128044124947853E+00
 0.126342778593718E+00
 0.124276171923892E+00
 0.121853669016889E+00
 0.119085798152634E+00
 0.116033178269703E+00
 0.113043209185297E+00
 0.110165115954277E+00
 0.107403031580193E+00
 0.104752458485961E+00
 0.102205789489553E+00
 0.997584894188759E-01
 0.974021112796668E-01
 0.951284697280264E-01
 0.929373978069327E-01
 0.908255880865620E-01
 0.887886370952989E-01
 0.868249652339841E-01
 0.849262596323335E-01
 0.830893751330492E-01
 0.813122959260490E-01
 0.798803437396117E-01
 0.813229445326277E-01
 0.825144488752232E-01
 0.834509113642212E-01
 0.841295462194766E-01
 0.845487403507487E-01
 0.847080258371518E-01
 0.846080175646069E-01
 0.842503278310348E-01
 0.836374742015863E-01
 0.827728015163244E-01
 0.816604399592490E-01
 0.803060858949681E-01
 0.788496703113113E-01
 0.774313052678227E-01
 0.760656897301767E-01
 0.747211767635558E-01
 0.734275070704090E-01
 0.721558954005419E-01
 0.709144837119152E-01
 0.697049230382795E-01
 0.685260670328623E-01
 0.702870461087624E-01
 0.725734957905527E-01
 0.745989836639248E-01
 0.763655300805946E-01
 0.778764188007543E-01
 0.791361852452648E-01
 0.801505994597060E-01
 0.809266384907919E-01
 0.814724415377547E-01
 0.817972422292155E-01
 0.819112767310722E-01
 0.818256737061538E-01
 0.815523396182053E-01
 0.811038562007904E-01
 0.804934030146906E-01
 0.797347076035989E-01
 0.788420135132106E-01
 0.778300484323133E-01
 0.767139748773548E-01
 0.755093139171823E-01
 0.742318443954594E-01
 0.728974903213647E-01
 0.715222129230361E-01
 0.701219197194936E-01
 0.687123932222613E-01
 0.673092317918372E-01
 0.659277900223506E-01
 0.645831078561622E-01
 0.632898241195439E-01
 0.620620767524075E-01
 0.609133955342615E-01
 0.598565937921770E-01
 0.589036655389478E-01
 0.580656947618180E-01
 0.573527828784840E-01
 0.567739969422674E-01
 0.563373355224039E-01
 0.560497045261199E-01
 0.559168949406312E-01
 0.560698206540755E-01
 0.562231401410139E-01
 0.564880974692614E-01
 0.570094275377887E-01
 0.576971554254228E-01
 0.585501153295571E-01
 0.595660132687583E-01
 0.607414277837687E-01
 0.620717943039814E-01
 0.635513801575707E-01
 0.651732627581460E-01
 0.669293222864131E-01
 0.688102538521218E-01
 0.708055979517306E-01
 0.729037863419817E-01
 0.750922027436282E-01
 0.773572596303614E-01
 0.796844901850145E-01
 0.820586495300107E-01
 0.844638163522154E-01
 0.868834883251231E-01
 0.893006704485246E-01
 0.916979593357081E-01
 0.940576251939026E-01
 0.963616886328225E-01
 0.985919868126428E-01
 0.100730226515840E+00
 0.102758029211470E+00
 0.104656979944075E+00
 0.106408693136362E+00
 0.107994903175696E+00
 0.109397579077016E+00
 0.110599055228363E+00
 0.111582167202063E+00
 0.112330382500876E+00
 0.112827918211554E+00
 0.113059838773009E+00
 0.113012128412219E+00
 0.112671737550619E+00
 0.112026612068467E+00
 0.111065724421847E+00
 0.109779127523342E+00
 0.108158040221512E+00
 0.106194951642766E+00
 0.103883714846585E+00
 0.101219601946012E+00
 0.983275846083547E-01
 0.955471357014251E-01
 0.928976023942061E-01
 0.903479222569422E-01
 0.879029990614953E-01
 0.855642953850150E-01
 0.833151096524221E-01
 0.811532452585723E-01
 0.790728757022860E-01
 0.770740879612087E-01
 0.751521432793899E-01
 0.733061302842335E-01
 0.715221948472177E-01
 0.698100653442907E-01
 0.681625428897346E-01
 0.665741938810887E-01
 0.656775229385158E-01
 0.664699809370123E-01
 0.671278496115896E-01
 0.676401300538564E-01
 0.679962624434465E-01
 0.681862071643844E-01
 0.682005203314893E-01
 0.680304245062390E-01
 0.676678552155143E-01
 0.734304805733544E-01
 0.822774109194216E-01
 0.910711285255831E-01
 0.997849844105001E-01
 0.108391977094673E+00
 0.116864925282518E+00
 0.125176729062944E+00
 0.133300669741432E+00
 0.141210679339416E+00
 0.148881517122531E+00
 0.156288824906698E+00
 0.163409082246629E+00
 0.170219523665270E+00
 0.176698092371101E+00
 0.182823482562011E+00
 0.188575277470665E+00
 0.193934145926144E+00
 0.198882037878115E+00
 0.203402327358335E+00
 0.207479881306553E+00
 0.211101065998142E+00
 0.214253723124510E+00
 0.216927150049663E+00
 0.219112109702890E+00
 0.220800883837147E+00
 0.221987372173117E+00
 0.222667226646122E+00
 0.222837993430149E+00
 0.222499221983795E+00
 0.221652501071502E+00
 0.220301402188392E+00
 0.218451343721578E+00
 0.216109417309918E+00
 0.213284226152727E+00
 0.209985771240197E+00
 0.206225396661321E+00
 0.202015784093754E+00
 0.197370977238020E+00
 0.192324997565677E+00
 0.187317604714370E+00
 0.182514446368521E+00
 0.177924436248892E+00
 0.173523113271789E+00
 0.169292170544888E+00
 0.165226708209293E+00
 0.161317142632001E+00
 0.157556884513115E+00
 0.153931513076319E+00
 0.150448487457047E+00
 0.147083049975886E+00
 0.143836397279251E+00
 0.140708568162151E+00
 0.140087727129664E+00
 0.141744835847324E+00
 0.143081453826733E+00
 0.144092571330438E+00
 0.144774316702915E+00
 0.145123954315701E+00
 0.145139908291664E+00
 0.144821789522885E+00
 0.144170404160251E+00
 0.143187740824395E+00
 0.141876942795718E+00
 0.140242263868295E+00
 0.138289004369869E+00
 0.136023442622307E+00
 0.133562342105193E+00
 0.131168637795287E+00
 0.128842515999879E+00
 0.126561672034722E+00
 0.124359772222011E+00
 0.122218362226637E+00
 0.120126748687343E+00
 0.118089457999176E+00
 0.116099520155181E+00
 0.114157704468574E+00
 0.112262750938810E+00
 0.110400383091863E+00
 0.108585230094662E+00
 0.106860123067192E+00
 0.105160580957870E+00
 0.103470851392249E+00
 0.101806181249385E+00
 0.100267868263859E+00
 0.987184244565795E-01
 0.971434369637607E-01
 0.957312243501868E-01
 0.941022719742343E-01
 0.922612670159227E-01
 0.907004996314063E-01
 0.892828124989632E-01
 0.875917899670806E-01
 0.857554922628155E-01
 0.839746377729870E-01
 0.822483639692269E-01
 0.805770021045988E-01
 0.789510633756569E-01
 0.773764924280887E-01
 0.758531876055176E-01
 0.743737953466045E-01
 0.729425356015460E-01
 0.715497203227976E-01
 0.701997786019845E-01
 0.688907782543365E-01
 0.676171911170989E-01
 0.663803160679381E-01
 0.651782416317934E-01
 0.640084076311749E-01
 0.628694928680950E-01
 0.617557361146699E-01
 0.632082872591255E-01
 0.645689400321808E-01
 0.656678207694215E-01
 0.665079776758083E-01
 0.670935453122140E-01
 0.674296599223771E-01
 0.675223757215992E-01
 0.673786116071052E-01
 0.670061322816234E-01
 0.664135483496125E-01
 0.656103200765685E-01
 0.646225927119926E-01
 0.636158186353216E-01
 0.626349791062185E-01
 0.616692071707781E-01
 0.607362128192443E-01
 0.598126042082119E-01
 0.589016269501499E-01
 0.580061460458119E-01
 0.571391044559768E-01
 0.562954805333002E-01
 0.554658034477961E-01
 0.546490969703718E-01
 0.538468511356964E-01
 0.530454780296761E-01
 0.523042799473894E-01
 0.515677589954057E-01
 0.508255476098755E-01
 0.500988835077699E-01
 0.494337770700525E-01
 0.487473021878610E-01
 0.506731223448676E-01
 0.545556553763575E-01
 0.585012142371270E-01
 0.624894648488274E-01
 0.664998340081721E-01
 0.705116245121699E-01
 0.745040895204290E-01
 0.784564717138706E-01
 0.823480210492650E-01
 0.861580125008235E-01
 0.898657897198474E-01
 0.934508563785796E-01
 0.968930210190267E-01
 0.100172578421229E+00
 0.103270492667332E+00
 0.106168545219679E+00
 0.108849427454061E+00
 0.111296782314827E+00
 0.113495220167660E+00
 0.115430339426462E+00
 0.117088772376739E+00
 0.118458258513236E+00
 0.119527732128940E+00
 0.120287404848508E+00
 0.120728827779936E+00
 0.120844927264865E+00
 0.120630017090869E+00
 0.120079795368269E+00
 0.119191336169625E+00
 0.117963085484523E+00
 0.116394867685784E+00
 0.114487901459809E+00
 0.112244814383577E+00
 0.109669638601240E+00
 0.106777051943759E+00
 0.103862116466813E+00
 0.101068386761604E+00
 0.983924499454238E-01
 0.958246042367840E-01
 0.933572377570175E-01
 0.909936679784947E-01
 0.887207199660161E-01
 0.865341678421238E-01
 0.844327114118632E-01
 0.824135117504893E-01
 0.804678795535590E-01
 0.785867869020221E-01
 0.767829316059543E-01
 0.750403615744006E-01
 0.733555418803166E-01
 0.717283550319404E-01
 0.727578804793538E-01
 0.736803758553221E-01
 0.744089468751893E-01
 0.749362151759797E-01
 0.752559743717612E-01
 0.753632417420984E-01
 0.752542209871700E-01
 0.749262084659031E-01
 0.743774732728903E-01
 0.736071350386291E-01
 0.726150674060217E-01
 0.714036030397345E-01
 0.700668685192495E-01
 0.687697538661182E-01
 0.675094541785498E-01
 0.714246451855423E-01
 0.760538460223938E-01
 0.804162590280917E-01
 0.844997510566302E-01
 0.882934141443835E-01
 0.917875760945562E-01
 0.949738156646314E-01
 0.978449946089366E-01
 0.100395303155656E+00
 0.102620299681693E+00
 0.104516922135672E+00
 0.106083461918031E+00
 0.107319512408183E+00
 0.108225920269047E+00
 0.108804768085412E+00
 0.109059401900479E+00
 0.108994495751376E+00
 0.108616128298353E+00
 0.107931840084362E+00
 0.106950642996766E+00
 0.105682962170134E+00
 0.104140502913568E+00
 0.102336052412638E+00
 0.100283247915391E+00
 0.979995363901928E-01
 0.956602454361987E-01
 0.934177287082977E-01
 0.912612220768645E-01
 0.891821424580974E-01
 0.871792072882639E-01
 0.852493835093436E-01
 0.833875517665593E-01
 0.815949030024499E-01
 0.798595166069759E-01
 0.781962223332859E-01
 0.765860277166305E-01
 0.750009898003360E-01
 0.734896168360013E-01
 0.720246389460305E-01
 0.705816163213882E-01
 0.704039050803677E-01
 0.716275850894281E-01
 0.726306772587645E-01
 0.734127685272786E-01
 0.739743608439945E-01
 0.743168377358629E-01
 0.744424337350044E-01
 0.743542116992053E-01
 0.740560418468867E-01
 0.735525811782775E-01
 0.728492671884455E-01
 0.719523414288339E-01
 0.708688953012532E-01
 0.696747071511027E-01
 0.685080230467089E-01
 0.673733659544370E-01
 0.662624818251672E-01
 0.651802435380827E-01
 0.641252497332619E-01
 0.630942565743910E-01
 0.620886738672215E-01
 0.611051902832674E-01
 0.601339313262598E-01
 0.591775765164303E-01
 0.582503447707241E-01
 0.573642000976671E-01
 0.564880799011819E-01
 0.556212385043482E-01
 0.547502230949677E-01
 0.539560720942435E-01
 0.531634793565780E-01
 0.523512088714833E-01
 0.515985656762797E-01
 0.508601256556923E-01
 0.500749560797647E-01
 0.491651114763714E-01
 0.481362652948295E-01
 0.469946626175528E-01
 0.457471554147224E-01
 0.444011800060414E-01
 0.429646738586319E-01
 0.414459488417408E-01
 0.413665827654789E-01
 0.434276730997790E-01
 0.453771418305268E-01
 0.471977912814801E-01
 0.488729801226021E-01
 0.503865706860210E-01
 0.517229283129735E-01
 0.528670011910800E-01
 0.538044678558759E-01
 0.545219084924587E-01
 0.550069498901287E-01
 0.552483533996935E-01
 0.552360481362444E-01
 0.549611396716605E-01
 0.544159335407332E-01
 0.535940000894713E-01
 0.524902808658491E-01
 0.511073731820888E-01
 0.496797642509159E-01
 0.483124371588436E-01
 0.470009931356239E-01
 0.457368128557703E-01
 0.445257814222984E-01
 0.433595278924230E-01
 0.422390665984262E-01
 0.411607058082105E-01
 0.401203133115324E-01
 0.391188315517299E-01
 0.381578054173906E-01
 0.372244802950631E-01
 0.363404451006498E-01
 0.354809232100493E-01
 0.346484728884297E-01
 0.338453487608937E-01
 0.330702886242336E-01
 0.323172544707274E-01
 0.315891335803475E-01
 0.308974357044042E-01
 0.353923277032530E-01
 0.412004230941625E-01
 0.470182083987058E-01
 0.528229684187652E-01
 0.585916649496458E-01
 0.643010480768163E-01
 0.699277557999311E-01
 0.754483838066910E-01
 0.808395314631856E-01
 0.860778480139762E-01
 0.911401063201040E-01
 0.960033217864753E-01
 0.100644919146530E+00
 0.105042936426967E+00
 0.109176245905184E+00
 0.113024765179794E+00
 0.116569627663375E+00
 0.119793284111350E+00
 0.122679519203157E+00
 0.125213389695235E+00
 0.127381116636234E+00
 0.129169982358593E+00
 0.130568283479255E+00
 0.131565371342589E+00
 0.132151778542832E+00
 0.132319398798214E+00
 0.132061671780028E+00
 0.131373730736350E+00
 0.130252493391387E+00
 0.128696701842680E+00
 0.126706931565788E+00
 0.124285588168978E+00
 0.121436898574719E+00
 0.118363951316104E+00
 0.115409883193801E+00
 0.112567216124694E+00
 0.109834978637544E+00
 0.107196324778882E+00
 0.104665406969256E+00
 0.102219490264472E+00
 0.998600756101859E-01
 0.975860985730436E-01
 0.953896350667418E-01
 0.932709294832887E-01
 0.912214866098210E-01
 0.892463381151512E-01
 0.873352576204424E-01
 0.854837949590021E-01
 0.836958622188015E-01
 0.819623466682794E-01
 0.816510096614871E-01
 0.830952255550628E-01
 0.842927148903387E-01
 0.852355105992032E-01
 0.859164409215239E-01
 0.863291982381723E-01
 0.864684374840713E-01
 0.863298785991146E-01
 0.859103889258885E-01
 0.852080249771651E-01
 0.842220238730056E-01
 0.829527557206425E-01
 0.840530401465941E-01
 0.910035237258493E-01
 0.976791699381213E-01
 0.104056656654667E+00
 0.110113835951492E+00
 0.115829854472711E+00
 0.121185242247812E+00
 0.126161963453632E+00
 0.130743430214099E+00
 0.134914487181221E+00
 0.138661380007361E+00
 0.141971724716213E+00
 0.144834496363928E+00
 0.147240052728114E+00
 0.149180201282542E+00
 0.150648306339964E+00
 0.151639420821711E+00
 0.152150417746064E+00
 0.152180094064653E+00
 0.151729225472485E+00
 0.150800563179859E+00
 0.149398777375347E+00
 0.147530362218666E+00
 0.145203521527973E+00
 0.142428053944650E+00
 0.139215253245801E+00
 0.135722531145979E+00
 0.132339451782278E+00
 0.129090226300599E+00
 0.125965545922919E+00
 0.122948532930103E+00
 0.120045289320210E+00
 0.117256644347199E+00
 0.114571112093448E+00
 0.111974079246504E+00
 0.109475624800109E+00
 0.107056227510870E+00
 0.104720373239322E+00
 0.102461880569474E+00
 0.100277120866589E+00
 0.981673524370613E-01
 0.961280644673200E-01
 0.941495588380689E-01
 0.952362392221879E-01
 0.968389653081628E-01
 0.981346994011210E-01
 0.991188645412681E-01
 0.997879875691760E-01
 0.100139850421450E+00
 0.100173575722519E+00
 0.998896320115816E-01
 0.992897719827453E-01
 0.983769362585100E-01
 0.971551640339188E-01
 0.956295452201986E-01
 0.939301301858142E-01
 0.922728602169632E-01
 0.906576806720707E-01
 0.890837912011361E-01
 0.875539802725526E-01
 0.884368209935807E-01
 0.930326076715273E-01
 0.972885842848360E-01
 0.101197012595625E+00
 0.104751293356205E+00
 0.107945869221062E+00
 0.110776249207169E+00
 0.113239148270071E+00
 0.115332698319293E+00
 0.117056665705195E+00
 0.118412611812021E+00
 0.119403954877752E+00
 0.120035922172382E+00
 0.120315410532200E+00
 0.120250792127301E+00
 0.119851708686748E+00
 0.119128892405782E+00
 0.118094038318533E+00
 0.116759734849939E+00
 0.115139441290105E+00
 0.113247488271213E+00
 0.111099074210208E+00
 0.108710238402190E+00
 0.106098040033295E+00
 0.103442720468415E+00
 0.100901174455973E+00
 0.984679908028704E-01
 0.961362006081936E-01
 0.938939097800700E-01
 0.917337213536180E-01
 0.896521566574753E-01
 0.876421890305626E-01
 0.857078803585698E-01
 0.838375100110025E-01
 0.820259894631500E-01
 0.802810464240470E-01
 0.785937943543633E-01
 0.769608028681877E-01
 0.757873153063503E-01
 0.771617543176348E-01
 0.782873159237297E-01
 0.791654711846238E-01
 0.797988132706952E-01
 0.801908986140019E-01
 0.803461042821786E-01
 0.802695380319487E-01
 0.799670059411338E-01
 0.794450179941386E-01
 0.787108090103068E-01
 0.777723637676226E-01
 0.766384416243566E-01
 0.753348564440747E-01
 0.740288014092562E-01
 0.727650936742994E-01
 0.715239674604366E-01
 0.703130970168149E-01
 0.691233060582803E-01
 0.679579312123948E-01
 0.668266429176742E-01
 0.657234453091848E-01
 0.646545766244236E-01
 0.636120735390705E-01
 0.625945358772848E-01
 0.616026972873994E-01
 0.606239801582663E-01
 0.596448317759578E-01
 0.587314951496683E-01
 0.578326474154926E-01
 0.569315403999677E-01
 0.560522303273864E-01
 0.552438845592571E-01
 0.544269068849046E-01
 0.536074686595929E-01
 0.526576367246504E-01
 0.515846255301640E-01
 0.503959806439481E-01
 0.490995540738872E-01
 0.477034993857869E-01
 0.462162745206911E-01
 0.446466393876198E-01
 0.430036401279680E-01
 0.412965783527846E-01
 0.395349665089125E-01
 0.378743983201179E-01
 0.362174784177535E-01
 0.345214825305867E-01
 0.339471947169374E-01
 0.336914836496076E-01
 0.332209834781874E-01
 0.325269853861831E-01
 0.316064101670670E-01
 0.306254605491616E-01
 0.296901481354780E-01
 0.287803585827087E-01
 0.279169001776446E-01
 0.270870684139791E-01
 0.262894975828282E-01
 0.255243849026035E-01
 0.247901634550958E-01
 0.240847431125364E-01
 0.234054900424141E-01
 0.227555359708876E-01
 0.221281741064576E-01
 0.215292084752543E-01
 0.209545549685847E-01
 0.204030249077962E-01
 0.198704144979615E-01
 0.211389937015463E-01
 0.261698549648102E-01
 0.313469504633627E-01
 0.366529381764680E-01
 0.420699329626955E-01
 0.475797638094249E-01
 0.531641001245229E-01
 0.588044462111929E-01
 0.644820363943662E-01
 0.701776864685185E-01
 0.758716647887347E-01
 0.815436354568347E-01
 0.871726994821281E-01
 0.927375275731654E-01
 0.982165537988904E-01
 0.103588191906213E+00
 0.108831044655337E+00
 0.113924091256404E+00
 0.118846847657941E+00
 0.123579494624335E+00
 0.128102963937224E+00
 0.132398972713965E+00
 0.136450005565048E+00
 0.140239262080439E+00
 0.143750604297810E+00
 0.146968545538760E+00
 0.149878312973571E+00
 0.152465993351490E+00
 0.154718742454743E+00
 0.156625014413983E+00
 0.158174755917783E+00
 0.159359517049857E+00
 0.160172454012608E+00
 0.160608233075944E+00
 0.160662879237207E+00
 0.160333634851313E+00
 0.159618892554822E+00
 0.158518240128231E+00
 0.157032610388023E+00
 0.155164484186029E+00
 0.152918068787929E+00
 0.150299379388879E+00
 0.147316186352712E+00
 0.143977840054669E+00
 0.140297169639897E+00
 0.136556736718536E+00
 0.132978355206918E+00
 0.129550685823694E+00
 0.126265524526402E+00
 0.123106087272564E+00
 0.120082638086341E+00
 0.117182373487065E+00
 0.114391247115546E+00
 0.111702334201020E+00
 0.109116751472150E+00
 0.106617835602702E+00
 0.104218241835956E+00
 0.101896769328303E+00
 0.996564993983156E-01
 0.993676557479619E-01
 0.100568710864745E+00
 0.101538083664125E+00
 0.102270075757558E+00
 0.102759874347446E+00
 0.103003501248904E+00
 0.102997810296430E+00
 0.102740548702214E+00
 0.102230461153944E+00
 0.101467388920251E+00
 0.100452314668852E+00
 0.991873275944086E-01
 0.976755186148035E-01
 0.959418954542028E-01
 0.941911389511402E-01
 0.924758594811690E-01
 0.908080914059952E-01
 0.891969189704419E-01
 0.876134628138903E-01
 0.860747923565069E-01
 0.845825887342274E-01
 0.831272237418692E-01
 0.817190621914427E-01
 0.803540856154540E-01
 0.790161188717296E-01
 0.777103434512278E-01
 0.783863853655396E-01
 0.797786873113514E-01
 0.808320342920135E-01
 0.815505931795936E-01
 0.819400670138614E-01
 0.820075367043766E-01
 0.817613255837061E-01
 0.812109065762248E-01
 0.803668593911417E-01
 0.792408723441607E-01
 0.778457732586300E-01
 0.762318248951026E-01
 0.746258283181358E-01
 0.730687203800079E-01
 0.715628551697935E-01
 0.700995767553923E-01
 0.686863622879465E-01
 0.673112002282134E-01
 0.659778228094520E-01
 0.646826294718448E-01
 0.634230122325511E-01
 0.622020564290721E-01
 0.610171702135931E-01
 0.598651484283834E-01
 0.587488355959750E-01
 0.576635617015400E-01
 0.566034536731271E-01
 0.555785704218003E-01
 0.545800811539364E-01
 0.539248366007924E-01
 0.553098111054268E-01
 0.564654501837478E-01
 0.573918960914566E-01
 0.580901940977177E-01
 0.585623362535729E-01
 0.588113434756080E-01
 0.588413363259409E-01
 0.586575461386760E-01
 0.582662431609185E-01
 0.576745953350598E-01
 0.568912097776174E-01
 0.559973876381298E-01
 0.551201565180601E-01
 0.542747329095493E-01
 0.534318060494239E-01
 0.526081005544819E-01
 0.518094487723344E-01
 0.510266009562940E-01
 0.502559613160134E-01
 0.494954383335219E-01
 0.487437031343687E-01
 0.480191787970109E-01
 0.473284446869985E-01
 0.466396336802338E-01
 0.459580935980725E-01
 0.452734018294920E-01
 0.446363771041684E-01
 0.440101845366779E-01
 0.433715382542354E-01
 0.473446800967788E-01
 0.520643292289341E-01
 0.569277680903228E-01
 0.619144481114524E-01
 0.670029716645435E-01
 0.721711865757422E-01
 0.773963200393985E-01
 0.826551308756658E-01
 0.879240442749236E-01
 0.931792371887067E-01
 0.983966655980896E-01
 0.103552055623216E+00
 0.108620902105733E+00
 0.113578518974235E+00
 0.118400165300350E+00
 0.123061240533875E+00
 0.127537516833624E+00
 0.131805365823771E+00
 0.135841942761758E+00
 0.139625307277193E+00
 0.143134478990868E+00
 0.146349443144577E+00
 0.149251133310318E+00
 0.151821423570406E+00
 0.154043159105929E+00
 0.155900240671578E+00
 0.157377757548418E+00
 0.158462142787812E+00
 0.159141313601911E+00
 0.159404764967046E+00
 0.159243604451238E+00
 0.158650541829174E+00
 0.157619866057449E+00
 0.156147445608001E+00
 0.154230774111231E+00
 0.151869057470485E+00
 0.149063312012763E+00
 0.145816427976101E+00
 0.142133157299185E+00
 0.138226471766391E+00
 0.134483020941489E+00
 0.130892491454716E+00
 0.127452711547110E+00
 0.124153166351189E+00
 0.120983968355470E+00
 0.117944447892651E+00
 0.115011255962435E+00
 0.112191216525890E+00
 0.109477861413350E+00
 0.106860829999756E+00
 0.104358874525398E+00
 0.101942560860506E+00
 0.996056340039383E-01
 0.973588573590198E-01
 0.951823213210221E-01
 0.956850927247611E-01
 0.969176700150827E-01
 0.979065908499230E-01
 0.986425699296876E-01
 0.991172722494762E-01
 0.993234418544110E-01
 0.992549573443686E-01
 0.989068114061710E-01
 0.982750440325359E-01
 0.973566798481679E-01
 0.961497176580106E-01
 0.946531938334964E-01
 0.929068823310937E-01
 0.931612804961311E-01
 0.101323339509556E+00
 0.109232168639779E+00
 0.116864703790991E+00
 0.124199096718749E+00
 0.131215025161308E+00
 0.137893886865499E+00
 0.144218825163558E+00
 0.150174593288373E+00
 0.155747322356528E+00
 0.160924289805555E+00
 0.165693778990302E+00
 0.170045081235355E+00
 0.173968636824253E+00
 0.177456263639281E+00
 0.180501398593827E+00
 0.183099282790940E+00
 0.185247049087927E+00
 0.186943705977942E+00
 0.188190041026202E+00
 0.188988483760205E+00
 0.189342971669413E+00
 0.189258856107882E+00
 0.188742869181975E+00
 0.187803150298009E+00
 0.186449307371273E+00
 0.184692471697790E+00
 0.182545305153383E+00
 0.180021934860360E+00
 0.177137816212435E+00
 0.173909548281144E+00
 0.170354677039568E+00
 0.166491519651315E+00
 0.162354801518692E+00
 0.158249930968216E+00
 0.154290260912154E+00
 0.150497613513950E+00
 0.146877384838195E+00
 0.143392350414206E+00
 0.140044659616395E+00
 0.136833022561346E+00
 0.133743903356472E+00
 0.130766034341056E+00
 0.127881398271413E+00
 0.125106504676385E+00
 0.122432688511993E+00
 0.120597851720654E+00
 0.122212199820118E+00
 0.123527890121827E+00
 0.124544203086819E+00
 0.125261590074302E+00
 0.125681591503725E+00
 0.125806744422919E+00
 0.125640511904509E+00
 0.125187253613748E+00
 0.124452237283644E+00
 0.123441670407465E+00
 0.122162719518561E+00
 0.120623489516234E+00
 0.118832957142728E+00
 0.116801670041562E+00
 0.114739198692299E+00
 0.112740827208503E+00
 0.110781713648994E+00
 0.108887838319869E+00
 0.107027828965918E+00
 0.105207522566026E+00
 0.103446102424265E+00
 0.101728959296491E+00
 0.100059152935332E+00
 0.984376312448609E-01
 0.968595257487373E-01
 0.953143445801983E-01
 0.937963432991011E-01
 0.923001146227599E-01
 0.908566185115425E-01
 0.894864350617975E-01
 0.881147774643449E-01
 0.867350720090657E-01
 0.854695969852775E-01
 0.842027848724849E-01
 0.828959776525729E-01
 0.814206836880219E-01
 0.797843123827043E-01
 0.779947873484379E-01
 0.760605282513700E-01
 0.739904274419829E-01
 0.717938164048564E-01
 0.694804151278016E-01
 0.670602606531342E-01
 0.645436189156937E-01
 0.619408921972885E-01
 0.592625378710049E-01
 0.567723125251558E-01
 0.542514945305583E-01
 0.516734054363565E-01
 0.490479613493734E-01
 0.463850535695371E-01
 0.436944786757944E-01
 0.409858824224081E-01
 0.382687321048610E-01
 0.355523190252911E-01
 0.328457777799734E-01
 0.301581009128826E-01
 0.274981294633919E-01
 0.248745092560662E-01
 0.222956145124308E-01
 0.202784506691455E-01
 0.219918475304157E-01
 0.238790702745605E-01
 0.259377751049440E-01
 0.281645828068662E-01
 0.305550832680913E-01
 0.331037922595193E-01
 0.358040836172243E-01
 0.386481327650117E-01
 0.416269029916048E-01
 0.447301874861842E-01
 0.479466983811302E-01
 0.512641793659451E-01
 0.546695152375679E-01
 0.581488180745764E-01
 0.616874810259307E-01
 0.652702032630530E-01
 0.688810007659858E-01
 0.725032243082650E-01
 0.761196052805095E-01
 0.797123412798851E-01
 0.832632202176677E-01
 0.867537700480760E-01
 0.901654156358719E-01
 0.934796252854127E-01
 0.966780345055486E-01
 0.997425409870348E-01
 0.102655371386243E+00
 0.105399127041836E+00
 0.107956821197104E+00
 0.110311922715441E+00
 0.112448419004922E+00
 0.114350903832890E+00
 0.116004685781123E+00
 0.117395903755625E+00
 0.118511631556653E+00
 0.119339957435428E+00
 0.119870036448149E+00
 0.120092127316585E+00
 0.119997632105502E+00
 0.119579150136963E+00
 0.118830540293762E+00
 0.117746970404017E+00
 0.116324931808738E+00
 0.114562215013266E+00
 0.112457868470951E+00
 0.110012179665366E+00
 0.107234120786872E+00
 0.104423574883645E+00
 0.101728533249692E+00
 0.991330102268028E-01
 0.966437102350178E-01
 0.942431489306539E-01
 0.919357040068288E-01
 0.897186535990802E-01
 0.875871253516039E-01
 0.855320718039593E-01
 0.835610202188477E-01
 0.816622129846203E-01
 0.798248766745534E-01
 0.780538440540378E-01
 0.763403792298585E-01
 0.746880550693152E-01
 0.732119951858766E-01
 0.742681647281805E-01
 0.751585689886586E-01
 0.758747628758290E-01
 0.764086054681685E-01
 0.767523459685683E-01
 0.768987815983157E-01
 0.768414415127518E-01
 0.765747539461951E-01
 0.760941662164516E-01
 0.753962013936672E-01
 0.744784487740451E-01
 0.733394984747575E-01
 0.720208477918209E-01
 0.724004610455093E-01
 0.782841045661658E-01
 0.839158235432804E-01
 0.892756801808775E-01
 0.943447598884318E-01
 0.991050550485319E-01
 0.103539365036876E+00
 0.107631256419087E+00
 0.111365108385065E+00
 0.114726245623453E+00
 0.117701141218151E+00
 0.120277658883135E+00
 0.122445296146622E+00
 0.124195387214677E+00
 0.125521228480248E+00
 0.126418104345659E+00
 0.126883215298377E+00
 0.126915536160343E+00
 0.126515648995818E+00
 0.125685595403920E+00
 0.124428778786546E+00
 0.122749927333712E+00
 0.120655111785821E+00
 0.118151802537180E+00
 0.115325504953911E+00
 0.112545700623806E+00
 0.109871478741833E+00
 0.107289650233850E+00
 0.104803577473048E+00
 0.102410196741339E+00
 0.100098514568374E+00
 0.978633082004299E-01
 0.957009920987654E-01
 0.936140461734991E-01
 0.916027878778688E-01
 0.896580440450110E-01
 0.877740535041287E-01
 0.859507020653285E-01
 0.841813627709215E-01
 0.824733227448633E-01
 0.808155145465117E-01
 0.792195350505127E-01
 0.804692754239579E-01
 0.819151468945248E-01
 0.830876466170381E-01
 0.839822135099844E-01
 0.845953643769029E-01
 0.849247351195646E-01
 0.849690846956590E-01
 0.847282530430988E-01
 0.842030863110952E-01
 0.833953619340756E-01
 0.823077500582436E-01
 0.809599834767972E-01
 0.795609624714041E-01
 0.781879187992281E-01
 0.768431641414831E-01
 0.782017720773415E-01
 0.823646710988933E-01
 0.861817787121458E-01
 0.896414434990057E-01
 0.927334692276870E-01
 0.954489830168070E-01
 0.977803674837482E-01
 0.997212809613523E-01
 0.101266758661470E+00
 0.102413361367425E+00
 0.103159325585730E+00
 0.103504672500925E+00
 0.103451248950667E+00
 0.103002695068009E+00
 0.102164353283723E+00
 0.100943147294237E+00
 0.993474652645360E-01
 0.973870784385578E-01
 0.950902533743376E-01
 0.927617790839358E-01
 0.905274616140338E-01
 0.883680020091135E-01
 0.862976480390703E-01
 0.842958082404678E-01
 0.823648160459783E-01
 0.805018090667423E-01
 0.786960245127147E-01
 0.769513611491846E-01
 0.752768398165570E-01
 0.736588945655593E-01
 0.720810048607542E-01
 0.705680931513579E-01
 0.690935334405890E-01
 0.676769702811885E-01
 0.662953123907547E-01
 0.649605810864304E-01
 0.636709152016961E-01
 0.646577939936859E-01
 0.660023138196815E-01
 0.670831290373591E-01
 0.678978833419568E-01
 0.684454793038801E-01
 0.687260653512225E-01
 0.687409786166756E-01
 0.684926608154764E-01
 0.679845677395041E-01
 0.672210906812564E-01
 0.662075018036441E-01
 0.650628723790194E-01
 0.639435249529463E-01
 0.628472267494839E-01
 0.617708647676933E-01
 0.607143143016995E-01
 0.597057864720316E-01
 0.588035599648060E-01
 0.602574616406570E-01
 0.613804849045982E-01
 0.621701408835561E-01
 0.626252646472561E-01
 0.627461450869377E-01
 0.625346640161810E-01
 0.619943950922057E-01
 0.611306281720920E-01
 0.599503109241484E-01
 0.585837319306382E-01
 0.572741877581741E-01
 0.559898054771488E-01
 0.547485629874266E-01
 0.535475657385685E-01
 0.523903153842221E-01
 0.512663354652222E-01
 0.501777165973007E-01
 0.491325354822539E-01
 0.481183641039417E-01
 0.471375774520547E-01
 0.461729989055742E-01
 0.452477651178874E-01
 0.443549357820376E-01
 0.434747284357298E-01
 0.426232290811589E-01
 0.417960037642462E-01
 0.409845876364360E-01
 0.402026942211832E-01
 0.394423654809579E-01
 0.387636615147151E-01
 0.400332041783095E-01
 0.410843820476855E-01
 0.419141601387885E-01
 0.425206547588425E-01
 0.429031334297459E-01
 0.430619613213387E-01
 0.429985300604416E-01
 0.427152045680216E-01
 0.445013754306482E-01
 0.469829016029548E-01
 0.491981734883679E-01
 0.511349192761149E-01
 0.527818439398554E-01
 0.541286094238226E-01
 0.551659194853219E-01
 0.558856939257565E-01
 0.562812832151798E-01
 0.563476592981848E-01
 0.560815269541922E-01
 0.554813276894692E-01
 0.545471438644339E-01
 0.532968709726707E-01
 0.520009869503438E-01
 0.507504331049342E-01
 0.495413444063403E-01
 0.483689312506602E-01
 0.472485701638656E-01
 0.461574494309795E-01
 0.451113946802567E-01
 0.440958084108149E-01
 0.431217850152012E-01
 0.421771063697028E-01
 0.412618936630132E-01
 0.403758277529010E-01
 0.395190446557847E-01
 0.386788997595742E-01
 0.378738727472420E-01
 0.370906967931046E-01
 0.363357589332297E-01
 0.355995909908278E-01
 0.348889148922323E-01
 0.341947076676314E-01
 0.335241634953653E-01
 0.390808388479025E-01
 0.446993858976401E-01
 0.502748228664195E-01
 0.557847254991797E-01
 0.612069376087973E-01
 0.665195566749390E-01
 0.717009649367785E-01
 0.767299482430147E-01
 0.815859011670753E-01
 0.862490722222195E-01
 0.907007804834206E-01
 0.949235457768876E-01
 0.989011116305586E-01
 0.102618382508597E+00
 0.106061323218822E+00
 0.109216869785663E+00
 0.112072883969212E+00
 0.114618162267782E+00
 0.116842495512642E+00
 0.118736768689376E+00
 0.120293087827910E+00
 0.121504917890343E+00
 0.122367213189634E+00
 0.122876522815254E+00
 0.123031058455113E+00
 0.122830718155990E+00
 0.122277063939661E+00
 0.121373253973670E+00
 0.120123934361046E+00
 0.118535103881268E+00
 0.116613975071005E+00
 0.114368860663303E+00
 0.111809109502009E+00
 0.108956511447756E+00
 0.106096718763738E+00
 0.103345524760527E+00
 0.100709688895871E+00
 0.981803529736521E-01
 0.957459663429110E-01
 0.934134919603997E-01
 0.911622741418257E-01
 0.889936711956259E-01
 0.869132262403962E-01
 0.849120737321584E-01
 0.829872744153048E-01
 0.811094701297260E-01
 0.793091813765051E-01
 0.775798373870360E-01
 0.758889090340073E-01
 0.746726213757138E-01
 0.759306527580354E-01
 0.769666763942245E-01
 0.777764946561127E-01
 0.783567508106352E-01
 0.787049706381460E-01
 0.788196004821816E-01
 0.787000426528832E-01
 0.783466924396786E-01
 0.777609769674093E-01
 0.769453887774778E-01
 0.759035013824754E-01
 0.746400185534672E-01
 0.732834452331347E-01
 0.719453730530999E-01
 0.706559303642734E-01
 0.693886446282741E-01
 0.681802517286968E-01
 0.669918699069059E-01
 0.658254839412566E-01
 0.646880341243062E-01
 0.635847780236255E-01
 0.625082678844005E-01
 0.617901890371623E-01
 0.633927357849917E-01
 0.647462856787279E-01
 0.658553562122001E-01
 0.667255954957442E-01
 0.673636586344648E-01
 0.677771238681509E-01
 0.679744408115964E-01
 0.679648990205747E-01
 0.677586091130749E-01
 0.673664943133882E-01
 0.668002926807472E-01
 0.660725687092067E-01
 0.651967295276586E-01
 0.641870374115567E-01
 0.630586066549658E-01
 0.618273683790775E-01
 0.605099832313929E-01
 0.591265406366836E-01
 0.577762271850353E-01
 0.564818105531426E-01
 0.552527562379866E-01
 0.540703019569111E-01
 0.529203347189558E-01
 0.518117365951200E-01
 0.507398102840778E-01
 0.497019533860969E-01
 0.487030437128309E-01
 0.477366352933599E-01
 0.467973025947699E-01
 0.458939788459623E-01
 0.450125773051465E-01
 0.450110022315074E-01
 0.458935439499183E-01
 0.466084591298507E-01
 0.471587156053362E-01
 0.475482738889764E-01
 0.477820135419344E-01
 0.478656171901619E-01
 0.478054434076816E-01
 0.476084146400678E-01
 0.472819373760206E-01
 0.468338628366739E-01
 0.468636098773747E-01
 0.485403918603972E-01
 0.504193078567687E-01
 0.524952741113162E-01
 0.547619619314029E-01
 0.572118668376692E-01
 0.598363344080795E-01
 0.626255461364283E-01
 0.655684812446396E-01
 0.686528799098405E-01
 0.718652385013986E-01
 0.751908640925139E-01
 0.786140004053635E-01
 0.821180128971273E-01
 0.856855961407099E-01
 0.892989535669283E-01
 0.929399052760701E-01
 0.965899030928859E-01
 0.100229965131722E+00
 0.103840573160800E+00
 0.107401593807352E+00
 0.110892281604960E+00
 0.114291396900665E+00
 0.117577431733348E+00
 0.120728896250091E+00
 0.123724593685551E+00
 0.126543814926340E+00
 0.129166414530243E+00
 0.131572776795421E+00
 0.133743723739417E+00
 0.135660438532958E+00
 0.137304469341644E+00
 0.138657844360993E+00
 0.139703284858371E+00
 0.140424468265130E+00
 0.140806280622566E+00
 0.140835008029865E+00
 0.140498441024014E+00
 0.139785891891563E+00
 0.138688144795504E+00
 0.137197370482356E+00
 0.135307042140771E+00
 0.133011886264332E+00
 0.130307890310779E+00
 0.127192368481424E+00
 0.123708770793154E+00
 0.120276119283837E+00
 0.116974449479369E+00
 0.113824265371775E+00
 0.110787572224128E+00
 0.107877168855017E+00
 0.105082762625963E+00
 0.102394364239047E+00
 0.998095088345084E-01
 0.973277233784148E-01
 0.949440042652763E-01
 0.926492507577528E-01
 0.904396747550635E-01
 0.883197165011483E-01
 0.862679780114276E-01
 0.842886772546832E-01
 0.828727449081328E-01
 0.839487240504988E-01
 0.848414759260421E-01
 0.855404486438772E-01
 0.860355953748624E-01
 0.863173478046279E-01
 0.863766278344340E-01
 0.862048856855616E-01
 0.857941664448186E-01
 0.851372210782227E-01
 0.842276702582383E-01
 0.891366976240082E-01
 0.986402705827675E-01
 0.108006872041384E+00
 0.117208953295682E+00
 0.126218793489826E+00
 0.135008594883742E+00
 0.143550728329637E+00
 0.151818082643369E+00
 0.159784442604146E+00
 0.167424814842655E+00
 0.174715641694603E+00
 0.181634882801194E+00
 0.188161987325416E+00
 0.194277809439973E+00
 0.199964526350686E+00
 0.205205602689527E+00
 0.209985817832250E+00
 0.214291346359749E+00
 0.218109865447943E+00
 0.221430658918531E+00
 0.224244693645743E+00
 0.226544656062085E+00
 0.228324951050449E+00
 0.229581679029728E+00
 0.230312615319999E+00
 0.230517214835833E+00
 0.230196653450799E+00
 0.229353898619714E+00
 0.227993784089915E+00
 0.226123055486121E+00
 0.223750359694365E+00
 0.220886168798914E+00
 0.217542650664898E+00
 0.213733513808864E+00
 0.209473858395449E+00
 0.204780058377256E+00
 0.199669933214135E+00
 0.194500273802973E+00
 0.189544764741104E+00
 0.184790816375241E+00
 0.180236771271203E+00
 0.175861655987812E+00
 0.171661542843185E+00
 0.167623328131934E+00
 0.163726631932360E+00
 0.159981581277291E+00
 0.156372121924592E+00
 0.152894432362380E+00
 0.149539515466704E+00
 0.146289537078916E+00
 0.145650886915225E+00
 0.147397831148584E+00
 0.148805289775847E+00
 0.149869058367715E+00
 0.150586269664209E+00
 0.150955500873421E+00
 0.150976789347856E+00
 0.150651545800973E+00
 0.149982392277742E+00
 0.148972979949510E+00
 0.147627846553852E+00
 0.145952353951200E+00
 0.143952713773743E+00
 0.141636079148483E+00
 0.139097367819579E+00
 0.136612699230857E+00
 0.134182991816528E+00
 0.131826733143131E+00
 0.129540728305107E+00
 0.127332998430639E+00
 0.125169466307367E+00
 0.123058650956867E+00
 0.121000744771935E+00
 0.118985210906376E+00
 0.117017383668675E+00
 0.115082666240693E+00
 0.113222680415393E+00
 0.111427786899527E+00
 0.109662082251123E+00
 0.107902917988251E+00
 0.106197995484224E+00
 0.104596080796757E+00
 0.102983530963206E+00
 0.101363607601849E+00
 0.998907340609996E-01
 0.982165692576060E-01
 0.963276324973914E-01
 0.942308671589197E-01
 0.919338709647815E-01
 0.894448541009592E-01
 0.867726122047568E-01
 0.839265152193817E-01
 0.809165021444788E-01
 0.777530651421373E-01
 0.744472087897996E-01
 0.712568864907576E-01
 0.681307103606242E-01
 0.661689971318474E-01
 0.649216015195755E-01
 0.637147176209915E-01
 0.625356181863449E-01
 0.613920289956614E-01
 0.602781224835530E-01
 0.591949837922737E-01
 0.581416447011722E-01
 0.571209880538615E-01
 0.561308220293705E-01
 0.551563966200991E-01
 0.553002740743757E-01
 0.566588868369340E-01
 0.577762467559742E-01
 0.586565955721660E-01
 0.593048492714339E-01
 0.597265667486593E-01
 0.599279972213757E-01
 0.599161812668385E-01
 0.596990608934129E-01
 0.592855478973847E-01
 0.586855119283169E-01
 0.579102189235295E-01
 0.570409804528947E-01
 0.561926802337457E-01
 0.553384692336183E-01
 0.545002368864373E-01
 0.536733659125078E-01
 0.528848169420165E-01
 0.521032634006995E-01
 0.513326718495577E-01
 0.505742920347519E-01
 0.498302319332085E-01
 0.491089442911762E-01
 0.484147955839212E-01
 0.477296499210223E-01
 0.470468146252372E-01
 0.478696049413859E-01
 0.508559865279795E-01
 0.539277177804232E-01
 0.570672792965948E-01
 0.602566460979954E-01
 0.634775215778533E-01
 0.667115235537897E-01
 0.699402922688894E-01
 0.731455113299685E-01
 0.763088608052284E-01
 0.794119496992581E-01
 0.824362893062371E-01
 0.853633576594119E-01
 0.881747683772129E-01
 0.908525099621838E-01
 0.933791874566662E-01
 0.957381951451761E-01
 0.979137784454295E-01
 0.998909904139955E-01
 0.101655591134194E+00
 0.103193958892751E+00
 0.104493074721441E+00
 0.105540612769949E+00
 0.106325130816370E+00
 0.106836321052858E+00
 0.107065260737130E+00
 0.107004600627530E+00
 0.106648647037782E+00
 0.105993326249487E+00
 0.105036057428291E+00
 0.103775587918431E+00
 0.102211850874051E+00
 0.100345886912030E+00
 0.981798383363746E-01
 0.957169936541641E-01
 0.931065071965333E-01
 0.906011999967488E-01
 0.881954042356696E-01
 0.858883117098170E-01
 0.836794077530597E-01
 0.815616469792160E-01
 0.795203081944686E-01
 0.775632124636780E-01
 0.756800649460979E-01
 0.738658992325617E-01
 0.721151471067270E-01
 0.704356285387527E-01
 0.688114055619335E-01
 0.672414777241522E-01
 0.657313688350086E-01
 0.642724126872735E-01
 0.642373773467492E-01
 0.650928914016977E-01
 0.657867524215820E-01
 0.663116454268332E-01
 0.666610066973373E-01
 0.668290823062454E-01
 0.668109963348399E-01
 0.666028001674232E-01
 0.662014768623023E-01
 0.656048935009979E-01
 0.648117204607851E-01
 0.638213558494154E-01
 0.626718104402261E-01
 0.615116569572607E-01
 0.603891200555987E-01
 0.640737881439414E-01
 0.682247801441546E-01
 0.721189261681173E-01
 0.757442009327757E-01
 0.790895611345404E-01
 0.821447606405510E-01
 0.849002540254645E-01
 0.873472396458221E-01
 0.894778521248416E-01
 0.912854639653194E-01
 0.927650143257757E-01
 0.939132681291134E-01
 0.947289303898218E-01
 0.952125923806154E-01
 0.953665458915565E-01
 0.951945425089001E-01
 0.947015796958514E-01
 0.938937665447974E-01
 0.927782776891850E-01
 0.913633668176674E-01
 0.896583963623721E-01
 0.876772068509974E-01
 0.856405807346307E-01
 0.836749452257042E-01
 0.817917977592983E-01
 0.799616095479024E-01
 0.781896424689721E-01
 0.764921632132697E-01
 0.748385887667366E-01
 0.732474227707756E-01
 0.717112946211550E-01
 0.702258234335606E-01
 0.687750628625415E-01
 0.673852620740015E-01
 0.660399116100180E-01
 0.647177866512027E-01
 0.634508970013935E-01
 0.622226936883367E-01
 0.610088612820442E-01
 0.615884526464777E-01
 0.627790905395660E-01
 0.637536364502573E-01
 0.645100945644042E-01
 0.650472521966528E-01
 0.653647113082402E-01
 0.654629541801297E-01
 0.653434106259161E-01
 0.650084969335982E-01
 0.644616134052595E-01
 0.637071072665348E-01
 0.627502204914613E-01
 0.616925249703016E-01
 0.606635345187766E-01
 0.596700413748142E-01
 0.586864337439532E-01
 0.577435521347444E-01
 0.568182574974814E-01
 0.559144339621881E-01
 0.550313256300893E-01
 0.541625525268090E-01
 0.533117549427980E-01
 0.524700757842762E-01
 0.516515619011275E-01
 0.508807833698660E-01
 0.501166376006345E-01
 0.493469685760729E-01
 0.485799633087928E-01
 0.478853251573119E-01
 0.471829918481199E-01
 0.464526424348225E-01
 0.458051003176083E-01
 0.451491395398493E-01
 0.444616921747303E-01
 0.436358573994890E-01
 0.426766309474732E-01
 0.415898091698746E-01
 0.403818445645070E-01
 0.390596663845191E-01
 0.376305110598743E-01
 0.361018037912411E-01
 0.345649488398884E-01
 0.331073315871118E-01
 0.322413535863417E-01
 0.359147496159124E-01
 0.395201089328000E-01
 0.430364058701457E-01
 0.464427141131333E-01
 0.497184261523238E-01
 0.528435150138597E-01
 0.557987739049684E-01
 0.585659704570126E-01
 0.611278793857940E-01
 0.634682015839384E-01
 0.655714220258419E-01
 0.674226861534288E-01
 0.690077738828156E-01
 0.703132210140548E-01
 0.713265879560634E-01
 0.720368205452621E-01
 0.724346059279742E-01
 0.725126147973086E-01
 0.722655483402355E-01
 0.716899690938580E-01
 0.707839701034489E-01
 0.695467981726382E-01
 0.679788556446824E-01
 0.661983211150329E-01
 0.644817160621702E-01
 0.628294368381186E-01
 0.612412691126491E-01
 0.597137280438130E-01
 0.582438722838716E-01
 0.568268341373199E-01
 0.554647873438935E-01
 0.541514842820851E-01
 0.528850005004649E-01
 0.516621771785507E-01
 0.504792598255034E-01
 0.493402246187029E-01
 0.482374287150376E-01
 0.471686827420555E-01
 0.461391735507995E-01
 0.451385060290322E-01
 0.441728392109245E-01
 0.432343485190127E-01
 0.423233954385576E-01
 0.432141988915819E-01
 0.441569097285505E-01
 0.449104896673872E-01
 0.454675597749477E-01
 0.509932826535186E-01
 0.568425219258545E-01
 0.625659812944458E-01
 0.681376436416417E-01
 0.735318799460583E-01
 0.787238551745081E-01
 0.836898255405389E-01
 0.884072654777098E-01
 0.928548271823653E-01
 0.970121970261252E-01
 0.100859947091452E+00
 0.104379473635120E+00
 0.107553071907423E+00
 0.110364138208342E+00
 0.112797440817521E+00
 0.114839380623199E+00
 0.116478174741497E+00
 0.117703932648439E+00
 0.118508636953761E+00
 0.118886073030020E+00
 0.118831762872487E+00
 0.118342947122212E+00
 0.117418631403638E+00
 0.116059680616022E+00
 0.114268920609972E+00
 0.112051200605572E+00
 0.109413384400558E+00
 0.106496767676879E+00
 0.103661197750077E+00
 0.100930505566986E+00
 0.982812553783154E-01
 0.957161954047799E-01
 0.932401049208593E-01
 0.908454982011995E-01
 0.885266539819774E-01
 0.862941641537703E-01
 0.841245695402926E-01
 0.819889982342513E-01
 0.799360872880266E-01
 0.779592763870192E-01
 0.760230565001473E-01
 0.741427885227851E-01
 0.723318430618198E-01
 0.705465038107489E-01
 0.688390524601268E-01
 0.681387540486110E-01
 0.691591403974657E-01
 0.699242038541042E-01
 0.704300718574698E-01
 0.706742378370864E-01
 0.706556217531207E-01
 0.703745483433528E-01
 0.698326538464990E-01
 0.690327614820703E-01
 0.679787773315071E-01
 0.666756472711705E-01
 0.712506632871613E-01
 0.764751544435837E-01
 0.813852103682398E-01
 0.859640282619064E-01
 0.901968909470002E-01
 0.940711618577377E-01
 0.975761712261571E-01
 0.100703046951657E+00
 0.103444560369967E+00
 0.105795050279318E+00
 0.107750457435883E+00
 0.109308456768351E+00
 0.110468634276599E+00
 0.111232637375857E+00
 0.111604238225968E+00
 0.111589282423524E+00
 0.111195534342749E+00
 0.110432459433192E+00
 0.109310994390542E+00
 0.107843349117428E+00
 0.106042866774561E+00
 0.103923948168554E+00
 0.101502029941234E+00
 0.987935948247186E-01
 0.958161867367596E-01
 0.925884033890613E-01
 0.891877788415770E-01
 0.858861881774743E-01
 0.827284027862572E-01
 0.796803259523969E-01
 0.767494742117569E-01
 0.739510813142906E-01
 0.712519697725238E-01
 0.686589731752823E-01
 0.661775640546968E-01
 0.637906393710968E-01
 0.614869100866368E-01
 0.592456532751287E-01
 0.570944228933247E-01
 0.550489263003798E-01
 0.530569204486512E-01
 0.511131278547256E-01
 0.492903598753117E-01
 0.500731563297475E-01
 0.516371943971346E-01
 0.531654559053577E-01
 0.546572153051241E-01
 0.561119809473023E-01
 0.575294672294695E-01
 0.589095667288190E-01
 0.602523236065541E-01
 0.615579092072334E-01
 0.628266004809863E-01
 0.640587613627008E-01
 0.652548264261497E-01
 0.664152852143987E-01
 0.675406651089183E-01
 0.686315108259587E-01
 0.696883596034310E-01
 0.707117124287458E-01
 0.717020027196248E-01
 0.726595644262208E-01
 0.735846016562020E-01
 0.744771618723066E-01
 0.753371145816752E-01
 0.761641371140394E-01
 0.769577083659080E-01
 0.777171102096010E-01
 0.784414348191319E-01
 0.791295948683664E-01
 0.797803329287619E-01
 0.803922268611214E-01
 0.809636896715375E-01
 0.814929647991449E-01
 0.819781202745268E-01
 0.824170466393201E-01
 0.828074633011221E-01
 0.831469361498248E-01
 0.834329064667811E-01
 0.836627283977342E-01
 0.838337104003976E-01
 0.839431556168741E-01
 0.839883971453710E-01
 0.839668263641079E-01
 0.838759150998920E-01
 0.837132346175051E-01
 0.834764753291702E-01
 0.831634704692075E-01
 0.827722250792809E-01
 0.823009493840968E-01
 0.817480939101018E-01
 0.811123831051527E-01
 0.803928447842346E-01
 0.795888340604174E-01
 0.787000519163517E-01
 0.777265596924152E-01
 0.766687911539606E-01
 0.755275634387290E-01
 0.743040872647523E-01
 0.729999757568513E-01
 0.716172505222744E-01
 0.701583434971069E-01
 0.686260936084462E-01
 0.670237382131412E-01
 0.653549001614263E-01
 0.636235717828297E-01
 0.618340968889117E-01
 0.599911511802522E-01
 0.580997206210450E-01
 0.561650768529049E-01
 0.541927488102300E-01
 0.521884902689097E-01
 0.501582437818851E-01
 0.481081019723906E-01
 0.460442673196654E-01
 0.439730113866292E-01
 0.419006341161557E-01
 0.398334234637407E-01
 0.377776153932826E-01
 0.357393541175729E-01
 0.337246524935122E-01
 0.317393526305956E-01
 0.297890870417421E-01
 0.278792409062167E-01
 0.260149161848454E-01
 0.242008982852488E-01
 0.224416257743510E-01
 0.207411633286217E-01
 0.191031778655452E-01
 0.175309176994222E-01
 0.160271946764893E-01
 0.145943694783845E-01
 0.132343405206991E-01
 0.119485369679050E-01
 0.107379162834786E-01
 0.960296649019803E-02
 0.854371300059220E-02
 0.755972967414376E-02
 0.665015364618808E-02
 0.581370353826345E-02
 0.504870077286095E-02
 0.435309388213221E-02
 0.372448579848342E-02
 0.316016413976955E-02
 0.265713440811621E-02
 0.221215585837962E-02
 0.182177960017604E-02
 0.148238835506480E-02
 0.119023722494416E-02
 0.941494889890286E-03
 0.732284751656137E-03
 0.558725646642354E-03
 0.416971837674075E-03
 0.303251980890075E-03
 0.213906740681639E-03
 0.145424657526847E-03
 0.944758402535136E-04
 0.579430388865478E-04
 0.329496883402321E-04
 0.168845665573117E-04
 0.742277959585929E-05
 0.254283969319354E-05
 0.539654893440073E-06
 0.332723694725108E-07
 0.176779782824165E-13
 0.000000000000000E+00
 0.000000000000000E+00
 0.000000000000000E+00
 0.000000000000000E+00
 0.000000000000000E+00
 0.000000000000000E+00
 0.000000000000000E+00
 0.000000000000000E+00
 0.000000000000000E+00
 0.000000000000000E+00
 0.000000000000000E+00
 0.000000000000000E+00
 0.000000000000000E+00
 0.000000000000000E+00
 0.000000000000000E+00
 0.000000000000000E+00
 0.000000000000000E+00
 0.000000000000000E+00
 0.000000000000000E+00
 0.000000000000000E+00
 0.000000000000000E+00
 0.000000000000000E+00
 0.000000000000000E+00
 0.000000000000000E+00
 0.000000000000000E+00
 0.000000000000000E+00
 0.000000000000000E+00
 0.000000000000000E+00
 0.000000000000000E+00
 0.000000000000000E+00
 0.000000000000000E+00
 0.000000000000000E+00
 0.000000000000000E+00
 0.000000000000000E+00
 0.000000000000000E+00
 0.000000000000000E+00
 0.000000000000000E+00
 0.000000000000000E+00
 0.000000000000000E+00
 0.000000000000000E+00
 0.000000000000000E+00
 0.000000000000000E+00
 0.000000000000000E+00
 0.000000000000000E+00
 0.000000000000000E+00
 0.000000000000000E+00
 0.000000000000000E+00
 0.000000000000000E+00
 0.000000000000000E+00
 0.000000000000000E+00
 0.000000000000000E+00
 0.000000000000000E+00
 0.000000000000000E+00
 0.000000000000000E+00
 0.000000000000000E+00
 0.000000000000000E+00
 0.000000000000000E+00
 0.000000000000000E+00
 0.000000000000000E+00
 0.000000000000000E+00
 0.000000000000000E+00
 0.000000000000000E+00
 0.000000000000000E+00
 0.000000000000000E+00
 0.000000000000000E+00
 0.000000000000000E+00
 0.000000000000000E+00
 0.000000000000000E+00
 0.000000000000000E+00
 0.000000000000000E+00
 0.000000000000000E+00
 0.000000000000000E+00
 0.000000000000000E+00
 0.000000000000000E+00
 0.000000000000000E+00
 0.000000000000000E+00
 0.000000000000000E+00
 0.000000000000000E+00
 0.000000000000000E+00
 0.000000000000000E+00
 0.000000000000000E+00
 0.000000000000000E+00
 0.000000000000000E+00
 0.000000000000000E+00
 0.000000000000000E+00
 0.000000000000000E+00
 0.000000000000000E+00
 0.000000000000000E+00
 0.000000000000000E+00
 0.000000000000000E+00
 0.000000000000000E+00
 0.000000000000000E+00
 0.000000000000000E+00
 0.000000000000000E+00
 0.000000000000000E+00
 0.000000000000000E+00
 0.000000000000000E+00
 0.000000000000000E+00
 0.000000000000000E+00
 0.000000000000000E+00
 0.000000000000000E+00
 0.000000000000000E+00
 0.000000000000000E+00
 0.000000000000000E+00
 0.000000000000000E+00
 0.000000000000000E+00
 0.000000000000000E+00
 0.000000000000000E+00
 0.000000000000000E+00
 0.000000000000000E+00
 0.000000000000000E+00
 0.000000000000000E+00
 0.000000000000000E+00
 0.000000000000000E+00
 0.000000000000000E+00
 0.000000000000000E+00
 0.000000000000000E+00
 0.000000000000000E+00
 0.000000000000000E+00
 0.000000000000000E+00
 0.000000000000000E+00
 0.000000000000000E+00
 0.000000000000000E+00
 0.000000000000000E+00
 0.000000000000000E+00
 0.000000000000000E+00
 0.000000000000000E+00
 0.000000000000000E+00
 0.000000000000000E+00
 0.000000000000000E+00
 0.000000000000000E+00
 0.000000000000000E+00
 0.000000000000000E+00
 0.000000000000000E+00
 0.000000000000000E+00
 0.000000000000000E+00
 0.000000000000000E+00
 0.000000000000000E+00
 0.000000000000000E+00
 0.000000000000000E+00
 0.000000000000000E+00
 0.000000000000000E+00
 0.000000000000000E+00
 0.000000000000000E+00
 0.000000000000000E+00
 0.000000000000000E+00
 0.000000000000000E+00
 0.000000000000000E+00
 0.000000000000000E+00
 0.000000000000000E+00
 0.000000000000000E+00
 0.000000000000000E+00
 0.000000000000000E+00
 0.000000000000000E+00
 0.000000000000000E+00
 0.000000000000000E+00
 0.000000000000000E+00
 0.000000000000000E+00
 0.000000000000000E+00
 0.000000000000000E+00
 0.000000000000000E+00
 0.000000000000000E+00
 0.000000000000000E+00
 0.000000000000000E+00
 0.000000000000000E+00
 0.000000000000000E+00
 0.000000000000000E+00
 0.000000000000000E+00
 0.000000000000000E+00
 0.000000000000000E+00
 0.000000000000000E+00
 0.000000000000000E+00
 0.000000000000000E+00
 0.000000000000000E+00
 0.000000000000000E+00
 0.000000000000000E+00
 0.000000000000000E+00
 0.000000000000000E+00
 0.000000000000000E+00
 0.000000000000000E+00
 0.000000000000000E+00
 0.000000000000000E+00
 0.000000000000000E+00
 0.000000000000000E+00
 0.000000000000000E+00
 0.000000000000000E+00
 0.000000000000000E+00
 0.000000000000000E+00
 0.000000000000000E+00
 0.000000000000000E+00
 0.000000000000000E+00
 0.000000000000000E+00
 0.000000000000000E+00
 0.000000000000000E+00
 0.000000000000000E+00
 0.000000000000000E+00
 0.000000000000000E+00
 0.000000000000000E+00
 0.000000000000000E+00
 0.000000000000000E+00
 0.000000000000000E+00
 0.000000000000000E+00
 0.000000000000000E+00
 0.000000000000000E+00
 0.000000000000000E+00
 0.000000000000000E+00
 0.000000000000000E+00
 0.000000000000000E+00
 0.000000000000000E+00
 0.000000000000000E+00
 0.000000000000000E+00
 0.000000000000000E+00
 0.000000000000000E+00
 0.000000000000000E+00
 0.000000000000000E+00
 0.000000000000000E+00
 0.000000000000000E+00
 0.000000000000000E+00
 0.000000000000000E+00
 0.000000000000000E+00
 0.000000000000000E+00
 0.000000000000000E+00
 0.000000000000000E+00
 0.000000000000000E+00
 0.000000000000000E+00
 0.000000000000000E+00
 0.000000000000000E+00
 0.000000000000000E+00
 0.000000000000000E+00
 0.000000000000000E+00
 0.000000000000000E+00
 0.000000000000000E+00
 0.000000000000000E+00
 0.000000000000000E+00
 0.000000000000000E+00
 0.000000000000000E+00
 0.000000000000000E+00
 0.000000000000000E+00
 0.000000000000000E+00
 0.000000000000000E+00
 0.000000000000000E+00
 0.000000000000000E+00
 0.000000000000000E+00
 0.000000000000000E+00
 0.000000000000000E+00
 0.000000000000000E+00
 0.000000000000000E+00
 0.000000000000000E+00
 0.000000000000000E+00
 0.000000000000000E+00
 0.000000000000000E+00
 0.000000000000000E+00
 0.000000000000000E+00
 0.000000000000000E+00
 0.000000000000000E+00
 0.000000000000000E+00
 0.000000000000000E+00
 0.000000000000000E+00
 0.000000000000000E+00
 0.000000000000000E+00
 0.000000000000000E+00
 0.000000000000000E+00
 0.000000000000000E+00
 0.000000000000000E+00
 0.000000000000000E+00
 0.000000000000000E+00
 0.000000000000000E+00
 0.000000000000000E+00
 0.000000000000000E+00
 0.000000000000000E+00
 0.000000000000000E+00
 0.000000000000000E+00
 0.000000000000000E+00
 0.000000000000000E+00
 0.000000000000000E+00
 0.000000000000000E+00
 0.000000000000000E+00
 0.000000000000000E+00
 0.000000000000000E+00
 0.000000000000000E+00
 0.000000000000000E+00
 0.000000000000000E+00
 0.000000000000000E+00
 0.000000000000000E+00
 0.000000000000000E+00
 0.000000000000000E+00
 0.000000000000000E+00
 0.000000000000000E+00
 0.000000000000000E+00
 0.000000000000000E+00
 0.000000000000000E+00
 0.000000000000000E+00
 0.000000000000000E+00
 0.000000000000000E+00
 0.000000000000000E+00
 0.000000000000000E+00
 0.000000000000000E+00
 0.000000000000000E+00
 0.000000000000000E+00
 0.000000000000000E+00
 0.000000000000000E+00
 0.000000000000000E+00
 0.000000000000000E+00
 0.000000000000000E+00
 0.000000000000000E+00
 0.000000000000000E+00
 0.000000000000000E+00
 0.000000000000000E+00
 0.000000000000000E+00
 0.000000000000000E+00
 0.000000000000000E+00
 0.000000000000000E+00
 0.000000000000000E+00
 0.000000000000000E+00
 0.000000000000000E+00
 0.000000000000000E+00
 0.000000000000000E+00
 0.000000000000000E+00
 0.000000000000000E+00
 0.000000000000000E+00
 0.000000000000000E+00
 0.000000000000000E+00
 0.000000000000000E+00
 0.000000000000000E+00
 0.000000000000000E+00
 0.000000000000000E+00
 0.000000000000000E+00
 0.000000000000000E+00
 0.000000000000000E+00
 0.000000000000000E+00
 0.000000000000000E+00
 0.000000000000000E+00
 0.000000000000000E+00
 0.000000000000000E+00
 0.000000000000000E+00
 0.000000000000000E+00
 0.000000000000000E+00
 0.000000000000000E+00
 0.000000000000000E+00
 0.000000000000000E+00
 0.000000000000000E+00
 0.000000000000000E+00
 0.000000000000000E+00
 0.000000000000000E+00
 0.000000000000000E+00
 0.000000000000000E+00
 0.000000000000000E+00
