 0.995140825314446E-07
 0.149816795512726E-05
 0.651609777274168E-05
 0.175917479005894E-04
 0.371485327935223E-04
 0.675589618136030E-04
 0.111108986753859E-03
 0.169963067983306E-03
 0.246130409285993E-03
 0.341432798309922E-03
 0.457474450555631E-03
 0.595614246514900E-03
 0.756940741856631E-03
 0.942250331137906E-03
 0.115202890804633E-02
 0.138643730525046E-02
 0.164530070655520E-02
 0.192810210234031E-02
 0.223397977650269E-02
 0.256172874926932E-02
 0.290980609773668E-02
 0.327634008524807E-02
 0.365914308264374E-02
 0.405572827007441E-02
 0.446333010035991E-02
 0.487892845377182E-02
 0.529927632603264E-02
 0.572093075286212E-02
 0.614028652153089E-02
 0.655361207323488E-02
 0.695708695503231E-02
 0.734684022772970E-02
 0.771898942660393E-02
 0.806967986073162E-02
 0.839512418111466E-02
 0.869164217868734E-02
 0.895570067158789E-02
 0.918395316231404E-02
 0.937327871752838E-02
 0.952081932343431E-02
 0.962401486950826E-02
 0.968063498966270E-02
 0.968880724219437E-02
 0.964704147522731E-02
 0.955425056404625E-02
 0.940976790709823E-02
 0.921336205873331E-02
 0.896524867073351E-02
 0.866609957648796E-02
 0.831704849901060E-02
 0.791969262040422E-02
 0.747608923221510E-02
 0.698874693088514E-02
 0.646061130317134E-02
 0.589504563121213E-02
 0.529580766496664E-02
 0.466702375072649E-02
 0.454236624919200E-02
 0.473626741059240E-02
 0.493419250070713E-02
 0.512690122195341E-02
 0.532658296473461E-02
 0.552589221251758E-02
 0.571869727482001E-02
 0.592555774688124E-02
 0.612166121922001E-02
 0.656851672327035E-02
 0.701516566037275E-02
 0.745736329612750E-02
 0.789121579240078E-02
 0.831261922535691E-02
 0.871728110396344E-02
 0.910073542987711E-02
 0.945835417669569E-02
 0.978536117888514E-02
 0.100768549713864E-01
 0.114217572694534E-01
 0.128280957552460E-01
 0.142828346695307E-01
 0.157802109404772E-01
 0.173139319957690E-01
 0.188771957413226E-01
 0.204626918648946E-01
 0.220625905378127E-01
 0.236685314185149E-01
 0.252716289954073E-01
 0.268625076785475E-01
 0.284313716824810E-01
 0.299681034333117E-01
 0.314623746619456E-01
 0.329037507710761E-01
 0.342817729683675E-01
 0.355860119682146E-01
 0.368060974934253E-01
 0.379317353209336E-01
 0.389527262933813E-01
 0.398589999868739E-01
 0.406406712682041E-01
 0.412881224595466E-01
 0.417921083227240E-01
 0.421438762071143E-01
 0.423352900604849E-01
 0.423871151360132E-01
 0.424327549889245E-01
 0.424616327306454E-01
 0.424973401735522E-01
 0.425244466095407E-01
 0.425450343164034E-01
 0.425598366662390E-01
 0.425685632532714E-01
 0.425663874914437E-01
 0.425481908996973E-01
 0.425527033528896E-01
 0.425563084245367E-01
 0.425338830465641E-01
 0.434832588018585E-01
 0.451776617673650E-01
 0.468419741803982E-01
 0.484743271719844E-01
 0.500731563297487E-01
 0.516371943971311E-01
 0.531654559053595E-01
 0.546572153051251E-01
 0.561119809472960E-01
 0.575294672294743E-01
 0.589095667288191E-01
 0.602523236065511E-01
 0.615579092072295E-01
 0.628266004809863E-01
 0.640587613627083E-01
 0.652548264261496E-01
 0.664152852143998E-01
 0.675406651089224E-01
 0.686315108259539E-01
 0.696883596034222E-01
 0.707117124287438E-01
 0.717020027196314E-01
 0.726595644262117E-01
 0.735846016562085E-01
 0.744771618723077E-01
 0.753371145816705E-01
 0.761641371140460E-01
 0.769577083659093E-01
 0.777171102095988E-01
 0.784414348191223E-01
 0.791295948683820E-01
 0.797803329287701E-01
 0.803922268611136E-01
 0.809636896715267E-01
 0.814929647991440E-01
 0.819781202745322E-01
 0.824170466393191E-01
 0.828074633011167E-01
 0.831469361498518E-01
 0.834329064667850E-01
 0.836627283977140E-01
 0.838337104003851E-01
 0.839431556169061E-01
 0.839883971453644E-01
 0.839668263640749E-01
 0.838759150999373E-01
 0.837132346174655E-01
 0.834764753291764E-01
 0.831634704692089E-01
 0.827722250792974E-01
 0.823009493840898E-01
 0.817480939100809E-01
 0.811123831051179E-01
 0.803928447842696E-01
 0.795888340603537E-01
 0.787000519163987E-01
 0.777265596923933E-01
 0.766687911540262E-01
 0.755275634386980E-01
 0.743040872647260E-01
 0.729999757568929E-01
 0.716172505222929E-01
 0.701583434970876E-01
 0.686260936084566E-01
 0.670237382130722E-01
 0.669387554457208E-01
 0.673275152676966E-01
 0.675298921112160E-01
 0.675500609542999E-01
 0.673933119457467E-01
 0.670659789319461E-01
 0.665753024700474E-01
 0.659292636159034E-01
 0.651368747050288E-01
 0.642399159778096E-01
 0.633287758365677E-01
 0.624241835069337E-01
 0.615334040756814E-01
 0.606483195347859E-01
 0.597882696040348E-01
 0.589403004881615E-01
 0.581002713704186E-01
 0.572694165807366E-01
 0.564484106826844E-01
 0.556401345382173E-01
 0.548479204523938E-01
 0.540852078597372E-01
 0.533313720105121E-01
 0.526733268294973E-01
 0.539160667075780E-01
 0.551435961576750E-01
 0.563397090991386E-01
 0.574881471792652E-01
 0.585726472982426E-01
 0.595769317728462E-01
 0.604846788006502E-01
 0.612795260149371E-01
 0.619451527871390E-01
 0.624654584854996E-01
 0.628248150713059E-01
 0.630083392051816E-01
 0.630021155030603E-01
 0.627933150779861E-01
 0.623701882247786E-01
 0.617219544650320E-01
 0.608386503935742E-01
 0.597110111886804E-01
 0.583304485416752E-01
 0.566945189198359E-01
 0.550213930658768E-01
 0.534155544377168E-01
 0.518739526331206E-01
 0.503981668167168E-01
 0.489817232075134E-01
 0.476179008143696E-01
 0.463041033848752E-01
 0.450426255975434E-01
 0.438344534836893E-01
 0.426722960643868E-01
 0.415500282143395E-01
 0.404685032899675E-01
 0.394317551993846E-01
 0.384430796586729E-01
 0.374845869513908E-01
 0.365671604605006E-01
 0.356826927072527E-01
 0.348270047536433E-01
 0.349915999679209E-01
 0.354388032867670E-01
 0.381102971341125E-01
 0.448466841289691E-01
 0.516710089666163E-01
 0.585619293326177E-01
 0.654976259311683E-01
 0.724560757688172E-01
 0.794152346820589E-01
 0.863530949761788E-01
 0.932476268395710E-01
 0.100076651037512E+00
 0.106817710550449E+00
 0.113448004175620E+00
 0.119944420170790E+00
 0.126283674503919E+00
 0.132442528733724E+00
 0.138398045112447E+00
 0.144127833347946E+00
 0.149610252499102E+00
 0.154824548725372E+00
 0.159750930222584E+00
 0.164370598895791E+00
 0.168665768131366E+00
 0.172619693525081E+00
 0.176216729622607E+00
 0.179442407300625E+00
 0.182283512825990E+00
 0.184728148007566E+00
 0.186765761810542E+00
 0.188387160948020E+00
 0.189584520445130E+00
 0.190351417040233E+00
 0.190682896695494E+00
 0.190575567635932E+00
 0.190027691951435E+00
 0.189039241485500E+00
 0.187611892330697E+00
 0.185748954244145E+00
 0.183455257553717E+00
 0.180737038732435E+00
 0.177601867464209E+00
 0.174058640563092E+00
 0.170117638133660E+00
 0.165790875468179E+00
 0.161420698328644E+00
 0.157236946118606E+00
 0.153228825844007E+00
 0.149373193651740E+00
 0.145668926778171E+00
 0.142120834395603E+00
 0.138704990129658E+00
 0.135423693282376E+00
 0.132267229676770E+00
 0.129232760935416E+00
 0.126302244835362E+00
 0.123477484322527E+00
 0.120749266745942E+00
 0.118122141419246E+00
 0.119596688483060E+00
 0.120862072411319E+00
 0.121854840634984E+00
 0.122570010774228E+00
 0.123003750534844E+00
 0.123153239146332E+00
 0.123016517762551E+00
 0.122592378312425E+00
 0.121880332027892E+00
 0.120880675491158E+00
 0.119594637344172E+00
 0.118024556373319E+00
 0.116174028228574E+00
 0.114078465550930E+00
 0.111996662289206E+00
 0.109986662327497E+00
 0.108040638087285E+00
 0.106128305392661E+00
 0.104266435599052E+00
 0.102473780688876E+00
 0.100723384085029E+00
 0.990078891133039E-01
 0.973303786118044E-01
 0.956829770340446E-01
 0.941162612870750E-01
 0.925808377438672E-01
 0.910756781711776E-01
 0.895867130153882E-01
 0.901203703158265E-01
 0.911748323685687E-01
 0.918629426456992E-01
 0.921906297865682E-01
 0.921649005913810E-01
 0.917940711878873E-01
 0.910880313966919E-01
 0.900584508122228E-01
 0.887188516258025E-01
 0.870845122085228E-01
 0.852474451084412E-01
 0.834544337510839E-01
 0.817178786696190E-01
 0.800382081390237E-01
 0.784048239615265E-01
 0.768241028954904E-01
 0.752868230308347E-01
 0.737906686493875E-01
 0.723380021280076E-01
 0.709286954672095E-01
 0.695629538554507E-01
 0.682461334046632E-01
 0.669620598121244E-01
 0.657153018068577E-01
 0.645010796185720E-01
 0.633203401397780E-01
 0.621750585498464E-01
 0.610622945965660E-01
 0.612228058733040E-01
 0.626744438009710E-01
 0.638721783765435E-01
 0.648167749242511E-01
 0.655099853348805E-01
 0.659545727853512E-01
 0.661543328529701E-01
 0.661141025070981E-01
 0.658397546754140E-01
 0.653381780278376E-01
 0.646172413255780E-01
 0.636867690800076E-01
 0.626922086761880E-01
 0.617093527921017E-01
 0.607531572723463E-01
 0.598006050280818E-01
 0.588950277785370E-01
 0.579975723850713E-01
 0.571178383310046E-01
 0.562570811582224E-01
 0.554113304533166E-01
 0.545795937215602E-01
 0.537556729987143E-01
 0.529524884823569E-01
 0.521946729923216E-01
 0.514349596745244E-01
 0.506821242308416E-01
 0.499298057249891E-01
 0.492540350186326E-01
 0.485648908395794E-01
 0.478471250472138E-01
 0.472154585476545E-01
 0.478354146629868E-01
 0.525485680720375E-01
 0.573707139522422E-01
 0.622797664491281E-01
 0.672529081661982E-01
 0.722668282505922E-01
 0.772979629230071E-01
 0.823226882708319E-01
 0.873174345648980E-01
 0.922587240480168E-01
 0.971231640041338E-01
 0.101887439450284E+00
 0.106528340511997E+00
 0.111022835946613E+00
 0.115348180554187E+00
 0.119482032719704E+00
 0.123402563238838E+00
 0.127088552716906E+00
 0.130519491336772E+00
 0.133675701182471E+00
 0.136538492940878E+00
 0.139090349257979E+00
 0.141315106181493E+00
 0.143198092970127E+00
 0.144726195659758E+00
 0.145887830484101E+00
 0.146672842531793E+00
 0.147072372575555E+00
 0.147078750483264E+00
 0.146685469478448E+00
 0.145887270009562E+00
 0.144680321699572E+00
 0.143062451425728E+00
 0.141033342554397E+00
 0.138594636489590E+00
 0.135749901954451E+00
 0.132504485622452E+00
 0.128927143893166E+00
 0.125423059830954E+00
 0.122052178524862E+00
 0.118825211000343E+00
 0.115726245512365E+00
 0.112764269112812E+00
 0.109909019612755E+00
 0.107170738126706E+00
 0.104544595348065E+00
 0.102017123248801E+00
 0.995847673302179E-01
 0.972273274046230E-01
 0.949728806785236E-01
 0.927905825611720E-01
 0.906869017699368E-01
 0.886663498359079E-01
 0.878717027639036E-01
 0.891239676731267E-01
 0.901478887501138E-01
 0.909354623854231E-01
 0.914795742467680E-01
 0.917739418379509E-01
 0.918131012714768E-01
 0.915924531441353E-01
 0.911083537126511E-01
 0.903582176067214E-01
 0.893405953261586E-01
 0.880552002145016E-01
 0.865028783195150E-01
 0.848643901654974E-01
 0.832914583232553E-01
 0.890844933227444E-01
 0.956110228497942E-01
 0.101861959669228E+00
 0.107820578742846E+00
 0.113470948759680E+00
 0.118798027043176E+00
 0.123787880845491E+00
 0.128427984943635E+00
 0.132707511502115E+00
 0.136617523674385E+00
 0.140151012987201E+00
 0.143302772768955E+00
 0.146069156453819E+00
 0.148447809051628E+00
 0.150437467481483E+00
 0.152037898142554E+00
 0.153249988223624E+00
 0.154075949773267E+00
 0.154519553267481E+00
 0.154586295642572E+00
 0.154283430821827E+00
 0.153619840239247E+00
 0.152605778612221E+00
 0.151252575085201E+00
 0.149572385348549E+00
 0.147578070256621E+00
 0.145283227169936E+00
 0.142702339067784E+00
 0.139850956727921E+00
 0.136745812087817E+00
 0.133405202248165E+00
 0.130073741805438E+00
 0.126895102343556E+00
 0.123835261345471E+00
 0.120912140131849E+00
 0.118094779781265E+00
 0.115379422110071E+00
 0.112768155165365E+00
 0.110255565098266E+00
 0.107828468299452E+00
 0.105480072886915E+00
 0.103223193284984E+00
 0.101049677904628E+00
 0.989491079254569E-01
 0.100023902890729E+00
 0.101263804909413E+00
 0.102243276752486E+00
 0.102962445918532E+00
 0.103422491767619E+00
 0.103625797958534E+00
 0.103576036923990E+00
 0.103278151633404E+00
 0.102738219963303E+00
 0.101963221215998E+00
 0.100960767459291E+00
 0.997388915724242E-01
 0.983059724538924E-01
 0.966739647808795E-01
 0.950032760827765E-01
 0.933713628690834E-01
 0.917696666189163E-01
 0.902256985700637E-01
 0.887108562323162E-01
 0.872299747863048E-01
 0.857887247289430E-01
 0.843843154286580E-01
 0.830210566430997E-01
 0.816904256579389E-01
 0.803907797021906E-01
 0.791211264837956E-01
 0.778670022555377E-01
 0.766222569110723E-01
 0.754637292223986E-01
 0.743171151176168E-01
 0.731724308270175E-01
 0.720558535408417E-01
 0.710072087058892E-01
 0.699443303194340E-01
 0.688970312982892E-01
 0.677084609773655E-01
 0.663856351138421E-01
 0.649359708602956E-01
 0.633672426351826E-01
 0.616875485440686E-01
 0.599052878901473E-01
 0.580291445009238E-01
 0.560680692694846E-01
 0.540312586446268E-01
 0.519281293361076E-01
 0.497682880097362E-01
 0.476408600902479E-01
 0.456107131824937E-01
 0.435399315680318E-01
 0.414376286695558E-01
 0.393129413431856E-01
 0.371749247445212E-01
 0.350324452152991E-01
 0.328940960494508E-01
 0.307681508456582E-01
 0.286625537083242E-01
 0.265849334257551E-01
 0.245426241695013E-01
 0.225426768429384E-01
 0.205918501796631E-01
 0.186965781693147E-01
 0.168629197454305E-01
 0.150965044503716E-01
 0.134024889830293E-01
 0.117855328288777E-01
 0.143798311362416E-01
 0.179673632553468E-01
 0.217193651848484E-01
 0.256249926458521E-01
 0.296725363737001E-01
 0.338493133979575E-01
 0.381414865889494E-01
 0.425339164727883E-01
 0.470101410413737E-01
 0.515525281912426E-01
 0.561425746227768E-01
 0.607612664711378E-01
 0.653893960190962E-01
 0.700077523234981E-01
 0.745971574861316E-01
 0.791383786647454E-01
 0.836119848169348E-01
 0.879982253679752E-01
 0.922769889881965E-01
 0.964278670660190E-01
 0.100430312224124E+00
 0.104263857608647E+00
 0.107908352887032E+00
 0.111344178319344E+00
 0.114552414728175E+00
 0.117514966672550E+00
 0.120214649601330E+00
 0.122635254016764E+00
 0.124761591868128E+00
 0.126579520078102E+00
 0.128075932761103E+00
 0.129238722645233E+00
 0.130056730719882E+00
 0.130519721088612E+00
 0.130618423002086E+00
 0.130344666360670E+00
 0.129691602933729E+00
 0.128653966077694E+00
 0.127228295137224E+00
 0.125413051683831E+00
 0.123208586460887E+00
 0.120616967643078E+00
 0.117651209455915E+00
 0.114617152158707E+00
 0.111705140927713E+00
 0.108897252826508E+00
 0.106213262355091E+00
 0.103618596817800E+00
 0.101119613256175E+00
 0.987150272313516E-01
 0.964043832347996E-01
 0.941821260642955E-01
 0.920411972031839E-01
 0.899660729613593E-01
 0.879692463551731E-01
 0.860454902934624E-01
 0.841770422787297E-01
 0.823859864664088E-01
 0.806463296342118E-01
 0.806817178551985E-01
 0.818630021904148E-01
 0.828376114304948E-01
 0.835970370139765E-01
 0.841336035264579E-01
 0.844405022064664E-01
 0.845117814657856E-01
 0.843423235801385E-01
 0.839278377798788E-01
 0.832648890114310E-01
 0.823509646975499E-01
 0.811845623897196E-01
 0.797816434613530E-01
 0.801571477902870E-01
 0.867468091261851E-01
 0.930691905404762E-01
 0.991019418861728E-01
 0.104823603436569E+00
 0.110213575026651E+00
 0.115252174876015E+00
 0.119920802185157E+00
 0.124202167342123E+00
 0.128080521840599E+00
 0.131541820127632E+00
 0.134573775300959E+00
 0.137165814761806E+00
 0.139308980661857E+00
 0.140995837398957E+00
 0.142220438795675E+00
 0.142978376656477E+00
 0.143266893979758E+00
 0.143085016098721E+00
 0.142433643197543E+00
 0.141315561489779E+00
 0.139735362136447E+00
 0.137699294017948E+00
 0.135215103717344E+00
 0.132291921924460E+00
 0.129055015115721E+00
 0.125897726155250E+00
 0.122856908291487E+00
 0.119928606343291E+00
 0.117112019832079E+00
 0.114398082021150E+00
 0.111775073646173E+00
 0.109241894437833E+00
 0.106807493955795E+00
 0.104451850851762E+00
 0.102181495803659E+00
 0.999799870245109E-01
 0.978513143756627E-01
 0.957917714754222E-01
 0.938092787635165E-01
 0.918768169853423E-01
 0.900198632924867E-01
 0.892137557101817E-01
 0.909425720434095E-01
 0.923766004223270E-01
 0.935108952406269E-01
 0.943414514434331E-01
 0.948651691566532E-01
 0.950798802185398E-01
 0.949844327197688E-01
 0.945788028362878E-01
 0.938641918006904E-01
 0.928430755494286E-01
 0.915191981367391E-01
 0.899437478118665E-01
 0.883716040463322E-01
 0.868416184676748E-01
 0.853655096351021E-01
 0.863496515560984E-01
 0.911842616114084E-01
 0.956679560473289E-01
 0.997880740186959E-01
 0.103533664502474E+00
 0.106895419282932E+00
 0.109865557343108E+00
 0.112437720499272E+00
 0.114606936712884E+00
 0.116369681666407E+00
 0.117724028240953E+00
 0.118669833289468E+00
 0.119208889755184E+00
 0.119344980918493E+00
 0.119083809415326E+00
 0.118432820015598E+00
 0.117400970303972E+00
 0.115998512528012E+00
 0.114236832620063E+00
 0.112128361587123E+00
 0.109686547175989E+00
 0.106998429126009E+00
 0.104368768678029E+00
 0.101846763480832E+00
 0.994098179212005E-01
 0.970718178766362E-01
 0.948098363126190E-01
 0.926403973300576E-01
 0.905428891780146E-01
 0.885172615464601E-01
 0.865698596366301E-01
 0.846752667844182E-01
 0.828531409426826E-01
 0.811005237502833E-01
 0.793997269000064E-01
 0.777387970821827E-01
 0.761538435648810E-01
 0.746167670399851E-01
 0.746942732542188E-01
 0.761579343451568E-01
 0.773500239381356E-01
 0.782693751379858E-01
 0.789159525939329E-01
 0.792908270800664E-01
 0.793961598034622E-01
 0.792351954257135E-01
 0.788122552124839E-01
 0.781327181019533E-01
 0.772029805761484E-01
 0.760303959438382E-01
 0.747018661726136E-01
 0.734161556694620E-01
 0.721544149963690E-01
 0.709154355036272E-01
 0.696906173961440E-01
 0.685254341441518E-01
 0.673846180373855E-01
 0.662646445207260E-01
 0.651634478069163E-01
 0.640862506783576E-01
 0.630267288447473E-01
 0.620238051552065E-01
 0.610408574080269E-01
 0.600670281580939E-01
 0.590969180409013E-01
 0.581669053775527E-01
 0.572972739760168E-01
 0.564131349598688E-01
 0.555138415958040E-01
 0.547223056739001E-01
 0.539020519949633E-01
 0.530690886499263E-01
 0.520713640242089E-01
 0.509149997167138E-01
 0.496067798864604E-01
 0.481541928041520E-01
 0.465654303459412E-01
 0.448493211846801E-01
 0.430151971045275E-01
 0.411633268917047E-01
 0.394196490961873E-01
 0.375781196177134E-01
 0.356475461440329E-01
 0.336370789637587E-01
 0.315561928056740E-01
 0.294146197665764E-01
 0.272222532997604E-01
 0.252307572970298E-01
 0.261278138176430E-01
 0.268298792949213E-01
 0.273372541141218E-01
 0.276513935327632E-01
 0.282325912831679E-01
 0.295007901149041E-01
 0.305328084627628E-01
 0.313188137283781E-01
 0.318506077737169E-01
 0.321214468671576E-01
 0.321258184105069E-01
 0.318592303265997E-01
 0.313180642691055E-01
 0.305391118880258E-01
 0.297489786943998E-01
 0.289846070366939E-01
 0.282529840372193E-01
 0.275481831934531E-01
 0.268661636774041E-01
 0.262070997017215E-01
 0.255658381100647E-01
 0.249534339193001E-01
 0.243558930546776E-01
 0.237783103674699E-01
 0.232238400395661E-01
 0.226895572520061E-01
 0.221769307264019E-01
 0.216766930132296E-01
 0.211980865288414E-01
 0.207364573611075E-01
 0.224027948578940E-01
 0.272295320761442E-01
 0.321473448936734E-01
 0.371369462286643E-01
 0.421787362157348E-01
 0.472526731754330E-01
 0.523381733765965E-01
 0.574141221262659E-01
 0.624590266427673E-01
 0.674512796485809E-01
 0.723694603873417E-01
 0.771925931836203E-01
 0.819003105735682E-01
 0.864729116163066E-01
 0.908913451612924E-01
 0.951371678249807E-01
 0.991925240106839E-01
 0.103040177096014E+00
 0.106663597270856E+00
 0.110047090800630E+00
 0.113175941903997E+00
 0.116036533265950E+00
 0.118616415024792E+00
 0.120904305273818E+00
 0.122890026470935E+00
 0.124564406925182E+00
 0.125919196312026E+00
 0.126947049293972E+00
 0.127641615332625E+00
 0.127997736993443E+00
 0.128011714652486E+00
 0.127681560902657E+00
 0.127007160956191E+00
 0.125990283351137E+00
 0.124634438981423E+00
 0.122944642297067E+00
 0.120927160086994E+00
 0.118589325955735E+00
 0.115939458192833E+00
 0.112986868046107E+00
 0.109968768456902E+00
 0.107077534200315E+00
 0.104305086221604E+00
 0.101650512435575E+00
 0.991106086290608E-01
 0.966629288722840E-01
 0.943106092418288E-01
 0.920443711002099E-01
 0.898687380455210E-01
 0.877828787015016E-01
 0.857757275008823E-01
 0.838225468247409E-01
 0.819484587899665E-01
 0.801314389990228E-01
 0.783745430872656E-01
 0.782405427012940E-01
 0.793356967688295E-01
 0.802210314039354E-01
 0.808914991093279E-01
 0.813427905137423E-01
 0.815715103465591E-01
 0.815753543672594E-01
 0.813532227370038E-01
 0.809052294797510E-01
 0.802326055413909E-01
 0.793375305956133E-01
 0.782229525503519E-01
 0.768943460353018E-01
 0.754692490373001E-01
 0.740846610120326E-01
 0.727568788711795E-01
 0.714513761474133E-01
 0.701954110331933E-01
 0.689647176011497E-01
 0.677653479582675E-01
 0.665963292323777E-01
 0.654490251652554E-01
 0.643314736437742E-01
 0.632488500466078E-01
 0.635143521462666E-01
 0.647746659036950E-01
 0.657633554826416E-01
 0.664830607619496E-01
 0.669378486427381E-01
 0.671334877520869E-01
 0.670775965695712E-01
 0.667796092407183E-01
 0.662505604765161E-01
 0.655027502637119E-01
 0.645493868362571E-01
 0.634043068916676E-01
 0.620892183155157E-01
 0.607551324466757E-01
 0.594633475765124E-01
 0.582202152365318E-01
 0.570138292809551E-01
 0.558507550659825E-01
 0.547240930718421E-01
 0.536262287914034E-01
 0.525663221761173E-01
 0.515482137432797E-01
 0.505532360694516E-01
 0.495809014296175E-01
 0.486435790615375E-01
 0.477469695506422E-01
 0.468676282517839E-01
 0.460058026174394E-01
 0.451731540112553E-01
 0.443536208939297E-01
 0.447853425923961E-01
 0.457983166238072E-01
 0.466245508183316E-01
 0.472654609843089E-01
 0.477235159394369E-01
 0.480022241234418E-01
 0.481060449602840E-01
 0.480402411168910E-01
 0.478107171070807E-01
 0.474239007755399E-01
 0.468867112097500E-01
 0.462087630899903E-01
 0.454695628172276E-01
 0.447678284780028E-01
 0.440732051027873E-01
 0.433981512725801E-01
 0.427390399102284E-01
 0.420869298215088E-01
 0.414486405816486E-01
 0.408227810885093E-01
 0.425053026966083E-01
 0.457742257756747E-01
 0.492472137654177E-01
 0.529122410191720E-01
 0.567563525217417E-01
 0.607655670777797E-01
 0.649247292426632E-01
 0.692173527898932E-01
 0.736255180466698E-01
 0.781298831561191E-01
 0.827098391040576E-01
 0.873437898330606E-01
 0.920094935968362E-01
 0.966843814564267E-01
 0.101345782597525E+00
 0.105971025996647E+00
 0.110537434491285E+00
 0.115022260970396E+00
 0.119402626777688E+00
 0.123655510582390E+00
 0.127757810609060E+00
 0.131686474837085E+00
 0.135418671446311E+00
 0.138931961494617E+00
 0.142204440578006E+00
 0.145214834784389E+00
 0.147942561759043E+00
 0.150367788640233E+00
 0.152471523416125E+00
 0.154235759915507E+00
 0.155643665350197E+00
 0.156679768902803E+00
 0.157330097772335E+00
 0.157582222151188E+00
 0.157425206858417E+00
 0.156849506727553E+00
 0.155846865366703E+00
 0.154410272103634E+00
 0.152534004126120E+00
 0.150213745299635E+00
 0.147446746413511E+00
 0.144231982752659E+00
 0.140570272968348E+00
 0.136664629903006E+00
 0.132923118576274E+00
 0.129334743674835E+00
 0.125899630338226E+00
 0.122610823740983E+00
 0.119441649335220E+00
 0.116408869158970E+00
 0.113491322867462E+00
 0.110683651151306E+00
 0.107980663948515E+00
 0.105386177472589E+00
 0.102890247378071E+00
 0.100481464050808E+00
 0.981648448994058E-01
 0.959346563467443E-01
 0.937778575278692E-01
 0.941142248621831E-01
 0.952794378940646E-01
 0.962180113553329E-01
 0.969196571415268E-01
 0.973750830451230E-01
 0.975759820434800E-01
 0.975149343766702E-01
 0.971852806517855E-01
 0.965810441117530E-01
 0.956969594654990E-01
 0.945286155966636E-01
 0.930726665570216E-01
 0.991349719718095E-01
 0.108498016880446E+00
 0.117651937825095E+00
 0.126569265949062E+00
 0.135223211566037E+00
 0.143587920566799E+00
 0.151638684218823E+00
 0.159352078180663E+00
 0.166706027719133E+00
 0.173679815658746E+00
 0.180254062595584E+00
 0.186410711420130E+00
 0.192133039509568E+00
 0.197405706316678E+00
 0.202214829298925E+00
 0.206548073991074E+00
 0.210394745731337E+00
 0.213745875978836E+00
 0.216594298084605E+00
 0.218934702690608E+00
 0.220763655901526E+00
 0.222079562963809E+00
 0.222882572986362E+00
 0.223174444145889E+00
 0.222958412443113E+00
 0.222239115868031E+00
 0.221022611199985E+00
 0.219316486002898E+00
 0.217130027983382E+00
 0.214474385530802E+00
 0.211362649161232E+00
 0.207809805137452E+00
 0.203832551120626E+00
 0.199449005730019E+00
 0.194678376226583E+00
 0.189664098739594E+00
 0.184841478079584E+00
 0.180214718888593E+00
 0.175782764188902E+00
 0.171532155818831E+00
 0.167441701061937E+00
 0.163506329064055E+00
 0.159719204530684E+00
 0.156073252931685E+00
 0.152567882080448E+00
 0.149183478779441E+00
 0.145912755955558E+00
 0.142764743300033E+00
 0.141359315449186E+00
 0.143126453633372E+00
 0.144558107336776E+00
 0.145651511107347E+00
 0.146405259547732E+00
 0.146819315852867E+00
 0.146894909258079E+00
 0.146634368635715E+00
 0.146040962891931E+00
 0.145118809395638E+00
 0.143872878033189E+00
 0.142309078347818E+00
 0.140434387440174E+00
 0.138256966257012E+00
 0.135826060174502E+00
 0.133409311790231E+00
 0.131059359287890E+00
 0.128793066802036E+00
 0.126561790482057E+00
 0.124382780853290E+00
 0.122278025309399E+00
 0.120226407494196E+00
 0.118223326426748E+00
 0.116261297273333E+00
 0.114337196272270E+00
 0.112486725613353E+00
 0.110699197483384E+00
 0.108941066976394E+00
 0.107204550721671E+00
 0.105470289255659E+00
 0.103859663472904E+00
 0.102270947340017E+00
 0.100679462359652E+00
 0.991499721018938E-01
 0.976935574406102E-01
 0.961123757902881E-01
 0.943278705769751E-01
 0.923476505801759E-01
 0.901799179877763E-01
 0.878333613322440E-01
 0.853170722089545E-01
 0.826405041750343E-01
 0.798134781971641E-01
 0.768462215926739E-01
 0.737494128606808E-01
 0.705342002981709E-01
 0.675710501116494E-01
 0.645353072615427E-01
 0.614037281011084E-01
 0.581876011844278E-01
 0.548984970951605E-01
 0.515481682468817E-01
 0.481484178904922E-01
 0.448914854127428E-01
 0.441371335978386E-01
 0.434007981875887E-01
 0.426853712325101E-01
 0.419880276120796E-01
 0.414316706310550E-01
 0.426508988966251E-01
 0.436655553816457E-01
 0.444800308363091E-01
 0.450993513536494E-01
 0.455293219199128E-01
 0.457766908712385E-01
 0.458492815759211E-01
 0.457560389745388E-01
 0.455069563917354E-01
 0.451128800896691E-01
 0.445867914035424E-01
 0.439556806826384E-01
 0.433147919009292E-01
 0.426973805191657E-01
 0.420847549351497E-01
 0.414794694176494E-01
 0.434418109835658E-01
 0.456543752587108E-01
 0.479966248229456E-01
 0.504571142945291E-01
 0.530236051290705E-01
 0.556829701891957E-01
 0.584211613565464E-01
 0.612232700306298E-01
 0.640736704063320E-01
 0.669562048215022E-01
 0.698543580964437E-01
 0.727513762412424E-01
 0.756303111171205E-01
 0.784740076713603E-01
 0.812650802269404E-01
 0.839859343927223E-01
 0.866188738986975E-01
 0.891462927515288E-01
 0.915509108526195E-01
 0.938159875680468E-01
 0.959254557779546E-01
 0.978639549281467E-01
 0.996167869747012E-01
 0.101169851102887E+00
 0.102509617246747E+00
 0.103623175249260E+00
 0.104498359380087E+00
 0.105123914901801E+00
 0.105489658237527E+00
 0.105586589403554E+00
 0.105406939333733E+00
 0.104944163707976E+00
 0.104192915788238E+00
 0.103149034542675E+00
 0.101809570026354E+00
 0.100172843341469E+00
 0.982385164788430E-01
 0.960076395461263E-01
 0.935030472948951E-01
 0.909869848534083E-01
 0.885733557477306E-01
 0.862538058855331E-01
 0.840325710157576E-01
 0.818974729569907E-01
 0.798611725121681E-01
 0.779058896088125E-01
 0.760254348802845E-01
 0.742194057312873E-01
 0.724702043411723E-01
 0.707811138631110E-01
 0.691496394869268E-01
 0.675817039281783E-01
 0.660656537393004E-01
 0.645994319038437E-01
 0.636199991175192E-01
 0.644869086484422E-01
 0.652106727935412E-01
 0.657826287155190E-01
 0.661949222535516E-01
 0.664405764194889E-01
 0.665134858371339E-01
 0.664083690131618E-01
 0.661207182159206E-01
 0.656467772578592E-01
 0.649835576729416E-01
 0.641288834050747E-01
 0.630814414924926E-01
 0.619067268616209E-01
 0.607849316400913E-01
 0.655626740208468E-01
 0.701029259538634E-01
 0.743889743891485E-01
 0.784053119144747E-01
 0.821376024185336E-01
 0.855726308864685E-01
 0.886982523403640E-01
 0.915033524701754E-01
 0.939778362095196E-01
 0.961126635435015E-01
 0.978999463279291E-01
 0.993331028759165E-01
 0.100407043279583E+00
 0.101118338705273E+00
 0.101465323767710E+00
 0.101448098293064E+00
 0.101068428975394E+00
 0.100329588812073E+00
 0.992361955289610E-01
 0.977941075497743E-01
 0.960104075746537E-01
 0.939005520861728E-01
 0.917069841208363E-01
 0.895809739467996E-01
 0.875278393929437E-01
 0.855397722200671E-01
 0.836280024279051E-01
 0.817752266826792E-01
 0.799839792828905E-01
 0.782560333125662E-01
 0.765890446031621E-01
 0.749802650465378E-01
 0.734217555611707E-01
 0.719163622184702E-01
 0.704545732231317E-01
 0.690400540993458E-01
 0.676575646712884E-01
 0.663285364882258E-01
 0.650303527529942E-01
 0.639649786921263E-01
 0.653830331553456E-01
 0.665713648921076E-01
 0.675262372987884E-01
 0.682448811626788E-01
 0.687254134169190E-01
 0.689667820727232E-01
 0.689687331775184E-01
 0.687317919491252E-01
 0.682572574136511E-01
 0.675472196176092E-01
 0.666046113736319E-01
 0.654972317609015E-01
 0.644008905618858E-01
 0.633223879229641E-01
 0.622831295014682E-01
 0.612572256458070E-01
 0.602548613930754E-01
 0.592933055775277E-01
 0.591269439956183E-01
 0.604226165221786E-01
 0.613808052189533E-01
 0.619980624585255E-01
 0.622724339148336E-01
 0.622035135179683E-01
 0.617924935306618E-01
 0.610422007001388E-01
 0.599570999084304E-01
 0.585839396669490E-01
 0.572134093911584E-01
 0.558771177378882E-01
 0.545983517245472E-01
 0.533578743096813E-01
 0.521564608315828E-01
 0.509966463510670E-01
 0.498693385017151E-01
 0.487833954000925E-01
 0.477321609383343E-01
 0.467142109571157E-01
 0.457228392764443E-01
 0.447689725909481E-01
 0.438427648863722E-01
 0.429502929233982E-01
 0.420867134587698E-01
 0.412455494823086E-01
 0.404242373368545E-01
 0.396302835842859E-01
 0.388666796923435E-01
 0.381200458408905E-01
 0.381205093706323E-01
 0.393013207840377E-01
 0.402605493880031E-01
 0.409951458917175E-01
 0.415032460712956E-01
 0.454152268605252E-01
 0.494416547693466E-01
 0.532672487401182E-01
 0.568739389099491E-01
 0.602444288768527E-01
 0.633621224180891E-01
 0.662111468628348E-01
 0.687764803104678E-01
 0.710441547603119E-01
 0.730014837216324E-01
 0.746372578669463E-01
 0.759418659010167E-01
 0.769073244559385E-01
 0.775272313549712E-01
 0.777966809777162E-01
 0.777121907054474E-01
 0.772716801971014E-01
 0.764745231094615E-01
 0.753216614015274E-01
 0.738157455681366E-01
 0.720062227453498E-01
 0.702159214485587E-01
 0.684928672568119E-01
 0.668357119144050E-01
 0.652390441481318E-01
 0.636974424936354E-01
 0.622150845410642E-01
 0.607865552290850E-01
 0.594025004278363E-01
 0.580690984425297E-01
 0.567778290856512E-01
 0.555315698443539E-01
 0.543319870870172E-01
 0.531600915516888E-01
 0.520407533803374E-01
 0.509477055951363E-01
 0.498956124897404E-01
 0.488729714290803E-01
 0.478816443655491E-01
 0.469229074369723E-01
 0.471910178020533E-01
 0.483559951762037E-01
 0.493046707680005E-01
 0.500313601857202E-01
 0.505314005329140E-01
 0.508011855127133E-01
 0.516339979161166E-01
 0.566768436409577E-01
 0.615230102742012E-01
 0.661496615588363E-01
 0.705346630040407E-01
 0.746569201933582E-01
 0.784966907209979E-01
 0.820358065664315E-01
 0.852577688236755E-01
 0.881477120372347E-01
 0.906922692919656E-01
 0.928793923848484E-01
 0.946981891093959E-01
 0.961388316570442E-01
 0.971925694706869E-01
 0.978518515828219E-01
 0.981105335186248E-01
 0.979641189007315E-01
 0.974099729337746E-01
 0.964474496974152E-01
 0.950778990564837E-01
 0.933045563039376E-01
 0.911406564746555E-01
 0.888896407664958E-01
 0.867239239574361E-01
 0.846411037246374E-01
 0.826277402447620E-01
 0.806968278402715E-01
 0.788364878950874E-01
 0.770343123371060E-01
 0.753032139794566E-01
 0.736311409420928E-01
 0.720147814163570E-01
 0.704558065108616E-01
 0.689415300913667E-01
 0.674762383531848E-01
 0.660529170512810E-01
 0.646798785559021E-01
 0.633453842735215E-01
 0.620583459895489E-01
 0.608055233391935E-01
 0.595898432353529E-01
 0.608116148253919E-01
 0.620860779598227E-01
 0.631122536216188E-01
 0.638844246376175E-01
 0.643978714133484E-01
 0.646488374566405E-01
 0.646345333295433E-01
 0.643531814081100E-01
 0.707269489898914E-01
 0.769460481720922E-01
 0.829525096621214E-01
 0.887245069357402E-01
 0.942414218407614E-01
 0.994839637503838E-01
 0.104434168773446E+00
 0.109075300506411E+00
 0.113391709925205E+00
 0.117368724427940E+00
 0.120992622429665E+00
 0.124250717688466E+00
 0.127131538549365E+00
 0.129625053439754E+00
 0.131722875564511E+00
 0.133418384462076E+00
 0.134706731647213E+00
 0.135584743678637E+00
 0.136050779940214E+00
 0.136104622317010E+00
 0.135747457141715E+00
 0.134981962337778E+00
 0.133812457908026E+00
 0.132245043576236E+00
 0.130287649663834E+00
 0.127949962338240E+00
 0.125243232674080E+00
 0.122193040676431E+00
 0.119041761749364E+00
 0.115998014197156E+00
 0.113097498958300E+00
 0.110301176579026E+00
 0.107616428316802E+00
 0.105037302242476E+00
 0.102550648622873E+00
 0.100160682459053E+00
 0.978614329801526E-01
 0.956403519485465E-01
 0.934908242313859E-01
 0.914237652203431E-01
 0.894289707569137E-01
 0.874970975751073E-01
 0.856197816366157E-01
 0.838127242398749E-01
 0.839098568136050E-01
 0.853062928944125E-01
 0.864373529498625E-01
 0.872999873156411E-01
 0.878920630879507E-01
 0.882123516727744E-01
 0.882605772228151E-01
 0.880374968523589E-01
 0.875449697760089E-01
 0.867859789560836E-01
 0.857645878576310E-01
 0.844858377108113E-01
 0.829993524279505E-01
 0.815070132817819E-01
 0.800686594476835E-01
 0.786656052601086E-01
 0.772905251250780E-01
 0.759385072524431E-01
 0.746214088768055E-01
 0.733501556875485E-01
 0.722861593067067E-01
 0.752059913272756E-01
 0.778501215678162E-01
 0.802176463928661E-01
 0.823094143567532E-01
 0.841280430267186E-01
 0.856777577406710E-01
 0.869640995998629E-01
 0.879935974645139E-01
 0.887735087817048E-01
 0.893117041021281E-01
 0.896167145220326E-01
 0.896979030308440E-01
 0.895656805025541E-01
 0.892316756582856E-01
 0.887087852954793E-01
 0.880110678680497E-01
 0.871534881363394E-01
 0.861515615208910E-01
 0.850209748685614E-01
 0.837772694573808E-01
 0.824356592294101E-01
 0.810110233298487E-01
 0.795180633545483E-01
 0.779715648057738E-01
 0.763866656809158E-01
 0.747790274526116E-01
 0.731648302938741E-01
 0.715605674519522E-01
 0.699826747904946E-01
 0.684470797140049E-01
 0.669687740576927E-01
 0.655615039855683E-01
 0.642376327045943E-01
 0.630081816248938E-01
 0.618830074461706E-01
 0.608710399875501E-01
 0.599804970496564E-01
 0.596098663427589E-01
 0.602500726913099E-01
 0.607171530538490E-01
 0.610160227874303E-01
 0.611525549604553E-01
 0.611335124902140E-01
 0.609663984109876E-01
 0.606592801465108E-01
 0.602206531485039E-01
 0.596593851027902E-01
 0.597888732016858E-01
 0.606926003611363E-01
 0.617396327521961E-01
 0.629233245711659E-01
 0.642357859488061E-01
 0.656679311074337E-01
 0.672095529758628E-01
 0.688494021583409E-01
 0.705752531018166E-01
 0.723739556910813E-01
 0.742314866967996E-01
 0.761330229831123E-01
 0.780630528231301E-01
 0.800055257466553E-01
 0.819440227032739E-01
 0.838619152990596E-01
 0.857424806284377E-01
 0.875689474978836E-01
 0.893244681620319E-01
 0.909920331768446E-01
 0.925543705132384E-01
 0.939938863461839E-01
 0.952927049163027E-01
 0.964328420582297E-01
 0.973965037684986E-01
 0.981664519633652E-01
 0.987263463101777E-01
 0.990609718760401E-01
 0.991563004774539E-01
 0.989993939517892E-01
 0.985782142316281E-01
 0.978814347438430E-01
 0.968983402790597E-01
 0.956188640570690E-01
 0.940337580238901E-01
 0.921348448138847E-01
 0.899152725960635E-01
 0.873925646242363E-01
 0.848808810490296E-01
 0.824707831945831E-01
 0.801791832736501E-01
 0.779716195055703E-01
 0.758545620224178E-01
 0.738240024511568E-01
 0.718755574089877E-01
 0.699993007641205E-01
 0.681927636191869E-01
 0.664657040142060E-01
 0.648041501344031E-01
 0.632031729008766E-01
 0.616655888480603E-01
 0.601847748306374E-01
 0.587562809374154E-01
 0.573747794725990E-01
 0.573106913219599E-01
 0.579568159008939E-01
 0.584845008462222E-01
 0.588829428436426E-01
 0.591419165296501E-01
 0.592518774209765E-01
 0.592040128611493E-01
 0.606496901879094E-01
 0.690170129292207E-01
 0.773815571737252E-01
 0.857174266519787E-01
 0.939988202412749E-01
 0.102200083646645E+00
 0.110295709624586E+00
 0.118260327068041E+00
 0.126068705505216E+00
 0.133695783969767E+00
 0.141116722244620E+00
 0.148306971882080E+00
 0.155242370523937E+00
 0.161899268480834E+00
 0.168254694914441E+00
 0.174286560312414E+00
 0.179973875520372E+00
 0.185296952620325E+00
 0.190237547696413E+00
 0.194778915468323E+00
 0.198905770106768E+00
 0.202604177286132E+00
 0.205861427399542E+00
 0.208665948041972E+00
 0.211007301348585E+00
 0.212876283105790E+00
 0.214265106237360E+00
 0.215167622942505E+00
 0.215579526108096E+00
 0.215498475498143E+00
 0.214924116488574E+00
 0.213857992879101E+00
 0.212303390568141E+00
 0.210265173376521E+00
 0.207749675436363E+00
 0.204764692276778E+00
 0.201319571082143E+00
 0.197425355178233E+00
 0.193094908217664E+00
 0.188342944538333E+00
 0.183406248668079E+00
 0.178661422874136E+00
 0.174116268209353E+00
 0.169764231854922E+00
 0.165586814342604E+00
 0.161569138454862E+00
 0.157707239973084E+00
 0.154001086101862E+00
 0.150427123090761E+00
 0.146985508737741E+00
 0.143672533298663E+00
 0.140477762966349E+00
 0.137393556993247E+00
 0.134420416103117E+00
 0.136028263706328E+00
 0.137469385751101E+00
 0.138600502691424E+00
 0.139417246248761E+00
 0.139916184786374E+00
 0.140094771583064E+00
 0.139951368145308E+00
 0.139485324239861E+00
 0.138697078587985E+00
 0.137588242540287E+00
 0.136161638802917E+00
 0.134421283927915E+00
 0.132372323629862E+00
 0.130044329495706E+00
 0.127691144457907E+00
 0.125408447098945E+00
 0.123184911855496E+00
 0.121026937493866E+00
 0.118908103549840E+00
 0.116841816156640E+00
 0.114850255355297E+00
 0.112906383216949E+00
 0.111004073062782E+00
 0.109172649831943E+00
 0.107396353101563E+00
 0.105656289486681E+00
 0.103945877681309E+00
 0.102248892021407E+00
 0.100613931956173E+00
 0.990489273921264E-01
 0.974888482573897E-01
 0.959196677126710E-01
 0.950281521075675E-01
 0.949452810549695E-01
 0.945176963036390E-01
 0.937570224494702E-01
 0.926759809396306E-01
 0.912886112829097E-01
 0.896104580210522E-01
 0.877270302161416E-01
 0.858843656701594E-01
 0.841038484641429E-01
 0.823763254614258E-01
 0.807045689720637E-01
 0.790882635161926E-01
 0.775186133992104E-01
 0.759940627071996E-01
 0.745112978830610E-01
 0.730797038008777E-01
 0.716909016165389E-01
 0.703381639832271E-01
 0.690226993661293E-01
 0.677422336162717E-01
 0.664959602589546E-01
 0.652903247121208E-01
 0.641069850390918E-01
 0.629631104901904E-01
 0.637841889600778E-01
 0.652285851179238E-01
 0.664087507886752E-01
 0.673266119326241E-01
 0.679851925894623E-01
 0.683886815416322E-01
 0.685424577053678E-01
 0.684530513030584E-01
 0.681280382373475E-01
 0.675758882796443E-01
 0.668058051026070E-01
 0.658312089388000E-01
 0.647856234200312E-01
 0.637760399361859E-01
 0.627944224612903E-01
 0.618223761288906E-01
 0.608860310365440E-01
 0.599612575038959E-01
 0.590516286399239E-01
 0.581618291235272E-01
 0.572940608920296E-01
 0.564428089752649E-01
 0.556019182407848E-01
 0.547656349382018E-01
 0.539858165013436E-01
 0.532173165681472E-01
 0.524487159789433E-01
 0.516779017621956E-01
 0.509739454399732E-01
 0.502788299988666E-01
 0.495617270114976E-01
 0.488932184144165E-01
 0.499746616917945E-01
 0.541685302380818E-01
 0.584333396184894E-01
 0.627488083075307E-01
 0.670944706919343E-01
 0.714495219605671E-01
 0.757926809871799E-01
 0.801021460804391E-01
 0.843556868613842E-01
 0.885308678624448E-01
 0.926053532568643E-01
 0.965572157256645E-01
 0.100365176635605E+00
 0.104008736749682E+00
 0.107468201173638E+00
 0.110724638949233E+00
 0.113759832416507E+00
 0.116556262584190E+00
 0.119097153833183E+00
 0.121366577433868E+00
 0.123349597409018E+00
 0.125032435785513E+00
 0.126402633919037E+00
 0.127449188522680E+00
 0.128162643798448E+00
 0.128535125591894E+00
 0.128560311495714E+00
 0.128233343018056E+00
 0.127550700681884E+00
 0.126510075930501E+00
 0.125110279139120E+00
 0.123351216291964E+00
 0.121233947922046E+00
 0.118760818577477E+00
 0.115935622993664E+00
 0.112800705956148E+00
 0.109722524025090E+00
 0.106768546825452E+00
 0.103938439558995E+00
 0.101229150563569E+00
 0.986459501429371E-01
 0.961603166608548E-01
 0.937699284274240E-01
 0.914669949690785E-01
 0.892517718600208E-01
 0.871302404760890E-01
 0.850817800537039E-01
 0.831004367418204E-01
 0.811846848204250E-01
 0.793400580298686E-01
 0.775578836130628E-01
 0.766699033501673E-01
 0.777872824689921E-01
 0.787045217245002E-01
 0.794142506943183E-01
 0.799097288758686E-01
 0.801849343789655E-01
 0.802346950077902E-01
 0.800548164667900E-01
 0.796421715841624E-01
 0.789947353863916E-01
 0.781115694855792E-01
 0.769927677368483E-01
 0.756419648064157E-01
 0.742134890838822E-01
 0.728395517615153E-01
 0.728241933091522E-01
 0.780825929579534E-01
 0.830798279353546E-01
 0.878017807241744E-01
 0.922355853371290E-01
 0.963696984643149E-01
 0.100193931878107E+00
 0.103699450966377E+00
 0.106878758425403E+00
 0.109725692898313E+00
 0.112235469554312E+00
 0.114404768250306E+00
 0.116231841564760E+00
 0.117716587052880E+00
 0.118860524782951E+00
 0.119666651289847E+00
 0.120139194944443E+00
 0.120283350145663E+00
 0.120105090401958E+00
 0.119611137734522E+00
 0.118809104794206E+00
 0.117707753473017E+00
 0.116317262828849E+00
 0.114649392568781E+00
 0.112717467796880E+00
 0.110536177702729E+00
 0.108121247182827E+00
 0.105523794942168E+00
 0.102982421749696E+00
 0.100545048748900E+00
 0.982172529704055E-01
 0.959657137540301E-01
 0.937963569450622E-01
 0.917127128271878E-01
 0.897028271003681E-01
 0.877661355543794E-01
 0.858916070889215E-01
 0.840652327406884E-01
 0.823111131652658E-01
 0.806196048615622E-01
 0.789730679824112E-01
 0.773758801118935E-01
 0.780355747569901E-01
 0.792006056819507E-01
 0.801358928409806E-01
 0.808416553922095E-01
 0.813192576241710E-01
 0.815712112059874E-01
 0.816010955814311E-01
 0.814134088806434E-01
 0.810133929530008E-01
 0.804068897875253E-01
 0.796002733028437E-01
 0.786004668441293E-01
 0.774150207390022E-01
 0.761016279886668E-01
 0.748206033293880E-01
 0.735792300632659E-01
 0.723605889484020E-01
 0.711685313068935E-01
 0.700180167301971E-01
 0.688928966030567E-01
 0.677847162197096E-01
 0.666988565560390E-01
 0.656379593899186E-01
 0.645946478862785E-01
 0.635727429221458E-01
 0.625973104212916E-01
 0.616375846852856E-01
 0.606803108965098E-01
 0.597225002891933E-01
 0.588439239534544E-01
 0.579729570872457E-01
 0.570922041861238E-01
 0.562586117493113E-01
 0.554582129237443E-01
 0.545934886110165E-01
 0.536037011333863E-01
 0.524952668569550E-01
 0.512752359001570E-01
 0.499511999539867E-01
 0.485311481442829E-01
 0.470233076234798E-01
 0.454360116373640E-01
 0.437776294965022E-01
 0.420565718806472E-01
 0.411146667040750E-01
 0.422348836462934E-01
 0.431990144410655E-01
 0.439923123751181E-01
 0.446010820297427E-01
 0.450128559917790E-01
 0.452164418202935E-01
 0.452018366288243E-01
 0.449600525208188E-01
 0.444829251181952E-01
 0.437629825946461E-01
 0.427934349687940E-01
 0.415929565500870E-01
 0.403935859246794E-01
 0.392339696351987E-01
 0.381264738130432E-01
 0.370634305155303E-01
 0.360386575581284E-01
 0.350599321942095E-01
 0.341187940543295E-01
 0.332117366699679E-01
 0.323374064582747E-01
 0.314936883550956E-01
 0.306753936936307E-01
 0.299011934145354E-01
 0.291533419595692E-01
 0.284338861766811E-01
 0.277404851699671E-01
 0.270660911808290E-01
 0.264135228445527E-01
 0.257810383703620E-01
 0.275811570001675E-01
 0.329860329771759E-01
 0.384567457701825E-01
 0.439721682331215E-01
 0.495109947105304E-01
 0.550518516220380E-01
 0.605733007946652E-01
 0.660537558372132E-01
 0.714713554696615E-01
 0.768038510064679E-01
 0.820285656627806E-01
 0.871224685828331E-01
 0.920623759503302E-01
 0.968252508188528E-01
 0.101388535953514E+00
 0.105730437284486E+00
 0.109830091276824E+00
 0.113667595199814E+00
 0.117223936696810E+00
 0.120480901831874E+00
 0.123421047846655E+00
 0.126027794058301E+00
 0.128285627200511E+00
 0.130180363168321E+00
 0.131699380015478E+00
 0.132831747041502E+00
 0.133568214298619E+00
 0.133901077325776E+00
 0.133823974290286E+00
 0.133331694645632E+00
 0.132420075675037E+00
 0.131086037599090E+00
 0.129327765350666E+00
 0.127144996464238E+00
 0.124539335083196E+00
 0.121519560372015E+00
 0.118426246221708E+00
 0.115468707727904E+00
 0.112618046380005E+00
 0.109877692850354E+00
 0.107225885488400E+00
 0.104682055629790E+00
 0.102230465758106E+00
 0.998740192657625E-01
 0.976049653082148E-01
 0.954103107713724E-01
 0.932896954669199E-01
 0.912412155965242E-01
 0.892618992276663E-01
 0.873509922181033E-01
 0.854988177619742E-01
 0.837106976855743E-01
 0.820263191433003E-01
 0.835153692163137E-01
 0.847693583678310E-01
 0.857800569180241E-01
 0.865402608096559E-01
 0.870437072650453E-01
 0.872849739819626E-01
 0.872594006592732E-01
 0.869630657683591E-01
 0.863928355228540E-01
 0.855464790423625E-01
 0.844228199280985E-01
 0.830272709632889E-01
 0.853014933158109E-01
 0.921852077853482E-01
 0.987899510106041E-01
 0.105091953445508E+00
 0.111068687782904E+00
 0.116699044143656E+00
 0.121963389750010E+00
 0.126843546271521E+00
 0.131322743265519E+00
 0.135385603886239E+00
 0.139018193250074E+00
 0.142208123754510E+00
 0.144944681334770E+00
 0.147218924228647E+00
 0.149023715027498E+00
 0.150353672352311E+00
 0.151205059330433E+00
 0.151575650458989E+00
 0.151464628586697E+00
 0.150872557351928E+00
 0.149801453667136E+00
 0.148254954489061E+00
 0.146238538853581E+00
 0.143759739163714E+00
 0.140828265967407E+00
 0.137461751706312E+00
 0.134027003010535E+00
 0.130724402545756E+00
 0.127549416259148E+00
 0.124488154578802E+00
 0.121548062119717E+00
 0.118712233552203E+00
 0.115986272027795E+00
 0.113349978006654E+00
 0.110809194635789E+00
 0.108355246755604E+00
 0.105976259858377E+00
 0.103687385576521E+00
 0.101473308794794E+00
 0.993305726960166E-01
 0.972566764714594E-01
 0.952529878800628E-01
 0.936754532923562E-01
 0.954987372976056E-01
 0.970174625189337E-01
 0.982271049853949E-01
 0.991239969868531E-01
 0.997052037339946E-01
 0.999685327170510E-01
 0.999126747114562E-01
 0.995374294423018E-01
 0.988439410774831E-01
 0.978348671348961E-01
 0.965144291572997E-01
 0.949046574779028E-01
 0.932259087061272E-01
 0.916048308511467E-01
 0.900105615546461E-01
 0.884853018356623E-01
 0.882067338858501E-01
 0.930584930079808E-01
 0.975661750995809E-01
 0.101718924040581E+00
 0.105507342677712E+00
 0.108923641720313E+00
 0.111961765181636E+00
 0.114617460590554E+00
 0.116888273821369E+00
 0.118773467430400E+00
 0.120273884353777E+00
 0.121391798959739E+00
 0.122130805777288E+00
 0.122495785469549E+00
 0.122492957439350E+00
 0.122129988507061E+00
 0.121416094870657E+00
 0.120362067500712E+00
 0.118980176674727E+00
 0.117283960872638E+00
 0.115287956628689E+00
 0.113007454487925E+00
 0.110458357789598E+00
 0.107716277103207E+00
 0.105049681821672E+00
 0.102486816988700E+00
 0.100041329134830E+00
 0.976846157023039E-01
 0.954113756912164E-01
 0.932195263648016E-01
 0.911064813236206E-01
 0.890683943443335E-01
 0.870984415814675E-01
 0.851988648380898E-01
 0.833709079059118E-01
 0.816086467607848E-01
 0.798953769812664E-01
 0.782517115775071E-01
 0.766657513703142E-01
 0.780550980237606E-01
 0.793053734244458E-01
 0.802969134263053E-01
 0.810306932136385E-01
 0.815088310849135E-01
 0.817345630790702E-01
 0.817121764078306E-01
 0.814469212119955E-01
 0.809449214263665E-01
 0.802131018443154E-01
 0.792591435384789E-01
 0.780914730592406E-01
 0.767426506253213E-01
 0.754011779342873E-01
 0.740904248388068E-01
 0.728303246515487E-01
 0.715883971915562E-01
 0.703710225615916E-01
 0.691823006420627E-01
 0.680296201726786E-01
 0.668950743970970E-01
 0.657894149214713E-01
 0.647229151327228E-01
 0.636891464969480E-01
 0.626778115038474E-01
 0.616800773603284E-01
 0.606837796996380E-01
 0.597469352825171E-01
 0.588428328501337E-01
 0.579304812617378E-01
 0.570270804862695E-01
 0.562100135832899E-01
 0.553716018606539E-01
 0.545330306525431E-01
 0.535509747529283E-01
 0.524326563389129E-01
 0.511857251474366E-01
 0.498181691574647E-01
 0.483382729288514E-01
 0.467546195446833E-01
 0.450761126461552E-01
 0.433119884034273E-01
 0.414717944224034E-01
 0.397314212414879E-01
 0.379932538661692E-01
 0.361969871718029E-01
 0.343516636546661E-01
 0.324663062694237E-01
 0.305499476394745E-01
 0.286116528945440E-01
 0.278228329256308E-01
 0.277954794921142E-01
 0.275493025572538E-01
 0.270759791837057E-01
 0.263679399906946E-01
 0.255668079935635E-01
 0.247933445212843E-01
 0.240501405940261E-01
 0.233351563734909E-01
 0.226481127222564E-01
 0.219856316563760E-01
 0.213489192855734E-01
 0.207378839711209E-01
 0.201511930056506E-01
 0.195832684622942E-01
 0.190546803021045E-01
 0.185379294161033E-01
 0.180490307911179E-01
 0.175820789997931E-01
 0.171254177346258E-01
 0.181448838760094E-01
 0.227627846902225E-01
 0.275320837641770E-01
 0.324365027749899E-01
 0.374590896395610E-01
 0.425822914902346E-01
 0.477879867045509E-01
 0.530575040457369E-01
 0.583716591493110E-01
 0.637108291841461E-01
 0.690550671036667E-01
 0.743842341581204E-01
 0.796781140074039E-01
 0.849164736226392E-01
 0.900790575687868E-01
 0.951455351466547E-01
 0.100095448911466E+00
 0.104908223605715E+00
 0.109563280235574E+00
 0.114040265800670E+00
 0.118319368169170E+00
 0.122381652785997E+00
 0.126209344524072E+00
 0.129785988587850E+00
 0.133096456578834E+00
 0.136126809228178E+00
 0.138864072820507E+00
 0.141296016781667E+00
 0.143411022628839E+00
 0.145198105343343E+00
 0.146647095657368E+00
 0.147748935162300E+00
 0.148495997846494E+00
 0.148882349700269E+00
 0.148903903304736E+00
 0.148558369779515E+00
 0.147845069138577E+00
 0.146764724255690E+00
 0.145319275854857E+00
 0.143511780342938E+00
 0.141346427035048E+00
 0.138828668239663E+00
 0.135965410445726E+00
 0.132765184218001E+00
 0.129273200413280E+00
 0.125837468833156E+00
 0.122543343781977E+00
 0.119382424763178E+00
 0.116356321231047E+00
 0.113437329037681E+00
 0.110641821163328E+00
 0.107953373707550E+00
 0.105365396307758E+00
 0.102877369252226E+00
 0.100471799327297E+00
 0.981550526347708E-01
 0.959071559472415E-01
 0.937470764782409E-01
 0.916447667343695E-01
 0.914722028688513E-01
 0.925636129287015E-01
 0.934300624100044E-01
 0.940656089407932E-01
 0.944652356923475E-01
 0.946249590511306E-01
 0.945419192042260E-01
 0.942144312258033E-01
 0.936419830091343E-01
 0.928251840291731E-01
 0.917656850155192E-01
 0.904660955693467E-01
 0.889299247075869E-01
 0.871945266959839E-01
 0.854796713201611E-01
 0.838019199429867E-01
 0.821687050573955E-01
 0.805569624792867E-01
 0.789841930167729E-01
 0.774595893233986E-01
 0.759570954549361E-01
 0.744915586537497E-01
 0.730539525815965E-01
 0.716321947078837E-01
 0.702683264785034E-01
 0.704015063928122E-01
 0.716113631755223E-01
 0.724989548545903E-01
 0.730687907344027E-01
 0.733269494687698E-01
 0.732810479100779E-01
 0.729401733913942E-01
 0.723148195357739E-01
 0.714168595348224E-01
 0.702595643148663E-01
 0.688576399759452E-01
 0.672281458528407E-01
 0.655348581694497E-01
 0.638884598280909E-01
 0.622898159485448E-01
 0.607349811280193E-01
 0.592282290425807E-01
 0.577624362534804E-01
 0.563369228404114E-01
 0.549493828203734E-01
 0.535990167165404E-01
 0.522877426285992E-01
 0.510155714336225E-01
 0.497533746428032E-01
 0.485298673396876E-01
 0.473646686925280E-01
 0.461983576495515E-01
 0.464564475990771E-01
 0.499129344522973E-01
 0.534997975336924E-01
 0.572120490504787E-01
 0.610439014957483E-01
 0.649887657317334E-01
 0.690392581301661E-01
 0.731872179170504E-01
 0.774237341155735E-01
 0.817391799135480E-01
 0.861232515004519E-01
 0.905650087519054E-01
 0.950529164504076E-01
 0.995748864479244E-01
 0.104118322551627E+00
 0.108670170386099E+00
 0.113216973927413E+00
 0.117744939147528E+00
 0.122240003834957E+00
 0.126687911711319E+00
 0.131074288707667E+00
 0.135384719626305E+00
 0.139604824090132E+00
 0.143720331334648E+00
 0.147717153829776E+00
 0.151581459908505E+00
 0.155299745608970E+00
 0.158858905836719E+00
 0.162246304662814E+00
 0.165449844024658E+00
 0.168458029420005E+00
 0.171260030786162E+00
 0.173845737127334E+00
 0.176205804768361E+00
 0.178331700917498E+00
 0.180215745540323E+00
 0.181851154445115E+00
 0.183232084706790E+00
 0.184353680790436E+00
 0.185212117230963E+00
 0.185804632604507E+00
 0.186129550222218E+00
 0.186186283131869E+00
 0.185975323783732E+00
 0.185498221184643E+00
 0.184757549829430E+00
 0.183756874862512E+00
 0.182500716934917E+00
 0.180994518616838E+00
 0.179244612662897E+00
 0.177258191335777E+00
 0.175043275400683E+00
 0.172608681050407E+00
 0.169963982724299E+00
 0.167119469638935E+00
 0.164086094124205E+00
 0.160875410687203E+00
 0.157499505913624E+00
 0.153970920490617E+00
 0.150302565550311E+00
 0.146507636204716E+00
 0.142599525682359E+00
 0.138591743794956E+00
 0.134497843193366E+00
 0.130331355610142E+00
 0.126105738007555E+00
 0.121834325822773E+00
 0.117530288344134E+00
 0.113206580670136E+00
 0.108875888157404E+00
 0.104550562389213E+00
 0.100242551381775E+00
 0.959633296208254E-01
 0.917238345581125E-01
 0.875344151349898E-01
 0.834047952750667E-01
 0.793440520687445E-01
 0.753606055345317E-01
 0.714622150702700E-01
 0.676559773629271E-01
 0.639483216787833E-01
 0.603450008344855E-01
 0.568510790809522E-01
 0.534709206162818E-01
 0.502081835240280E-01
 0.470658231553554E-01
 0.440461066755830E-01
 0.411506376788571E-01
 0.383803875930967E-01
 0.357357298275681E-01
 0.332164733525159E-01
 0.308218941299124E-01
 0.285507647342544E-01
 0.264013838965421E-01
 0.243716081646318E-01
 0.224588873757250E-01
 0.206603044610224E-01
 0.189726187287037E-01
 0.173923107093853E-01
 0.159156263038145E-01
 0.145386184621362E-01
 0.132571856937064E-01
 0.120671078248662E-01
 0.109640800309436E-01
 0.994374601710421E-02
 0.936570121743278E-02
 0.928365168344168E-02
 0.914892249559083E-02
 0.896679001162978E-02
 0.874249243206254E-02
 0.848119720770571E-02
 0.818797241549732E-02
 0.786775936629723E-02
 0.752534450253257E-02
 0.716533020245651E-02
 0.679210563312649E-02
 0.640981965756022E-02
 0.602235780157184E-02
 0.563332460676427E-02
 0.524603168652491E-02
 0.486349080047631E-02
 0.448841056346924E-02
 0.412319526489339E-02
 0.376994480599852E-02
 0.343045577888840E-02
 0.310622469594728E-02
 0.279845475514849E-02
 0.250806703958206E-02
 0.223571597103884E-02
 0.198180779068570E-02
 0.174652038187211E-02
 0.153063491666946E-02
 0.133677359714146E-02
 0.116330798457966E-02
 0.100882569105747E-02
 0.871209823591708E-03
 0.749032902792682E-03
 0.640940292253333E-03
 0.545639846691183E-03
 0.461924666752062E-03
 0.388656777100512E-03
 0.324771476783340E-03
 0.276548397014264E-03
 0.237289020719890E-03
 0.201128493395520E-03
 0.168243734942573E-03
 0.138727331349595E-03
 0.112594703856570E-03
 0.897921056253199E-04
 0.702051458012116E-04
 0.536676191462854E-04
 0.399705079286121E-04
 0.288710371643785E-04
 0.201016347743978E-04
 0.133786402815024E-04
 0.841063169885506E-05
 0.490627158765220E-05
 0.262386805551687E-05
 0.120753850149463E-05
 0.482437254073782E-06
 0.119889393293751E-06
 0.853137800252227E-08
 0.542425264983382E-14
 0.000000000000000E+00
 0.000000000000000E+00
 0.000000000000000E+00
 0.000000000000000E+00
 0.000000000000000E+00
 0.000000000000000E+00
 0.000000000000000E+00
 0.000000000000000E+00
 0.000000000000000E+00
 0.000000000000000E+00
 0.000000000000000E+00
 0.000000000000000E+00
 0.000000000000000E+00
 0.000000000000000E+00
 0.000000000000000E+00
 0.000000000000000E+00
 0.000000000000000E+00
 0.000000000000000E+00
 0.000000000000000E+00
 0.000000000000000E+00
 0.000000000000000E+00
 0.000000000000000E+00
 0.000000000000000E+00
 0.000000000000000E+00
 0.000000000000000E+00
 0.000000000000000E+00
 0.000000000000000E+00
 0.000000000000000E+00
 0.000000000000000E+00
 0.000000000000000E+00
 0.000000000000000E+00
 0.000000000000000E+00
 0.000000000000000E+00
 0.000000000000000E+00
 0.000000000000000E+00
 0.000000000000000E+00
 0.000000000000000E+00
 0.000000000000000E+00
 0.000000000000000E+00
 0.000000000000000E+00
 0.000000000000000E+00
 0.000000000000000E+00
 0.000000000000000E+00
 0.000000000000000E+00
 0.000000000000000E+00
 0.000000000000000E+00
 0.000000000000000E+00
 0.000000000000000E+00
 0.000000000000000E+00
 0.000000000000000E+00
 0.000000000000000E+00
 0.000000000000000E+00
 0.000000000000000E+00
 0.000000000000000E+00
 0.000000000000000E+00
 0.000000000000000E+00
 0.000000000000000E+00
 0.000000000000000E+00
 0.000000000000000E+00
 0.000000000000000E+00
 0.000000000000000E+00
 0.000000000000000E+00
 0.000000000000000E+00
 0.000000000000000E+00
 0.000000000000000E+00
 0.000000000000000E+00
 0.000000000000000E+00
 0.000000000000000E+00
 0.000000000000000E+00
 0.000000000000000E+00
 0.000000000000000E+00
 0.000000000000000E+00
 0.000000000000000E+00
 0.000000000000000E+00
 0.000000000000000E+00
 0.000000000000000E+00
 0.000000000000000E+00
 0.000000000000000E+00
 0.000000000000000E+00
 0.000000000000000E+00
 0.000000000000000E+00
 0.000000000000000E+00
 0.000000000000000E+00
 0.000000000000000E+00
 0.000000000000000E+00
 0.000000000000000E+00
 0.000000000000000E+00
 0.000000000000000E+00
 0.000000000000000E+00
 0.000000000000000E+00
 0.000000000000000E+00
 0.000000000000000E+00
 0.000000000000000E+00
 0.000000000000000E+00
 0.000000000000000E+00
 0.000000000000000E+00
 0.000000000000000E+00
 0.000000000000000E+00
 0.000000000000000E+00
 0.000000000000000E+00
 0.000000000000000E+00
 0.000000000000000E+00
 0.000000000000000E+00
 0.000000000000000E+00
 0.000000000000000E+00
 0.000000000000000E+00
 0.000000000000000E+00
 0.000000000000000E+00
 0.000000000000000E+00
 0.000000000000000E+00
 0.000000000000000E+00
 0.000000000000000E+00
 0.000000000000000E+00
 0.000000000000000E+00
 0.000000000000000E+00
 0.000000000000000E+00
 0.000000000000000E+00
 0.000000000000000E+00
 0.000000000000000E+00
 0.000000000000000E+00
 0.000000000000000E+00
 0.000000000000000E+00
 0.000000000000000E+00
 0.000000000000000E+00
 0.000000000000000E+00
 0.000000000000000E+00
 0.000000000000000E+00
 0.000000000000000E+00
 0.000000000000000E+00
 0.000000000000000E+00
 0.000000000000000E+00
 0.000000000000000E+00
 0.000000000000000E+00
 0.000000000000000E+00
 0.000000000000000E+00
 0.000000000000000E+00
 0.000000000000000E+00
 0.000000000000000E+00
 0.000000000000000E+00
 0.000000000000000E+00
 0.000000000000000E+00
 0.000000000000000E+00
 0.000000000000000E+00
 0.000000000000000E+00
 0.000000000000000E+00
 0.000000000000000E+00
 0.000000000000000E+00
 0.000000000000000E+00
 0.000000000000000E+00
 0.000000000000000E+00
 0.000000000000000E+00
 0.000000000000000E+00
 0.000000000000000E+00
 0.000000000000000E+00
 0.000000000000000E+00
 0.000000000000000E+00
 0.000000000000000E+00
 0.000000000000000E+00
 0.000000000000000E+00
 0.000000000000000E+00
 0.000000000000000E+00
 0.000000000000000E+00
 0.000000000000000E+00
 0.000000000000000E+00
 0.000000000000000E+00
 0.000000000000000E+00
 0.000000000000000E+00
 0.000000000000000E+00
 0.000000000000000E+00
 0.000000000000000E+00
 0.000000000000000E+00
 0.000000000000000E+00
 0.000000000000000E+00
 0.000000000000000E+00
 0.000000000000000E+00
 0.000000000000000E+00
 0.000000000000000E+00
 0.000000000000000E+00
 0.000000000000000E+00
 0.000000000000000E+00
 0.000000000000000E+00
 0.000000000000000E+00
 0.000000000000000E+00
 0.000000000000000E+00
 0.000000000000000E+00
 0.000000000000000E+00
 0.000000000000000E+00
 0.000000000000000E+00
 0.000000000000000E+00
 0.000000000000000E+00
 0.000000000000000E+00
 0.000000000000000E+00
 0.000000000000000E+00
 0.000000000000000E+00
 0.000000000000000E+00
 0.000000000000000E+00
 0.000000000000000E+00
 0.000000000000000E+00
 0.000000000000000E+00
 0.000000000000000E+00
 0.000000000000000E+00
 0.000000000000000E+00
 0.000000000000000E+00
 0.000000000000000E+00
 0.000000000000000E+00
 0.000000000000000E+00
 0.000000000000000E+00
 0.000000000000000E+00
 0.000000000000000E+00
 0.000000000000000E+00
 0.000000000000000E+00
 0.000000000000000E+00
 0.000000000000000E+00
 0.000000000000000E+00
 0.000000000000000E+00
 0.000000000000000E+00
 0.000000000000000E+00
 0.000000000000000E+00
 0.000000000000000E+00
 0.000000000000000E+00
 0.000000000000000E+00
 0.000000000000000E+00
 0.000000000000000E+00
 0.000000000000000E+00
 0.000000000000000E+00
 0.000000000000000E+00
 0.000000000000000E+00
 0.000000000000000E+00
 0.000000000000000E+00
 0.000000000000000E+00
 0.000000000000000E+00
 0.000000000000000E+00
 0.000000000000000E+00
 0.000000000000000E+00
 0.000000000000000E+00
 0.000000000000000E+00
 0.000000000000000E+00
 0.000000000000000E+00
 0.000000000000000E+00
 0.000000000000000E+00
 0.000000000000000E+00
 0.000000000000000E+00
 0.000000000000000E+00
 0.000000000000000E+00
 0.000000000000000E+00
 0.000000000000000E+00
 0.000000000000000E+00
 0.000000000000000E+00
 0.000000000000000E+00
 0.000000000000000E+00
 0.000000000000000E+00
 0.000000000000000E+00
 0.000000000000000E+00
 0.000000000000000E+00
 0.000000000000000E+00
 0.000000000000000E+00
 0.000000000000000E+00
 0.000000000000000E+00
 0.000000000000000E+00
 0.000000000000000E+00
 0.000000000000000E+00
 0.000000000000000E+00
 0.000000000000000E+00
 0.000000000000000E+00
 0.000000000000000E+00
 0.000000000000000E+00
 0.000000000000000E+00
 0.000000000000000E+00
 0.000000000000000E+00
 0.000000000000000E+00
 0.000000000000000E+00
 0.000000000000000E+00
 0.000000000000000E+00
 0.000000000000000E+00
 0.000000000000000E+00
 0.000000000000000E+00
 0.000000000000000E+00
 0.000000000000000E+00
 0.000000000000000E+00
 0.000000000000000E+00
 0.000000000000000E+00
 0.000000000000000E+00
 0.000000000000000E+00
 0.000000000000000E+00
 0.000000000000000E+00
 0.000000000000000E+00
 0.000000000000000E+00
 0.000000000000000E+00
 0.000000000000000E+00
 0.000000000000000E+00
 0.000000000000000E+00
 0.000000000000000E+00
 0.000000000000000E+00
 0.000000000000000E+00
 0.000000000000000E+00
 0.000000000000000E+00
 0.000000000000000E+00
 0.000000000000000E+00
 0.000000000000000E+00
 0.000000000000000E+00
 0.000000000000000E+00
 0.000000000000000E+00
 0.000000000000000E+00
 0.000000000000000E+00
 0.000000000000000E+00
 0.000000000000000E+00
 0.000000000000000E+00
 0.000000000000000E+00
 0.000000000000000E+00
 0.000000000000000E+00
 0.000000000000000E+00
 0.000000000000000E+00
 0.000000000000000E+00
 0.000000000000000E+00
 0.000000000000000E+00
 0.000000000000000E+00
 0.000000000000000E+00
 0.000000000000000E+00
 0.000000000000000E+00
 0.000000000000000E+00
 0.000000000000000E+00
 0.000000000000000E+00
 0.000000000000000E+00
 0.000000000000000E+00
 0.000000000000000E+00
 0.000000000000000E+00
 0.000000000000000E+00
 0.000000000000000E+00
 0.000000000000000E+00
 0.000000000000000E+00
 0.000000000000000E+00
 0.000000000000000E+00
 0.000000000000000E+00
 0.000000000000000E+00
 0.000000000000000E+00
 0.000000000000000E+00
 0.000000000000000E+00
 0.000000000000000E+00
 0.000000000000000E+00
 0.000000000000000E+00
 0.000000000000000E+00
 0.000000000000000E+00
 0.000000000000000E+00
 0.000000000000000E+00
 0.000000000000000E+00
 0.000000000000000E+00
 0.000000000000000E+00
