 0.134622513985903E-07
 0.211678931472644E-06
 0.965582056418845E-06
 0.273280842138119E-05
 0.603941055056127E-05
 0.114721099047019E-04
 0.196695267248868E-04
 0.313126124400270E-04
 0.471144841322575E-04
 0.678098502698247E-04
 0.941442267423600E-04
 0.126863151579644E-03
 0.166701601887802E-03
 0.214373790435165E-03
 0.270563482343636E-03
 0.335914956868090E-03
 0.411024759629871E-03
 0.496434439318271E-03
 0.592624501146648E-03
 0.700009795384727E-03
 0.818936459844608E-03
 0.949680370146167E-03
 0.109244688333154E-02
 0.124737156281891E-02
 0.141452161014776E-02
 0.159389789883273E-02
 0.178543774639900E-02
 0.198901876750880E-02
 0.229252006928964E-02
 0.266480202541520E-02
 0.307575837023292E-02
 0.352686104209128E-02
 0.401942903928619E-02
 0.455461914697737E-02
 0.513341879632921E-02
 0.575664141542488E-02
 0.642492452047887E-02
 0.713873058688295E-02
 0.789835052842378E-02
 0.870390946813927E-02
 0.955537443835277E-02
 0.104525636517303E-01
 0.113951570086302E-01
 0.123827075578937E-01
 0.134146537414717E-01
 0.144903324269788E-01
 0.156089929009655E-01
 0.167698120693973E-01
 0.179719110066161E-01
 0.192143727475400E-01
 0.204962609138182E-01
 0.218166385235303E-01
 0.231745862272983E-01
 0.245692192544959E-01
 0.259997024787236E-01
 0.274652631796459E-01
 0.289652012335181E-01
 0.304988966434300E-01
 0.320658145433255E-01
 0.336655080835817E-01
 0.352976198441886E-01
 0.369618824921054E-01
 0.386581191967497E-01
 0.403862438527357E-01
 0.421462605685001E-01
 0.439382613564634E-01
 0.457624206741694E-01
 0.476189855169173E-01
 0.495082601642421E-01
 0.514305854110863E-01
 0.533863130550843E-01
 0.553757773638286E-01
 0.573992659376336E-01
 0.594569925180146E-01
 0.615490737194020E-01
 0.636755104457142E-01
 0.658361732264928E-01
 0.680307893495637E-01
 0.702589289457485E-01
 0.725199873422920E-01
 0.748131620055789E-01
 0.771374239596699E-01
 0.794914852946870E-01
 0.818737658219277E-01
 0.842823626744218E-01
 0.867150263331206E-01
 0.891691451093569E-01
 0.916417379167601E-01
 0.941294530528347E-01
 0.966285696177211E-01
 0.991349986212229E-01
 0.101644282502684E+00
 0.104151593837039E+00
 0.106651735476939E+00
 0.109139144797891E+00
 0.111607904155187E+00
 0.114051758558357E+00
 0.116464140345394E+00
 0.118838199582543E+00
 0.121166838217323E+00
 0.123442745833498E+00
 0.125658435274390E+00
 0.127806277317095E+00
 0.129878534701074E+00
 0.131867396746580E+00
 0.133765016185529E+00
 0.135563549476959E+00
 0.137255200858386E+00
 0.138832269114843E+00
 0.140287195214600E+00
 0.141612609187814E+00
 0.142801375990273E+00
 0.143846641890589E+00
 0.144741883948879E+00
 0.145480964484677E+00
 0.146058190095144E+00
 0.146468371848328E+00
 0.146706881243480E+00
 0.146769696451231E+00
 0.146653435296494E+00
 0.146355374607337E+00
 0.145873458716209E+00
 0.145206302025017E+00
 0.144353191064744E+00
 0.143314090368786E+00
 0.142089654181140E+00
 0.140681243279923E+00
 0.139090943841329E+00
 0.137321583957062E+00
 0.135376743442881E+00
 0.133260753807925E+00
 0.130978687205702E+00
 0.128536335185647E+00
 0.125940179454612E+00
 0.123197357236518E+00
 0.120315623190603E+00
 0.117303308647493E+00
 0.114169277817606E+00
 0.110922880206886E+00
 0.107573898952923E+00
 0.104132495907069E+00
 0.100609155423633E+00
 0.970146292983687E-01
 0.933598846992535E-01
 0.896560552982223E-01
 0.859143937237348E-01
 0.821462218385975E-01
 0.783628750943894E-01
 0.745756387056921E-01
 0.707956762246213E-01
 0.670339541970517E-01
 0.633011686627842E-01
 0.596076794432618E-01
 0.559634563605090E-01
 0.523780384526081E-01
 0.488605040167231E-01
 0.454194469911118E-01
 0.420629544515480E-01
 0.387985809750770E-01
 0.356333179316470E-01
 0.325735586290350E-01
 0.296250627006494E-01
 0.267929243421942E-01
 0.240815485635918E-01
 0.214946377652756E-01
 0.206717874057659E-01
 0.203021360381129E-01
 0.198975687955357E-01
 0.195373061315094E-01
 0.191817574800841E-01
 0.188057647523396E-01
 0.233388351048538E-01
 0.281974729419371E-01
 0.332223959966724E-01
 0.383980873298297E-01
 0.437082042346650E-01
 0.491354874272585E-01
 0.546616516485839E-01
 0.602673344638610E-01
 0.659321510915550E-01
 0.716348592652042E-01
 0.773535963068276E-01
 0.830661255270513E-01
 0.887500292894713E-01
 0.943828110849133E-01
 0.999419087124623E-01
 0.105404658672997E+00
 0.110748271819041E+00
 0.115949873492127E+00
 0.120986631268076E+00
 0.125835954355120E+00
 0.130475719195035E+00
 0.134884469741510E+00
 0.139041560523587E+00
 0.142927245337021E+00
 0.146522745786312E+00
 0.149810344923641E+00
 0.152773535327176E+00
 0.155397215757095E+00
 0.157667894045012E+00
 0.159573835120446E+00
 0.161105102381376E+00
 0.162253475018057E+00
 0.163012269477759E+00
 0.163376131953424E+00
 0.163340885469061E+00
 0.162903502152638E+00
 0.162062230292991E+00
 0.160816848017505E+00
 0.159168960258964E+00
 0.157122225789642E+00
 0.154682413760915E+00
 0.151857246348177E+00
 0.148656067235143E+00
 0.145089450601896E+00
 0.141325164671833E+00
 0.137700951379650E+00
 0.134213292332397E+00
 0.130863975858018E+00
 0.127644779344315E+00
 0.124542172913333E+00
 0.121555665944971E+00
 0.118668062422511E+00
 0.115895908881976E+00
 0.113225284517905E+00
 0.110650330309491E+00
 0.108157556334896E+00
 0.105749323303651E+00
 0.103426676744446E+00
 0.102315863170570E+00
 0.103593271734795E+00
 0.104634573996363E+00
 0.105434158018207E+00
 0.105987210249292E+00
 0.106289694375224E+00
 0.106338318989883E+00
 0.106130527747609E+00
 0.105664547581482E+00
 0.104939506028277E+00
 0.103955589475609E+00
 0.102714182202504E+00
 0.101217914634553E+00
 0.994721487392267E-01
 0.976430336506334E-01
 0.958754133405064E-01
 0.941582102941948E-01
 0.924984103603516E-01
 0.908816628077429E-01
 0.892975045191008E-01
 0.877506476891386E-01
 0.862445938726353E-01
 0.847782383774755E-01
 0.833584022060246E-01
 0.819674312515329E-01
 0.806028675087120E-01
 0.796961254416678E-01
 0.812720425087155E-01
 0.824993208307814E-01
 0.833810286275963E-01
 0.839218894232232E-01
 0.841282414072081E-01
 0.840080073656142E-01
 0.835706426367918E-01
 0.828270311919702E-01
 0.817893231360411E-01
 0.804707391886652E-01
 0.788906972051755E-01
 0.772312189571743E-01
 0.756018111474804E-01
 0.740223809074867E-01
 0.724926667625558E-01
 0.710059491955976E-01
 0.695781681083292E-01
 0.681927083985181E-01
 0.668413343344293E-01
 0.655293465963239E-01
 0.642572312812787E-01
 0.630259997135030E-01
 0.618333576513469E-01
 0.606749320807291E-01
 0.595569274689910E-01
 0.584664394441634E-01
 0.573924252449910E-01
 0.563618288813312E-01
 0.553490742637743E-01
 0.562031529225452E-01
 0.574822034424772E-01
 0.585258581336633E-01
 0.593350607281201E-01
 0.599122078981070E-01
 0.602609473466653E-01
 0.603858650765716E-01
 0.602921637856009E-01
 0.599854378132285E-01
 0.594716165845774E-01
 0.587570916572037E-01
 0.578666189170383E-01
 0.569510566093351E-01
 0.560514306952741E-01
 0.551791550128725E-01
 0.543343852702475E-01
 0.534982501676867E-01
 0.526793405757160E-01
 0.518810116000798E-01
 0.511018156079401E-01
 0.503383008016993E-01
 0.495879967376062E-01
 0.488475798534834E-01
 0.481204417807252E-01
 0.473919060251307E-01
 0.467237927509481E-01
 0.460549869025560E-01
 0.453738577448460E-01
 0.447173562482010E-01
 0.441115800594373E-01
 0.473979423965638E-01
 0.521640314538893E-01
 0.570674189238822E-01
 0.620875239051586E-01
 0.672029650871829E-01
 0.723915794459625E-01
 0.776304975174628E-01
 0.828962607787161E-01
 0.881649562261215E-01
 0.934123450500640E-01
 0.986139716526698E-01
 0.103745250493489E+00
 0.108781537720036E+00
 0.113698200673211E+00
 0.118470700388254E+00
 0.123074699635954E+00
 0.127486202262357E+00
 0.131681720532753E+00
 0.135638458840792E+00
 0.139334497042513E+00
 0.142748955781341E+00
 0.145862128943068E+00
 0.148655573678059E+00
 0.151112155221260E+00
 0.153216051102489E+00
 0.154952726092819E+00
 0.156308893908326E+00
 0.157272482965833E+00
 0.157832620778721E+00
 0.157979645497528E+00
 0.157705145583845E+00
 0.157002022625916E+00
 0.155864570672946E+00
 0.154288568867789E+00
 0.152271389604750E+00
 0.149812126015184E+00
 0.146911735181515E+00
 0.143573177494021E+00
 0.139803977352311E+00
 0.135957907062668E+00
 0.132280326706986E+00
 0.128758087799183E+00
 0.125378610514056E+00
 0.122138062147626E+00
 0.119016936983030E+00
 0.116020626368542E+00
 0.113158863646334E+00
 0.110401777729266E+00
 0.107752455629343E+00
 0.105193687685516E+00
 0.102726638433537E+00
 0.100358617964646E+00
 0.980703132877306E-01
 0.958603108917865E-01
 0.938819667013234E-01
 0.952774788844850E-01
 0.964376658312104E-01
 0.973528714048103E-01
 0.980143032324397E-01
 0.984141744612781E-01
 0.985457969374724E-01
 0.984036083285621E-01
 0.979831408646813E-01
 0.972809582169091E-01
 0.962945949070057E-01
 0.950225288336905E-01
 0.934642033070878E-01
 0.917065279839730E-01
 0.929532232625772E-01
 0.100855267331422E+00
 0.108500257683239E+00
 0.115866907949298E+00
 0.122934610502898E+00
 0.129683560198740E+00
 0.136094990714596E+00
 0.142151456130283E+00
 0.147837074552522E+00
 0.153137669547692E+00
 0.158040788231069E+00
 0.162535622368843E+00
 0.166612891944474E+00
 0.170264758601259E+00
 0.173484818417231E+00
 0.176268186842335E+00
 0.178611645989705E+00
 0.180513791444432E+00
 0.181975107005117E+00
 0.182997918654010E+00
 0.183586227405057E+00
 0.183745474173655E+00
 0.183482322096928E+00
 0.182804534496849E+00
 0.181720981228547E+00
 0.180241744366511E+00
 0.178378247205934E+00
 0.176143321810896E+00
 0.173551163004603E+00
 0.170617172835210E+00
 0.167357750577180E+00
 0.163790105108127E+00
 0.159932150709637E+00
 0.155875131393494E+00
 0.151955906921890E+00
 0.148206435343969E+00
 0.144607770434185E+00
 0.141148824605113E+00
 0.137824906155857E+00
 0.134630177546398E+00
 0.131568680638365E+00
 0.128622891930822E+00
 0.125785475057081E+00
 0.123042016059123E+00
 0.120394652315787E+00
 0.117837725954342E+00
 0.117785777277191E+00
 0.119243944410529E+00
 0.120409369774724E+00
 0.121281774247052E+00
 0.121861789039219E+00
 0.122151008548147E+00
 0.122152112846496E+00
 0.121869012052561E+00
 0.121306939926284E+00
 0.120472431422409E+00
 0.119373159425853E+00
 0.118017663684130E+00
 0.116415054168744E+00
 0.114574788140689E+00
 0.112571511661161E+00
 0.110618121526588E+00
 0.108711549438801E+00
 0.106846340072348E+00
 0.105018233585918E+00
 0.103264709738242E+00
 0.101540352100684E+00
 0.998558003350087E-01
 0.982124585865042E-01
 0.966078885740171E-01
 0.950386411602558E-01
 0.934873660093486E-01
 0.919972365722875E-01
 0.905551381689212E-01
 0.891352602665829E-01
 0.877369801512628E-01
 0.863678572142843E-01
 0.850820927860452E-01
 0.838001066419145E-01
 0.824990427121240E-01
 0.813285843412898E-01
 0.799917527331980E-01
 0.784952716936533E-01
 0.768462913553260E-01
 0.750524925651803E-01
 0.731221561299716E-01
 0.710641692132885E-01
 0.688879621949134E-01
 0.666033902022640E-01
 0.642205875732254E-01
 0.617498270185152E-01
 0.592014092976599E-01
 0.566436571850619E-01
 0.542441890625806E-01
 0.517855097197733E-01
 0.492772095527425E-01
 0.467287601223474E-01
 0.441495342572758E-01
 0.415488496467136E-01
 0.389360124275289E-01
 0.363203420484897E-01
 0.337111634801135E-01
 0.311177570537441E-01
 0.285492634378764E-01
 0.260145537881804E-01
 0.235220894222240E-01
 0.210798032233172E-01
 0.186950296952663E-01
 0.204555072318964E-01
 0.226364492502578E-01
 0.249915951333960E-01
 0.275166737892599E-01
 0.302057490287609E-01
 0.330511450985295E-01
 0.360435872620020E-01
 0.391725120798866E-01
 0.424264460304291E-01
 0.457933363401354E-01
 0.492607433323280E-01
 0.528158555008954E-01
 0.564453488217423E-01
 0.601351635106027E-01
 0.638703001590053E-01
 0.676347325748943E-01
 0.714114942878215E-01
 0.751829297711730E-01
 0.789310333013833E-01
 0.826377570646333E-01
 0.862851772755656E-01
 0.898554649142660E-01
 0.933306952899795E-01
 0.966926112450509E-01
 0.999224912428995E-01
 0.103001244981782E+00
 0.105909771783422E+00
 0.108629503918150E+00
 0.111142965990793E+00
 0.113434154826132E+00
 0.115488599177656E+00
 0.117293077359967E+00
 0.118835106664604E+00
 0.120102414528296E+00
 0.121082616174645E+00
 0.121763248495948E+00
 0.122132174225289E+00
 0.122178228211514E+00
 0.121891885945293E+00
 0.121265729893037E+00
 0.120294572652986E+00
 0.118975232559221E+00
 0.117306090941985E+00
 0.115286636945353E+00
 0.112917196571054E+00
 0.110198954672967E+00
 0.107301750264658E+00
 0.104514336009194E+00
 0.101825299807380E+00
 0.992465926657207E-01
 0.967770691176102E-01
 0.944141877981047E-01
 0.921381907495379E-01
 0.899530877252843E-01
 0.878439500206359E-01
 0.858081024910535E-01
 0.838512417051928E-01
 0.819686210135429E-01
 0.801427402219575E-01
 0.783918499314158E-01
 0.766969179045738E-01
 0.750592959985173E-01
 0.753647982795207E-01
 0.763559604278305E-01
 0.771694370957545E-01
 0.777968440344445E-01
 0.782304008363879E-01
 0.784629542316764E-01
 0.784880289831603E-01
 0.782999113290426E-01
 0.778937575796936E-01
 0.772657071119849E-01
 0.764129715431034E-01
 0.753338742505372E-01
 0.740363859296055E-01
 0.726833867255812E-01
 0.780593625394708E-01
 0.839168261500581E-01
 0.895038769989876E-01
 0.948002770235660E-01
 0.997867531760000E-01
 0.104445198239798E+00
 0.108758893943037E+00
 0.112712643327575E+00
 0.116292732974877E+00
 0.119486723161496E+00
 0.122283151264329E+00
 0.124671290453397E+00
 0.126641103293121E+00
 0.128183464959105E+00
 0.129290627972864E+00
 0.129956802041277E+00
 0.130178669889236E+00
 0.129955674109559E+00
 0.129289983633223E+00
 0.128186150875431E+00
 0.126650563716630E+00
 0.124690850644301E+00
 0.122315400560575E+00
 0.119537017763896E+00
 0.116628468673870E+00
 0.113834847047487E+00
 0.111154855533553E+00
 0.108555539713542E+00
 0.106047081712360E+00
 0.103620689556101E+00
 0.101294329605156E+00
 0.990438816160382E-01
 0.968671379955925E-01
 0.947666843661619E-01
 0.927317978815951E-01
 0.907668900467582E-01
 0.888717692886677E-01
 0.870311686974464E-01
 0.852537020922451E-01
 0.835319277526607E-01
 0.818655284748622E-01
 0.815854167363673E-01
 0.831822006669670E-01
 0.845035264154890E-01
 0.855438835754570E-01
 0.862989315709744E-01
 0.867654739401239E-01
 0.869413788528645E-01
 0.868255070685330E-01
 0.864176988977423E-01
 0.857188393397283E-01
 0.847309836704883E-01
 0.834574996307214E-01
 0.820037676579388E-01
 0.805928728945980E-01
 0.792115533682655E-01
 0.779292411322189E-01
 0.824217627195485E-01
 0.865724297835342E-01
 0.903681381667688E-01
 0.937971571105840E-01
 0.968491145992089E-01
 0.995150949275380E-01
 0.101787811306805E+00
 0.103661777682483E+00
 0.105133400334537E+00
 0.106200944300230E+00
 0.106864387065439E+00
 0.107125225232820E+00
 0.106986322885862E+00
 0.106451871209349E+00
 0.105527476170785E+00
 0.104220329465300E+00
 0.102539375878971E+00
 0.100495386104413E+00
 0.981150016889366E-01
 0.957193031089053E-01
 0.934039681216355E-01
 0.911749349937543E-01
 0.890300350837953E-01
 0.869665275487846E-01
 0.849732394434223E-01
 0.830454022222706E-01
 0.811862443003271E-01
 0.793872773774155E-01
 0.776576139351216E-01
 0.759859882225065E-01
 0.743664818433272E-01
 0.727919450463431E-01
 0.712869493829792E-01
 0.698235314268523E-01
 0.683931354570047E-01
 0.670248684556233E-01
 0.658783464485674E-01
 0.674386519179994E-01
 0.687363370682141E-01
 0.697683877938126E-01
 0.705325388227122E-01
 0.710274142330648E-01
 0.712527405501529E-01
 0.712095650118532E-01
 0.709004035601728E-01
 0.703292602455970E-01
 0.695014997351316E-01
 0.684261690739202E-01
 0.672297585096773E-01
 0.660622937814732E-01
 0.649286865025551E-01
 0.638045923313895E-01
 0.627111219972807E-01
 0.616597493429682E-01
 0.606275524613781E-01
 0.596154322274001E-01
 0.586307236547103E-01
 0.586166996850338E-01
 0.590423683950596E-01
 0.591412600137306E-01
 0.589166568729817E-01
 0.583736836255754E-01
 0.575190384753793E-01
 0.563676711464985E-01
 0.551150170210465E-01
 0.539071895570699E-01
 0.527288517189208E-01
 0.515863806382940E-01
 0.504927131488655E-01
 0.494188397827911E-01
 0.483718220598999E-01
 0.473679431702084E-01
 0.464047152002508E-01
 0.454596397341006E-01
 0.445505568358095E-01
 0.436614311739028E-01
 0.427945062283118E-01
 0.419543827501370E-01
 0.411284590165593E-01
 0.403437459784844E-01
 0.395738980019526E-01
 0.388239568683747E-01
 0.380990335119695E-01
 0.374006505697048E-01
 0.367236842390410E-01
 0.379643146390002E-01
 0.389892941832500E-01
 0.397958760999915E-01
 0.403824680778536E-01
 0.407486153035786E-01
 0.408949393257099E-01
 0.408230782611781E-01
 0.405356641298004E-01
 0.422061925771757E-01
 0.443705086109503E-01
 0.462674892955919E-01
 0.478851092257004E-01
 0.492127357827745E-01
 0.502410325122468E-01
 0.509619016566924E-01
 0.513685238993751E-01
 0.514555037190716E-01
 0.512190727689305E-01
 0.506572667198690E-01
 0.497699913992676E-01
 0.485839492405375E-01
 0.473806207322500E-01
 0.462554253160442E-01
 0.451596845875571E-01
 0.441003146919518E-01
 0.430633647540611E-01
 0.420735325596601E-01
 0.411186693267001E-01
 0.401935857866100E-01
 0.392889243978246E-01
 0.384187815652045E-01
 0.375749692721096E-01
 0.367702720792163E-01
 0.359909590305806E-01
 0.352386526065197E-01
 0.345136507686681E-01
 0.337896411123918E-01
 0.331142875350700E-01
 0.324458224993097E-01
 0.317848396741001E-01
 0.311442839473566E-01
 0.356035380892990E-01
 0.410999025733393E-01
 0.465757448607127E-01
 0.520094032015408E-01
 0.573797613658851E-01
 0.626660927187021E-01
 0.678478426952937E-01
 0.729044442723557E-01
 0.778152551485170E-01
 0.825596665236201E-01
 0.871173737783978E-01
 0.914687423807343E-01
 0.955951713893401E-01
 0.994793636689536E-01
 0.103105451258832E+00
 0.106458978381546E+00
 0.109526792199207E+00
 0.112296916904992E+00
 0.114758483742567E+00
 0.116901760696822E+00
 0.118718280520231E+00
 0.120201019318676E+00
 0.121344547680636E+00
 0.122145077223115E+00
 0.122600362092102E+00
 0.122709476009025E+00
 0.122472545107511E+00
 0.121890545774689E+00
 0.120965257768669E+00
 0.119699401811682E+00
 0.118096915135991E+00
 0.116163263298644E+00
 0.113905676210009E+00
 0.111333231720128E+00
 0.108470652667570E+00
 0.105605126061223E+00
 0.102876774250907E+00
 0.100249082325876E+00
 0.977328562461180E-01
 0.953083950988902E-01
 0.929788407918671E-01
 0.907258391870458E-01
 0.885699155632237E-01
 0.864855447345286E-01
 0.844778004263633E-01
 0.825509743752441E-01
 0.806966748900879E-01
 0.788986088278520E-01
 0.771678045091420E-01
 0.754970420467555E-01
 0.745237819236096E-01
 0.757322385941539E-01
 0.767226710469986E-01
 0.774907241482943E-01
 0.780327849314882E-01
 0.783460999007477E-01
 0.784289094536835E-01
 0.782805639838794E-01
 0.779015860378858E-01
 0.772936569219974E-01
 0.764595309124145E-01
 0.754029050500832E-01
 0.741396289752290E-01
 0.727922188587133E-01
 0.714835897630962E-01
 0.702150479687996E-01
 0.689642020292877E-01
 0.677615190080516E-01
 0.665755949090815E-01
 0.654184580464178E-01
 0.642904344924005E-01
 0.631975117290536E-01
 0.621282567532678E-01
 0.610824114873304E-01
 0.625952661657280E-01
 0.638812341711652E-01
 0.649217965815191E-01
 0.657228032873749E-01
 0.662912376340239E-01
 0.666350594569911E-01
 0.667629984195476E-01
 0.666843484585105E-01
 0.664088370729943E-01
 0.659466269471158E-01
 0.653084600580763E-01
 0.645059014079662E-01
 0.635516061084968E-01
 0.624595300103804E-01
 0.612450233659570E-01
 0.599247744968571E-01
 0.585643055817055E-01
 0.572496279639905E-01
 0.559946105692692E-01
 0.547897858002314E-01
 0.536313700538861E-01
 0.525190885442612E-01
 0.514461760219917E-01
 0.503993307314465E-01
 0.493817335119039E-01
 0.483988387181196E-01
 0.474613951042695E-01
 0.465535687275497E-01
 0.456420535610333E-01
 0.447742549174971E-01
 0.439212885979415E-01
 0.447263996653277E-01
 0.455651242086364E-01
 0.462369430349449E-01
 0.467444793748638E-01
 0.470909681634843E-01
 0.472804715204328E-01
 0.473180419026067E-01
 0.472097712571183E-01
 0.469627104241694E-01
 0.465846909469068E-01
 0.460841134740983E-01
 0.454697731948331E-01
 0.452834335091213E-01
 0.471919278641792E-01
 0.493039208273499E-01
 0.516149237311840E-01
 0.541194790693459E-01
 0.568108113101704E-01
 0.596804827161825E-01
 0.627181559214714E-01
 0.659115431340412E-01
 0.692465721216221E-01
 0.727077327129885E-01
 0.762785061481970E-01
 0.799417491006870E-01
 0.836799221691348E-01
 0.874751167748021E-01
 0.913089197338885E-01
 0.951622237041251E-01
 0.990151124560363E-01
 0.102846913016260E+00
 0.106636429686713E+00
 0.110362292702376E+00
 0.114003301787936E+00
 0.117538642026521E+00
 0.120947895552505E+00
 0.124210849920159E+00
 0.127307185738105E+00
 0.130216183974478E+00
 0.132916604276400E+00
 0.135386839519617E+00
 0.137605358203337E+00
 0.139551336396223E+00
 0.141205298870546E+00
 0.142549573356182E+00
 0.143568425130479E+00
 0.144247858385618E+00
 0.144575195694170E+00
 0.144538623673064E+00
 0.144126890871325E+00
 0.143329269532633E+00
 0.142135784435494E+00
 0.140537617841436E+00
 0.138527553846142E+00
 0.136100334787401E+00
 0.133252849494807E+00
 0.129984131902822E+00
 0.126399981611846E+00
 0.122901190115061E+00
 0.119548777806314E+00
 0.116327407990657E+00
 0.113249021083209E+00
 0.110282868332425E+00
 0.107438863138253E+00
 0.104705175556095E+00
 0.102082596508384E+00
 0.995548216099721E-01
 0.971254995338260E-01
 0.947902786802574E-01
 0.925469444495244E-01
 0.903774902546769E-01
 0.882870061587049E-01
 0.862715465096271E-01
 0.855264935559461E-01
 0.866117404251199E-01
 0.875045933333673E-01
 0.881949187138011E-01
 0.886726788548671E-01
 0.889278563077952E-01
 0.889506292411081E-01
 0.887317583307067E-01
 0.882630657949937E-01
 0.875378489893852E-01
 0.865510887266531E-01
 0.903439413721284E-01
 0.999020051088228E-01
 0.109309624180802E+00
 0.118538479635186E+00
 0.127560964499405E+00
 0.136350270425290E+00
 0.144880373135286E+00
 0.153125950645336E+00
 0.161062298751396E+00
 0.168665315875132E+00
 0.175911609105224E+00
 0.182778729254408E+00
 0.189245489248095E+00
 0.195292279097554E+00
 0.200901283339038E+00
 0.206056541707058E+00
 0.210743858522367E+00
 0.214950630444103E+00
 0.218665692964238E+00
 0.221879267175184E+00
 0.224583030888142E+00
 0.226770273963246E+00
 0.228436060338442E+00
 0.229577324741432E+00
 0.230192871665169E+00
 0.230283292638045E+00
 0.229850850155909E+00
 0.228899381657264E+00
 0.227434259614573E+00
 0.225462417635576E+00
 0.222992428910431E+00
 0.220034606788207E+00
 0.216601087507503E+00
 0.212705853171025E+00
 0.208364663481066E+00
 0.203594891066105E+00
 0.198436804991443E+00
 0.193326514312534E+00
 0.188425569019384E+00
 0.183726102779379E+00
 0.179216959415012E+00
 0.174886025828492E+00
 0.170726101687379E+00
 0.166727813453410E+00
 0.162875778353203E+00
 0.159165114893274E+00
 0.155593352621042E+00
 0.152151778294450E+00
 0.148830670158582E+00
 0.145621770562683E+00
 0.145936626875867E+00
 0.147612805236710E+00
 0.148946129332758E+00
 0.149933254697260E+00
 0.150572614778926E+00
 0.150864183063925E+00
 0.150809140655302E+00
 0.150409571168882E+00
 0.149668280858415E+00
 0.148588785540657E+00
 0.147175442030354E+00
 0.145433652938110E+00
 0.143370053196794E+00
 0.140992598676804E+00
 0.138485205016222E+00
 0.136024041527343E+00
 0.133631220131402E+00
 0.131290729837120E+00
 0.129046207955170E+00
 0.126840744427857E+00
 0.124685666667568E+00
 0.122590061119209E+00
 0.120554786912299E+00
 0.118568952890373E+00
 0.116626053217119E+00
 0.114719136747546E+00
 0.112841436601850E+00
 0.111053501510355E+00
 0.109320601607824E+00
 0.107598601996827E+00
 0.105872726560220E+00
 0.104272930647443E+00
 0.102679157810426E+00
 0.101066473037886E+00
 0.995659878359407E-01
 0.978475838167716E-01
 0.959174924249598E-01
 0.937825721391814E-01
 0.914503337517516E-01
 0.889289794301441E-01
 0.862274405378998E-01
 0.833553920118113E-01
 0.803232201148714E-01
 0.771419289652502E-01
 0.738229896488325E-01
 0.706915872896232E-01
 0.675534584865301E-01
 0.643003647993368E-01
 0.624503217032176E-01
 0.612910504162967E-01
 0.601663218791256E-01
 0.590713861219914E-01
 0.580039646492995E-01
 0.569650623971601E-01
 0.559516573965408E-01
 0.549696105393057E-01
 0.540245218229934E-01
 0.530978268339941E-01
 0.537524819052862E-01
 0.550476486055832E-01
 0.561058738741955E-01
 0.569313977538448E-01
 0.575296546352001E-01
 0.579071985477587E-01
 0.580715511272874E-01
 0.580310085985739E-01
 0.577944586987839E-01
 0.573712532097437E-01
 0.567711605621381E-01
 0.560043951830306E-01
 0.551432791484029E-01
 0.543133214680056E-01
 0.534921803494081E-01
 0.526811721312099E-01
 0.518847607702885E-01
 0.511013153068400E-01
 0.503292867822953E-01
 0.495783511644361E-01
 0.488492441720050E-01
 0.481425029891345E-01
 0.474364034197078E-01
 0.467648280855704E-01
 0.460993659957450E-01
 0.487839956871370E-01
 0.516761139048443E-01
 0.546520478857880E-01
 0.576944290682196E-01
 0.607854149724351E-01
 0.639067980544640E-01
 0.670401135939936E-01
 0.701667691684473E-01
 0.732682029386194E-01
 0.763260603559500E-01
 0.793223665567483E-01
 0.822396663374046E-01
 0.850611026225795E-01
 0.877704066086545E-01
 0.903517825306528E-01
 0.927896940494866E-01
 0.950685984778037E-01
 0.971727174969390E-01
 0.990859557804560E-01
 0.100792060166697E+00
 0.102275045992564E+00
 0.103519822443177E+00
 0.104512862753586E+00
 0.105242727339576E+00
 0.105700280441590E+00
 0.105878536355654E+00
 0.105772195343218E+00
 0.105377034946496E+00
 0.104689370091827E+00
 0.103705768264452E+00
 0.102423115240003E+00
 0.100839005316685E+00
 0.989523198568524E-01
 0.967637964580159E-01
 0.942763988987472E-01
 0.916872734924217E-01
 0.892039617375650E-01
 0.868414818978497E-01
 0.845599449161142E-01
 0.823800725938871E-01
 0.803042278208716E-01
 0.783065378475572E-01
 0.763809347435908E-01
 0.745342079330741E-01
 0.727586669470867E-01
 0.710320723587968E-01
 0.693772428670841E-01
 0.677774264467614E-01
 0.662410119033699E-01
 0.647511484981336E-01
 0.633225769927070E-01
 0.638450804183868E-01
 0.646579206918967E-01
 0.653119491350278E-01
 0.657990784990743E-01
 0.661120813073111E-01
 0.662448620219730E-01
 0.661926203519295E-01
 0.659518488701561E-01
 0.655201665641987E-01
 0.648960503467140E-01
 0.640785630790566E-01
 0.630686223229664E-01
 0.619102965676977E-01
 0.607583580685529E-01
 0.606211864540287E-01
 0.649648479234813E-01
 0.690611816657638E-01
 0.728964119773848E-01
 0.764581867129783E-01
 0.797354383236254E-01
 0.827181554164457E-01
 0.853971696337388E-01
 0.877640666995979E-01
 0.898112851970491E-01
 0.915323898159442E-01
 0.929224309456059E-01
 0.939782626323805E-01
 0.946987032849542E-01
 0.950844823043343E-01
 0.951379959526255E-01
 0.948629646551997E-01
 0.942641154461796E-01
 0.933469978154671E-01
 0.921179877959138E-01
 0.905844655429174E-01
 0.887550907073057E-01
 0.867028726140173E-01
 0.847062303101160E-01
 0.827721975557283E-01
 0.809102314274498E-01
 0.791073901877787E-01
 0.773700726406031E-01
 0.756886814811319E-01
 0.740591007163312E-01
 0.724923939199095E-01
 0.709786847613528E-01
 0.695150328283654E-01
 0.680888411499387E-01
 0.667090206486641E-01
 0.653740958266500E-01
 0.640852826113903E-01
 0.628345640593907E-01
 0.616167939814186E-01
 0.604384537271700E-01
 0.616076137744486E-01
 0.627457764513459E-01
 0.636651583128542E-01
 0.643637996223581E-01
 0.648406799873351E-01
 0.650956854482792E-01
 0.651295586553939E-01
 0.649438509572046E-01
 0.645409058290220E-01
 0.639238960324394E-01
 0.630969093188498E-01
 0.620790149711026E-01
 0.610513575527916E-01
 0.600486064462027E-01
 0.590657445455569E-01
 0.581129293131929E-01
 0.571835897293389E-01
 0.562692576403863E-01
 0.553886393821523E-01
 0.545254078890031E-01
 0.536667943745611E-01
 0.528360957900647E-01
 0.520195210073992E-01
 0.512178446865478E-01
 0.504144407995117E-01
 0.496711925700794E-01
 0.489384081420330E-01
 0.481895925191271E-01
 0.474520141381988E-01
 0.467829465239015E-01
 0.460808359895971E-01
 0.453825634497131E-01
 0.447512215895027E-01
 0.440120936629402E-01
 0.431348536836522E-01
 0.421244025008946E-01
 0.409861710320610E-01
 0.397261263010295E-01
 0.383507501700859E-01
 0.368669808527178E-01
 0.352821297235975E-01
 0.338452418314988E-01
 0.323366434788471E-01
 0.307427176448016E-01
 0.323653219961010E-01
 0.362195108281795E-01
 0.399935165305202E-01
 0.436671845238468E-01
 0.472209956101383E-01
 0.506358540348577E-01
 0.538928557519648E-01
 0.569731288824624E-01
 0.598578107004270E-01
 0.625281848467709E-01
 0.649659629958129E-01
 0.671536645023977E-01
 0.690750278194051E-01
 0.707153800259900E-01
 0.720618983331042E-01
 0.731037212916666E-01
 0.738319032417917E-01
 0.742392425563129E-01
 0.743200403713285E-01
 0.740698552534996E-01
 0.734853124164106E-01
 0.725640101169743E-01
 0.713045456234006E-01
 0.697066592632756E-01
 0.679102936766609E-01
 0.661665439609555E-01
 0.645038081074766E-01
 0.628913716537404E-01
 0.613466197125101E-01
 0.598477454503262E-01
 0.584069594063589E-01
 0.570157949324207E-01
 0.556750923204339E-01
 0.543837597671607E-01
 0.531288675824549E-01
 0.519115638100904E-01
 0.507534843893288E-01
 0.496274887304964E-01
 0.485390862404554E-01
 0.474990525095831E-01
 0.464781359532160E-01
 0.454877696544109E-01
 0.445367169725436E-01
 0.436151321222539E-01
 0.444862172900858E-01
 0.454661389677771E-01
 0.462504531280989E-01
 0.468313013730789E-01
 0.498596892423354E-01
 0.556827680762110E-01
 0.613750931912470E-01
 0.669114186618283E-01
 0.722674046084802E-01
 0.774197039382763E-01
 0.823459160928668E-01
 0.870244848977006E-01
 0.914346265525694E-01
 0.955563447392283E-01
 0.993705410386743E-01
 0.102859185247248E+00
 0.106005489734852E+00
 0.108794038450429E+00
 0.111210846036790E+00
 0.113243352473690E+00
 0.114880382300006E+00
 0.116112107825952E+00
 0.116930050470147E+00
 0.117327136026158E+00
 0.117297796252723E+00
 0.116838091801636E+00
 0.115945828424740E+00
 0.114620649036712E+00
 0.112864098684796E+00
 0.110679665715131E+00
 0.108075552456018E+00
 0.105373808930250E+00
 0.102777234398787E+00
 0.100307674396896E+00
 0.979102336317344E-01
 0.955937052796221E-01
 0.933550280819690E-01
 0.911971837176335E-01
 0.891154539495427E-01
 0.871237816603749E-01
 0.851920143879490E-01
 0.833396855123199E-01
 0.815440675407381E-01
 0.798049993778592E-01
 0.781276309881483E-01
 0.765001676176057E-01
 0.749204267563539E-01
 0.733954210904107E-01
 0.719055323972464E-01
 0.728741049628268E-01
 0.742663767754529E-01
 0.753986089579985E-01
 0.762640135317816E-01
 0.768573320397838E-01
 0.771746359406681E-01
 0.772130532759653E-01
 0.769705327892496E-01
 0.764457271879785E-01
 0.756380255837870E-01
 0.785487947661542E-01
 0.852075020344485E-01
 0.916171792695927E-01
 0.977557749461184E-01
 0.103602108162323E+00
 0.109135812076444E+00
 0.114337350238686E+00
 0.119188148695221E+00
 0.123670844433984E+00
 0.127769603132431E+00
 0.131470424132710E+00
 0.134761341807034E+00
 0.137632455512802E+00
 0.140075770874228E+00
 0.142084899274849E+00
 0.143654718985592E+00
 0.144781127072088E+00
 0.145460989765584E+00
 0.145692330796574E+00
 0.145474704651046E+00
 0.144809623238473E+00
 0.143700877201259E+00
 0.142154632392540E+00
 0.140179270851047E+00
 0.137785042194339E+00
 0.134983651826571E+00
 0.131803886026801E+00
 0.128460239583875E+00
 0.125225996689198E+00
 0.122117863553895E+00
 0.119138457231767E+00
 0.116273295431330E+00
 0.113505576421166E+00
 0.110842002820529E+00
 0.108277567062971E+00
 0.105802720692897E+00
 0.103416907746955E+00
 0.101114155723780E+00
 0.988904353184902E-01
 0.967473324999323E-01
 0.946812531007002E-01
 0.926754519572634E-01
 0.907428540054227E-01
 0.896535869382143E-01
 0.912879064334291E-01
 0.926345956808321E-01
 0.936890930736679E-01
 0.944482759499927E-01
 0.949105742856850E-01
 0.950759285585619E-01
 0.949456124636605E-01
 0.945219750414681E-01
 0.938081726873831E-01
 0.928079624652007E-01
 0.915256149368840E-01
 0.899764502428833E-01
 0.883906665330531E-01
 0.868318848754085E-01
 0.852994377942021E-01
 0.838222428811527E-01
 0.823791324249965E-01
 0.809630987634180E-01
 0.803172055902744E-01
 0.840644192786360E-01
 0.875062540845380E-01
 0.906397210095688E-01
 0.934632950527166E-01
 0.959766585326758E-01
 0.981805418562341E-01
 0.100076695122741E+00
 0.101667958622054E+00
 0.102958356166937E+00
 0.103953132355699E+00
 0.104658692143157E+00
 0.105082458303906E+00
 0.105232711467320E+00
 0.105118495600194E+00
 0.104749650230024E+00
 0.104136976780257E+00
 0.103292481198179E+00
 0.102229586496730E+00
 0.100963201122053E+00
 0.995095710079648E-01
 0.978859211632364E-01
 0.961099742877893E-01
 0.941994828192767E-01
 0.921719047510768E-01
 0.900442955330294E-01
 0.878502540923752E-01
 0.856374339161873E-01
 0.835117281281461E-01
 0.815060375475190E-01
 0.795700800986573E-01
 0.777279286193268E-01
 0.759627972912983E-01
 0.742589082067186E-01
 0.726075852473346E-01
 0.710223369628530E-01
 0.695010544511479E-01
 0.680468624056569E-01
 0.678905215133677E-01
 0.689066239496644E-01
 0.697162976452640E-01
 0.703227496004783E-01
 0.707300584633001E-01
 0.709431968132150E-01
 0.709680272304101E-01
 0.708112699264650E-01
 0.704804477329555E-01
 0.699838206032481E-01
 0.693303184805782E-01
 0.685294686245021E-01
 0.675913037565686E-01
 0.665314415319297E-01
 0.653874045110744E-01
 0.642572053488413E-01
 0.631532362537004E-01
 0.620795167443966E-01
 0.610303301278044E-01
 0.600094497201418E-01
 0.590059704756225E-01
 0.580258116328123E-01
 0.570769978480982E-01
 0.561524410927140E-01
 0.554617342814467E-01
 0.566705583462359E-01
 0.579105161858784E-01
 0.591654959556696E-01
 0.604187892038491E-01
 0.616535515887670E-01
 0.628531432030712E-01
 0.640012667570960E-01
 0.650819047045500E-01
 0.660791288430080E-01
 0.669768959126229E-01
 0.677589423047332E-01
 0.684088534385096E-01
 0.689103200457117E-01
 0.692475231373909E-01
 0.694055357213605E-01
 0.693706146401230E-01
 0.691302900913260E-01
 0.686732333926885E-01
 0.679889673407927E-01
 0.670675441231106E-01
 0.658993287010497E-01
 0.644749864023846E-01
 0.627856984991770E-01
 0.609323959662388E-01
 0.591294985605268E-01
 0.574053513580267E-01
 0.557552961493885E-01
 0.541666783768334E-01
 0.526578835042192E-01
 0.512068143197577E-01
 0.498109279546256E-01
 0.484732079184850E-01
 0.471994214752161E-01
 0.459608802127206E-01
 0.447688092699694E-01
 0.436307481487731E-01
 0.425360710807203E-01
 0.414778629627575E-01
 0.404604740002857E-01
 0.394842114211867E-01
 0.385495356382006E-01
 0.389253247452360E-01
 0.393869377438380E-01
 0.397604853446537E-01
 0.416078845207874E-01
 0.486499531095081E-01
 0.557661407493018E-01
 0.629347987799670E-01
 0.701338444501695E-01
 0.773409555319109E-01
 0.845337089131695E-01
 0.916896203422217E-01
 0.987860728967265E-01
 0.105800166473631E+00
 0.112708562477426E+00
 0.119487415532418E+00
 0.126112463433994E+00
 0.132559291337295E+00
 0.138803718983722E+00
 0.144822211723641E+00
 0.150592210089591E+00
 0.156092310720163E+00
 0.161302294171364E+00
 0.166203053134130E+00
 0.170776503533254E+00
 0.175005552102742E+00
 0.178874155237001E+00
 0.182367454065588E+00
 0.185471931150803E+00
 0.188175521055820E+00
 0.190467625565424E+00
 0.192339026906896E+00
 0.193781740857445E+00
 0.194788884860412E+00
 0.195354638858066E+00
 0.195474345847681E+00
 0.195144746360017E+00
 0.194364286398788E+00
 0.193133403120571E+00
 0.191454690908273E+00
 0.189332884440932E+00
 0.186774653649490E+00
 0.183788267556991E+00
 0.180383227644388E+00
 0.176569980770531E+00
 0.172359793234759E+00
 0.167852808530729E+00
 0.163474439732182E+00
 0.159297819581000E+00
 0.155266823148506E+00
 0.151410093579406E+00
 0.147698513362920E+00
 0.144126530314967E+00
 0.140692749623880E+00
 0.137390790338149E+00
 0.134207075708825E+00
 0.131156694417865E+00
 0.128211682575090E+00
 0.125364675542339E+00
 0.122619587272555E+00
 0.121951635018649E+00
 0.123382386713190E+00
 0.124536959250617E+00
 0.125409777197952E+00
 0.125996383747839E+00
 0.126293405859568E+00
 0.126298474873932E+00
 0.126010139579684E+00
 0.125427807888494E+00
 0.124551732311671E+00
 0.123383034590431E+00
 0.121923761354470E+00
 0.120176969027245E+00
 0.118146833080484E+00
 0.116007328048629E+00
 0.113909842010574E+00
 0.111890029532880E+00
 0.109903421502987E+00
 0.107990441337289E+00
 0.106118585577472E+00
 0.104292487923326E+00
 0.102523035201226E+00
 0.100800115791538E+00
 0.991105571531020E-01
 0.974686753030178E-01
 0.958541789031502E-01
 0.942579916700444E-01
 0.927476618772228E-01
 0.912794374942677E-01
 0.916163822815157E-01
 0.925514109847412E-01
 0.931166200121658E-01
 0.933198185770402E-01
 0.931703785846940E-01
 0.926789891223885E-01
 0.918574069407727E-01
 0.907182706665915E-01
 0.892750311937912E-01
 0.875420148759987E-01
 0.856763308054461E-01
 0.838721585438524E-01
 0.821306755572787E-01
 0.804351002732285E-01
 0.787996342736205E-01
 0.772121284869199E-01
 0.756691051417968E-01
 0.741772172284928E-01
 0.727308458656298E-01
 0.713150226000468E-01
 0.699591774120389E-01
 0.686346269248234E-01
 0.673435870653210E-01
 0.660863070969005E-01
 0.648702200469296E-01
 0.636853196551483E-01
 0.625362610673895E-01
 0.614149697034401E-01
 0.626183323286292E-01
 0.639941521301645E-01
 0.651137016668034E-01
 0.659782980687764E-01
 0.665901412589919E-01
 0.669523487962381E-01
 0.670690093767039E-01
 0.669452421133058E-01
 0.665872426672098E-01
 0.660023033391620E-01
 0.651988057795820E-01
 0.642157850307398E-01
 0.632022918000627E-01
 0.622180978683395E-01
 0.612377615547502E-01
 0.602890191395691E-01
 0.593562074927059E-01
 0.584452833060098E-01
 0.575579477016830E-01
 0.566847367708681E-01
 0.558432180914149E-01
 0.550192847336807E-01
 0.542072715916053E-01
 0.533947389519419E-01
 0.525908927530238E-01
 0.518541760644758E-01
 0.511192829584938E-01
 0.503730742165387E-01
 0.496452736947411E-01
 0.489725303426852E-01
 0.482721570974687E-01
 0.475802263780616E-01
 0.488247882923546E-01
 0.535038507537889E-01
 0.582806937809138E-01
 0.631333435768679E-01
 0.680395840879221E-01
 0.729768499582626E-01
 0.779221333177875E-01
 0.828519568513188E-01
 0.877424357901241E-01
 0.925694304411448E-01
 0.973087781956871E-01
 0.101936580036651E+00
 0.106429496006238E+00
 0.110764985090859E+00
 0.114921425541579E+00
 0.118878084680354E+00
 0.122614966267550E+00
 0.126112621455861E+00
 0.129352033227862E+00
 0.132314656259896E+00
 0.134982624922523E+00
 0.137339066044880E+00
 0.139368409016169E+00
 0.141056594913663E+00
 0.142391140742151E+00
 0.143361083547544E+00
 0.143956876674056E+00
 0.144170316341664E+00
 0.143994544529192E+00
 0.143424125768892E+00
 0.142455156645772E+00
 0.141085353577196E+00
 0.139314077958492E+00
 0.137142287842181E+00
 0.134572437801526E+00
 0.131608371027840E+00
 0.128255251960612E+00
 0.124730010281882E+00
 0.121349241807800E+00
 0.118131514611207E+00
 0.115020732391044E+00
 0.112047402866958E+00
 0.109199156062801E+00
 0.106459454421878E+00
 0.103818743636981E+00
 0.101285540196052E+00
 0.988461788243453E-01
 0.964951698275282E-01
 0.942418976625897E-01
 0.920788273171522E-01
 0.899935175727401E-01
 0.879643730316652E-01
 0.860159287508915E-01
 0.867826494833711E-01
 0.879124436579603E-01
 0.888150231801840E-01
 0.894820585009755E-01
 0.899061222092896E-01
 0.900808611617989E-01
 0.900011030637622E-01
 0.896628873164768E-01
 0.890634434273468E-01
 0.882011512445710E-01
 0.870755051175713E-01
 0.856870845331421E-01
 0.840845434424123E-01
 0.825135829017517E-01
 0.826287425978989E-01
 0.890723432003418E-01
 0.952498702088947E-01
 0.101144847008665E+00
 0.106742091441587E+00
 0.112027585004983E+00
 0.116988390234796E+00
 0.121612656021693E+00
 0.125889709255032E+00
 0.129810197358828E+00
 0.133366230990742E+00
 0.136551480009284E+00
 0.139361193704075E+00
 0.141792142736336E+00
 0.143842509824953E+00
 0.145511780491456E+00
 0.146800692067962E+00
 0.147711279031639E+00
 0.148247007990141E+00
 0.148412945199040E+00
 0.148215871153035E+00
 0.147664270391489E+00
 0.146768177261154E+00
 0.145538923288930E+00
 0.143988873675381E+00
 0.142131236776498E+00
 0.139979985210673E+00
 0.137549867333837E+00
 0.134856446148355E+00
 0.131916099142293E+00
 0.128745944681470E+00
 0.125524929480828E+00
 0.122470305886427E+00
 0.119536299433212E+00
 0.116712126607683E+00
 0.113994811625221E+00
 0.111386698811756E+00
 0.108875355588740E+00
 0.106446315232970E+00
 0.104107066494431E+00
 0.101849216483873E+00
 0.996707035956979E-01
 0.975676575288628E-01
 0.955333844507458E-01
 0.956692836749692E-01
 0.969558327106254E-01
 0.979888071965650E-01
 0.987675112863429E-01
 0.992923206771249E-01
 0.995649889004988E-01
 0.995888080786535E-01
 0.993685715209269E-01
 0.989103510488158E-01
 0.982211652817243E-01
 0.973086506738496E-01
 0.961808385778047E-01
 0.948460926635786E-01
 0.933131941706790E-01
 0.916963116975405E-01
 0.901265797490102E-01
 0.885983110939627E-01
 0.871110456534648E-01
 0.856627593860879E-01
 0.842400621364988E-01
 0.828454790382699E-01
 0.814899111924343E-01
 0.801670822918736E-01
 0.788817794133136E-01
 0.776236233928046E-01
 0.763954809768879E-01
 0.751845721970269E-01
 0.740177411199404E-01
 0.728888882588819E-01
 0.717614985617945E-01
 0.706335685726415E-01
 0.695877133677951E-01
 0.685657232540864E-01
 0.675269897500894E-01
 0.665481813543266E-01
 0.654296202423923E-01
 0.641785022032996E-01
 0.628025203280770E-01
 0.613097229004265E-01
 0.597083851984597E-01
 0.580069263894967E-01
 0.562138869818795E-01
 0.543379570187384E-01
 0.523880247172975E-01
 0.503732105884428E-01
 0.483028629210376E-01
 0.462256335325598E-01
 0.442799635386379E-01
 0.422948270985803E-01
 0.402788305301127E-01
 0.382404862813425E-01
 0.361882322743787E-01
 0.341304755514358E-01
 0.320756408357272E-01
 0.300321937040978E-01
 0.280086045368338E-01
 0.260132329293878E-01
 0.240541430087661E-01
 0.221388943546678E-01
 0.202743713812180E-01
 0.184667044577204E-01
 0.167213026978897E-01
 0.150429770720726E-01
 0.136739739105391E-01
 0.132357591347964E-01
 0.128081244687743E-01
 0.126905435413127E-01
 0.165265046635531E-01
 0.205266319774465E-01
 0.246799858430331E-01
 0.289741723144601E-01
 0.333949749116675E-01
 0.379262350810355E-01
 0.425500658322963E-01
 0.472473562331707E-01
 0.519984127330014E-01
 0.567835349551990E-01
 0.615833580516642E-01
 0.663788931203470E-01
 0.711513163212593E-01
 0.758816455944869E-01
 0.805504679450704E-01
 0.851378367098694E-01
 0.896233719587375E-01
 0.939865081431352E-01
 0.982067785110856E-01
 0.102264025496868E+00
 0.106138476196891E+00
 0.109810697232271E+00
 0.113261508847511E+00
 0.116471963720662E+00
 0.119423469110460E+00
 0.122098063022244E+00
 0.124478777259914E+00
 0.126549969881009E+00
 0.128297512326928E+00
 0.129708773089134E+00
 0.130772424765963E+00
 0.131478175427349E+00
 0.131816554800746E+00
 0.131778859678749E+00
 0.131357296387787E+00
 0.130545283012969E+00
 0.129337821385972E+00
 0.127731834457466E+00
 0.125726385551460E+00
 0.123322737050946E+00
 0.120524250760654E+00
 0.117459867870264E+00
 0.114456572134750E+00
 0.111568191940066E+00
 0.108787857378235E+00
 0.106117926105164E+00
 0.103549653345797E+00
 0.101080976945361E+00
 0.987061146282477E-01
 0.964194304271967E-01
 0.942128583779897E-01
 0.920821111716384E-01
 0.900338820956713E-01
 0.880548739769779E-01
 0.861418440215604E-01
 0.842991731676515E-01
 0.825049269160679E-01
 0.807793897066208E-01
 0.819681757277529E-01
 0.831013624788512E-01
 0.840201948021372E-01
 0.847170205566128E-01
 0.851846440180915E-01
 0.854163028801171E-01
 0.854057577435084E-01
 0.851474782202886E-01
 0.846368710150343E-01
 0.838704830143350E-01
 0.828461281471356E-01
 0.815629173210774E-01
 0.800863698077014E-01
 0.844494578815052E-01
 0.910058704745596E-01
 0.972807517616014E-01
 0.103250688815996E+00
 0.108893735160413E+00
 0.114189679750543E+00
 0.119120140284429E+00
 0.123668463421862E+00
 0.127819478005256E+00
 0.131559199285029E+00
 0.134874600231907E+00
 0.137753542952719E+00
 0.140184909246834E+00
 0.142158905212774E+00
 0.143667461205621E+00
 0.144704618850983E+00
 0.145266796759537E+00
 0.145352856034035E+00
 0.144963940940206E+00
 0.144103137808013E+00
 0.142775056642019E+00
 0.140985471092736E+00
 0.138741135770123E+00
 0.136049835871114E+00
 0.132920635592180E+00
 0.129636981488169E+00
 0.126471322342462E+00
 0.123425402792904E+00
 0.120488952445890E+00
 0.117671245651900E+00
 0.114943692974530E+00
 0.112313421725890E+00
 0.109780910780040E+00
 0.107333908421899E+00
 0.104969928629707E+00
 0.102698026890621E+00
 0.100491681605180E+00
 0.983551954532816E-01
 0.962933490537645E-01
 0.942948182413777E-01
 0.923768086880896E-01
 0.905067101582897E-01
 0.911675357026754E-01
 0.927918703014489E-01
 0.941158348458725E-01
 0.951346940132221E-01
 0.958446376839644E-01
 0.962428014061364E-01
 0.963273399760464E-01
 0.960975381122968E-01
 0.955539347259761E-01
 0.946984297197547E-01
 0.935343381331860E-01
 0.920663648359820E-01
 0.904579176386861E-01
 0.888949202227976E-01
 0.873734732526892E-01
 0.858657611198426E-01
 0.886549982860598E-01
 0.934244767536582E-01
 0.978379043921126E-01
 0.101884812311402E+00
 0.105556244329101E+00
 0.108844512332158E+00
 0.111742940701901E+00
 0.114245691309368E+00
 0.116347759214107E+00
 0.118045187349393E+00
 0.119335476419053E+00
 0.120218088827233E+00
 0.120694893062043E+00
 0.120770392406827E+00
 0.120451638146712E+00
 0.119747828856114E+00
 0.118669708430596E+00
 0.117228950966658E+00
 0.115437725525543E+00
 0.113308562650975E+00
 0.110854526449142E+00
 0.108156831497749E+00
 0.105484548600209E+00
 0.102929304104157E+00
 0.100474560611427E+00
 0.980995032857605E-01
 0.958150986686114E-01
 0.936041584882560E-01
 0.914858085076989E-01
 0.894388433506572E-01
 0.874609305352846E-01
 0.855540600538325E-01
 0.837128912022867E-01
 0.819316033339754E-01
 0.802150610757086E-01
 0.785592012730531E-01
 0.769475872729509E-01
 0.753864907675004E-01
 0.760108044436070E-01
 0.774250231720169E-01
 0.785676556174831E-01
 0.794383359825042E-01
 0.800379606147951E-01
 0.803685270738887E-01
 0.804329268998175E-01
 0.802347644831373E-01
 0.797782788446443E-01
 0.790684115473363E-01
 0.781110026258349E-01
 0.769130349567903E-01
 0.755488026517756E-01
 0.742423709175026E-01
 0.729308599865826E-01
 0.716721670422190E-01
 0.704396544257307E-01
 0.692609092469992E-01
 0.681014879788555E-01
 0.669644024400190E-01
 0.658494908982006E-01
 0.647619505842792E-01
 0.636912183711609E-01
 0.626711125716682E-01
 0.616921546416411E-01
 0.607230539167666E-01
 0.597483926997308E-01
 0.587974738859968E-01
 0.579209315265367E-01
 0.570371546404168E-01
 0.561274124131463E-01
 0.553206697801530E-01
 0.544975775027998E-01
 0.536455863870896E-01
 0.526322706901311E-01
 0.514643216661619E-01
 0.501488990772900E-01
 0.486935716703573E-01
 0.471062929340127E-01
 0.453954034414134E-01
 0.435696439254048E-01
 0.416832197210639E-01
 0.399446394185803E-01
 0.381106853104101E-01
 0.361905583263647E-01
 0.341937712164281E-01
 0.321300447305745E-01
 0.300092147389125E-01
 0.278411766714124E-01
 0.256358705145150E-01
 0.234032859155339E-01
 0.236298046577233E-01
 0.251628016290427E-01
 0.264908123362314E-01
 0.276007071205474E-01
 0.284811782291445E-01
 0.291225572770637E-01
 0.295166761018825E-01
 0.296566982809244E-01
 0.295369829403529E-01
 0.291530041887976E-01
 0.285018959558578E-01
 0.277369346140618E-01
 0.269937901503508E-01
 0.262863891219535E-01
 0.256049878056376E-01
 0.249465239142892E-01
 0.243110977658119E-01
 0.237003693899611E-01
 0.231179507118463E-01
 0.225535198013989E-01
 0.220069708491713E-01
 0.214952291944277E-01
 0.209901274757305E-01
 0.205027491218915E-01
 0.200331286572979E-01
 0.195677374717886E-01
 0.191298264186498E-01
 0.213610406414349E-01
 0.260718738893277E-01
 0.308878187857289E-01
 0.357909739824187E-01
 0.407629000354305E-01
 0.457845744077496E-01
 0.508364067834582E-01
 0.558983082368873E-01
 0.609497881390594E-01
 0.659700490133501E-01
 0.709380629201209E-01
 0.758326367330530E-01
 0.806324960648056E-01
 0.853164262338074E-01
 0.898634960520463E-01
 0.942533580895565E-01
 0.984665793029195E-01
 0.102484926547552E+00
 0.106291528722809E+00
 0.109870866924848E+00
 0.113208597168184E+00
 0.116291266692910E+00
 0.119106022285026E+00
 0.121640413451416E+00
 0.123882364478505E+00
 0.125820338773121E+00
 0.127443662745489E+00
 0.128742929939234E+00
 0.129710380591573E+00
 0.130340154990779E+00
 0.130628353374961E+00
 0.130572894305076E+00
 0.130173229800688E+00
 0.129430024046072E+00
 0.128344911805926E+00
 0.126920417390597E+00
 0.125160050275913E+00
 0.123068527875679E+00
 0.120652036154448E+00
 0.117918436157661E+00
 0.114880101483140E+00
 0.111810083758147E+00
 0.108871232325114E+00
 0.106051118700726E+00
 0.103354490181048E+00
 0.100761569542838E+00
 0.982698283035790E-01
 0.958703581367490E-01
 0.935596306969784E-01
 0.913569379699252E-01
 0.892432802983252E-01
 0.871956133506270E-01
 0.852135757014423E-01
 0.833060940526408E-01
 0.814604274562954E-01
 0.796755395963859E-01
 0.800714187603449E-01
 0.811217629731209E-01
 0.819618609448702E-01
 0.825867946737939E-01
 0.829924043279256E-01
 0.831754208662848E-01
 0.831335909485447E-01
 0.828657575303314E-01
 0.823718724506058E-01
 0.816529354287147E-01
 0.807108742626441E-01
 0.795483999721023E-01
 0.781725329509438E-01
 0.767270919065002E-01
 0.753482117273703E-01
 0.739880996766261E-01
 0.726724957685000E-01
 0.713852189929222E-01
 0.701319829477794E-01
 0.689071476861118E-01
 0.677231187441657E-01
 0.665710105040488E-01
 0.654371327469826E-01
 0.643346739215275E-01
 0.647381563964373E-01
 0.659947395615592E-01
 0.669686304794599E-01
 0.676631708719108E-01
 0.680838437700299E-01
 0.682382970565474E-01
 0.681360885726482E-01
 0.677881890023821E-01
 0.672063700684000E-01
 0.664026616534887E-01
 0.653890548497053E-01
 0.641787843628240E-01
 0.628510487210757E-01
 0.615294630870138E-01
 0.602502663481841E-01
 0.590003116807114E-01
 0.577920527298218E-01
 0.566139485603330E-01
 0.554812283623634E-01
 0.543837782093468E-01
 0.533146082315398E-01
 0.522700625837400E-01
 0.512645287282355E-01
 0.502886966498952E-01
 0.493474823494325E-01
 0.484292457279499E-01
 0.475304633538848E-01
 0.466581673509538E-01
 0.458165291074623E-01
 0.449980315782587E-01
 0.457454840943682E-01
 0.467650734558583E-01
 0.475928248034451E-01
 0.482295115507971E-01
 0.486769581466678E-01
 0.489381648313999E-01
 0.490173227019732E-01
 0.489197104118766E-01
 0.486515091335629E-01
 0.482196009219448E-01
 0.476314166956708E-01
 0.469067111400536E-01
 0.461518653224327E-01
 0.454177898445924E-01
 0.446847143105889E-01
 0.439762626499253E-01
 0.432805737592788E-01
 0.426047568719336E-01
 0.419485977383951E-01
 0.412967403434394E-01
 0.406523819514199E-01
 0.412385798518851E-01
 0.446323471917262E-01
 0.482211637527710E-01
 0.519904605254180E-01
 0.559248272125600E-01
 0.600078461603861E-01
 0.642218200830832E-01
 0.685475426666517E-01
 0.729642522914448E-01
 0.774498395421421E-01
 0.819812765656633E-01
 0.865351435332490E-01
 0.910880841282315E-01
 0.956170469811193E-01
 0.100099253043207E+00
 0.104511935688188E+00
 0.108831987960320E+00
 0.113035686406833E+00
 0.117098631791039E+00
 0.120995966771620E+00
 0.124702830747287E+00
 0.128194930143776E+00
 0.131449068650831E+00
 0.134443507796242E+00
 0.137158101763155E+00
 0.139574240290553E+00
 0.141674702181690E+00
 0.143443541587640E+00
 0.144866094194169E+00
 0.145929119357684E+00
 0.146621020873328E+00
 0.146932046555700E+00
 0.146854373026507E+00
 0.146382032640232E+00
 0.145510710814608E+00
 0.144237502493227E+00
 0.142560739893437E+00
 0.140479980133288E+00
 0.137996180701671E+00
 0.135112018174194E+00
 0.131832250489406E+00
 0.128164006593715E+00
 0.124116913605536E+00
 0.119971086809822E+00
 0.115995767185175E+00
 0.112161446994354E+00
 0.108513286252840E+00
 0.104991085939748E+00
 0.101602219514200E+00
 0.983433975547016E-01
 0.952036559566463E-01
 0.921676646858606E-01
 0.892127175409557E-01
 0.864322532251749E-01
 0.837439192103326E-01
 0.811131413173436E-01
 0.785429633703928E-01
 0.761489420735232E-01
 0.737865899983140E-01
 0.729032781112449E-01
 0.730602522905822E-01
 0.730151980130728E-01
 0.727663518038498E-01
 0.723131552168884E-01
 0.716560863044799E-01
 0.707965256681777E-01
 0.697366942461506E-01
 0.684796647711608E-01
 0.670294202999265E-01
 0.653909222933194E-01
 0.635701555091997E-01
 0.660671968026764E-01
 0.713624449966862E-01
 0.763495216467659E-01
 0.810160073414576E-01
 0.853511529966572E-01
 0.893458513137717E-01
 0.929925843689155E-01
 0.962853681423982E-01
 0.992197198696193E-01
 0.101792668369082E+00
 0.104002810793938E+00
 0.105850396834629E+00
 0.107337403052281E+00
 0.108467555954928E+00
 0.109246277460433E+00
 0.109680555776768E+00
 0.109778775061930E+00
 0.109550553046478E+00
 0.109006628467692E+00
 0.108158813221317E+00
 0.107019991411053E+00
 0.105604125051814E+00
 0.103926223665130E+00
 0.102002251462234E+00
 0.998489719697214E-01
 0.974837539379490E-01
 0.949243750187872E-01
 0.921888572677323E-01
 0.892953530505912E-01
 0.862620781092035E-01
 0.831072694048525E-01
 0.798491368338763E-01
 0.765057832598648E-01
 0.730950835472981E-01
 0.696436166417388E-01
 0.663168881395965E-01
 0.631524569263179E-01
 0.601334625894411E-01
 0.572647475552886E-01
 0.545355855405765E-01
 0.519307659145823E-01
 0.494447564281544E-01
 0.470686171827551E-01
 0.447941247432023E-01
 0.426425378528241E-01
 0.405899656371779E-01
 0.386216904950131E-01
 0.367283100110368E-01
 0.349410332720035E-01
 0.340561080384583E-01
 0.333160493596570E-01
 0.324949055895107E-01
 0.316003345597431E-01
 0.306401193575950E-01
 0.296221476025976E-01
 0.285543584821596E-01
 0.274446630039531E-01
 0.263008514136000E-01
 0.251305046139295E-01
 0.239409234753033E-01
 0.227390828541469E-01
 0.215316091242121E-01
 0.203320602939271E-01
 0.191848851135766E-01
 0.180910524115449E-01
 0.170495280897990E-01
 0.160533171904516E-01
 0.151104333243289E-01
 0.142114707119312E-01
 0.133560678879290E-01
 0.125427004002141E-01
 0.117683101242668E-01
 0.110324745795093E-01
 0.103327312928582E-01
 0.967265662179680E-02
 0.904708566883751E-02
 0.845334508967647E-02
 0.788917518538434E-02
 0.735503526032245E-02
 0.685846864639337E-02
 0.697444055816453E-02
 0.707090915769612E-02
 0.714688369809141E-02
 0.720156387950579E-02
 0.723434494225079E-02
 0.724482032959967E-02
 0.723278155330857E-02
 0.730711683288884E-02
 0.754051719793947E-02
 0.774253206959707E-02
 0.791188870883582E-02
 0.804756605948806E-02
 0.814881033171980E-02
 0.821514678992747E-02
 0.824638687996099E-02
 0.824263045792507E-02
 0.820426360460202E-02
 0.813195305700844E-02
 0.802663841529730E-02
 0.788952293373623E-02
 0.772206305170517E-02
 0.752595620619454E-02
 0.730312617263150E-02
 0.705570532420938E-02
 0.678601363625682E-02
 0.649653475774545E-02
 0.618988979720924E-02
 0.586880955543098E-02
 0.553610582241512E-02
 0.519464216231738E-02
 0.484730442122852E-02
 0.449697106812798E-02
 0.414648341993128E-02
 0.379861584557765E-02
 0.345604614491595E-02
 0.312132645013789E-02
 0.279685512737261E-02
 0.248485019777032E-02
 0.218732476049072E-02
 0.190606476301480E-02
 0.164260934566041E-02
 0.139823387937207E-02
 0.117393579171099E-02
 0.970423280600885E-03
 0.788107023610707E-03
 0.627095003099697E-03
 0.487190528262744E-03
 0.367893518327976E-03
 0.268405055949694E-03
 0.187635197431985E-03
 0.124213965188148E-03
 0.765054031829278E-04
 0.426245111112317E-04
 0.204568169195026E-04
 0.768029617709461E-05
 0.178931442721198E-05
 0.120248614804363E-06
 0.712919205985573E-13
 0.000000000000000E+00
 0.000000000000000E+00
 0.000000000000000E+00
 0.000000000000000E+00
 0.000000000000000E+00
 0.000000000000000E+00
 0.000000000000000E+00
 0.000000000000000E+00
 0.000000000000000E+00
 0.000000000000000E+00
 0.000000000000000E+00
 0.000000000000000E+00
 0.000000000000000E+00
 0.000000000000000E+00
 0.000000000000000E+00
 0.000000000000000E+00
 0.000000000000000E+00
 0.000000000000000E+00
 0.000000000000000E+00
 0.000000000000000E+00
 0.000000000000000E+00
 0.000000000000000E+00
 0.000000000000000E+00
 0.000000000000000E+00
 0.000000000000000E+00
 0.000000000000000E+00
 0.000000000000000E+00
 0.000000000000000E+00
 0.000000000000000E+00
 0.000000000000000E+00
 0.000000000000000E+00
 0.000000000000000E+00
 0.000000000000000E+00
 0.000000000000000E+00
 0.000000000000000E+00
 0.000000000000000E+00
 0.000000000000000E+00
 0.000000000000000E+00
 0.000000000000000E+00
 0.000000000000000E+00
 0.000000000000000E+00
 0.000000000000000E+00
 0.000000000000000E+00
 0.000000000000000E+00
 0.000000000000000E+00
 0.000000000000000E+00
 0.000000000000000E+00
 0.000000000000000E+00
 0.000000000000000E+00
 0.000000000000000E+00
 0.000000000000000E+00
 0.000000000000000E+00
 0.000000000000000E+00
 0.000000000000000E+00
 0.000000000000000E+00
 0.000000000000000E+00
 0.000000000000000E+00
 0.000000000000000E+00
 0.000000000000000E+00
 0.000000000000000E+00
 0.000000000000000E+00
 0.000000000000000E+00
 0.000000000000000E+00
 0.000000000000000E+00
 0.000000000000000E+00
 0.000000000000000E+00
 0.000000000000000E+00
 0.000000000000000E+00
 0.000000000000000E+00
 0.000000000000000E+00
 0.000000000000000E+00
 0.000000000000000E+00
 0.000000000000000E+00
 0.000000000000000E+00
 0.000000000000000E+00
 0.000000000000000E+00
 0.000000000000000E+00
 0.000000000000000E+00
 0.000000000000000E+00
 0.000000000000000E+00
 0.000000000000000E+00
 0.000000000000000E+00
 0.000000000000000E+00
 0.000000000000000E+00
 0.000000000000000E+00
 0.000000000000000E+00
 0.000000000000000E+00
 0.000000000000000E+00
 0.000000000000000E+00
 0.000000000000000E+00
 0.000000000000000E+00
 0.000000000000000E+00
 0.000000000000000E+00
 0.000000000000000E+00
 0.000000000000000E+00
 0.000000000000000E+00
 0.000000000000000E+00
 0.000000000000000E+00
 0.000000000000000E+00
 0.000000000000000E+00
 0.000000000000000E+00
 0.000000000000000E+00
 0.000000000000000E+00
 0.000000000000000E+00
 0.000000000000000E+00
 0.000000000000000E+00
 0.000000000000000E+00
 0.000000000000000E+00
 0.000000000000000E+00
 0.000000000000000E+00
 0.000000000000000E+00
 0.000000000000000E+00
 0.000000000000000E+00
 0.000000000000000E+00
 0.000000000000000E+00
 0.000000000000000E+00
 0.000000000000000E+00
 0.000000000000000E+00
 0.000000000000000E+00
 0.000000000000000E+00
 0.000000000000000E+00
 0.000000000000000E+00
 0.000000000000000E+00
 0.000000000000000E+00
 0.000000000000000E+00
 0.000000000000000E+00
 0.000000000000000E+00
 0.000000000000000E+00
 0.000000000000000E+00
 0.000000000000000E+00
 0.000000000000000E+00
 0.000000000000000E+00
 0.000000000000000E+00
 0.000000000000000E+00
 0.000000000000000E+00
 0.000000000000000E+00
 0.000000000000000E+00
 0.000000000000000E+00
 0.000000000000000E+00
 0.000000000000000E+00
 0.000000000000000E+00
 0.000000000000000E+00
 0.000000000000000E+00
 0.000000000000000E+00
 0.000000000000000E+00
 0.000000000000000E+00
 0.000000000000000E+00
 0.000000000000000E+00
 0.000000000000000E+00
 0.000000000000000E+00
 0.000000000000000E+00
 0.000000000000000E+00
 0.000000000000000E+00
 0.000000000000000E+00
 0.000000000000000E+00
 0.000000000000000E+00
 0.000000000000000E+00
 0.000000000000000E+00
 0.000000000000000E+00
 0.000000000000000E+00
 0.000000000000000E+00
 0.000000000000000E+00
 0.000000000000000E+00
 0.000000000000000E+00
 0.000000000000000E+00
 0.000000000000000E+00
 0.000000000000000E+00
 0.000000000000000E+00
 0.000000000000000E+00
 0.000000000000000E+00
 0.000000000000000E+00
 0.000000000000000E+00
 0.000000000000000E+00
 0.000000000000000E+00
 0.000000000000000E+00
 0.000000000000000E+00
 0.000000000000000E+00
 0.000000000000000E+00
 0.000000000000000E+00
 0.000000000000000E+00
 0.000000000000000E+00
 0.000000000000000E+00
 0.000000000000000E+00
 0.000000000000000E+00
 0.000000000000000E+00
 0.000000000000000E+00
 0.000000000000000E+00
 0.000000000000000E+00
 0.000000000000000E+00
 0.000000000000000E+00
 0.000000000000000E+00
 0.000000000000000E+00
 0.000000000000000E+00
 0.000000000000000E+00
 0.000000000000000E+00
 0.000000000000000E+00
 0.000000000000000E+00
 0.000000000000000E+00
 0.000000000000000E+00
 0.000000000000000E+00
 0.000000000000000E+00
 0.000000000000000E+00
 0.000000000000000E+00
 0.000000000000000E+00
 0.000000000000000E+00
 0.000000000000000E+00
 0.000000000000000E+00
 0.000000000000000E+00
 0.000000000000000E+00
 0.000000000000000E+00
 0.000000000000000E+00
 0.000000000000000E+00
 0.000000000000000E+00
 0.000000000000000E+00
 0.000000000000000E+00
 0.000000000000000E+00
 0.000000000000000E+00
 0.000000000000000E+00
 0.000000000000000E+00
 0.000000000000000E+00
 0.000000000000000E+00
 0.000000000000000E+00
 0.000000000000000E+00
 0.000000000000000E+00
 0.000000000000000E+00
 0.000000000000000E+00
 0.000000000000000E+00
 0.000000000000000E+00
 0.000000000000000E+00
 0.000000000000000E+00
 0.000000000000000E+00
 0.000000000000000E+00
 0.000000000000000E+00
 0.000000000000000E+00
 0.000000000000000E+00
 0.000000000000000E+00
 0.000000000000000E+00
 0.000000000000000E+00
 0.000000000000000E+00
 0.000000000000000E+00
 0.000000000000000E+00
 0.000000000000000E+00
 0.000000000000000E+00
 0.000000000000000E+00
 0.000000000000000E+00
 0.000000000000000E+00
 0.000000000000000E+00
 0.000000000000000E+00
 0.000000000000000E+00
 0.000000000000000E+00
 0.000000000000000E+00
 0.000000000000000E+00
 0.000000000000000E+00
 0.000000000000000E+00
 0.000000000000000E+00
 0.000000000000000E+00
 0.000000000000000E+00
 0.000000000000000E+00
 0.000000000000000E+00
 0.000000000000000E+00
 0.000000000000000E+00
 0.000000000000000E+00
 0.000000000000000E+00
 0.000000000000000E+00
 0.000000000000000E+00
 0.000000000000000E+00
 0.000000000000000E+00
 0.000000000000000E+00
 0.000000000000000E+00
 0.000000000000000E+00
 0.000000000000000E+00
 0.000000000000000E+00
 0.000000000000000E+00
 0.000000000000000E+00
 0.000000000000000E+00
 0.000000000000000E+00
 0.000000000000000E+00
 0.000000000000000E+00
 0.000000000000000E+00
 0.000000000000000E+00
 0.000000000000000E+00
 0.000000000000000E+00
 0.000000000000000E+00
 0.000000000000000E+00
 0.000000000000000E+00
 0.000000000000000E+00
 0.000000000000000E+00
 0.000000000000000E+00
 0.000000000000000E+00
 0.000000000000000E+00
 0.000000000000000E+00
 0.000000000000000E+00
 0.000000000000000E+00
 0.000000000000000E+00
 0.000000000000000E+00
 0.000000000000000E+00
 0.000000000000000E+00
 0.000000000000000E+00
 0.000000000000000E+00
 0.000000000000000E+00
 0.000000000000000E+00
 0.000000000000000E+00
 0.000000000000000E+00
 0.000000000000000E+00
 0.000000000000000E+00
 0.000000000000000E+00
 0.000000000000000E+00
 0.000000000000000E+00
 0.000000000000000E+00
 0.000000000000000E+00
 0.000000000000000E+00
 0.000000000000000E+00
 0.000000000000000E+00
 0.000000000000000E+00
 0.000000000000000E+00
 0.000000000000000E+00
 0.000000000000000E+00
 0.000000000000000E+00
 0.000000000000000E+00
 0.000000000000000E+00
 0.000000000000000E+00
 0.000000000000000E+00
 0.000000000000000E+00
 0.000000000000000E+00
 0.000000000000000E+00
 0.000000000000000E+00
 0.000000000000000E+00
 0.000000000000000E+00
 0.000000000000000E+00
 0.000000000000000E+00
 0.000000000000000E+00
 0.000000000000000E+00
 0.000000000000000E+00
 0.000000000000000E+00
 0.000000000000000E+00
 0.000000000000000E+00
 0.000000000000000E+00
 0.000000000000000E+00
 0.000000000000000E+00
 0.000000000000000E+00
 0.000000000000000E+00
 0.000000000000000E+00
 0.000000000000000E+00
 0.000000000000000E+00
 0.000000000000000E+00
 0.000000000000000E+00
 0.000000000000000E+00
