 0.278204549208000E-10
 0.221396947799524E-08
 0.167910461520358E-07
 0.633267741812604E-07
 0.169949072227104E-06
 0.372731598092577E-06
 0.713368908818691E-06
 0.124275944082424E-05
 0.201368136658141E-05
 0.308408542330484E-05
 0.452326352448657E-05
 0.637953739475935E-05
 0.876200355145915E-05
 0.116911278038828E-04
 0.152959334952293E-04
 0.195981763309165E-04
 0.272626724668476E-04
 0.382197401423691E-04
 0.522309342362073E-04
 0.698151008252249E-04
 0.915182626843183E-04
 0.117906112104370E-03
 0.149555399228968E-03
 0.187044255455410E-03
 0.230941471767516E-03
 0.281794746586742E-03
 0.340117944931195E-03
 0.406377481304520E-03
 0.480978044547609E-03
 0.564247989245263E-03
 0.656424775072214E-03
 0.757640806743272E-03
 0.867909919956977E-03
 0.987114622811785E-03
 0.111499409772127E-02
 0.125113293217246E-02
 0.139495058591940E-02
 0.154569171687096E-02
 0.170241766827917E-02
 0.186399961475257E-02
 0.202911396155293E-02
 0.219624047331076E-02
 0.236366326545702E-02
 0.252947438597405E-02
 0.269728796799768E-02
 0.287111989079476E-02
 0.305004508040087E-02
 0.323615936514790E-02
 0.342771886487152E-02
 0.362514947133798E-02
 0.382805648672848E-02
 0.403611644074792E-02
 0.424983286111052E-02
 0.447092932526840E-02
 0.469753809937423E-02
 0.492735826940027E-02
 0.516377702387087E-02
 0.540634053869547E-02
 0.565227624372687E-02
 0.590404900379171E-02
 0.616278125738328E-02
 0.642108945708748E-02
 0.669086339125302E-02
 0.696331741716999E-02
 0.723510681772358E-02
 0.752255217244919E-02
 0.779839981531430E-02
 0.809832978557884E-02
 0.838687385619438E-02
 0.869080645399723E-02
 0.899073577429918E-02
 0.929930538098444E-02
 0.960930831678636E-02
 0.991573053797699E-02
 0.101869026270383E-01
 0.104182802564681E-01
 0.106053517391725E-01
 0.107436585701458E-01
 0.119024204119028E-01
 0.131417977539304E-01
 0.144008011889229E-01
 0.156729381381597E-01
 0.169512911599899E-01
 0.182285546256225E-01
 0.194970819295041E-01
 0.207489408192675E-01
 0.219759712070089E-01
 0.231698386271397E-01
 0.243220785966213E-01
 0.254241317371482E-01
 0.264673742084674E-01
 0.274431504333142E-01
 0.283428145469080E-01
 0.291577844292581E-01
 0.298796090161716E-01
 0.305000467100530E-01
 0.310640653529995E-01
 0.316176182954508E-01
 0.321707426724413E-01
 0.327124966617613E-01
 0.332498987600268E-01
 0.337846205012819E-01
 0.343186666962555E-01
 0.348468077421544E-01
 0.353670805385129E-01
 0.358712502016485E-01
 0.363778537042878E-01
 0.368813174477694E-01
 0.373805919902350E-01
 0.378609818023381E-01
 0.383517968716199E-01
 0.388354885971698E-01
 0.392956753277295E-01
 0.397815661499940E-01
 0.402234791928671E-01
 0.406881388075675E-01
 0.411449333922986E-01
 0.415602039456396E-01
 0.420339164963580E-01
 0.424061664477143E-01
 0.428885460429193E-01
 0.432571182218369E-01
 0.437133117973583E-01
 0.440805560910053E-01
 0.445040445297365E-01
 0.448641139809174E-01
 0.452374644670809E-01
 0.454483174136447E-01
 0.454919152577288E-01
 0.453642469472310E-01
 0.450620790862445E-01
 0.445829824032561E-01
 0.440013054230477E-01
 0.434249726187551E-01
 0.428538662111276E-01
 0.455039006106414E-01
 0.482225056193585E-01
 0.508303519695922E-01
 0.533176266942389E-01
 0.556752930625380E-01
 0.578950926185826E-01
 0.599695276851565E-01
 0.618918412289262E-01
 0.636560129420832E-01
 0.652567867264768E-01
 0.666897350258477E-01
 0.679513524141972E-01
 0.690391597462438E-01
 0.699517956220081E-01
 0.706890751984680E-01
 0.712520053721686E-01
 0.716427564942885E-01
 0.718646008063607E-01
 0.719218341709098E-01
 0.718196987008137E-01
 0.715643194339466E-01
 0.712182101645157E-01
 0.709104453060645E-01
 0.705733102216073E-01
 0.702367078573840E-01
 0.699072204569326E-01
 0.695791783268171E-01
 0.692471411693548E-01
 0.689189482083703E-01
 0.686000085780823E-01
 0.682821021630050E-01
 0.679707036413405E-01
 0.676544743276247E-01
 0.673465305623751E-01
 0.670256208225328E-01
 0.667210919777766E-01
 0.664314921803634E-01
 0.661067511891162E-01
 0.658062004532719E-01
 0.655130135347824E-01
 0.651567415745035E-01
 0.648942199593337E-01
 0.645455888842794E-01
 0.642569331536830E-01
 0.639330882119813E-01
 0.636139381083949E-01
 0.632997790314449E-01
 0.629565358916409E-01
 0.626452008227502E-01
 0.622456592533834E-01
 0.617050951554249E-01
 0.610309806816070E-01
 0.602313868590257E-01
 0.593149361331905E-01
 0.582907563578234E-01
 0.571684171730432E-01
 0.559578411711236E-01
 0.546692050898625E-01
 0.533128584488180E-01
 0.518992761035821E-01
 0.504390359821173E-01
 0.501563112155271E-01
 0.513395911813096E-01
 0.525802169905109E-01
 0.538669991856128E-01
 0.551880671139643E-01
 0.565309965527292E-01
 0.578829326996988E-01
 0.592306848490206E-01
 0.605607861162241E-01
 0.618595300839381E-01
 0.631130078582776E-01
 0.643071690133541E-01
 0.654279189103061E-01
 0.664612482423538E-01
 0.673933758841268E-01
 0.682108797099427E-01
 0.689007947058500E-01
 0.694506710376298E-01
 0.698486002782120E-01
 0.700832285245410E-01
 0.701437765911433E-01
 0.700200808385641E-01
 0.697026580083615E-01
 0.691827883214463E-01
 0.684526053781468E-01
 0.675051793852827E-01
 0.663345819019655E-01
 0.649359257737110E-01
 0.633848863467397E-01
 0.618757242263525E-01
 0.604255342338911E-01
 0.590611450992114E-01
 0.577456886983559E-01
 0.564732831803283E-01
 0.552557059301796E-01
 0.540903793351155E-01
 0.529663053384671E-01
 0.521842382240354E-01
 0.521426292646411E-01
 0.520140758802744E-01
 0.517877612833430E-01
 0.515202583453290E-01
 0.512351804129263E-01
 0.508471522092118E-01
 0.504222782309096E-01
 0.499800354984810E-01
 0.494304015847421E-01
 0.489093970118754E-01
 0.483125026607388E-01
 0.476821929241902E-01
 0.470473092573291E-01
 0.463395356061889E-01
 0.456753705495837E-01
 0.449165633786168E-01
 0.482028930459091E-01
 0.537972382603404E-01
 0.593381871635225E-01
 0.648069220766453E-01
 0.701847063653445E-01
 0.754528881820527E-01
 0.805928951772513E-01
 0.855862570041938E-01
 0.904146836187889E-01
 0.950602055526717E-01
 0.995053562496101E-01
 0.103733357492134E+00
 0.107728265710678E+00
 0.111475051430180E+00
 0.114959609928095E+00
 0.118168726847834E+00
 0.121090037151134E+00
 0.123712014233919E+00
 0.126024010448328E+00
 0.128016348157779E+00
 0.129680440825814E+00
 0.131008913565620E+00
 0.131995694865306E+00
 0.132636063584519E+00
 0.132926651477181E+00
 0.132865414127727E+00
 0.132451587844525E+00
 0.131685647296510E+00
 0.130595417326762E+00
 0.129410771907107E+00
 0.128241655043850E+00
 0.127068526072177E+00
 0.125934502820067E+00
 0.124794720566397E+00
 0.123657180996441E+00
 0.122522576164717E+00
 0.121380399407558E+00
 0.120319253774234E+00
 0.119257065383726E+00
 0.118171061548000E+00
 0.117095656698736E+00
 0.116062696165872E+00
 0.115040800623773E+00
 0.113993859949464E+00
 0.113015270645366E+00
 0.112012286258477E+00
 0.111029832081937E+00
 0.110099709399877E+00
 0.109078226603315E+00
 0.108222516274787E+00
 0.107280173775267E+00
 0.106386618508772E+00
 0.105518131754812E+00
 0.104604814366896E+00
 0.103804717031275E+00
 0.102885164101904E+00
 0.102137498161499E+00
 0.101226692172627E+00
 0.100505981470118E+00
 0.995300308015650E-01
 0.983010535110948E-01
 0.968222398310202E-01
 0.950976531620728E-01
 0.931321426264943E-01
 0.909313167695747E-01
 0.885015802251848E-01
 0.859559914959185E-01
 0.835063693116011E-01
 0.811537363925590E-01
 0.788937344863600E-01
 0.776625319099895E-01
 0.770914451520099E-01
 0.765170969555187E-01
 0.759343858571034E-01
 0.756931521003430E-01
 0.773034266995362E-01
 0.786087247485040E-01
 0.796105264524538E-01
 0.803114868703356E-01
 0.807153678544803E-01
 0.808270096414521E-01
 0.806523427599709E-01
 0.801984301057359E-01
 0.794895244291084E-01
 0.787281710909142E-01
 0.779899665458347E-01
 0.772479259363506E-01
 0.765354491529271E-01
 0.758327626057137E-01
 0.751313899012031E-01
 0.744256685428324E-01
 0.737444912701989E-01
 0.731024760139732E-01
 0.724595305383004E-01
 0.717910551520698E-01
 0.711610920802362E-01
 0.705522990358239E-01
 0.699240072901986E-01
 0.693314546420127E-01
 0.687650905064108E-01
 0.681440724122336E-01
 0.676122091645338E-01
 0.670573257626806E-01
 0.664850293807819E-01
 0.659936002785501E-01
 0.653815107242446E-01
 0.649595359037832E-01
 0.643880879958924E-01
 0.639551545190630E-01
 0.634189211395180E-01
 0.629820004229843E-01
 0.624719559826363E-01
 0.620355737154127E-01
 0.615496349951508E-01
 0.610693658117998E-01
 0.603903778506571E-01
 0.595201489353912E-01
 0.584670794650104E-01
 0.572826212936306E-01
 0.561214636498663E-01
 0.549954235310944E-01
 0.538986168756599E-01
 0.528413760873880E-01
 0.518154836108781E-01
 0.508135034341962E-01
 0.498379958729773E-01
 0.488906320427974E-01
 0.479693587525601E-01
 0.470717275974190E-01
 0.464874429559658E-01
 0.461893736292332E-01
 0.459366460148254E-01
 0.457642771166684E-01
 0.455257645313047E-01
 0.453802204282916E-01
 0.450913589841453E-01
 0.446634382613429E-01
 0.441924646811522E-01
 0.438513593627963E-01
 0.477123663642570E-01
 0.519149634567332E-01
 0.561847607934248E-01
 0.605029925341110E-01
 0.648507457791288E-01
 0.692089966305142E-01
 0.735586030109121E-01
 0.778802849712887E-01
 0.821546263527209E-01
 0.863621194973861E-01
 0.904832537015941E-01
 0.944986299495370E-01
 0.983890788106215E-01
 0.102135766635541E+00
 0.105720289941218E+00
 0.109124768440395E+00
 0.112331947008514E+00
 0.115325307498221E+00
 0.118089180232532E+00
 0.120608839973356E+00
 0.122870575091178E+00
 0.124861728559367E+00
 0.126570719169010E+00
 0.127987055985323E+00
 0.129101357262804E+00
 0.129905379073040E+00
 0.130392052278549E+00
 0.130555521558502E+00
 0.130391177559627E+00
 0.129895673044890E+00
 0.129066917114277E+00
 0.127904049260847E+00
 0.126407405837825E+00
 0.124578500073382E+00
 0.122467576130786E+00
 0.120387028140431E+00
 0.118385499117173E+00
 0.116430248535131E+00
 0.114572854011732E+00
 0.112781366936565E+00
 0.111042651906614E+00
 0.109361578268732E+00
 0.107738422907435E+00
 0.106157134899539E+00
 0.104629983619650E+00
 0.103153112239078E+00
 0.101697486119533E+00
 0.100328165607973E+00
 0.989767893877063E-01
 0.976252443583566E-01
 0.963813235660233E-01
 0.951619784064171E-01
 0.938874749417264E-01
 0.927921217220946E-01
 0.916430022979823E-01
 0.905192952677149E-01
 0.894875240565686E-01
 0.883504824769800E-01
 0.874243036423636E-01
 0.863751672054945E-01
 0.854640423400721E-01
 0.844922028978950E-01
 0.835609348765712E-01
 0.823902330661321E-01
 0.809808209093620E-01
 0.793345177321807E-01
 0.774543180682911E-01
 0.753443584480615E-01
 0.730097932090251E-01
 0.704566350781839E-01
 0.677021476180285E-01
 0.720022977009098E-01
 0.760399122095231E-01
 0.798050467027862E-01
 0.832889610423330E-01
 0.864841137607499E-01
 0.893841276250499E-01
 0.919837461715429E-01
 0.942788046781131E-01
 0.962662334904124E-01
 0.979440979695108E-01
 0.993116633967920E-01
 0.100369462148279E+00
 0.101119338346602E+00
 0.101564451118078E+00
 0.101709228064014E+00
 0.101559272923302E+00
 0.101135178891743E+00
 0.100621532050158E+00
 0.100109295090259E+00
 0.995600539486816E-01
 0.989950253820736E-01
 0.984316944961079E-01
 0.978649759596886E-01
 0.972950667713674E-01
 0.967183880062290E-01
 0.961291901402447E-01
 0.955380893319043E-01
 0.949282988560809E-01
 0.943344610097952E-01
 0.937223789226432E-01
 0.931465255994990E-01
 0.925533231561363E-01
 0.919268048085275E-01
 0.913674204277405E-01
 0.907869218278086E-01
 0.901682568397514E-01
 0.896346200682429E-01
 0.890001848030621E-01
 0.884806759258536E-01
 0.878915745532250E-01
 0.873407647243198E-01
 0.867948644321571E-01
 0.862253109232760E-01
 0.857071399002621E-01
 0.851272689713255E-01
 0.846272987994267E-01
 0.840490589528864E-01
 0.835539733599472E-01
 0.829212623078822E-01
 0.820836490373250E-01
 0.810483522167416E-01
 0.798232487307629E-01
 0.784167232740954E-01
 0.768403865662068E-01
 0.752313817744092E-01
 0.736576770573835E-01
 0.721209162505192E-01
 0.706217954765800E-01
 0.691565862851375E-01
 0.677441547728723E-01
 0.663634776375087E-01
 0.650163536337049E-01
 0.643188372245798E-01
 0.639363773356136E-01
 0.635337064754208E-01
 0.631622366394091E-01
 0.628030240351204E-01
 0.624134242868977E-01
 0.620446977009661E-01
 0.617016065045636E-01
 0.613100986734731E-01
 0.609710464509241E-01
 0.604830594405727E-01
 0.598505777208036E-01
 0.590784784195922E-01
 0.581720781075712E-01
 0.571371266603105E-01
 0.559797857754138E-01
 0.547066007961404E-01
 0.533244781089354E-01
 0.518406716790801E-01
 0.502627698968136E-01
 0.485986682680356E-01
 0.468565196177186E-01
 0.450446674600416E-01
 0.431715795154727E-01
 0.412457977250929E-01
 0.392759086291569E-01
 0.372705240630754E-01
 0.352382585481762E-01
 0.331876982457677E-01
 0.311273666013590E-01
 0.290656922213322E-01
 0.270109750064470E-01
 0.249713392758258E-01
 0.229546687704157E-01
 0.209685350377024E-01
 0.190201421454159E-01
 0.171163042910778E-01
 0.152634523449863E-01
 0.135244432349178E-01
 0.120137116316381E-01
 0.118723805052852E-01
 0.143300029443899E-01
 0.169502346225492E-01
 0.197261040482102E-01
 0.226495570149896E-01
 0.257115417760150E-01
 0.289021008284603E-01
 0.322104589972645E-01
 0.356251011169312E-01
 0.391338377503053E-01
 0.427238614226042E-01
 0.463817962156397E-01
 0.500937396292733E-01
 0.538452907207435E-01
 0.576215589548824E-01
 0.614071577321579E-01
 0.651862010279821E-01
 0.689423299306367E-01
 0.726587890128622E-01
 0.763185522460994E-01
 0.799044771663603E-01
 0.833994574937326E-01
 0.867865516637093E-01
 0.900490797937654E-01
 0.931706937105189E-01
 0.961354290651842E-01
 0.989277477457217E-01
 0.101532577064027E+00
 0.103935351137290E+00
 0.106122058850424E+00
 0.108079301584789E+00
 0.109794362877235E+00
 0.111255290518106E+00
 0.112450987474630E+00
 0.113371301864949E+00
 0.114007102631585E+00
 0.114350331754621E+00
 0.114394035122520E+00
 0.114132384542621E+00
 0.113560704275475E+00
 0.112675506407656E+00
 0.111474528765740E+00
 0.109956766018547E+00
 0.108324828334045E+00
 0.106738509282179E+00
 0.105183435823597E+00
 0.103709494022855E+00
 0.102271102431508E+00
 0.100869715081619E+00
 0.995094093513758E-01
 0.981772059545371E-01
 0.968646319883773E-01
 0.956134169800925E-01
 0.944262904842858E-01
 0.932437172429642E-01
 0.920505979514745E-01
 0.909445126487675E-01
 0.898581724741536E-01
 0.887341381817066E-01
 0.877308235204730E-01
 0.867042126296404E-01
 0.856828335009594E-01
 0.847536381254136E-01
 0.837395474392651E-01
 0.828807759521504E-01
 0.819610427528207E-01
 0.810862346084961E-01
 0.802487174720363E-01
 0.793713063551473E-01
 0.786033014121246E-01
 0.777447238511100E-01
 0.770254796424034E-01
 0.761157847344489E-01
 0.749800782184978E-01
 0.736183521220996E-01
 0.720314192596449E-01
 0.702209627560426E-01
 0.681895992995782E-01
 0.710995611857528E-01
 0.755695714030148E-01
 0.797644027482530E-01
 0.836690662324581E-01
 0.872695005667200E-01
 0.905525833804728E-01
 0.935061730913179E-01
 0.961191889310095E-01
 0.983817231592224E-01
 0.100285166693109E+00
 0.101822322417975E+00
 0.102987481738249E+00
 0.103776449294505E+00
 0.104186515751567E+00
 0.104216394313216E+00
 0.103866147067972E+00
 0.103145065414374E+00
 0.102285290679344E+00
 0.101443510761354E+00
 0.100589365089845E+00
 0.997289134548470E-01
 0.988810238548170E-01
 0.980523631172552E-01
 0.972391724276752E-01
 0.964380409556442E-01
 0.956336445142334E-01
 0.947998317771069E-01
 0.939835646345338E-01
 0.932153426078497E-01
 0.924342239287712E-01
 0.916272637075272E-01
 0.908960274690698E-01
 0.901297956314559E-01
 0.893610796603804E-01
 0.886678519527408E-01
 0.878635041721248E-01
 0.872165343855360E-01
 0.864874965060824E-01
 0.857865338815674E-01
 0.851312250149068E-01
 0.843959393385140E-01
 0.838021893427148E-01
 0.830465019578889E-01
 0.825012033560107E-01
 0.817512315100653E-01
 0.812366952512539E-01
 0.805207900092164E-01
 0.799792237468043E-01
 0.791630752625042E-01
 0.780750921745312E-01
 0.767189519820941E-01
 0.750993511574193E-01
 0.732621202535318E-01
 0.755978616408832E-01
 0.799083391258164E-01
 0.839507763481856E-01
 0.877128655061830E-01
 0.911835526559476E-01
 0.943531483904853E-01
 0.972133915958265E-01
 0.997574600159238E-01
 0.101979937734457E+00
 0.103876762189633E+00
 0.105445176763708E+00
 0.106683707527071E+00
 0.107592167821422E+00
 0.108171679750390E+00
 0.108424694706008E+00
 0.108354997804589E+00
 0.107967689231350E+00
 0.107269142759177E+00
 0.106266945362404E+00
 0.104969823720533E+00
 0.103458533696227E+00
 0.101969798499595E+00
 0.100553227807260E+00
 0.991545268619637E-01
 0.978073177000397E-01
 0.965072722345961E-01
 0.952402652599804E-01
 0.940042171088754E-01
 0.928360205045410E-01
 0.916991401092310E-01
 0.905808470161108E-01
 0.894610732367413E-01
 0.884043161149085E-01
 0.873983273389886E-01
 0.863593588648018E-01
 0.853779879399537E-01
 0.844525324475282E-01
 0.834648151422993E-01
 0.826004612506718E-01
 0.817216880520095E-01
 0.808202306214583E-01
 0.800369570022472E-01
 0.791211107148378E-01
 0.784200457623333E-01
 0.775715037120707E-01
 0.768662641663069E-01
 0.760812508789589E-01
 0.753745618193706E-01
 0.746413903596137E-01
 0.738913812358920E-01
 0.729211993107969E-01
 0.717377298007254E-01
 0.703486450050523E-01
 0.687624177387541E-01
 0.669883189014102E-01
 0.650363790916154E-01
 0.629642768903755E-01
 0.609695617568588E-01
 0.590778165763035E-01
 0.572795264540150E-01
 0.566107933016838E-01
 0.561319357673052E-01
 0.556770669589673E-01
 0.552549444796350E-01
 0.548249083897505E-01
 0.543786954830730E-01
 0.539531468322215E-01
 0.535649487074032E-01
 0.531452088755507E-01
 0.527231566602929E-01
 0.523551856750598E-01
 0.519369114076036E-01
 0.515504916760197E-01
 0.510039341160183E-01
 0.503015690737697E-01
 0.494483862029654E-01
 0.484500283992387E-01
 0.473127506333788E-01
 0.460433446301380E-01
 0.446490480643486E-01
 0.431374640819336E-01
 0.415165091101667E-01
 0.397943906428043E-01
 0.379796027727330E-01
 0.360809222886429E-01
 0.341073918710133E-01
 0.320682851917113E-01
 0.315372148839332E-01
 0.336717776334833E-01
 0.356869660144305E-01
 0.375685918884129E-01
 0.393030743378016E-01
 0.408776130328393E-01
 0.422803267900622E-01
 0.435003340445220E-01
 0.445277758677152E-01
 0.453538022426130E-01
 0.459705514689400E-01
 0.463711487155322E-01
 0.465497350810902E-01
 0.465015191317627E-01
 0.462228276611548E-01
 0.457111296099537E-01
 0.449650190162246E-01
 0.439841632430117E-01
 0.429196140139041E-01
 0.419011218752317E-01
 0.409042021131593E-01
 0.399692339316380E-01
 0.390616852751228E-01
 0.381836658876920E-01
 0.373395996121140E-01
 0.365244503368163E-01
 0.357458742712413E-01
 0.349974416559641E-01
 0.342791547110638E-01
 0.335761138484176E-01
 0.329157473207434E-01
 0.322729841276384E-01
 0.316374979716198E-01
 0.310317110046795E-01
 0.304692177449480E-01
 0.298854468358922E-01
 0.294659757674740E-01
 0.290381155212578E-01
 0.286643004828149E-01
 0.282058824091526E-01
 0.292362800690933E-01
 0.334345752990380E-01
 0.375862322877276E-01
 0.416743746278721E-01
 0.456824598909590E-01
 0.495943486956505E-01
 0.533943549907365E-01
 0.570672739996388E-01
 0.605983856371946E-01
 0.639734355689663E-01
 0.671786045291855E-01
 0.702004865971111E-01
 0.730261027387421E-01
 0.756429709481261E-01
 0.780392376705731E-01
 0.802038530005462E-01
 0.821267550764503E-01
 0.837990260671533E-01
 0.852129946617632E-01
 0.863622809049077E-01
 0.872417972098259E-01
 0.878477261264012E-01
 0.881774907660528E-01
 0.882297246990183E-01
 0.880042425640313E-01
 0.875020129767567E-01
 0.867441073491531E-01
 0.859346531615041E-01
 0.851381962514140E-01
 0.843415339980903E-01
 0.835653551887054E-01
 0.827909691916640E-01
 0.820187852605762E-01
 0.812392334754049E-01
 0.804502600780345E-01
 0.797216688881179E-01
 0.789909471515111E-01
 0.782452122709634E-01
 0.775217964816040E-01
 0.768036059559731E-01
 0.760979549935345E-01
 0.753999348273193E-01
 0.747297545536686E-01
 0.740427295418221E-01
 0.733893346211282E-01
 0.727493904378059E-01
 0.720464054524388E-01
 0.714794247175116E-01
 0.708282304443668E-01
 0.702450441316324E-01
 0.696438058201518E-01
 0.690438723625676E-01
 0.684946980798469E-01
 0.678907706539059E-01
 0.673814935225438E-01
 0.667811973122783E-01
 0.662942920644066E-01
 0.656449663594253E-01
 0.647975321140061E-01
 0.637550736958141E-01
 0.625214533271696E-01
 0.611011820986735E-01
 0.594993419563701E-01
 0.577569420454625E-01
 0.560574647556353E-01
 0.544257345167251E-01
 0.528522622141985E-01
 0.514814266672645E-01
 0.522811846565156E-01
 0.538618882115228E-01
 0.552200563076864E-01
 0.563552349201055E-01
 0.572679151898644E-01
 0.579595916094766E-01
 0.584328567410338E-01
 0.586915042365842E-01
 0.587406060898075E-01
 0.585865328362700E-01
 0.582368973103444E-01
 0.577068299207806E-01
 0.571492671716151E-01
 0.566014055423390E-01
 0.560632688446023E-01
 0.555452484619784E-01
 0.550260470363183E-01
 0.545117208677272E-01
 0.540006332482781E-01
 0.534915788529129E-01
 0.530160180527290E-01
 0.525366265044575E-01
 0.520568254986849E-01
 0.515939184942877E-01
 0.511262999468241E-01
 0.506700362070397E-01
 0.502367219362855E-01
 0.498017855959159E-01
 0.493571418306939E-01
 0.489631771879382E-01
 0.485632266887118E-01
 0.481357570909174E-01
 0.477833314623043E-01
 0.473586010533056E-01
 0.470293338997973E-01
 0.466339784706359E-01
 0.462964427874628E-01
 0.459331761014851E-01
 0.455960311105521E-01
 0.452557873560125E-01
 0.449242497498348E-01
 0.445951934846758E-01
 0.442293715867368E-01
 0.437269426074903E-01
 0.430949846434637E-01
 0.423411325861333E-01
 0.414886137019413E-01
 0.406471251634752E-01
 0.398287612732062E-01
 0.390378251553626E-01
 0.382645955297162E-01
 0.375195916842691E-01
 0.367905210910994E-01
 0.360797385911776E-01
 0.387595215201681E-01
 0.417247677571864E-01
 0.448643207080660E-01
 0.481670817114885E-01
 0.516207093981725E-01
 0.552117306038533E-01
 0.589256964594156E-01
 0.627473603383608E-01
 0.666608486074778E-01
 0.706497961760999E-01
 0.746974286176576E-01
 0.787865896045763E-01
 0.828997306785730E-01
 0.870188921784062E-01
 0.911257041287745E-01
 0.952014244998427E-01
 0.992270155679526E-01
 0.103183245312528E+00
 0.107050795506400E+00
 0.110810361849700E+00
 0.114442740209728E+00
 0.117928901596147E+00
 0.121250063614890E+00
 0.124387767296326E+00
 0.127323966448768E+00
 0.130041132960390E+00
 0.132522376000809E+00
 0.134751566365833E+00
 0.136713451201389E+00
 0.138393742294316E+00
 0.139779165870781E+00
 0.140857473510230E+00
 0.141617428555526E+00
 0.142048793637496E+00
 0.142142346347936E+00
 0.141889939454874E+00
 0.141284603121442E+00
 0.140320667738456E+00
 0.138993875874336E+00
 0.137301454714880E+00
 0.135242133968491E+00
 0.132868447300649E+00
 0.130520914700258E+00
 0.128281930625750E+00
 0.126084030976884E+00
 0.123991734318583E+00
 0.121982065623739E+00
 0.120029367519567E+00
 0.118129262883300E+00
 0.116296042640232E+00
 0.114531665290807E+00
 0.112843301392832E+00
 0.111183624817651E+00
 0.109543877464953E+00
 0.108007989776423E+00
 0.106505668745976E+00
 0.105001476666954E+00
 0.103592120125111E+00
 0.102236682960687E+00
 0.100817701013554E+00
 0.995760359383331E-01
 0.983060558813115E-01
 0.970389442569533E-01
 0.959025059132908E-01
 0.946415159464601E-01
 0.936092880139695E-01
 0.924515465122634E-01
 0.914226353563304E-01
 0.903502527032533E-01
 0.892929005786230E-01
 0.879770833124360E-01
 0.864018086033872E-01
 0.845669914939191E-01
 0.824734712865565E-01
 0.809675949020855E-01
 0.877704017362301E-01
 0.943364564660112E-01
 0.100647054167406E+00
 0.106684507881501E+00
 0.112432034777728E+00
 0.117873673062584E+00
 0.122994264944154E+00
 0.127779516797329E+00
 0.132216121199924E+00
 0.136291906623787E+00
 0.139995976724528E+00
 0.143318812818887E+00
 0.146252332861224E+00
 0.148789916958147E+00
 0.150926415161344E+00
 0.152658147654245E+00
 0.153982897398771E+00
 0.154899889654534E+00
 0.155409756007481E+00
 0.155514489916405E+00
 0.155217408689472E+00
 0.154523136382652E+00
 0.153444876844021E+00
 0.152219762061259E+00
 0.151005334251503E+00
 0.149779997721089E+00
 0.148542613364065E+00
 0.147327995712755E+00
 0.146118987397455E+00
 0.144923982498961E+00
 0.143763573958270E+00
 0.142610228680767E+00
 0.141444250665765E+00
 0.140280775608291E+00
 0.139136090213346E+00
 0.138033687782790E+00
 0.136872347199902E+00
 0.135793062795762E+00
 0.134720540235420E+00
 0.133572328763846E+00
 0.132570389388372E+00
 0.131518272740887E+00
 0.130456910764146E+00
 0.129489293180702E+00
 0.128365880718399E+00
 0.127495042115152E+00
 0.126451028293485E+00
 0.125555731047291E+00
 0.124568531110523E+00
 0.123659797970333E+00
 0.122721795477760E+00
 0.121811781341900E+00
 0.120913382820117E+00
 0.119933825824189E+00
 0.118670767409901E+00
 0.117130499865485E+00
 0.115320279279264E+00
 0.113248321759584E+00
 0.110923758583192E+00
 0.108356553327504E+00
 0.105594516696771E+00
 0.102882254313905E+00
 0.100266229086766E+00
 0.977407908184728E-01
 0.953061846668309E-01
 0.932222995386290E-01
 0.925887381393975E-01
 0.919850507537802E-01
 0.913706351187519E-01
 0.907337038700045E-01
 0.901300958234010E-01
 0.895620353910171E-01
 0.889528581247842E-01
 0.883551483303048E-01
 0.878183499567670E-01
 0.872157695383568E-01
 0.866617709805893E-01
 0.859047728260338E-01
 0.849486023464531E-01
 0.837976181183106E-01
 0.824567427510363E-01
 0.809315192962714E-01
 0.792281682575138E-01
 0.773536198519063E-01
 0.753155007098965E-01
 0.731220669326940E-01
 0.707820938443355E-01
 0.683047494532080E-01
 0.656994848819770E-01
 0.629759668899668E-01
 0.601440591275556E-01
 0.572138393012562E-01
 0.541956275572373E-01
 0.511000004999784E-01
 0.499937279132670E-01
 0.496254375807860E-01
 0.492091027790599E-01
 0.488753067425923E-01
 0.484966476812588E-01
 0.481306468341396E-01
 0.478007994849720E-01
 0.474151065547886E-01
 0.471241370755507E-01
 0.467253855009714E-01
 0.464554622158881E-01
 0.460767673825940E-01
 0.458040063887019E-01
 0.454421287409748E-01
 0.451710406907604E-01
 0.448223808103197E-01
 0.445197975630568E-01
 0.440859868892657E-01
 0.435302730840246E-01
 0.428688833563644E-01
 0.421872621271212E-01
 0.415148401711393E-01
 0.408485634535381E-01
 0.402049095325006E-01
 0.395680702689088E-01
 0.389414950309219E-01
 0.404929088320153E-01
 0.425288518196094E-01
 0.446648651824822E-01
 0.468897535070930E-01
 0.491917674238098E-01
 0.515587005850505E-01
 0.539779704239045E-01
 0.564366754874246E-01
 0.589216240183964E-01
 0.614193335833293E-01
 0.639160104876845E-01
 0.663975281794623E-01
 0.688494306329581E-01
 0.712569846518528E-01
 0.736052927467906E-01
 0.758794596668194E-01
 0.780647880952793E-01
 0.801469692125373E-01
 0.821122349217935E-01
 0.839474494105665E-01
 0.856401343475617E-01
 0.871784393797737E-01
 0.885510831946228E-01
 0.897472970835817E-01
 0.907568012419913E-01
 0.915698343514878E-01
 0.921772415190845E-01
 0.925706082601632E-01
 0.927424139265719E-01
 0.926861716738298E-01
 0.923965264895698E-01
 0.918692968469457E-01
 0.911014640441246E-01
 0.900911290716389E-01
 0.888374639701773E-01
 0.873844405049446E-01
 0.859657249011235E-01
 0.846095843996392E-01
 0.832759320059560E-01
 0.820002696177735E-01
 0.807642238535722E-01
 0.795626771584653E-01
 0.783912408042136E-01
 0.772668070261566E-01
 0.761674863583309E-01
 0.751174629431951E-01
 0.740754552035731E-01
 0.730672904327303E-01
 0.720988150222918E-01
 0.711491368523820E-01
 0.702006439848932E-01
 0.693372066852245E-01
 0.684540373521570E-01
 0.675861830663168E-01
 0.667932435308942E-01
 0.659442325677961E-01
 0.651915066121750E-01
 0.644354266316494E-01
 0.636709321719646E-01
 0.629835854275984E-01
 0.622150434726501E-01
 0.615975288916180E-01
 0.608823613130368E-01
 0.602632229521435E-01
 0.594717598015968E-01
 0.585073181658292E-01
 0.573698640637338E-01
 0.560599528649168E-01
 0.545787808403451E-01
 0.529282997843424E-01
 0.511113450451659E-01
 0.512625525870653E-01
 0.540622885384316E-01
 0.566166627678616E-01
 0.589152931695957E-01
 0.609488970124638E-01
 0.627094368534008E-01
 0.641902135094449E-01
 0.653859010901909E-01
 0.662925297611801E-01
 0.669074281497294E-01
 0.672291400432462E-01
 0.672573313473214E-01
 0.670426665003234E-01
 0.667844546729572E-01
 0.665049176343911E-01
 0.662059378547919E-01
 0.659124446700184E-01
 0.655944826504984E-01
 0.652522084323713E-01
 0.649257670004504E-01
 0.645987660677629E-01
 0.642531271083058E-01
 0.638735152627880E-01
 0.634922089860791E-01
 0.631570267269765E-01
 0.627633014851534E-01
 0.623844196695441E-01
 0.620266088627634E-01
 0.616011022339550E-01
 0.612590018273677E-01
 0.608839037214029E-01
 0.604939395683881E-01
 0.601469322733835E-01
 0.597051850517230E-01
 0.594033953240957E-01
 0.589698968344308E-01
 0.586587577130210E-01
 0.582539331353245E-01
 0.579193290516702E-01
 0.575409328409807E-01
 0.571956863025039E-01
 0.568367386718794E-01
 0.564927551966973E-01
 0.561420576791302E-01
 0.557582631615754E-01
 0.551627610059344E-01
 0.543582962890500E-01
 0.533808926310053E-01
 0.524935751859088E-01
 0.551781645146468E-01
 0.576292865521439E-01
 0.598370183375003E-01
 0.617923584681794E-01
 0.634873124387770E-01
 0.649149950213482E-01
 0.660697243023566E-01
 0.669470828801598E-01
 0.675439329063837E-01
 0.678583906779984E-01
 0.678897850955092E-01
 0.676386319415501E-01
 0.671066464501130E-01
 0.662967935144512E-01
 0.652158984497685E-01
 0.640779613001966E-01
 0.629938410388525E-01
 0.619325904350945E-01
 0.609232881256687E-01
 0.599438352294688E-01
 0.589933169057334E-01
 0.580755002015934E-01
 0.571766059412134E-01
 0.562881410387096E-01
 0.554662458338517E-01
 0.546826258165925E-01
 0.538913692316110E-01
 0.531169103502827E-01
 0.524044502707152E-01
 0.516870632497536E-01
 0.509760993377673E-01
 0.503375523861773E-01
 0.496538190580519E-01
 0.490395105247914E-01
 0.484445944303911E-01
 0.477976396259129E-01
 0.472828064688167E-01
 0.466379756416631E-01
 0.461768330852789E-01
 0.455909703193925E-01
 0.451257814403959E-01
 0.445872261091533E-01
 0.441292494612783E-01
 0.436274590588824E-01
 0.431283828641783E-01
 0.424294970557169E-01
 0.415348525864869E-01
 0.404817095835803E-01
 0.424946279659559E-01
 0.442557666329140E-01
 0.457561427546009E-01
 0.469878730149444E-01
 0.479441040205987E-01
 0.486189778916864E-01
 0.490076547566684E-01
 0.491063949213348E-01
 0.489348070046396E-01
 0.486908466181324E-01
 0.484541447436909E-01
 0.481889621798155E-01
 0.479160996725298E-01
 0.476446946951015E-01
 0.473755653200133E-01
 0.471111119225746E-01
 0.468435263131658E-01
 0.465578996527310E-01
 0.462419242110183E-01
 0.459457272051150E-01
 0.456823311466320E-01
 0.453608452787799E-01
 0.450733110123969E-01
 0.447993779841902E-01
 0.444543086987889E-01
 0.442014020958480E-01
 0.439077151371914E-01
 0.436019190804032E-01
 0.433446901933570E-01
 0.429918978314046E-01
 0.427840561717700E-01
 0.424417384680904E-01
 0.422293962181914E-01
 0.419181360325830E-01
 0.416890066380723E-01
 0.413899281064950E-01
 0.456967987244132E-01
 0.501493640093712E-01
 0.544879109712062E-01
 0.586922105593775E-01
 0.627427046922890E-01
 0.666207565758546E-01
 0.703087955990356E-01
 0.737903473993728E-01
 0.770499693474708E-01
 0.800731336624419E-01
 0.828461099244111E-01
 0.853558944925148E-01
 0.875902179879721E-01
 0.895376378320914E-01
 0.911876969657872E-01
 0.925311094845077E-01
 0.935599257586767E-01
 0.942676375050868E-01
 0.946492052924188E-01
 0.947010185428683E-01
 0.944208192539670E-01
 0.938076264575131E-01
 0.928616883656707E-01
 0.915844711417341E-01
 0.901254604225980E-01
 0.887206573922683E-01
 0.873535213609343E-01
 0.860223987214574E-01
 0.847504214741021E-01
 0.835019081753387E-01
 0.822794596673994E-01
 0.811052631141107E-01
 0.799726305004736E-01
 0.788938218493224E-01
 0.778254168957586E-01
 0.767709644807118E-01
 0.757669229691149E-01
 0.748087476221617E-01
 0.738060491305139E-01
 0.729145332519884E-01
 0.720217109934116E-01
 0.710827965262669E-01
 0.702937614123916E-01
 0.694392511647138E-01
 0.686344102015026E-01
 0.678819657798997E-01
 0.670529400358743E-01
 0.663852083893515E-01
 0.655596278038623E-01
 0.649517941562612E-01
 0.641914459786964E-01
 0.635826252420692E-01
 0.628762671809426E-01
 0.622439024086754E-01
 0.613721134464048E-01
 0.602626980430410E-01
 0.610068700555647E-01
 0.654656722521305E-01
 0.696959083491068E-01
 0.736832060961818E-01
 0.774139589942432E-01
 0.808753429196562E-01
 0.840553894870223E-01
 0.869431123888439E-01
 0.895286664042206E-01
 0.918035077675925E-01
 0.937605213143871E-01
 0.953940849115836E-01
 0.967000551351105E-01
 0.976756785047896E-01
 0.983194552238803E-01
 0.986309994460419E-01
 0.986109434169957E-01
 0.982609185730003E-01
 0.975836187240769E-01
 0.966488655681263E-01
 0.957085762432033E-01
 0.947838130597483E-01
 0.938721955889592E-01
 0.929667882380537E-01
 0.920744641422354E-01
 0.911947250634561E-01
 0.903236920032676E-01
 0.894552830084599E-01
 0.886062733257906E-01
 0.877767274645119E-01
 0.869892978701668E-01
 0.861630892459492E-01
 0.853819926168678E-01
 0.846179847759171E-01
 0.838176547416666E-01
 0.830899161665119E-01
 0.823531605962640E-01
 0.815674452013240E-01
 0.808986659104833E-01
 0.801620831386914E-01
 0.794782836400500E-01
 0.788124798588583E-01
 0.780986411291107E-01
 0.775018625666812E-01
 0.767741100732593E-01
 0.762313961800477E-01
 0.755199661828512E-01
 0.749947582009362E-01
 0.743184856988313E-01
 0.737730266500012E-01
 0.729907742843955E-01
 0.719758793210281E-01
 0.707333039339276E-01
 0.692687345451103E-01
 0.675885326828032E-01
 0.657253836206754E-01
 0.638896862840010E-01
 0.621221167218381E-01
 0.604152202474868E-01
 0.607344566195990E-01
 0.632978075944393E-01
 0.656446070339662E-01
 0.677726758500797E-01
 0.696807580201519E-01
 0.713686961928971E-01
 0.728375704717572E-01
 0.740897599488150E-01
 0.751289128933862E-01
 0.759598404782964E-01
 0.765883707247674E-01
 0.770212068219263E-01
 0.772658252602399E-01
 0.773304284628338E-01
 0.772239423784798E-01
 0.769560313284662E-01
 0.765370967892149E-01
 0.759782346653095E-01
 0.752911423744272E-01
 0.744879853261685E-01
 0.735852463544651E-01
 0.726764036301387E-01
 0.718130790496301E-01
 0.709476448129946E-01
 0.700961976327169E-01
 0.692676967146025E-01
 0.684681827285808E-01
 0.676911786625417E-01
 0.669411411678963E-01
 0.662125266395830E-01
 0.654987375625540E-01
 0.648061642418857E-01
 0.641360518589869E-01
 0.634949723800505E-01
 0.628668396891983E-01
 0.622520448908639E-01
 0.616336150869919E-01
 0.610700660210683E-01
 0.604849149227840E-01
 0.599327743906143E-01
 0.594035831210502E-01
 0.588400469342421E-01
 0.583533068390482E-01
 0.578037667844882E-01
 0.573408912443071E-01
 0.568242248027271E-01
 0.563602573868895E-01
 0.558741616917290E-01
 0.553879080547741E-01
 0.554790144613047E-01
 0.564206538950715E-01
 0.574887079642431E-01
 0.586780834108067E-01
 0.599827159001754E-01
 0.613955597336454E-01
 0.629086032234473E-01
 0.645129075081575E-01
 0.661986695171736E-01
 0.679553096519607E-01
 0.697715770908697E-01
 0.716356544429408E-01
 0.735352383483213E-01
 0.754575804101264E-01
 0.773894911889339E-01
 0.793173283156189E-01
 0.812269970485383E-01
 0.831039844614009E-01
 0.849334331594532E-01
 0.867002473854259E-01
 0.883892200428316E-01
 0.899851718715437E-01
 0.914730967088921E-01
 0.928383039014582E-01
 0.940665416418770E-01
 0.951440804792504E-01
 0.960577418168281E-01
 0.967948729175993E-01
 0.973432907418895E-01
 0.976912309637701E-01
 0.978273381726927E-01
 0.977407189123564E-01
 0.974210580748292E-01
 0.968587800985647E-01
 0.960452249479234E-01
 0.949728061615221E-01
 0.936351234604417E-01
 0.920270145907014E-01
 0.901464727507224E-01
 0.882553311188979E-01
 0.864541374785203E-01
 0.847186460895851E-01
 0.830347063087481E-01
 0.814517042222642E-01
 0.799225206262649E-01
 0.784391234858505E-01
 0.769969712500923E-01
 0.756414760600144E-01
 0.743327328155389E-01
 0.730558781525644E-01
 0.717928692401984E-01
 0.706077980679344E-01
 0.694675983209612E-01
 0.683219243499629E-01
 0.672385636149997E-01
 0.662046780954678E-01
 0.651508904590827E-01
 0.641819606122133E-01
 0.632447976323367E-01
 0.622596943216104E-01
 0.614264962949185E-01
 0.605149041168715E-01
 0.597027623732107E-01
 0.588735892400677E-01
 0.580671617383195E-01
 0.573040353408839E-01
 0.564769742854948E-01
 0.607181220450378E-01
 0.672178224855673E-01
 0.736112121696185E-01
 0.798773369277399E-01
 0.859954347136214E-01
 0.919450813665854E-01
 0.977063321454488E-01
 0.103259842176431E+00
 0.108586956742418E+00
 0.113669771953236E+00
 0.118491175139432E+00
 0.123034879319190E+00
 0.127285464880335E+00
 0.131228434223267E+00
 0.134850275232967E+00
 0.138138523034669E+00
 0.141081810656565E+00
 0.143669906648802E+00
 0.145893745135659E+00
 0.147745455053514E+00
 0.149218389867952E+00
 0.150307152644036E+00
 0.151007611053099E+00
 0.151316904566776E+00
 0.151233456101836E+00
 0.150757003952516E+00
 0.149888662121646E+00
 0.148643446751587E+00
 0.147309907879465E+00
 0.146007162057026E+00
 0.144683556606772E+00
 0.143399336563670E+00
 0.142118448809302E+00
 0.140845030420833E+00
 0.139573506506162E+00
 0.138291889480291E+00
 0.137096869717618E+00
 0.135912370685406E+00
 0.134705499200250E+00
 0.133501259523998E+00
 0.132348097005912E+00
 0.131209809749618E+00
 0.130024186363377E+00
 0.128946277684181E+00
 0.127833505326883E+00
 0.126709409768282E+00
 0.125687969262982E+00
 0.124542127518686E+00
 0.123573011676488E+00
 0.122516430292382E+00
 0.121508265309544E+00
 0.120536373184703E+00
 0.119506724391895E+00
 0.118603686090241E+00
 0.117565334057642E+00
 0.116719302574808E+00
 0.115689441655782E+00
 0.114874490059156E+00
 0.113776537726981E+00
 0.112398167326507E+00
 0.110743214798249E+00
 0.108816814198886E+00
 0.106625316281935E+00
 0.104176121572286E+00
 0.101477494368946E+00
 0.986323686885389E-01
 0.958894670029000E-01
 0.932533400850428E-01
 0.907273619668361E-01
 0.888973721925759E-01
 0.882591508783447E-01
 0.876178615871121E-01
 0.869594250255862E-01
 0.863788780741388E-01
 0.857823975782955E-01
 0.851626513242108E-01
 0.845688487254454E-01
 0.840167455097092E-01
 0.834553666415150E-01
 0.838018213432393E-01
 0.838504821515729E-01
 0.836087498417497E-01
 0.830851847953678E-01
 0.823285676703468E-01
 0.815528148784539E-01
 0.807705047563597E-01
 0.800261207286250E-01
 0.792796058912185E-01
 0.785437405973055E-01
 0.778092689662867E-01
 0.770844985067912E-01
 0.763740363971961E-01
 0.756866561544384E-01
 0.750361854379997E-01
 0.743671548019379E-01
 0.737094195105828E-01
 0.730784932411000E-01
 0.724608810224416E-01
 0.718144333967052E-01
 0.712519689149630E-01
 0.706460003135691E-01
 0.700520308966075E-01
 0.695255188715224E-01
 0.688857530679248E-01
 0.684277359152050E-01
 0.678348149461613E-01
 0.673560138385743E-01
 0.668086840214016E-01
 0.663158471628704E-01
 0.657978951805596E-01
 0.653032699883915E-01
 0.648192240219658E-01
 0.643326225556936E-01
 0.638696780151808E-01
 0.633349893962471E-01
 0.626023252760637E-01
 0.616805203384948E-01
 0.605790173248295E-01
 0.593780078890262E-01
 0.582040789683919E-01
 0.570633490213828E-01
 0.559414774637771E-01
 0.548685582525297E-01
 0.538168772041193E-01
 0.527909446941533E-01
 0.517941568220911E-01
 0.508272717069804E-01
 0.498887346976831E-01
 0.489761700337579E-01
 0.483940565331861E-01
 0.481966428267168E-01
 0.479638301106828E-01
 0.478055773559424E-01
 0.475790378662139E-01
 0.473928545744528E-01
 0.470609647583772E-01
 0.465884627822105E-01
 0.459809342652507E-01
 0.455756684446961E-01
 0.487886645693782E-01
 0.525024085491270E-01
 0.562551529087390E-01
 0.600295736598464E-01
 0.638080916319066E-01
 0.675728423611158E-01
 0.713056891421439E-01
 0.749883089298619E-01
 0.786023523423425E-01
 0.821296462039462E-01
 0.855523897952707E-01
 0.888533036363964E-01
 0.920157147118307E-01
 0.950235874140967E-01
 0.978615222505468E-01
 0.100514744224283E+00
 0.102969098549759E+00
 0.105211070121607E+00
 0.107227843034711E+00
 0.109007409372499E+00
 0.110538718110049E+00
 0.111811832027818E+00
 0.112818047855614E+00
 0.113549944099734E+00
 0.114001350276706E+00
 0.114167265019783E+00
 0.114043769921882E+00
 0.113627981653707E+00
 0.112918061993645E+00
 0.111913278103793E+00
 0.110614086579961E+00
 0.109022209464209E+00
 0.107171523684663E+00
 0.105339534836045E+00
 0.103590097374776E+00
 0.101874775704102E+00
 0.100244189810027E+00
 0.986496058586717E-01
 0.971314865821734E-01
 0.956582556601341E-01
 0.942277268074315E-01
 0.928307563633013E-01
 0.914851881866701E-01
 0.901803416268259E-01
 0.889208288329508E-01
 0.877132628302699E-01
 0.865170689553989E-01
 0.853272322663038E-01
 0.842472128413059E-01
 0.831651953627126E-01
 0.820472408891735E-01
 0.810902986737763E-01
 0.800774844972255E-01
 0.791013478754671E-01
 0.781987238728471E-01
 0.772122677408975E-01
 0.764034346802689E-01
 0.754810831845171E-01
 0.746971010058599E-01
 0.738458890519297E-01
 0.730406713230186E-01
 0.720241477717602E-01
 0.707972891745822E-01
 0.693619657420193E-01
 0.677210311520911E-01
 0.658783680822822E-01
 0.638388628950357E-01
 0.616083146592751E-01
 0.591933159414859E-01
 0.567110358972230E-01
 0.596678602076864E-01
 0.624888014200895E-01
 0.650520147445940E-01
 0.673516940191788E-01
 0.693832047048589E-01
 0.711432273067174E-01
 0.726298524440996E-01
 0.738425877963424E-01
 0.747822640084446E-01
 0.754508636907790E-01
 0.758513290801443E-01
 0.759874139906053E-01
 0.758733094732649E-01
 0.756662134883154E-01
 0.754330406920216E-01
 0.751880321577855E-01
 0.749135023293632E-01
 0.746299163562484E-01
 0.743342624181670E-01
 0.740270019111511E-01
 0.736979099306214E-01
 0.733562749989500E-01
 0.730062926411333E-01
 0.726754772042627E-01
 0.723079752427722E-01
 0.719579249518044E-01
 0.715841465990673E-01
 0.711952069923264E-01
 0.708415786268975E-01
 0.704608098598427E-01
 0.700504185811990E-01
 0.697043186223247E-01
 0.692950946854055E-01
 0.689309959195664E-01
 0.685570027364577E-01
 0.681486767609192E-01
 0.678090528235218E-01
 0.673661349361143E-01
 0.670656711349091E-01
 0.666133385337920E-01
 0.663231378267345E-01
 0.658896475425564E-01
 0.655876222094211E-01
 0.651634632795885E-01
 0.648434415233716E-01
 0.643367883977860E-01
 0.636490789050623E-01
 0.627866360756241E-01
 0.617565334321209E-01
 0.606668234894599E-01
 0.595998127255273E-01
 0.585466190517497E-01
 0.575113694437071E-01
 0.564938464620846E-01
 0.554878320660381E-01
 0.544970058738994E-01
 0.535241623337089E-01
 0.525723786132675E-01
 0.516419808489941E-01
 0.507300843501351E-01
 0.502380067762714E-01
 0.500714794795452E-01
 0.498741113397655E-01
 0.496619826820483E-01
 0.494948188680157E-01
 0.492435903581009E-01
 0.488631391681532E-01
 0.483570481137395E-01
 0.478969371892897E-01
 0.475127414860214E-01
 0.470008340735253E-01
 0.463654981191243E-01
 0.456114227837661E-01
 0.447437151129851E-01
 0.437679269090149E-01
 0.426900807225316E-01
 0.415166770756329E-01
 0.402546706858435E-01
 0.389114129392643E-01
 0.374945672598291E-01
 0.360120114662443E-01
 0.344717451048773E-01
 0.328818176376124E-01
 0.312502844990455E-01
 0.295851864902908E-01
 0.278945409207859E-01
 0.261863343275079E-01
 0.254409325345140E-01
 0.255438201055053E-01
 0.254531696974977E-01
 0.252507909578481E-01
 0.250504459197334E-01
 0.248595042874733E-01
 0.246460843817883E-01
 0.244301433971379E-01
 0.242181483230147E-01
 0.240019048442783E-01
 0.237804635971800E-01
 0.235410332844355E-01
 0.233067356320862E-01
 0.231124125989124E-01
 0.228918175346508E-01
 0.226615810918743E-01
 0.224541266728578E-01
 0.222400479614274E-01
 0.220170922690425E-01
 0.218140446946888E-01
 0.215697818168512E-01
 0.213803710321529E-01
 0.211653366228197E-01
 0.245766383297193E-01
 0.288329754820402E-01
 0.331741218258800E-01
 0.375837379178538E-01
 0.420451881963238E-01
 0.465416207026820E-01
 0.510559420902233E-01
 0.555707164112452E-01
 0.600680471790620E-01
 0.645295046392159E-01
 0.689361384577597E-01
 0.732685865871747E-01
 0.775072680200374E-01
 0.816326334763272E-01
 0.856254388592681E-01
 0.894669985901745E-01
 0.931393743461872E-01
 0.966254672617339E-01
 0.999090099514722E-01
 0.102974488765524E+00
 0.105807049608614E+00
 0.108392440043471E+00
 0.110717017231200E+00
 0.112767819362602E+00
 0.114532674916371E+00
 0.116000319015637E+00
 0.117160496395799E+00
 0.118004044664076E+00
 0.118522959418848E+00
 0.118710442785745E+00
 0.118560935468469E+00
 0.118070136323365E+00
 0.117235022014591E+00
 0.116053883660038E+00
 0.114526388732604E+00
 0.112832921805099E+00
 0.111214444421605E+00
 0.109619039438734E+00
 0.108085624974017E+00
 0.106601851449314E+00
 0.105150834745741E+00
 0.103734089698058E+00
 0.102350787477452E+00
 0.101002998897799E+00
 0.997468043707717E-01
 0.985035115633924E-01
 0.972531197174083E-01
 0.960531242991427E-01
 0.949058580437439E-01
 0.937601490658810E-01
 0.926355149551141E-01
 0.915948984169310E-01
 0.904997640335058E-01
 0.894947838754788E-01
 0.885090489505583E-01
 0.874653322931908E-01
 0.865862281880561E-01
 0.855775892639067E-01
 0.847429039191722E-01
 0.838219332929785E-01
 0.829782570785601E-01
 0.821289528017362E-01
 0.812979061668767E-01
 0.805045827109623E-01
 0.796281551171331E-01
 0.785039576364490E-01
 0.771324567980001E-01
 0.755149722497926E-01
 0.736538145694398E-01
 0.715524000555069E-01
 0.761307978231529E-01
 0.808502256163819E-01
 0.852821268932948E-01
 0.894109062211292E-01
 0.932220226380926E-01
 0.967020893950055E-01
 0.998389762518699E-01
 0.102621889084055E+00
 0.105041412737324E+00
 0.107089520055546E+00
 0.108759561608657E+00
 0.110046251236560E+00
 0.110945655469749E+00
 0.111455188497717E+00
 0.111573614253422E+00
 0.111301061650714E+00
 0.110639060800085E+00
 0.109671217614071E+00
 0.108665779589619E+00
 0.107647482029554E+00
 0.106677928166360E+00
 0.105709386933129E+00
 0.104747681054644E+00
 0.103796975435682E+00
 0.102848259905656E+00
 0.101894215316805E+00
 0.100973046563363E+00
 0.100116953833348E+00
 0.992364193641882E-01
 0.983248008276452E-01
 0.974847597760342E-01
 0.966576115785595E-01
 0.957630425137069E-01
 0.949900224132469E-01
 0.941654948075829E-01
 0.933391983026259E-01
 0.926026584021473E-01
 0.917197327202696E-01
 0.910585492766475E-01
 0.902430705156067E-01
 0.895432527224420E-01
 0.887988625534542E-01
 0.880797758125194E-01
 0.873882031149808E-01
 0.866617228700799E-01
 0.860053646734690E-01
 0.852867231125321E-01
 0.846579143009637E-01
 0.838701864792009E-01
 0.828030705266242E-01
 0.814607643809178E-01
 0.798486975777905E-01
 0.779734433805459E-01
 0.759511497105911E-01
 0.750369919879621E-01
 0.793206217804334E-01
 0.833407582098736E-01
 0.870868381604328E-01
 0.905493149025564E-01
 0.937198993365972E-01
 0.965917844137989E-01
 0.991597810372781E-01
 0.101420325475603E+00
 0.103371365571789E+00
 0.105012175758241E+00
 0.106343171132144E+00
 0.107365781913446E+00
 0.108082418857599E+00
 0.108496523413526E+00
 0.108612668171665E+00
 0.108436660352487E+00
 0.107975603431143E+00
 0.107237886368033E+00
 0.106233093074245E+00
 0.104971851847773E+00
 0.103533525860419E+00
 0.102107746040701E+00
 0.100733536094782E+00
 0.993843130271810E-01
 0.980959105169529E-01
 0.968290033720012E-01
 0.956101738561609E-01
 0.944258534227290E-01
 0.932683832674841E-01
 0.921530535511066E-01
 0.910775012683539E-01
 0.900080646007698E-01
 0.889822586788004E-01
 0.879930485200218E-01
 0.870205635359384E-01
 0.860358992247518E-01
 0.851577006002716E-01
 0.842379213683265E-01
 0.833472982794412E-01
 0.825257334011170E-01
 0.816148093520370E-01
 0.808802507906252E-01
 0.800435007192889E-01
 0.792949921618985E-01
 0.785217104201824E-01
 0.777697591936927E-01
 0.770459484418747E-01
 0.763005672532512E-01
 0.756150816524264E-01
 0.748248942985795E-01
 0.738415698927968E-01
 0.726732852472350E-01
 0.713289541647023E-01
 0.698181716248257E-01
 0.681511068911939E-01
 0.663383840844651E-01
 0.643909911440305E-01
 0.623721552563134E-01
 0.604485896987179E-01
 0.586205277472754E-01
 0.575586762462643E-01
 0.571013661945043E-01
 0.566433892345211E-01
 0.561910675060299E-01
 0.557775542327528E-01
 0.553547155872041E-01
 0.549157698796878E-01
 0.545112039617407E-01
 0.541180062966710E-01
 0.536884661231999E-01
 0.533031670548233E-01
 0.529197206153389E-01
 0.524821520107402E-01
 0.519028076609178E-01
 0.511867003301980E-01
 0.503393434862708E-01
 0.493667674548346E-01
 0.482755109106331E-01
 0.470725873760943E-01
 0.457654368964575E-01
 0.443618737614016E-01
 0.428700342214243E-01
 0.412983215598712E-01
 0.396553454539802E-01
 0.398337737438019E-01
 0.408348676059360E-01
 0.417030203206108E-01
 0.424268174888645E-01
 0.429954030446506E-01
 0.433986124462156E-01
 0.436271113462812E-01
 0.436725029736205E-01
 0.435273838620411E-01
 0.431853513385589E-01
 0.426409854483278E-01
 0.418898346230983E-01
 0.409284268100479E-01
 0.397798534411004E-01
 0.386507323496860E-01
 0.375679970687938E-01
 0.365325198746314E-01
 0.356585625995696E-01
 0.357779452571892E-01
 0.358223152567010E-01
 0.358576037704258E-01
 0.358506573983210E-01
 0.357621857821317E-01
 0.356116235809343E-01
 0.354736474442219E-01
 0.352489989074797E-01
 0.349668940612693E-01
 0.346953890260728E-01
 0.343324785066738E-01
 0.339675623498268E-01
 0.335609510355275E-01
 0.331001942877304E-01
 0.326565234959276E-01
 0.321276821403363E-01
 0.316543894783643E-01
 0.317397869146123E-01
 0.361576481151557E-01
 0.405626039747465E-01
 0.449383510966229E-01
 0.492683386534060E-01
 0.535357375767677E-01
 0.577234793840578E-01
 0.618143698295835E-01
 0.657912657388081E-01
 0.696372898752972E-01
 0.733360502942893E-01
 0.768718289537741E-01
 0.802297107147887E-01
 0.833956383983677E-01
 0.863563999776190E-01
 0.890995748419488E-01
 0.916134796506330E-01
 0.938871535119322E-01
 0.959104048796758E-01
 0.976739143626918E-01
 0.991693611673050E-01
 0.100389529660978E+00
 0.101328363051815E+00
 0.101980958096326E+00
 0.102343523269116E+00
 0.102413337356413E+00
 0.102188734534076E+00
 0.101669121203061E+00
 0.100863349975548E+00
 0.999607178210219E-01
 0.990527127076761E-01
 0.981331949706083E-01
 0.972219570833901E-01
 0.963321309606275E-01
 0.954328886527690E-01
 0.945440304899044E-01
 0.936844690452937E-01
 0.928377946980677E-01
 0.919848089671297E-01
 0.911060345741819E-01
 0.902674654389533E-01
 0.894613219862409E-01
 0.886161064331094E-01
 0.878081020398873E-01
 0.870234477965831E-01
 0.861807472278649E-01
 0.854317033478642E-01
 0.846443184178556E-01
 0.838465212147455E-01
 0.831183202865248E-01
 0.822898975720720E-01
 0.816157451964809E-01
 0.808395035025159E-01
 0.801347063848707E-01
 0.794043623499360E-01
 0.786817510549200E-01
 0.779853075716217E-01
 0.772571202967492E-01
 0.765832406299118E-01
 0.758000741937066E-01
 0.748029570187254E-01
 0.735948493154774E-01
 0.721793548025614E-01
 0.705607712873017E-01
 0.687442199648370E-01
 0.667357794306297E-01
 0.646561469245428E-01
 0.626536836077847E-01
 0.607248603714072E-01
 0.588637197915404E-01
 0.579870742326894E-01
 0.582201099432294E-01
 0.598453981975132E-01
 0.612074489706717E-01
 0.623058838187914E-01
 0.631415658475211E-01
 0.637166756306498E-01
 0.640347770002055E-01
 0.641008446238897E-01
 0.639212391021725E-01
 0.635036329233840E-01
 0.628569032078837E-01
 0.620475664917387E-01
 0.612278116477137E-01
 0.604182210420211E-01
 0.596218387665870E-01
 0.588179547677098E-01
 0.580187514605165E-01
 0.572224058572039E-01
 0.564293111365707E-01
 0.556264015374383E-01
 0.548394510286500E-01
 0.540742250259707E-01
 0.533080990253747E-01
 0.525236650539274E-01
 0.517678983209078E-01
 0.510285553186045E-01
 0.502511377318811E-01
 0.495275959098588E-01
 0.487889756467532E-01
 0.480437997786328E-01
 0.473427780392019E-01
 0.465728041323089E-01
 0.459074407381470E-01
 0.451763953722848E-01
 0.444920730101311E-01
 0.437943020281862E-01
 0.430986822515283E-01
 0.424224030274882E-01
 0.417247709946910E-01
 0.410632138236031E-01
 0.403685984809997E-01
 0.397174686925758E-01
 0.389933719655334E-01
 0.381441237870722E-01
 0.371792329151697E-01
 0.361091884711617E-01
 0.350168533395722E-01
 0.339564503402165E-01
 0.329198365326594E-01
 0.319212749445797E-01
 0.309432560934454E-01
 0.299889346327688E-01
 0.290616504551250E-01
 0.281616119495068E-01
 0.272889486902296E-01
 0.264427062894566E-01
 0.256212440491428E-01
 0.250544186775043E-01
 0.245538453415714E-01
 0.240983586472317E-01
 0.236873083748496E-01
 0.248047664970848E-01
 0.267964459412413E-01
 0.288011932842669E-01
 0.308056155184042E-01
 0.327964940232004E-01
 0.347608828596185E-01
 0.366861837354307E-01
 0.385602015191938E-01
 0.403711879250006E-01
 0.421078814950030E-01
 0.437595519663054E-01
 0.453160564787342E-01
 0.467679117139214E-01
 0.481063792291909E-01
 0.493235536087205E-01
 0.504124388152732E-01
 0.513669996635493E-01
 0.521821816948474E-01
 0.528539009791960E-01
 0.533790127390436E-01
 0.537552723891866E-01
 0.539813034276012E-01
 0.540565829193313E-01
 0.539814477100585E-01
 0.537571154149823E-01
 0.533857070804864E-01
 0.528702559351848E-01
 0.522146896435984E-01
 0.514237808066106E-01
 0.505030696306683E-01
 0.494587705174301E-01
 0.482976777437742E-01
 0.470270828723121E-01
 0.456547093200688E-01
 0.441886614147177E-01
 0.426373803336734E-01
 0.410095991654709E-01
 0.393142923784245E-01
 0.375676098425788E-01
 0.358716978400242E-01
 0.342492104151078E-01
 0.326919443469786E-01
 0.311945793512405E-01
 0.297666313663129E-01
 0.283945521587956E-01
 0.270751913242411E-01
 0.258135037951912E-01
 0.246056540015446E-01
 0.234457461061703E-01
 0.223278963565632E-01
 0.212530144823543E-01
 0.202271468207573E-01
 0.192420741006838E-01
 0.182839519871913E-01
 0.173840192689125E-01
 0.165140640628113E-01
 0.156675195311624E-01
 0.148781215655259E-01
 0.141054194400400E-01
 0.133714387702178E-01
 0.126694851331918E-01
 0.119861498590789E-01
 0.113486380504962E-01
 0.107194305765751E-01
 0.101363376956110E-01
 0.956377685889649E-02
 0.902343944048253E-02
 0.847982651551804E-02
 0.793606296056065E-02
 0.739515408232565E-02
 0.685996922413206E-02
 0.633322436337283E-02
 0.581746251018417E-02
 0.569505720937369E-02
 0.576734028495070E-02
 0.579151854684685E-02
 0.577163381242257E-02
 0.571175456156295E-02
 0.561594658869912E-02
 0.548824451904596E-02
 0.533262357573744E-02
 0.515297131019229E-02
 0.495305943660719E-02
 0.473651649163484E-02
 0.450680259553090E-02
 0.426718777765219E-02
 0.402073493914670E-02
 0.377028771800651E-02
 0.351846272553114E-02
 0.326764520383562E-02
 0.301998717081096E-02
 0.277740738104568E-02
 0.254159273084774E-02
 0.231400099373654E-02
 0.209718363122281E-02
 0.189526798118725E-02
 0.170779638675290E-02
 0.153410086001529E-02
 0.137347845553079E-02
 0.122548110212759E-02
 0.108947535718874E-02
 0.964825692750043E-03
 0.850810965838538E-03
 0.747077858663495E-03
 0.653015123326415E-03
 0.567998863116146E-03
 0.491271240793545E-03
 0.422636238301677E-03
 0.361386075909279E-03
 0.306755759212775E-03
 0.258687122481180E-03
 0.216383339468500E-03
 0.179348104201824E-03
 0.147372761369770E-03
 0.119704149637920E-03
 0.961932246588922E-04
 0.762506613330747E-04
 0.595640724301868E-04
 0.457708183110043E-04
 0.344859810219292E-04
 0.254417911782207E-04
 0.182718816010905E-04
 0.127481651384054E-04
 0.856268813304592E-05
 0.550917411291356E-05
 0.334461053558729E-05
 0.188526166508832E-05
 0.963181145980916E-06
 0.429098316588944E-06
 0.155712780914658E-06
 0.400898492258856E-07
 0.512526127603889E-08
 0.623571891718676E-10
 0.000000000000000E+00
 0.000000000000000E+00
 0.000000000000000E+00
 0.000000000000000E+00
 0.000000000000000E+00
 0.000000000000000E+00
 0.000000000000000E+00
 0.000000000000000E+00
 0.000000000000000E+00
 0.000000000000000E+00
 0.000000000000000E+00
 0.000000000000000E+00
 0.000000000000000E+00
 0.000000000000000E+00
 0.000000000000000E+00
 0.000000000000000E+00
 0.000000000000000E+00
 0.000000000000000E+00
 0.000000000000000E+00
 0.000000000000000E+00
 0.000000000000000E+00
 0.000000000000000E+00
 0.000000000000000E+00
 0.000000000000000E+00
 0.000000000000000E+00
 0.000000000000000E+00
 0.000000000000000E+00
 0.000000000000000E+00
 0.000000000000000E+00
 0.000000000000000E+00
 0.000000000000000E+00
 0.000000000000000E+00
 0.000000000000000E+00
 0.000000000000000E+00
 0.000000000000000E+00
 0.000000000000000E+00
 0.000000000000000E+00
 0.000000000000000E+00
 0.000000000000000E+00
 0.000000000000000E+00
 0.000000000000000E+00
 0.000000000000000E+00
 0.000000000000000E+00
 0.000000000000000E+00
 0.000000000000000E+00
 0.000000000000000E+00
 0.000000000000000E+00
 0.000000000000000E+00
 0.000000000000000E+00
 0.000000000000000E+00
 0.000000000000000E+00
 0.000000000000000E+00
 0.000000000000000E+00
 0.000000000000000E+00
 0.000000000000000E+00
 0.000000000000000E+00
 0.000000000000000E+00
 0.000000000000000E+00
 0.000000000000000E+00
 0.000000000000000E+00
 0.000000000000000E+00
 0.000000000000000E+00
 0.000000000000000E+00
 0.000000000000000E+00
 0.000000000000000E+00
 0.000000000000000E+00
 0.000000000000000E+00
 0.000000000000000E+00
 0.000000000000000E+00
 0.000000000000000E+00
 0.000000000000000E+00
 0.000000000000000E+00
 0.000000000000000E+00
 0.000000000000000E+00
 0.000000000000000E+00
 0.000000000000000E+00
 0.000000000000000E+00
 0.000000000000000E+00
 0.000000000000000E+00
 0.000000000000000E+00
 0.000000000000000E+00
 0.000000000000000E+00
 0.000000000000000E+00
 0.000000000000000E+00
 0.000000000000000E+00
 0.000000000000000E+00
 0.000000000000000E+00
 0.000000000000000E+00
 0.000000000000000E+00
 0.000000000000000E+00
 0.000000000000000E+00
 0.000000000000000E+00
 0.000000000000000E+00
 0.000000000000000E+00
 0.000000000000000E+00
 0.000000000000000E+00
 0.000000000000000E+00
 0.000000000000000E+00
 0.000000000000000E+00
 0.000000000000000E+00
 0.000000000000000E+00
 0.000000000000000E+00
 0.000000000000000E+00
 0.000000000000000E+00
 0.000000000000000E+00
 0.000000000000000E+00
 0.000000000000000E+00
 0.000000000000000E+00
 0.000000000000000E+00
 0.000000000000000E+00
 0.000000000000000E+00
 0.000000000000000E+00
 0.000000000000000E+00
 0.000000000000000E+00
 0.000000000000000E+00
 0.000000000000000E+00
 0.000000000000000E+00
 0.000000000000000E+00
 0.000000000000000E+00
 0.000000000000000E+00
 0.000000000000000E+00
 0.000000000000000E+00
 0.000000000000000E+00
 0.000000000000000E+00
 0.000000000000000E+00
 0.000000000000000E+00
 0.000000000000000E+00
 0.000000000000000E+00
 0.000000000000000E+00
 0.000000000000000E+00
 0.000000000000000E+00
 0.000000000000000E+00
 0.000000000000000E+00
 0.000000000000000E+00
 0.000000000000000E+00
 0.000000000000000E+00
 0.000000000000000E+00
 0.000000000000000E+00
 0.000000000000000E+00
 0.000000000000000E+00
 0.000000000000000E+00
 0.000000000000000E+00
 0.000000000000000E+00
 0.000000000000000E+00
 0.000000000000000E+00
 0.000000000000000E+00
 0.000000000000000E+00
 0.000000000000000E+00
 0.000000000000000E+00
 0.000000000000000E+00
 0.000000000000000E+00
 0.000000000000000E+00
 0.000000000000000E+00
 0.000000000000000E+00
 0.000000000000000E+00
 0.000000000000000E+00
 0.000000000000000E+00
 0.000000000000000E+00
 0.000000000000000E+00
 0.000000000000000E+00
 0.000000000000000E+00
 0.000000000000000E+00
 0.000000000000000E+00
 0.000000000000000E+00
 0.000000000000000E+00
 0.000000000000000E+00
 0.000000000000000E+00
 0.000000000000000E+00
 0.000000000000000E+00
 0.000000000000000E+00
 0.000000000000000E+00
 0.000000000000000E+00
 0.000000000000000E+00
 0.000000000000000E+00
 0.000000000000000E+00
 0.000000000000000E+00
 0.000000000000000E+00
 0.000000000000000E+00
 0.000000000000000E+00
 0.000000000000000E+00
 0.000000000000000E+00
 0.000000000000000E+00
 0.000000000000000E+00
 0.000000000000000E+00
 0.000000000000000E+00
 0.000000000000000E+00
 0.000000000000000E+00
 0.000000000000000E+00
 0.000000000000000E+00
 0.000000000000000E+00
 0.000000000000000E+00
 0.000000000000000E+00
 0.000000000000000E+00
 0.000000000000000E+00
 0.000000000000000E+00
 0.000000000000000E+00
 0.000000000000000E+00
 0.000000000000000E+00
 0.000000000000000E+00
 0.000000000000000E+00
 0.000000000000000E+00
 0.000000000000000E+00
 0.000000000000000E+00
 0.000000000000000E+00
 0.000000000000000E+00
 0.000000000000000E+00
 0.000000000000000E+00
 0.000000000000000E+00
 0.000000000000000E+00
 0.000000000000000E+00
 0.000000000000000E+00
 0.000000000000000E+00
 0.000000000000000E+00
 0.000000000000000E+00
 0.000000000000000E+00
 0.000000000000000E+00
 0.000000000000000E+00
 0.000000000000000E+00
 0.000000000000000E+00
 0.000000000000000E+00
 0.000000000000000E+00
 0.000000000000000E+00
 0.000000000000000E+00
 0.000000000000000E+00
 0.000000000000000E+00
 0.000000000000000E+00
 0.000000000000000E+00
 0.000000000000000E+00
 0.000000000000000E+00
 0.000000000000000E+00
 0.000000000000000E+00
 0.000000000000000E+00
 0.000000000000000E+00
 0.000000000000000E+00
 0.000000000000000E+00
 0.000000000000000E+00
 0.000000000000000E+00
 0.000000000000000E+00
 0.000000000000000E+00
 0.000000000000000E+00
 0.000000000000000E+00
 0.000000000000000E+00
 0.000000000000000E+00
 0.000000000000000E+00
 0.000000000000000E+00
 0.000000000000000E+00
 0.000000000000000E+00
 0.000000000000000E+00
 0.000000000000000E+00
 0.000000000000000E+00
 0.000000000000000E+00
 0.000000000000000E+00
 0.000000000000000E+00
 0.000000000000000E+00
 0.000000000000000E+00
 0.000000000000000E+00
 0.000000000000000E+00
 0.000000000000000E+00
 0.000000000000000E+00
 0.000000000000000E+00
 0.000000000000000E+00
 0.000000000000000E+00
 0.000000000000000E+00
 0.000000000000000E+00
 0.000000000000000E+00
 0.000000000000000E+00
 0.000000000000000E+00
 0.000000000000000E+00
 0.000000000000000E+00
 0.000000000000000E+00
 0.000000000000000E+00
 0.000000000000000E+00
 0.000000000000000E+00
 0.000000000000000E+00
 0.000000000000000E+00
 0.000000000000000E+00
 0.000000000000000E+00
 0.000000000000000E+00
 0.000000000000000E+00
 0.000000000000000E+00
 0.000000000000000E+00
 0.000000000000000E+00
 0.000000000000000E+00
 0.000000000000000E+00
 0.000000000000000E+00
 0.000000000000000E+00
 0.000000000000000E+00
 0.000000000000000E+00
 0.000000000000000E+00
 0.000000000000000E+00
 0.000000000000000E+00
 0.000000000000000E+00
 0.000000000000000E+00
 0.000000000000000E+00
 0.000000000000000E+00
 0.000000000000000E+00
 0.000000000000000E+00
 0.000000000000000E+00
 0.000000000000000E+00
 0.000000000000000E+00
 0.000000000000000E+00
 0.000000000000000E+00
 0.000000000000000E+00
 0.000000000000000E+00
 0.000000000000000E+00
 0.000000000000000E+00
 0.000000000000000E+00
 0.000000000000000E+00
 0.000000000000000E+00
 0.000000000000000E+00
 0.000000000000000E+00
 0.000000000000000E+00
 0.000000000000000E+00
 0.000000000000000E+00
 0.000000000000000E+00
 0.000000000000000E+00
 0.000000000000000E+00
 0.000000000000000E+00
 0.000000000000000E+00
 0.000000000000000E+00
 0.000000000000000E+00
 0.000000000000000E+00
 0.000000000000000E+00
 0.000000000000000E+00
 0.000000000000000E+00
 0.000000000000000E+00
 0.000000000000000E+00
 0.000000000000000E+00
 0.000000000000000E+00
 0.000000000000000E+00
 0.000000000000000E+00
 0.000000000000000E+00
 0.000000000000000E+00
 0.000000000000000E+00
 0.000000000000000E+00
 0.000000000000000E+00
 0.000000000000000E+00
 0.000000000000000E+00
 0.000000000000000E+00
 0.000000000000000E+00
 0.000000000000000E+00
 0.000000000000000E+00
 0.000000000000000E+00
 0.000000000000000E+00
 0.000000000000000E+00
 0.000000000000000E+00
 0.000000000000000E+00
 0.000000000000000E+00
