 0.331133216056987E-10
 0.263772464728870E-08
 0.199644052713574E-07
 0.750417885035819E-07
 0.205616721650037E-06
 0.464176043288199E-06
 0.914344812583347E-06
 0.163327245431474E-05
 0.270965632418157E-05
 0.424193782420903E-05
 0.633585408076308E-05
 0.910132911614587E-05
 0.126487024485712E-04
 0.170843081324804E-04
 0.225054361103580E-04
 0.289947308610443E-04
 0.366141051177604E-04
 0.453982617789391E-04
 0.553479216774949E-04
 0.664228537443176E-04
 0.785348085122933E-04
 0.915682381464256E-04
 0.105786958453717E-03
 0.121309916741612E-03
 0.138155393860751E-03
 0.156332978860815E-03
 0.175964339223489E-03
 0.201908417868927E-03
 0.230800864575555E-03
 0.262058509756195E-03
 0.295625152356509E-03
 0.331815900469494E-03
 0.370725159782712E-03
 0.411778345378403E-03
 0.454957733935746E-03
 0.501182644125649E-03
 0.549109303389891E-03
 0.598997525135291E-03
 0.651569051451274E-03
 0.705090479123817E-03
 0.761311000449248E-03
 0.818613095466465E-03
 0.877446064561717E-03
 0.938017475904191E-03
 0.999073593450336E-03
 0.106877822281479E-02
 0.130315290179653E-02
 0.156401379256393E-02
 0.185234492371783E-02
 0.216896850835924E-02
 0.251452388493999E-02
 0.288944741853711E-02
 0.329395345768071E-02
 0.372801610220148E-02
 0.419135143126372E-02
 0.468340014302685E-02
 0.520331114224049E-02
 0.574992710813494E-02
 0.632177312728434E-02
 0.691704901402610E-02
 0.753362524386667E-02
 0.816904192876635E-02
 0.882051024363348E-02
 0.948491608932110E-02
 0.101588261937895E-01
 0.108384969920908E-01
 0.115198864800062E-01
 0.121986690829464E-01
 0.128702536637896E-01
 0.135298050202460E-01
 0.141722692309019E-01
 0.147924027704073E-01
 0.153848046711535E-01
 0.159439507351061E-01
 0.164709361028038E-01
 0.169967479420396E-01
 0.175229795386957E-01
 0.180571631695891E-01
 0.185920476060571E-01
 0.191291133793095E-01
 0.196680423010834E-01
 0.202079425285216E-01
 0.207467100114535E-01
 0.212851222273771E-01
 0.218375603338854E-01
 0.223860653404172E-01
 0.229249251303241E-01
 0.234751038736687E-01
 0.240269823178525E-01
 0.245643735043932E-01
 0.251182752999353E-01
 0.256681325377168E-01
 0.262003667438924E-01
 0.267607860984406E-01
 0.272954084222064E-01
 0.278436385531924E-01
 0.283899215006280E-01
 0.289179507247035E-01
 0.294747549542281E-01
 0.299845038641873E-01
 0.305498973239064E-01
 0.310570505972278E-01
 0.316144728524470E-01
 0.321216061132437E-01
 0.326574221832625E-01
 0.330989239427417E-01
 0.334401661855178E-01
 0.336755388935696E-01
 0.337998259567596E-01
 0.338082607060985E-01
 0.336965674223289E-01
 0.334618356697562E-01
 0.331789718494751E-01
 0.328959001090374E-01
 0.326181723692548E-01
 0.323394602739265E-01
 0.326999950245999E-01
 0.330920779095525E-01
 0.335102146362049E-01
 0.350725141455348E-01
 0.365240205140749E-01
 0.378560581875365E-01
 0.390605759397408E-01
 0.401302204435487E-01
 0.410584008775272E-01
 0.418393428823220E-01
 0.424681327707581E-01
 0.429407554139673E-01
 0.432565388047786E-01
 0.435119079232349E-01
 0.437595331416864E-01
 0.439904884502613E-01
 0.442096477605033E-01
 0.444286895394533E-01
 0.446328453062480E-01
 0.448352427857516E-01
 0.450375973283322E-01
 0.452286883761052E-01
 0.454004386009978E-01
 0.455567581160340E-01
 0.457197661121900E-01
 0.458830870776993E-01
 0.460037910631683E-01
 0.461525593373172E-01
 0.462933142974033E-01
 0.463886240880170E-01
 0.465330245184148E-01
 0.466209661674666E-01
 0.467296459791703E-01
 0.468355977359101E-01
 0.468915483353201E-01
 0.470118404612220E-01
 0.470238983170134E-01
 0.471552246436764E-01
 0.471543490163783E-01
 0.472678054606422E-01
 0.472669006385698E-01
 0.473507760690555E-01
 0.473433549149671E-01
 0.473799699411595E-01
 0.472462868786073E-01
 0.469446527406504E-01
 0.464784030318127E-01
 0.458746789954011E-01
 0.452577867353534E-01
 0.446479117825588E-01
 0.440523825427434E-01
 0.434503885945503E-01
 0.428722750544279E-01
 0.422961214882341E-01
 0.417249043783429E-01
 0.411602114671397E-01
 0.406018829148636E-01
 0.400485496488960E-01
 0.396707520234698E-01
 0.396304081152787E-01
 0.395680591330651E-01
 0.395782033580497E-01
 0.395716953620652E-01
 0.396036247753863E-01
 0.395431662455205E-01
 0.393505018548096E-01
 0.401054078976219E-01
 0.441882917910724E-01
 0.483951951797329E-01
 0.527086377545468E-01
 0.571103096901982E-01
 0.615811743343972E-01
 0.661015724089613E-01
 0.706513228198157E-01
 0.752098195132204E-01
 0.797561280371603E-01
 0.842690861876650E-01
 0.887274101153653E-01
 0.931098035051534E-01
 0.973950661199046E-01
 0.101562199683242E+00
 0.105590511604597E+00
 0.109459717896803E+00
 0.113150045210678E+00
 0.116642329817722E+00
 0.119918110814421E+00
 0.122959716701028E+00
 0.125750347569458E+00
 0.128274156764787E+00
 0.130516333946860E+00
 0.132463186485962E+00
 0.134102211676912E+00
 0.135422152676049E+00
 0.136413037448348E+00
 0.137066208169393E+00
 0.137374351645371E+00
 0.137331535876531E+00
 0.136933247556208E+00
 0.136176418470436E+00
 0.135059431380836E+00
 0.133582106092963E+00
 0.131745675841826E+00
 0.129580116632238E+00
 0.127411355303039E+00
 0.125313961606192E+00
 0.123284593709106E+00
 0.121301535886334E+00
 0.119410868415413E+00
 0.117574214291469E+00
 0.115800119811804E+00
 0.114082731387668E+00
 0.112429498376469E+00
 0.110827596707645E+00
 0.109245078139382E+00
 0.107722998263638E+00
 0.106253473710738E+00
 0.104823122461634E+00
 0.103379127641084E+00
 0.102074589166944E+00
 0.100764278324996E+00
 0.994283351804646E-01
 0.982558041765893E-01
 0.970063750458906E-01
 0.958531939691201E-01
 0.947286697469842E-01
 0.935629859770359E-01
 0.925513883786713E-01
 0.914066619068345E-01
 0.904741324201921E-01
 0.894129372303599E-01
 0.884595475438763E-01
 0.872528569604172E-01
 0.857935337788080E-01
 0.840832111487275E-01
 0.821244739035498E-01
 0.799208661408355E-01
 0.774769079735906E-01
 0.747980936513333E-01
 0.764368795858381E-01
 0.813526133814128E-01
 0.859955655394263E-01
 0.903538383401235E-01
 0.944166624399123E-01
 0.981744256410734E-01
 0.101618707193463E+00
 0.104742317096837E+00
 0.107539329745486E+00
 0.110005099809163E+00
 0.112136257455263E+00
 0.113930692294973E+00
 0.115387540286298E+00
 0.116507181266674E+00
 0.117291242722777E+00
 0.117742598014213E+00
 0.117865349948894E+00
 0.117664799853195E+00
 0.117147409644252E+00
 0.116443070011576E+00
 0.115718065915211E+00
 0.115002120685350E+00
 0.114265381337983E+00
 0.113518772671345E+00
 0.112769353970424E+00
 0.112017700582221E+00
 0.111258556588853E+00
 0.110493095776120E+00
 0.109729479998344E+00
 0.108978533028996E+00
 0.108233464860831E+00
 0.107471826294472E+00
 0.106728690800430E+00
 0.105994706661733E+00
 0.105225572235186E+00
 0.104518688653550E+00
 0.103789985656040E+00
 0.103055653401774E+00
 0.102377635979209E+00
 0.101587036570168E+00
 0.100971912615778E+00
 0.100235565369594E+00
 0.995854650132769E-01
 0.988953708063447E-01
 0.982238386882584E-01
 0.975708772577907E-01
 0.968900299723032E-01
 0.962649174368236E-01
 0.955860091114850E-01
 0.949797665414624E-01
 0.942423866112670E-01
 0.932801480408727E-01
 0.921001243551937E-01
 0.907101275921776E-01
 0.891186564909629E-01
 0.873348372989814E-01
 0.853893611913299E-01
 0.834628795801751E-01
 0.815935632094255E-01
 0.797718669701843E-01
 0.780177567749406E-01
 0.763048553396472E-01
 0.746345991075091E-01
 0.732893111016074E-01
 0.728486806857971E-01
 0.724004118328968E-01
 0.719334089183257E-01
 0.714889849216837E-01
 0.710745172420873E-01
 0.706260731356081E-01
 0.701848999737829E-01
 0.697871528375552E-01
 0.693359034089159E-01
 0.689288214675562E-01
 0.683583147994659E-01
 0.676288136587313E-01
 0.667452873676583E-01
 0.657132345355197E-01
 0.645386644425036E-01
 0.632280627529733E-01
 0.617883463785482E-01
 0.602268197100262E-01
 0.585511403253566E-01
 0.567692910182002E-01
 0.548895479169535E-01
 0.529204381413105E-01
 0.508706904504352E-01
 0.487491885911506E-01
 0.465649341010112E-01
 0.443270167511563E-01
 0.420445845662374E-01
 0.397268061713640E-01
 0.373828246251777E-01
 0.350217087854382E-01
 0.326524108641250E-01
 0.302837352011299E-01
 0.279243152210859E-01
 0.255825883965857E-01
 0.232667589996684E-01
 0.209847472729579E-01
 0.187441354820265E-01
 0.166458324875888E-01
 0.173267674173856E-01
 0.190697926913424E-01
 0.209700116999018E-01
 0.230238460750389E-01
 0.252266806192099E-01
 0.275728872989322E-01
 0.300558622571571E-01
 0.326680694916329E-01
 0.354010850219525E-01
 0.382456375181899E-01
 0.411916443338651E-01
 0.442282445627524E-01
 0.473438325701254E-01
 0.505260962127513E-01
 0.537620633909874E-01
 0.570381586077289E-01
 0.603402685655451E-01
 0.636538138841115E-01
 0.669638237028991E-01
 0.702550109313438E-01
 0.735118471721440E-01
 0.767186373298354E-01
 0.798595948443683E-01
 0.829189192362366E-01
 0.858808770478636E-01
 0.887298843911647E-01
 0.914505856097780E-01
 0.940279217430001E-01
 0.964471870953463E-01
 0.986940801154896E-01
 0.100754759776235E+00
 0.102615915781715E+00
 0.104264851521894E+00
 0.105689569718880E+00
 0.106878848793122E+00
 0.107822303789717E+00
 0.108510434036378E+00
 0.108934664608404E+00
 0.109087388209351E+00
 0.108962010474791E+00
 0.108552998090243E+00
 0.107855926865138E+00
 0.106867525859343E+00
 0.105585713556861E+00
 0.104038595177818E+00
 0.102493070228040E+00
 0.100987297329388E+00
 0.995357320193642E-01
 0.981139499856414E-01
 0.967329671499098E-01
 0.953981088974956E-01
 0.941086227130961E-01
 0.928553831824799E-01
 0.916284880471250E-01
 0.904129015514210E-01
 0.892480739702549E-01
 0.881247009387578E-01
 0.870235485848564E-01
 0.859212129709228E-01
 0.848954306343320E-01
 0.838710956747489E-01
 0.828439265347455E-01
 0.819085720441056E-01
 0.809283799666795E-01
 0.800191933928494E-01
 0.791323759454411E-01
 0.781940566932710E-01
 0.774070283179861E-01
 0.765073333348530E-01
 0.757559945361457E-01
 0.749257488762136E-01
 0.741799189497891E-01
 0.734067250168371E-01
 0.726376554108349E-01
 0.716594327368129E-01
 0.704713607661028E-01
 0.690735205432980E-01
 0.674667747575136E-01
 0.656528257005913E-01
 0.636342880530536E-01
 0.679333950171512E-01
 0.720210095611504E-01
 0.758376918443412E-01
 0.793690795600344E-01
 0.826018532526669E-01
 0.855238003749935E-01
 0.881238618788483E-01
 0.903921675743107E-01
 0.923200657640578E-01
 0.939001490312941E-01
 0.951262766178713E-01
 0.959935961258356E-01
 0.964985698758065E-01
 0.966390093356597E-01
 0.964141136055399E-01
 0.958265651381308E-01
 0.950955682140652E-01
 0.943596835627661E-01
 0.936274167032488E-01
 0.928815178815140E-01
 0.921414838808469E-01
 0.914138827868127E-01
 0.906966934131330E-01
 0.899836833659863E-01
 0.892601831600165E-01
 0.885067204092447E-01
 0.877958802474803E-01
 0.871301680824758E-01
 0.864094520633644E-01
 0.857040927972188E-01
 0.850527007692528E-01
 0.843327016093331E-01
 0.836763993576323E-01
 0.830374553706934E-01
 0.823185274766743E-01
 0.817412654187815E-01
 0.810364366933774E-01
 0.804599804094860E-01
 0.798172895787784E-01
 0.792051824966277E-01
 0.786160659512359E-01
 0.779845617559943E-01
 0.774376069989502E-01
 0.768009584182015E-01
 0.762854438944558E-01
 0.756560945793359E-01
 0.751569732378678E-01
 0.744642699847116E-01
 0.735092885891796E-01
 0.722953152983630E-01
 0.708266218305577E-01
 0.695821705478030E-01
 0.739126008150793E-01
 0.779899802126499E-01
 0.818010386681365E-01
 0.853336432533256E-01
 0.885768570514515E-01
 0.915209754900216E-01
 0.941575395043312E-01
 0.964793408444211E-01
 0.984804390918599E-01
 0.100156198594828E+00
 0.101503335439452E+00
 0.102519953799564E+00
 0.103205555241385E+00
 0.103561019480537E+00
 0.103588568755756E+00
 0.103291730936072E+00
 0.102675308855804E+00
 0.101745353528587E+00
 0.100509135400009E+00
 0.990335299425254E-01
 0.975721211769238E-01
 0.961656961664142E-01
 0.947931761526558E-01
 0.934531918951986E-01
 0.921585660374113E-01
 0.909145711749568E-01
 0.897175248056455E-01
 0.885601523759661E-01
 0.874302409321481E-01
 0.863101326919143E-01
 0.852253070312230E-01
 0.841911298315320E-01
 0.831893772912233E-01
 0.821529686035385E-01
 0.812280569288500E-01
 0.803062320731029E-01
 0.793402231061266E-01
 0.785166578213335E-01
 0.776167995302928E-01
 0.767907088898448E-01
 0.759858982437161E-01
 0.751357020793615E-01
 0.744164401799540E-01
 0.735548831882467E-01
 0.729095772947480E-01
 0.721049506277260E-01
 0.714638865000406E-01
 0.707122332204003E-01
 0.700399393974655E-01
 0.691405689083584E-01
 0.680202038303187E-01
 0.666858546524662E-01
 0.651453547991568E-01
 0.634072632885376E-01
 0.614808214301883E-01
 0.594855609217220E-01
 0.575929974797836E-01
 0.557899811783353E-01
 0.540629218651694E-01
 0.535117432653293E-01
 0.530716704075089E-01
 0.526465833839312E-01
 0.522226862776749E-01
 0.517901428419569E-01
 0.513523767444263E-01
 0.509765452717030E-01
 0.505800346597293E-01
 0.501487053051120E-01
 0.497923695210020E-01
 0.494120145297972E-01
 0.489873051429959E-01
 0.486598227780410E-01
 0.481760640583288E-01
 0.475325502366554E-01
 0.467335700594013E-01
 0.457839201950594E-01
 0.446889126055397E-01
 0.434544207257835E-01
 0.420869248740784E-01
 0.405935132653971E-01
 0.389818193354100E-01
 0.372599135838865E-01
 0.354361940473842E-01
 0.335193170051187E-01
 0.315181817551508E-01
 0.294419505070730E-01
 0.288659414466497E-01
 0.305799268212932E-01
 0.334489498273006E-01
 0.362069513623827E-01
 0.388383117140444E-01
 0.413279862706779E-01
 0.436615660316268E-01
 0.458253538208537E-01
 0.478064462649956E-01
 0.495928057193266E-01
 0.511733130403189E-01
 0.525378053780706E-01
 0.536771114489808E-01
 0.545830931527678E-01
 0.552486909530438E-01
 0.556679623109720E-01
 0.558361052694917E-01
 0.557494697840852E-01
 0.554055667947749E-01
 0.548030816628127E-01
 0.539418877672021E-01
 0.528442990062373E-01
 0.517398309810618E-01
 0.506666073381173E-01
 0.496534454712719E-01
 0.486642679627284E-01
 0.477112835458933E-01
 0.467960592304841E-01
 0.459155269112716E-01
 0.450646135233867E-01
 0.442349020517013E-01
 0.434463036818705E-01
 0.426760163647734E-01
 0.419396838561718E-01
 0.412032756710337E-01
 0.405398843739012E-01
 0.398705177458840E-01
 0.391914680608488E-01
 0.386089245707665E-01
 0.380052437550327E-01
 0.373895000125404E-01
 0.368728165874138E-01
 0.362834488523791E-01
 0.358010594783795E-01
 0.352800421120952E-01
 0.347911443107819E-01
 0.343951475366450E-01
 0.386344368197713E-01
 0.427805587526522E-01
 0.468167632203528E-01
 0.507268442294985E-01
 0.544951797532293E-01
 0.581067389529772E-01
 0.615470861276995E-01
 0.648024090801236E-01
 0.678595827462965E-01
 0.707062586966915E-01
 0.733309599425424E-01
 0.757231630596763E-01
 0.778733606826698E-01
 0.797731068363054E-01
 0.814150489416024E-01
 0.827929459004998E-01
 0.839016694616816E-01
 0.847371914657801E-01
 0.852965690387970E-01
 0.855779435228265E-01
 0.855805604863694E-01
 0.853048020476617E-01
 0.847522116162912E-01
 0.839802396924836E-01
 0.831940532225033E-01
 0.824029958656896E-01
 0.816347643944400E-01
 0.808640184022432E-01
 0.801004904336393E-01
 0.793440295291802E-01
 0.785927874475024E-01
 0.778383601701003E-01
 0.771035637663647E-01
 0.763834237260503E-01
 0.756819155632945E-01
 0.749626003184044E-01
 0.742843431867824E-01
 0.736051211038869E-01
 0.728986062485073E-01
 0.722702149516361E-01
 0.716213158497306E-01
 0.709445058549604E-01
 0.703576481135871E-01
 0.697075716475882E-01
 0.691202042129215E-01
 0.685327209958664E-01
 0.679189738746110E-01
 0.673881643613766E-01
 0.667592959861734E-01
 0.662762741213898E-01
 0.656521678358071E-01
 0.651963641817062E-01
 0.646057943975650E-01
 0.641310233770880E-01
 0.634557196030519E-01
 0.625825364159450E-01
 0.615150934955245E-01
 0.602578603324432E-01
 0.588160140635383E-01
 0.571953487367599E-01
 0.555094078396584E-01
 0.538880284447126E-01
 0.523299521300102E-01
 0.508317659871533E-01
 0.497490927805809E-01
 0.513644320028375E-01
 0.528305392619321E-01
 0.540881643222727E-01
 0.551383543186120E-01
 0.559831675350055E-01
 0.566256736452898E-01
 0.570699582468384E-01
 0.573211164323542E-01
 0.573852288806024E-01
 0.572693239649442E-01
 0.569813325315989E-01
 0.565300383016889E-01
 0.559725707512099E-01
 0.554192781460502E-01
 0.548796246455635E-01
 0.543419574110562E-01
 0.538092944610510E-01
 0.532947458102131E-01
 0.527848931444183E-01
 0.522830133351452E-01
 0.517906595282042E-01
 0.513084032411997E-01
 0.508321545094998E-01
 0.503568810265590E-01
 0.499029439038326E-01
 0.494569407203883E-01
 0.490218174481398E-01
 0.485900832107764E-01
 0.481598585626979E-01
 0.477621358588767E-01
 0.473404059310176E-01
 0.469540057027381E-01
 0.465765366275913E-01
 0.461675351311700E-01
 0.458336247957502E-01
 0.454128257203971E-01
 0.451128843935001E-01
 0.447198920450845E-01
 0.444153290934347E-01
 0.440470396349130E-01
 0.437412878609908E-01
 0.433917079516518E-01
 0.430632932051177E-01
 0.426155779580516E-01
 0.420559148366893E-01
 0.413920550371963E-01
 0.406321490460499E-01
 0.397884328006275E-01
 0.389415718117801E-01
 0.404749791649395E-01
 0.427237000121202E-01
 0.451488266839089E-01
 0.477428138114887E-01
 0.504970067981047E-01
 0.534017038644876E-01
 0.564462255367954E-01
 0.596189840335921E-01
 0.629075454878923E-01
 0.662986804246531E-01
 0.697784030748113E-01
 0.733320054081539E-01
 0.769440934101619E-01
 0.805986302897453E-01
 0.842789874945327E-01
 0.879680038292878E-01
 0.916480557765348E-01
 0.953011440681713E-01
 0.989089985936350E-01
 0.102453196387583E+00
 0.105915280408904E+00
 0.109276864634253E+00
 0.112519714730078E+00
 0.115625801393677E+00
 0.118577332836261E+00
 0.121356781304182E+00
 0.123946922775283E+00
 0.126330905785487E+00
 0.128492354401071E+00
 0.130415496197440E+00
 0.132085295896923E+00
 0.133487573718523E+00
 0.134609093724877E+00
 0.135437617303245E+00
 0.135961926815697E+00
 0.136171832796100E+00
 0.136058183173929E+00
 0.135612891806961E+00
 0.134828994217105E+00
 0.133700723934555E+00
 0.132223591032146E+00
 0.130394442201048E+00
 0.128211489654648E+00
 0.125868432498491E+00
 0.123614490351118E+00
 0.121441576565238E+00
 0.119366694424692E+00
 0.117352857743475E+00
 0.115411062388525E+00
 0.113540633617687E+00
 0.111736923094542E+00
 0.109987969840076E+00
 0.108277278321037E+00
 0.106627642525418E+00
 0.105045434485225E+00
 0.103530415624824E+00
 0.102001823909831E+00
 0.100570647137212E+00
 0.991863991837179E-01
 0.977766901666467E-01
 0.964792004260941E-01
 0.952118528799028E-01
 0.938758236260789E-01
 0.927532171408356E-01
 0.915272985723535E-01
 0.904097780757931E-01
 0.892987318910396E-01
 0.881830115674570E-01
 0.871702184540712E-01
 0.860693545699754E-01
 0.851347856082273E-01
 0.839794165842223E-01
 0.825750837847100E-01
 0.809203794783983E-01
 0.790149985926687E-01
 0.809984639523138E-01
 0.879689337703483E-01
 0.947221785897665E-01
 0.101237507993163E+00
 0.107495041307128E+00
 0.113475839759682E+00
 0.119162006594552E+00
 0.124536748188428E+00
 0.129584404234535E+00
 0.134290462667591E+00
 0.138641574834147E+00
 0.142625581487616E+00
 0.146231553036576E+00
 0.149449839962310E+00
 0.152272124147766E+00
 0.154691461682122E+00
 0.156702312226735E+00
 0.158300555365414E+00
 0.159483496596506E+00
 0.160249864759559E+00
 0.160599802056976E+00
 0.160534849465239E+00
 0.160057932072878E+00
 0.159173347101472E+00
 0.157921393565469E+00
 0.156610871807539E+00
 0.155294527311744E+00
 0.153995101976650E+00
 0.152711499530120E+00
 0.151429447482617E+00
 0.150152474789400E+00
 0.148875630935465E+00
 0.147589988855241E+00
 0.146367114938117E+00
 0.145173704684912E+00
 0.143955796660162E+00
 0.142734041979809E+00
 0.141554795218735E+00
 0.140403419029518E+00
 0.139198675883954E+00
 0.138094086086262E+00
 0.136967615050134E+00
 0.135824208769649E+00
 0.134784243715688E+00
 0.133617983199472E+00
 0.132632058120747E+00
 0.131552769790860E+00
 0.130522410430464E+00
 0.129521890137547E+00
 0.128465620475086E+00
 0.127534531330368E+00
 0.126469682441302E+00
 0.125593685400599E+00
 0.124534165603038E+00
 0.123684662811818E+00
 0.122552413889008E+00
 0.121128770348679E+00
 0.119420028893435E+00
 0.117433559551624E+00
 0.115177696295364E+00
 0.112661612918391E+00
 0.109895223321100E+00
 0.106985104057193E+00
 0.104169894105831E+00
 0.101461998763434E+00
 0.988617293374525E-01
 0.963470946923191E-01
 0.952869349368799E-01
 0.946145280744703E-01
 0.939407484100225E-01
 0.933359703567283E-01
 0.927135287257984E-01
 0.920609124979938E-01
 0.914558490571886E-01
 0.908735164461832E-01
 0.902389912687762E-01
 0.896589489337112E-01
 0.890900724428090E-01
 0.884310415144897E-01
 0.875633104133978E-01
 0.864906892257224E-01
 0.852177640585745E-01
 0.837498628492031E-01
 0.820929793832717E-01
 0.802536731201843E-01
 0.782389739745268E-01
 0.760563208299521E-01
 0.737135506420215E-01
 0.712189360355991E-01
 0.685812502765603E-01
 0.658098261869618E-01
 0.629145743126878E-01
 0.606107421213123E-01
 0.600909349728015E-01
 0.595925324052026E-01
 0.591209657239317E-01
 0.586085971852446E-01
 0.581725483639696E-01
 0.577170639945900E-01
 0.572412071884187E-01
 0.568413895792609E-01
 0.563532749174410E-01
 0.559832832254868E-01
 0.555380493699788E-01
 0.551496133294115E-01
 0.547393010240040E-01
 0.543411985917275E-01
 0.539554351929541E-01
 0.535558288471757E-01
 0.531902852913588E-01
 0.527959031738920E-01
 0.524376624527296E-01
 0.520062021173582E-01
 0.514226339055797E-01
 0.506963246496026E-01
 0.498397167343252E-01
 0.489616739885938E-01
 0.481071052817747E-01
 0.472695431025796E-01
 0.464566403750742E-01
 0.456543219682990E-01
 0.448691024972355E-01
 0.441114047687736E-01
 0.433690936948874E-01
 0.426419393646505E-01
 0.419297556488314E-01
 0.412482097189969E-01
 0.426950766219430E-01
 0.450670629902592E-01
 0.475153155639295E-01
 0.500268251940119E-01
 0.525881706205848E-01
 0.551855070217322E-01
 0.578045536416154E-01
 0.604306082096411E-01
 0.630486106431629E-01
 0.656432627566702E-01
 0.681991904525562E-01
 0.707011183319444E-01
 0.731340207040362E-01
 0.754832210294714E-01
 0.777344320348120E-01
 0.798737528100347E-01
 0.818876552174256E-01
 0.837629915573412E-01
 0.854870404703269E-01
 0.870475894246789E-01
 0.884330408227556E-01
 0.896325270431995E-01
 0.906360214821158E-01
 0.914344319716005E-01
 0.920196615134012E-01
 0.923846261184314E-01
 0.925232339265533E-01
 0.924303472603419E-01
 0.921017578686358E-01
 0.915341980084965E-01
 0.907253899102027E-01
 0.896741155332069E-01
 0.883802789182929E-01
 0.869145960644808E-01
 0.854807056152558E-01
 0.840977836002845E-01
 0.827428949880949E-01
 0.814551146932662E-01
 0.802008901230166E-01
 0.789816107552051E-01
 0.777975965947970E-01
 0.766575030542198E-01
 0.755450921336849E-01
 0.744671178357641E-01
 0.734196779566147E-01
 0.724007108978771E-01
 0.714270531409258E-01
 0.704545318463884E-01
 0.694870726471750E-01
 0.686220573185534E-01
 0.677347791307311E-01
 0.668368592637875E-01
 0.660541439452074E-01
 0.652210951589493E-01
 0.644341340945808E-01
 0.636931117405329E-01
 0.628940782414230E-01
 0.622317620888868E-01
 0.614810941956251E-01
 0.608461601451346E-01
 0.601507871635338E-01
 0.595048798370299E-01
 0.586855838079532E-01
 0.576926815982149E-01
 0.565267904115488E-01
 0.551893515703977E-01
 0.536826121243145E-01
 0.520095912666368E-01
 0.501740356984038E-01
 0.481835308875007E-01
 0.498906971239797E-01
 0.521970276721641E-01
 0.542551698471250E-01
 0.560580570120982E-01
 0.575996770281487E-01
 0.588750593408201E-01
 0.598802629417414E-01
 0.606123874230870E-01
 0.610696183707104E-01
 0.612512973422727E-01
 0.611825647240420E-01
 0.610393109096909E-01
 0.608936901285195E-01
 0.607118720416601E-01
 0.605094196625195E-01
 0.602961148788631E-01
 0.600796132152090E-01
 0.598515218846795E-01
 0.596056405813093E-01
 0.593314796473508E-01
 0.590291985132019E-01
 0.587912563128988E-01
 0.585088129580877E-01
 0.582009552073016E-01
 0.579194671835858E-01
 0.576154762208178E-01
 0.573107959668451E-01
 0.570186141267623E-01
 0.566582348235540E-01
 0.563962940561671E-01
 0.560693417349186E-01
 0.557635583373509E-01
 0.554632286428935E-01
 0.551122534884780E-01
 0.548497509368278E-01
 0.544645037331990E-01
 0.542368911290250E-01
 0.538458992453323E-01
 0.536271586637041E-01
 0.532523020953423E-01
 0.530230886365450E-01
 0.526574787300840E-01
 0.524101285116731E-01
 0.519645854895901E-01
 0.513238604137031E-01
 0.505101123270659E-01
 0.496765899750703E-01
 0.488539314869355E-01
 0.480351076132041E-01
 0.472387351451336E-01
 0.484769114745399E-01
 0.496760922797929E-01
 0.506276475398581E-01
 0.513275494055821E-01
 0.517729617444516E-01
 0.519622632282616E-01
 0.518950619022950E-01
 0.515722063450968E-01
 0.509957881551947E-01
 0.501691245218091E-01
 0.492145400796131E-01
 0.482939495552192E-01
 0.474056207329680E-01
 0.465352795758589E-01
 0.457199503243070E-01
 0.449233035948550E-01
 0.441438369553653E-01
 0.433985987071308E-01
 0.426992556431750E-01
 0.420141738959474E-01
 0.413303474356948E-01
 0.406659919224553E-01
 0.400465984613418E-01
 0.394437168804841E-01
 0.388252656467519E-01
 0.382740910517275E-01
 0.377161009460688E-01
 0.371613943794572E-01
 0.366750559452777E-01
 0.361168041714802E-01
 0.356798750687626E-01
 0.351865967233846E-01
 0.347324478561085E-01
 0.342993811007351E-01
 0.338387046220352E-01
 0.334599563726050E-01
 0.330032365281579E-01
 0.326670827780789E-01
 0.334113505888523E-01
 0.359209716366911E-01
 0.382341633950530E-01
 0.403377674202167E-01
 0.422196289007316E-01
 0.438686161183057E-01
 0.452746227664312E-01
 0.464285512525622E-01
 0.473222851244017E-01
 0.479486722983055E-01
 0.483015448100968E-01
 0.483757880922858E-01
 0.481786399987350E-01
 0.478974900851559E-01
 0.476158482291740E-01
 0.473155400518822E-01
 0.470033676517541E-01
 0.466916466265528E-01
 0.463827216460323E-01
 0.460763421174184E-01
 0.457680938246647E-01
 0.454444251501168E-01
 0.450913191041801E-01
 0.447801060342632E-01
 0.444764473186275E-01
 0.441191563747094E-01
 0.438088247744916E-01
 0.434974520851198E-01
 0.431386410790863E-01
 0.428483938512756E-01
 0.425226048348849E-01
 0.422044788043040E-01
 0.419124968222448E-01
 0.415409687522550E-01
 0.413054002945961E-01
 0.409407921721896E-01
 0.407043732850067E-01
 0.403725996352961E-01
 0.401201130673067E-01
 0.439611000361821E-01
 0.487747865533768E-01
 0.535102952313892E-01
 0.581476143318294E-01
 0.626668865748335E-01
 0.670484521064247E-01
 0.712729322597750E-01
 0.753213633588709E-01
 0.791753695877192E-01
 0.828173447530172E-01
 0.862306050517479E-01
 0.893994830232009E-01
 0.923093532846656E-01
 0.949466047885425E-01
 0.972985924113743E-01
 0.993536056887676E-01
 0.101100883193507E+00
 0.102530682457834E+00
 0.103634395773422E+00
 0.104404688294060E+00
 0.104835628748232E+00
 0.104922783956492E+00
 0.104663255927068E+00
 0.104055655114137E+00
 0.103100023296157E+00
 0.101797736860048E+00
 0.100259668760516E+00
 0.987349735127533E-01
 0.972833636121314E-01
 0.958481705199142E-01
 0.944441549751579E-01
 0.930897806028494E-01
 0.917913366063730E-01
 0.905417302644791E-01
 0.893311272583618E-01
 0.881459920926256E-01
 0.869662674346236E-01
 0.858465864375499E-01
 0.847522035562459E-01
 0.836887212823223E-01
 0.826295271309843E-01
 0.816417949454556E-01
 0.806567686797220E-01
 0.796802411612611E-01
 0.787921493200582E-01
 0.778239633806204E-01
 0.769950613649353E-01
 0.761274167758450E-01
 0.752726502868756E-01
 0.745000444362104E-01
 0.736340369374501E-01
 0.729412818473892E-01
 0.720838560569071E-01
 0.714498391194996E-01
 0.706506900991755E-01
 0.699964121649433E-01
 0.690907991814533E-01
 0.679352273241866E-01
 0.665321446764160E-01
 0.655261089737409E-01
 0.702307629847194E-01
 0.746875310749485E-01
 0.788810856215911E-01
 0.827971859277965E-01
 0.864227224261402E-01
 0.897457438714678E-01
 0.927554718755774E-01
 0.954423123414201E-01
 0.977978738266488E-01
 0.998149971579594E-01
 0.101487791857365E+00
 0.102811669200630E+00
 0.103783363477356E+00
 0.104400940903518E+00
 0.104663802819914E+00
 0.104572689748650E+00
 0.104129685652956E+00
 0.103338214478341E+00
 0.102340933390602E+00
 0.101341707676636E+00
 0.100378998270773E+00
 0.994057017030856E-01
 0.984419346900483E-01
 0.974997704058899E-01
 0.965792519326549E-01
 0.956733018386163E-01
 0.947740809215918E-01
 0.938642167418401E-01
 0.929909994994196E-01
 0.921414885233230E-01
 0.912964364422815E-01
 0.904427958446006E-01
 0.896369106364196E-01
 0.888313155972384E-01
 0.880130574073545E-01
 0.872688098961047E-01
 0.864512105885333E-01
 0.857251073539831E-01
 0.849965669733567E-01
 0.842221167630955E-01
 0.835704574063288E-01
 0.827637787198020E-01
 0.821814737391429E-01
 0.814095916256879E-01
 0.808341019431396E-01
 0.801103506006566E-01
 0.795244927566553E-01
 0.788380834688055E-01
 0.782119325549370E-01
 0.773339886278239E-01
 0.762085485950478E-01
 0.748407542337109E-01
 0.732365789755669E-01
 0.714028358620752E-01
 0.694348000207119E-01
 0.675293372777462E-01
 0.657011297728373E-01
 0.658674516743426E-01
 0.689291345886466E-01
 0.717582232033818E-01
 0.743508792767296E-01
 0.767043743040597E-01
 0.788171262198817E-01
 0.806887192369651E-01
 0.823199072888467E-01
 0.837126017609822E-01
 0.848698442971477E-01
 0.857957678578714E-01
 0.864955518502393E-01
 0.869753759438063E-01
 0.872423716061566E-01
 0.873045654591705E-01
 0.871708100570659E-01
 0.868507054517080E-01
 0.863545219316345E-01
 0.856931333788640E-01
 0.848779618149158E-01
 0.839209245986840E-01
 0.828399202757440E-01
 0.817877356163280E-01
 0.807651774736480E-01
 0.797466940796150E-01
 0.787622515493952E-01
 0.778008509146263E-01
 0.768830675691064E-01
 0.759856044553963E-01
 0.751142768130014E-01
 0.742674753594932E-01
 0.734428145975553E-01
 0.726465026883977E-01
 0.718694406686890E-01
 0.711178318418006E-01
 0.703954673023478E-01
 0.696846498629076E-01
 0.689707182590594E-01
 0.683224186084871E-01
 0.676508577774268E-01
 0.670052918543040E-01
 0.663986292767691E-01
 0.657395939998320E-01
 0.651904365941143E-01
 0.645663263027441E-01
 0.640268179118239E-01
 0.634405821793109E-01
 0.629033760420201E-01
 0.623469425861548E-01
 0.617778118587007E-01
 0.610879412984299E-01
 0.602863186318931E-01
 0.593821951484549E-01
 0.583849822651317E-01
 0.573042033031249E-01
 0.561494998999378E-01
 0.551314283751930E-01
 0.561769857806542E-01
 0.573149586984393E-01
 0.585358952511407E-01
 0.598297771734766E-01
 0.611860577728730E-01
 0.625936433192542E-01
 0.640408503841344E-01
 0.655153792545072E-01
 0.670043333178848E-01
 0.684942946341203E-01
 0.699714479092001E-01
 0.714217344150367E-01
 0.728310126565330E-01
 0.741852006888487E-01
 0.754703766016646E-01
 0.766728225307571E-01
 0.777790146846708E-01
 0.787755817372715E-01
 0.796492669363781E-01
 0.803869285551507E-01
 0.809755994393216E-01
 0.814026063041809E-01
 0.816557314884176E-01
 0.817233896506186E-01
 0.815947908549642E-01
 0.812600677874004E-01
 0.807103547821190E-01
 0.799378161624665E-01
 0.789356292096173E-01
 0.776979335888267E-01
 0.762197658736073E-01
 0.745175012822821E-01
 0.728343207793064E-01
 0.712318637156978E-01
 0.696850132507097E-01
 0.682179732639485E-01
 0.668103843782502E-01
 0.654522703656602E-01
 0.641435279566011E-01
 0.628743751175577E-01
 0.616556780724548E-01
 0.605053042139280E-01
 0.593907188227351E-01
 0.582884722360043E-01
 0.572327301403522E-01
 0.569835206879390E-01
 0.566423482996674E-01
 0.561966980508980E-01
 0.557952540021565E-01
 0.552788194394988E-01
 0.547141279533206E-01
 0.541462132580451E-01
 0.534613161009686E-01
 0.528419135754126E-01
 0.521155795372306E-01
 0.514116250258452E-01
 0.506535810462685E-01
 0.498939729810628E-01
 0.507807806240175E-01
 0.568045561654544E-01
 0.627628047365556E-01
 0.686357287829857E-01
 0.744037378493042E-01
 0.800474935123782E-01
 0.855479211574307E-01
 0.908862052086795E-01
 0.960437923340841E-01
 0.101002427666367E+00
 0.105744240019382E+00
 0.110251875970971E+00
 0.114508665913902E+00
 0.118498794327070E+00
 0.122207444967321E+00
 0.125620898850500E+00
 0.128726575882242E+00
 0.131513026406256E+00
 0.133969893216556E+00
 0.136087873597449E+00
 0.137858710558161E+00
 0.139275230772952E+00
 0.140331426807887E+00
 0.141022560939588E+00
 0.141345256731543E+00
 0.141297548406660E+00
 0.140878875631753E+00
 0.140090034502252E+00
 0.138943507941652E+00
 0.137689856112829E+00
 0.136455824732006E+00
 0.135196788330598E+00
 0.133982777942950E+00
 0.132774039496082E+00
 0.131567386443025E+00
 0.130361683111261E+00
 0.129176619035032E+00
 0.128048109774602E+00
 0.126922533602146E+00
 0.125772523597296E+00
 0.124635005001092E+00
 0.123562348770323E+00
 0.122476589156903E+00
 0.121368851899147E+00
 0.120352069777810E+00
 0.119287388473947E+00
 0.118250118809668E+00
 0.117276364510765E+00
 0.116178601907311E+00
 0.115294476407460E+00
 0.114282358373140E+00
 0.113360971617891E+00
 0.112424291160463E+00
 0.111479183810124E+00
 0.110607404976069E+00
 0.109654843241323E+00
 0.108837346215761E+00
 0.107890450670261E+00
 0.107107339446140E+00
 0.106094787008072E+00
 0.104816765236181E+00
 0.103276713991230E+00
 0.101478990289671E+00
 0.994288247499214E-01
 0.971323025054872E-01
 0.945963739158109E-01
 0.919066516548369E-01
 0.893035635669110E-01
 0.868085877775117E-01
 0.844260622911718E-01
 0.827868854693461E-01
 0.821782524613932E-01
 0.815652597138022E-01
 0.809628744446926E-01
 0.804159384064101E-01
 0.798541332359391E-01
 0.801856332021073E-01
 0.813474837213184E-01
 0.822001304700209E-01
 0.827467582677415E-01
 0.829917547165452E-01
 0.829407465981642E-01
 0.826006502138885E-01
 0.819797118246387E-01
 0.811900953142864E-01
 0.804113294390209E-01
 0.796647901421392E-01
 0.789130995878205E-01
 0.781728391602385E-01
 0.774496705392639E-01
 0.767450684990185E-01
 0.760557523318916E-01
 0.753677133733653E-01
 0.746695108599597E-01
 0.740019752890285E-01
 0.733823319609021E-01
 0.727311142564126E-01
 0.720914873217133E-01
 0.714955004241001E-01
 0.708724274654790E-01
 0.702678966133926E-01
 0.697166729534143E-01
 0.690725358695865E-01
 0.685778602867890E-01
 0.679978849524293E-01
 0.674654454077036E-01
 0.669408463935733E-01
 0.663844693276119E-01
 0.659095343311843E-01
 0.653410524901282E-01
 0.649036208181488E-01
 0.643340844519409E-01
 0.639221965376965E-01
 0.633617260440675E-01
 0.629530956583780E-01
 0.623465488241120E-01
 0.615436620074249E-01
 0.605529091168030E-01
 0.593871179950569E-01
 0.581905355384539E-01
 0.570259358857665E-01
 0.558881843520644E-01
 0.547909295809876E-01
 0.537127517023927E-01
 0.526697009830608E-01
 0.516643985605070E-01
 0.506838006061275E-01
 0.497270548459090E-01
 0.487922639065253E-01
 0.479231954188511E-01
 0.476291838359953E-01
 0.473801311255680E-01
 0.471620542627805E-01
 0.469765190631891E-01
 0.467903314202876E-01
 0.465581906721904E-01
 0.461821655917429E-01
 0.456671816192925E-01
 0.452583116360328E-01
 0.449909336631486E-01
 0.489743529760064E-01
 0.530267961008003E-01
 0.571299895997288E-01
 0.612653481114529E-01
 0.654140631649411E-01
 0.695571889843804E-01
 0.736757225339280E-01
 0.777506753533863E-01
 0.817631371278102E-01
 0.856943345634587E-01
 0.895256918988941E-01
 0.932388993447223E-01
 0.968159925073101E-01
 0.100239440900773E+00
 0.103492239640109E+00
 0.106557997512609E+00
 0.109421016895176E+00
 0.112066364155072E+00
 0.114479930643530E+00
 0.116648483935093E+00
 0.118559709213062E+00
 0.120202244220382E+00
 0.121565716743144E+00
 0.122640795916081E+00
 0.123419263060152E+00
 0.123894095520067E+00
 0.124059545625753E+00
 0.123911194630191E+00
 0.123445970254757E+00
 0.122662130514466E+00
 0.121559227169208E+00
 0.120138064556972E+00
 0.118400665049160E+00
 0.116388559822510E+00
 0.114403965768731E+00
 0.112510793232961E+00
 0.110659862255831E+00
 0.108896012965620E+00
 0.107192716810392E+00
 0.105536407219016E+00
 0.103940664105582E+00
 0.102395530915693E+00
 0.100893500720638E+00
 0.994440784058232E-01
 0.980357101488173E-01
 0.966585407665024E-01
 0.953511163553781E-01
 0.940685578414561E-01
 0.927849504775687E-01
 0.916040353927002E-01
 0.904380001540998E-01
 0.892274187802477E-01
 0.881840984528521E-01
 0.870973445980697E-01
 0.860308278660381E-01
 0.850594135939520E-01
 0.839821695824056E-01
 0.831092550432979E-01
 0.821105654989210E-01
 0.812537697179818E-01
 0.803290568961086E-01
 0.794448601625272E-01
 0.783314769597145E-01
 0.769902864636390E-01
 0.754237356462189E-01
 0.736352534885116E-01
 0.716291304825448E-01
 0.694104053454833E-01
 0.669848007977582E-01
 0.643587263109404E-01
 0.651151321503334E-01
 0.687410503469460E-01
 0.721049649778974E-01
 0.751987637878867E-01
 0.780154387494449E-01
 0.805492071424787E-01
 0.827956012860057E-01
 0.847515073155815E-01
 0.864151477311883E-01
 0.877860185874531E-01
 0.888648047016507E-01
 0.896533005385917E-01
 0.901543581552390E-01
 0.903718682485263E-01
 0.903107624485329E-01
 0.900060414908751E-01
 0.896329437372837E-01
 0.892497053211937E-01
 0.888335296883208E-01
 0.884011368398138E-01
 0.879707130097766E-01
 0.875244537904341E-01
 0.870678884741828E-01
 0.866127729382215E-01
 0.861364423686967E-01
 0.856537490874728E-01
 0.851587935638547E-01
 0.846761557665524E-01
 0.841637346060623E-01
 0.836878806120650E-01
 0.831855035510331E-01
 0.826563075089128E-01
 0.821905120760528E-01
 0.816860004626979E-01
 0.811762944952532E-01
 0.807115864541090E-01
 0.801504612005909E-01
 0.797332172397611E-01
 0.792115743801296E-01
 0.787641028136128E-01
 0.782715273635453E-01
 0.778056901933950E-01
 0.773369630889623E-01
 0.768634955577290E-01
 0.764083038685161E-01
 0.759365053479917E-01
 0.754902420226700E-01
 0.749665704682529E-01
 0.742490060162211E-01
 0.733440299639378E-01
 0.722588034541603E-01
 0.710011321268609E-01
 0.696207725722413E-01
 0.682606577823438E-01
 0.669274465969986E-01
 0.656156735571326E-01
 0.643412868799172E-01
 0.630942692055015E-01
 0.618711730204687E-01
 0.606751237868232E-01
 0.595080921384299E-01
 0.583697285040186E-01
 0.579987510142905E-01
 0.576410723282683E-01
 0.573371533406302E-01
 0.570091310783391E-01
 0.566489471114618E-01
 0.563564003483682E-01
 0.560362116655315E-01
 0.556823104961700E-01
 0.554013380894860E-01
 0.549954973962576E-01
 0.544520728946731E-01
 0.537756384574432E-01
 0.529712909020304E-01
 0.520446130717577E-01
 0.510016231501704E-01
 0.498487272979486E-01
 0.485926856014545E-01
 0.472405887748704E-01
 0.457998355953584E-01
 0.442781029311768E-01
 0.426833066645793E-01
 0.410235556332571E-01
 0.393071002137338E-01
 0.375422764477126E-01
 0.357374491010743E-01
 0.339009608022343E-01
 0.320410946500284E-01
 0.301660527418790E-01
 0.282839462492780E-01
 0.264027883451626E-01
 0.245304808271122E-01
 0.226747874787565E-01
 0.208432913595099E-01
 0.190433395298471E-01
 0.172819855175334E-01
 0.155659423982025E-01
 0.139015539610767E-01
 0.123681224489774E-01
 0.125229752993354E-01
 0.126472079130309E-01
 0.127656183476373E-01
 0.128265577293508E-01
 0.129105745791404E-01
 0.135616262359672E-01
 0.167807922311376E-01
 0.201460464449286E-01
 0.236466435311052E-01
 0.272709956298776E-01
 0.310067546597116E-01
 0.348408698257573E-01
 0.387596215022978E-01
 0.427486382425162E-01
 0.467929053662283E-01
 0.508767742799902E-01
 0.549839838269896E-01
 0.590977074383756E-01
 0.632006383473398E-01
 0.672751161929935E-01
 0.713032837614332E-01
 0.752672496080950E-01
 0.791492287731773E-01
 0.829316423829223E-01
 0.865971730080796E-01
 0.901287878211435E-01
 0.935097494061714E-01
 0.967236333896330E-01
 0.997543660682104E-01
 0.102586287955636E+00
 0.105204242812961E+00
 0.107593686248055E+00
 0.109740802783197E+00
 0.111632616009342E+00
 0.113257075345993E+00
 0.114603107569551E+00
 0.115660632079998E+00
 0.116420552486033E+00
 0.116874747315915E+00
 0.117016083998859E+00
 0.116838471501681E+00
 0.116336951999640E+00
 0.115507816937040E+00
 0.114348722782673E+00
 0.112858778958477E+00
 0.111197677272610E+00
 0.109593122911626E+00
 0.108020099863168E+00
 0.106500732293526E+00
 0.105033977426851E+00
 0.103604348408552E+00
 0.102207669454531E+00
 0.100837094104209E+00
 0.995090845771615E-01
 0.982607775036809E-01
 0.970280554191062E-01
 0.957872272321702E-01
 0.946083534598786E-01
 0.934630173563345E-01
 0.923241908266173E-01
 0.912197774988198E-01
 0.901710658982070E-01
 0.890845262838292E-01
 0.880897890781441E-01
 0.871076112102391E-01
 0.860715000071278E-01
 0.852033244576056E-01
 0.842132637343902E-01
 0.833779817234758E-01
 0.824761472699453E-01
 0.816322044424680E-01
 0.808008879134782E-01
 0.799664555225749E-01
 0.791920394200183E-01
 0.783163358492279E-01
 0.772037600569772E-01
 0.758545772168786E-01
 0.742700765102281E-01
 0.724525191805915E-01
 0.704050732897483E-01
 0.730786816537893E-01
 0.777340101117833E-01
 0.821092845282870E-01
 0.861891688607874E-01
 0.899593377857069E-01
 0.934064506157208E-01
 0.965181736562342E-01
 0.992832539006632E-01
 0.101691626741426E+00
 0.103734531132713E+00
 0.105404607880969E+00
 0.106695965551979E+00
 0.107604208093346E+00
 0.108126425826317E+00
 0.108261157648152E+00
 0.108008338654077E+00
 0.107369252839473E+00
 0.106458714135495E+00
 0.105533213865065E+00
 0.104608980761912E+00
 0.103699112522779E+00
 0.102788372875069E+00
 0.101885019599471E+00
 0.100992642123737E+00
 0.100103010757395E+00
 0.992025821769425E-01
 0.983045883848291E-01
 0.974960698807333E-01
 0.966610547433118E-01
 0.957791503492843E-01
 0.949733702170859E-01
 0.941910541343809E-01
 0.933250063415832E-01
 0.925825025979756E-01
 0.917992505203930E-01
 0.910019912474568E-01
 0.902931385032627E-01
 0.894477233140475E-01
 0.888126111067597E-01
 0.880395108285108E-01
 0.873669246448387E-01
 0.866561037726737E-01
 0.859626795572133E-01
 0.853036784738825E-01
 0.846050604983606E-01
 0.839838188439930E-01
 0.832916871997537E-01
 0.826951821107374E-01
 0.819356377936583E-01
 0.808983632638360E-01
 0.795870751408828E-01
 0.780066103014405E-01
 0.761630682733799E-01
 0.742327238525156E-01
 0.778772900173019E-01
 0.821178459128051E-01
 0.860853691077715E-01
 0.897692090695411E-01
 0.931599160440843E-01
 0.962492234121323E-01
 0.990300347251742E-01
 0.101496434713447E+00
 0.103643727964779E+00
 0.105468493648157E+00
 0.106968639796574E+00
 0.108143446984790E+00
 0.108993599933100E+00
 0.109521206914188E+00
 0.109729799881290E+00
 0.109624302171898E+00
 0.109210955836159E+00
 0.108497217442402E+00
 0.107491647757079E+00
 0.106203822738430E+00
 0.104704325704069E+00
 0.103230706019183E+00
 0.101818945460499E+00
 0.100424695309008E+00
 0.990890553148347E-01
 0.977797030575221E-01
 0.965105021571833E-01
 0.952876681538285E-01
 0.941048731843976E-01
 0.929683558650538E-01
 0.918476367849473E-01
 0.907344640032440E-01
 0.896828600384612E-01
 0.886633229897592E-01
 0.876379234376106E-01
 0.866561825955816E-01
 0.857366121392911E-01
 0.847651824399412E-01
 0.838911722479712E-01
 0.830264562202621E-01
 0.821158601454445E-01
 0.813443172643710E-01
 0.804409968718039E-01
 0.797208919546724E-01
 0.788840188576506E-01
 0.781596546709437E-01
 0.773835374092662E-01
 0.766610914428064E-01
 0.759369655921969E-01
 0.751702861392446E-01
 0.741923334106715E-01
 0.730106449642508E-01
 0.716334689528234E-01
 0.700697315838981E-01
 0.683290124987385E-01
 0.664215214440250E-01
 0.643636669128445E-01
 0.623334935784470E-01
 0.604084235847486E-01
 0.585748086174200E-01
 0.576731529979049E-01
 0.571986664385730E-01
 0.567230269577511E-01
 0.562990247645891E-01
 0.558715631786739E-01
 0.554295280562775E-01
 0.549814345876493E-01
 0.545949769185427E-01
 0.541796178888324E-01
 0.537372626293355E-01
 0.533723788776238E-01
 0.529588089596970E-01
 0.525512148174535E-01
 0.519893180046043E-01
 0.512778291357219E-01
 0.504220027684601E-01
 0.494276398315644E-01
 0.483010860987173E-01
 0.470492118958458E-01
 0.456793663033852E-01
 0.441993114684271E-01
 0.426171515747843E-01
 0.409412712855105E-01
 0.391802908694772E-01
 0.373430356593158E-01
 0.354385122157094E-01
 0.337132132233076E-01
 0.353454870406828E-01
 0.368532097209425E-01
 0.382241623392218E-01
 0.394466429964543E-01
 0.405094375803660E-01
 0.414018497238047E-01
 0.421137901815082E-01
 0.426359114793230E-01
 0.429597671262874E-01
 0.430779715648421E-01
 0.429843349225643E-01
 0.426739485871845E-01
 0.421432079441589E-01
 0.413897759026270E-01
 0.404125068736122E-01
 0.393250196214264E-01
 0.382813536059177E-01
 0.372695644957404E-01
 0.363224929157653E-01
 0.354153173256392E-01
 0.345395575871127E-01
 0.336893050693299E-01
 0.328755862814740E-01
 0.323619586435466E-01
 0.322797201974376E-01
 0.321581829173126E-01
 0.320229879755581E-01
 0.317957257291501E-01
 0.315661492296137E-01
 0.312902487826401E-01
 0.309478340009295E-01
 0.306298354721654E-01
 0.302154136647719E-01
 0.298485876714881E-01
 0.293979380591752E-01
 0.289756498987937E-01
 0.284956781825429E-01
 0.318145949384784E-01
 0.360239938703440E-01
 0.401968285358483E-01
 0.443159847114983E-01
 0.483645132436090E-01
 0.523257187505434E-01
 0.561832264416997E-01
 0.599210412259831E-01
 0.635236085650253E-01
 0.669758774420019E-01
 0.702633610703978E-01
 0.733721930398408E-01
 0.762891810727584E-01
 0.790018616053028E-01
 0.814985544230365E-01
 0.837684113924101E-01
 0.858014526460896E-01
 0.875885900325703E-01
 0.891216478827669E-01
 0.903933972641108E-01
 0.913976149443032E-01
 0.921291626461723E-01
 0.925840652949567E-01
 0.927595614408227E-01
 0.926541104769105E-01
 0.922673625585073E-01
 0.916001133437003E-01
 0.907543440243978E-01
 0.899152182764513E-01
 0.891002857301575E-01
 0.882736415836747E-01
 0.874479646511771E-01
 0.866317658863652E-01
 0.858299212493857E-01
 0.850375887887130E-01
 0.842479915043487E-01
 0.834446903144487E-01
 0.826731425593632E-01
 0.819170656915142E-01
 0.811643178242233E-01
 0.804124427315773E-01
 0.796878897104337E-01
 0.789686383796431E-01
 0.782452516573807E-01
 0.775716825233832E-01
 0.768513493241859E-01
 0.762002536171815E-01
 0.755437480704291E-01
 0.748494139279047E-01
 0.742615113894621E-01
 0.735456067724807E-01
 0.730125195973571E-01
 0.723499651997546E-01
 0.718048472175736E-01
 0.711841342679822E-01
 0.706370005075083E-01
 0.700477620335296E-01
 0.694649890699955E-01
 0.686795329086169E-01
 0.676936021744052E-01
 0.665100946261735E-01
 0.651325311828845E-01
 0.635651326241543E-01
 0.618129727543059E-01
 0.599722180196208E-01
 0.582109939045906E-01
 0.565139398716337E-01
 0.548871727359903E-01
 0.539674188318845E-01
 0.554080439973798E-01
 0.570073929370955E-01
 0.583701493419161E-01
 0.594955356027641E-01
 0.603838758989401E-01
 0.610366536869866E-01
 0.614565751735114E-01
 0.616476186599366E-01
 0.616150439983194E-01
 0.613653441154827E-01
 0.609061399339088E-01
 0.603333968959455E-01
 0.597587361183704E-01
 0.592062102598377E-01
 0.586508396790887E-01
 0.581017247704599E-01
 0.575628733324463E-01
 0.570398273015658E-01
 0.565240276041715E-01
 0.560081186625096E-01
 0.554924036406544E-01
 0.549928996275812E-01
 0.545205084890658E-01
 0.540306559435335E-01
 0.535648905186617E-01
 0.531050834932489E-01
 0.526348792748965E-01
 0.521966722844995E-01
 0.517717612611242E-01
 0.512965532115879E-01
 0.509213018588695E-01
 0.504861636724230E-01
 0.500908985186757E-01
 0.497015178451928E-01
 0.492886846228204E-01
 0.489356133891883E-01
 0.485134868260198E-01
 0.481901655149235E-01
 0.477679408387188E-01
 0.474688185327528E-01
 0.470548359090343E-01
 0.467589425802759E-01
 0.463097902995369E-01
 0.457136890033168E-01
 0.449777129308116E-01
 0.441127130181212E-01
 0.432232777999788E-01
 0.423572922558521E-01
 0.415142601942549E-01
 0.407011219527056E-01
 0.399015204659462E-01
 0.391278593186249E-01
 0.383792788236443E-01
 0.376476717252729E-01
 0.369322818573382E-01
 0.362328339265078E-01
 0.360208118646441E-01
 0.392746566935266E-01
 0.427020524580550E-01
 0.462906988104261E-01
 0.500274591035251E-01
 0.538983538296253E-01
 0.578885278539149E-01
 0.619822407982942E-01
 0.661629154717292E-01
 0.704132425864057E-01
 0.747153080509167E-01
 0.790507034144094E-01
 0.834006007803117E-01
 0.877458019250537E-01
 0.920667862497331E-01
 0.963437760395426E-01
 0.100556819762716E+00
 0.104685881298523E+00
 0.108710924855457E+00
 0.112611998227280E+00
 0.116369327977566E+00
 0.119963438135483E+00
 0.123375289253200E+00
 0.126586418661602E+00
 0.129579058547641E+00
 0.132336219409327E+00
 0.134841743044596E+00
 0.137080337790614E+00
 0.139037604157676E+00
 0.140700049646752E+00
 0.142055090731352E+00
 0.143091051993924E+00
 0.143797186736335E+00
 0.144163743748724E+00
 0.144182084956355E+00
 0.143844829457585E+00
 0.143145981477497E+00
 0.142081006194365E+00
 0.140646843642664E+00
 0.138841878728463E+00
 0.136665897524119E+00
 0.134254384091797E+00
 0.131933621805763E+00
 0.129679532483410E+00
 0.127542916250863E+00
 0.125469995976984E+00
 0.123462841180749E+00
 0.121523151176040E+00
 0.119646094517773E+00
 0.117820559225036E+00
 0.116046805365442E+00
 0.114349564642102E+00
 0.112723644218488E+00
 0.111114659967835E+00
 0.109537155870354E+00
 0.108055200261799E+00
 0.106597094183322E+00
 0.105126413185256E+00
 0.103805944427416E+00
 0.102454563625690E+00
 0.101132127599949E+00
 0.999242336762827E-01
 0.985935993618828E-01
 0.974994567424902E-01
 0.962888150972326E-01
 0.951876350635666E-01
 0.940798892426925E-01
 0.929930938886857E-01
 0.919684878553086E-01
 0.908339677228058E-01
 0.894356687096487E-01
 0.877730847894872E-01
 0.858467729612883E-01
 0.836583601173188E-01
 0.812105633862903E-01
 0.860726637537815E-01
 0.924234992865007E-01
 0.985121200113155E-01
 0.104321405265039E+00
 0.109835194875297E+00
 0.115038291252379E+00
 0.119916477342616E+00
 0.124456574624306E+00
 0.128646540857837E+00
 0.132475581061873E+00
 0.135934238847467E+00
 0.139014452793440E+00
 0.141709587345616E+00
 0.144014457919821E+00
 0.145925357766034E+00
 0.147440072432450E+00
 0.148557858110442E+00
 0.149279374686936E+00
 0.149606594374680E+00
 0.149542728982973E+00
 0.149092213099859E+00
 0.148260746413614E+00
 0.147147587034745E+00
 0.146012113025703E+00
 0.144869231785486E+00
 0.143738586140232E+00
 0.142605678698197E+00
 0.141478942242070E+00
 0.140359488330493E+00
 0.139241140273628E+00
 0.138110458606960E+00
 0.136999828880613E+00
 0.135926411154362E+00
 0.134865422419956E+00
 0.133759942831041E+00
 0.132720631358810E+00
 0.131695945953167E+00
 0.130605860612890E+00
 0.129612371673054E+00
 0.128608178770162E+00
 0.127539894007172E+00
 0.126612426794752E+00
 0.125568691720860E+00
 0.124625719159155E+00
 0.123653494418191E+00
 0.122662902069412E+00
 0.121755355527141E+00
 0.120734076332543E+00
 0.119881065083850E+00
 0.118842575131571E+00
 0.118025800900146E+00
 0.117004859574380E+00
 0.116163683640122E+00
 0.115041466416140E+00
 0.113644606583678E+00
 0.111980473080850E+00
 0.110057414256243E+00
 0.107884719754555E+00
 0.105472552844149E+00
 0.102831896444921E+00
 0.100123853168152E+00
 0.975059905472156E-01
 0.949743492288400E-01
 0.925122614119968E-01
 0.901540880078673E-01
 0.885781924549668E-01
 0.878326939692867E-01
 0.870699372582615E-01
 0.863748383701975E-01
 0.856557010788353E-01
 0.849035671870815E-01
 0.841754529787770E-01
 0.834706830258294E-01
 0.827095066218498E-01
 0.819838871882830E-01
 0.812679136154178E-01
 0.804572370316743E-01
 0.794528511394125E-01
 0.782607251780603E-01
 0.768875263249182E-01
 0.753405849311343E-01
 0.736278675638117E-01
 0.717579491280098E-01
 0.697399759527970E-01
 0.675836145437004E-01
 0.652989843308378E-01
 0.628965773757604E-01
 0.603871737806115E-01
 0.577817664198330E-01
 0.550915085150184E-01
 0.523276895987799E-01
 0.495017315320968E-01
 0.466251837175175E-01
 0.437096938317838E-01
 0.407669406082435E-01
 0.378085336249799E-01
 0.369729202579590E-01
 0.364466591456929E-01
 0.359912546950956E-01
 0.354901281530014E-01
 0.350200498988748E-01
 0.345426092476441E-01
 0.340588703679473E-01
 0.335996252291142E-01
 0.331077795370644E-01
 0.326603288429736E-01
 0.321651686877099E-01
 0.317222734669404E-01
 0.312283608566263E-01
 0.307769128743321E-01
 0.302605166432486E-01
 0.296580839655299E-01
 0.289843273910705E-01
 0.283081659764883E-01
 0.276416060195610E-01
 0.282503237222587E-01
 0.293282354036321E-01
 0.304638161890894E-01
 0.316476600532320E-01
 0.328701410150123E-01
 0.341214347387888E-01
 0.353915208279061E-01
 0.366701795788845E-01
 0.379470004343992E-01
 0.392114234989165E-01
 0.404528319204828E-01
 0.416606962598907E-01
 0.428247471451849E-01
 0.439351341857200E-01
 0.449825315421088E-01
 0.459581754879832E-01
 0.468538525166718E-01
 0.476618772765901E-01
 0.483750961462676E-01
 0.489869303774039E-01
 0.494914497109202E-01
 0.498834571429489E-01
 0.501585686533080E-01
 0.503132784569174E-01
 0.503450022265143E-01
 0.502520886775318E-01
 0.500337915598969E-01
 0.496902044286694E-01
 0.492221756063388E-01
 0.486312303718788E-01
 0.479195238302312E-01
 0.470898321334425E-01
 0.461455709029781E-01
 0.450908186804339E-01
 0.439303253023454E-01
 0.426694968443378E-01
 0.413143608786002E-01
 0.398716936510138E-01
 0.384326028117865E-01
 0.370435661622474E-01
 0.357050493271480E-01
 0.344071049283454E-01
 0.331495516401826E-01
 0.319332500727085E-01
 0.307570260287250E-01
 0.296195249974150E-01
 0.285148104053200E-01
 0.274428932911115E-01
 0.264113517600482E-01
 0.254081734416437E-01
 0.244374449666886E-01
 0.234987000217370E-01
 0.225953659618304E-01
 0.217111322795375E-01
 0.208567297708860E-01
 0.200419224794207E-01
 0.192367869795282E-01
 0.184695629053532E-01
 0.177278886049348E-01
 0.169907582427231E-01
 0.163100467196935E-01
 0.156258759539266E-01
 0.149830244377641E-01
 0.143491519461073E-01
 0.137419073642200E-01
 0.131527050855838E-01
 0.125729443540366E-01
 0.119751435032456E-01
 0.113626338181031E-01
 0.107387701445012E-01
 0.101068991430171E-01
 0.947033310795096E-02
 0.883232725816484E-02
 0.842804550704872E-02
 0.858617889594245E-02
 0.867764682486957E-02
 0.870640495160565E-02
 0.867662616772778E-02
 0.859264711892528E-02
 0.845892107126045E-02
 0.827997729893952E-02
 0.806038485557199E-02
 0.780471897714259E-02
 0.751752979277234E-02
 0.720331352354327E-02
 0.686648551394568E-02
 0.651255842056152E-02
 0.616346850608906E-02
 0.582692012405883E-02
 0.550078207569208E-02
 0.518584592579312E-02
 0.488287774406328E-02
 0.459230734352379E-02
 0.431373973247600E-02
 0.404625610674404E-02
 0.378911238562289E-02
 0.354125807004671E-02
 0.330818169140432E-02
 0.308537610050154E-02
 0.287046835459576E-02
 0.266841348480577E-02
 0.247683036430265E-02
 0.229281103803474E-02
 0.212127937424495E-02
 0.195717318748396E-02
 0.180299626116185E-02
 0.165814536744733E-02
 0.151993068625642E-02
 0.139302836961997E-02
 0.127085645822592E-02
 0.115975726475181E-02
 0.105333197775882E-02
 0.956011891064694E-03
 0.864012196292572E-03
 0.779519831693026E-03
 0.700515883980448E-03
 0.627995535194586E-03
 0.560700546529335E-03
 0.498773695882079E-03
 0.440295556108844E-03
 0.385578257038098E-03
 0.334868442820759E-03
 0.298806149823619E-03
 0.276234315259691E-03
 0.252380654880335E-03
 0.227929245617564E-03
 0.203476877539349E-03
 0.179532590283280E-03
 0.156518814642733E-03
 0.134774019418847E-03
 0.114556708684421E-03
 0.960505571543331E-04
 0.793704371926098E-04
 0.645691050892814E-04
 0.516443664622078E-04
 0.405465921652837E-04
 0.311864752965522E-04
 0.234429052218412E-04
 0.171708075886722E-04
 0.122240509113036E-04
 0.844311092054393E-05
 0.562567245510471E-05
 0.358486031057753E-05
 0.216095688147673E-05
 0.121297530122990E-05
 0.618678680349332E-06
 0.276014920289371E-06
 0.100598364620140E-06
 0.260824457847078E-07
 0.336630799318506E-08
 0.413895443762504E-10
 0.000000000000000E+00
 0.000000000000000E+00
 0.000000000000000E+00
 0.000000000000000E+00
 0.000000000000000E+00
 0.000000000000000E+00
 0.000000000000000E+00
 0.000000000000000E+00
 0.000000000000000E+00
 0.000000000000000E+00
 0.000000000000000E+00
 0.000000000000000E+00
 0.000000000000000E+00
 0.000000000000000E+00
 0.000000000000000E+00
 0.000000000000000E+00
 0.000000000000000E+00
 0.000000000000000E+00
 0.000000000000000E+00
 0.000000000000000E+00
 0.000000000000000E+00
 0.000000000000000E+00
 0.000000000000000E+00
 0.000000000000000E+00
 0.000000000000000E+00
 0.000000000000000E+00
 0.000000000000000E+00
 0.000000000000000E+00
 0.000000000000000E+00
 0.000000000000000E+00
 0.000000000000000E+00
 0.000000000000000E+00
 0.000000000000000E+00
 0.000000000000000E+00
 0.000000000000000E+00
 0.000000000000000E+00
 0.000000000000000E+00
 0.000000000000000E+00
 0.000000000000000E+00
 0.000000000000000E+00
 0.000000000000000E+00
 0.000000000000000E+00
 0.000000000000000E+00
 0.000000000000000E+00
 0.000000000000000E+00
 0.000000000000000E+00
 0.000000000000000E+00
 0.000000000000000E+00
 0.000000000000000E+00
 0.000000000000000E+00
 0.000000000000000E+00
 0.000000000000000E+00
 0.000000000000000E+00
 0.000000000000000E+00
 0.000000000000000E+00
 0.000000000000000E+00
 0.000000000000000E+00
 0.000000000000000E+00
 0.000000000000000E+00
 0.000000000000000E+00
 0.000000000000000E+00
 0.000000000000000E+00
 0.000000000000000E+00
 0.000000000000000E+00
 0.000000000000000E+00
 0.000000000000000E+00
 0.000000000000000E+00
 0.000000000000000E+00
 0.000000000000000E+00
 0.000000000000000E+00
 0.000000000000000E+00
 0.000000000000000E+00
 0.000000000000000E+00
 0.000000000000000E+00
 0.000000000000000E+00
 0.000000000000000E+00
 0.000000000000000E+00
 0.000000000000000E+00
 0.000000000000000E+00
 0.000000000000000E+00
 0.000000000000000E+00
 0.000000000000000E+00
 0.000000000000000E+00
 0.000000000000000E+00
 0.000000000000000E+00
 0.000000000000000E+00
 0.000000000000000E+00
 0.000000000000000E+00
 0.000000000000000E+00
 0.000000000000000E+00
 0.000000000000000E+00
 0.000000000000000E+00
 0.000000000000000E+00
 0.000000000000000E+00
 0.000000000000000E+00
 0.000000000000000E+00
 0.000000000000000E+00
 0.000000000000000E+00
 0.000000000000000E+00
 0.000000000000000E+00
 0.000000000000000E+00
 0.000000000000000E+00
 0.000000000000000E+00
 0.000000000000000E+00
 0.000000000000000E+00
 0.000000000000000E+00
 0.000000000000000E+00
 0.000000000000000E+00
 0.000000000000000E+00
 0.000000000000000E+00
 0.000000000000000E+00
 0.000000000000000E+00
 0.000000000000000E+00
 0.000000000000000E+00
 0.000000000000000E+00
 0.000000000000000E+00
 0.000000000000000E+00
 0.000000000000000E+00
 0.000000000000000E+00
 0.000000000000000E+00
 0.000000000000000E+00
 0.000000000000000E+00
 0.000000000000000E+00
 0.000000000000000E+00
 0.000000000000000E+00
 0.000000000000000E+00
 0.000000000000000E+00
 0.000000000000000E+00
 0.000000000000000E+00
 0.000000000000000E+00
 0.000000000000000E+00
 0.000000000000000E+00
 0.000000000000000E+00
 0.000000000000000E+00
 0.000000000000000E+00
 0.000000000000000E+00
 0.000000000000000E+00
 0.000000000000000E+00
 0.000000000000000E+00
 0.000000000000000E+00
 0.000000000000000E+00
 0.000000000000000E+00
 0.000000000000000E+00
 0.000000000000000E+00
 0.000000000000000E+00
 0.000000000000000E+00
 0.000000000000000E+00
 0.000000000000000E+00
 0.000000000000000E+00
 0.000000000000000E+00
 0.000000000000000E+00
 0.000000000000000E+00
 0.000000000000000E+00
 0.000000000000000E+00
 0.000000000000000E+00
 0.000000000000000E+00
 0.000000000000000E+00
 0.000000000000000E+00
 0.000000000000000E+00
 0.000000000000000E+00
 0.000000000000000E+00
 0.000000000000000E+00
 0.000000000000000E+00
 0.000000000000000E+00
 0.000000000000000E+00
 0.000000000000000E+00
 0.000000000000000E+00
 0.000000000000000E+00
 0.000000000000000E+00
 0.000000000000000E+00
 0.000000000000000E+00
 0.000000000000000E+00
 0.000000000000000E+00
 0.000000000000000E+00
 0.000000000000000E+00
 0.000000000000000E+00
 0.000000000000000E+00
 0.000000000000000E+00
 0.000000000000000E+00
 0.000000000000000E+00
 0.000000000000000E+00
 0.000000000000000E+00
 0.000000000000000E+00
 0.000000000000000E+00
 0.000000000000000E+00
 0.000000000000000E+00
 0.000000000000000E+00
 0.000000000000000E+00
 0.000000000000000E+00
 0.000000000000000E+00
 0.000000000000000E+00
 0.000000000000000E+00
 0.000000000000000E+00
 0.000000000000000E+00
 0.000000000000000E+00
 0.000000000000000E+00
 0.000000000000000E+00
 0.000000000000000E+00
 0.000000000000000E+00
 0.000000000000000E+00
 0.000000000000000E+00
 0.000000000000000E+00
 0.000000000000000E+00
 0.000000000000000E+00
 0.000000000000000E+00
 0.000000000000000E+00
 0.000000000000000E+00
 0.000000000000000E+00
 0.000000000000000E+00
 0.000000000000000E+00
 0.000000000000000E+00
 0.000000000000000E+00
 0.000000000000000E+00
 0.000000000000000E+00
 0.000000000000000E+00
 0.000000000000000E+00
 0.000000000000000E+00
 0.000000000000000E+00
 0.000000000000000E+00
 0.000000000000000E+00
 0.000000000000000E+00
 0.000000000000000E+00
 0.000000000000000E+00
 0.000000000000000E+00
 0.000000000000000E+00
 0.000000000000000E+00
 0.000000000000000E+00
 0.000000000000000E+00
 0.000000000000000E+00
 0.000000000000000E+00
 0.000000000000000E+00
 0.000000000000000E+00
 0.000000000000000E+00
 0.000000000000000E+00
 0.000000000000000E+00
 0.000000000000000E+00
 0.000000000000000E+00
 0.000000000000000E+00
 0.000000000000000E+00
 0.000000000000000E+00
 0.000000000000000E+00
 0.000000000000000E+00
 0.000000000000000E+00
 0.000000000000000E+00
 0.000000000000000E+00
 0.000000000000000E+00
 0.000000000000000E+00
 0.000000000000000E+00
 0.000000000000000E+00
 0.000000000000000E+00
 0.000000000000000E+00
 0.000000000000000E+00
 0.000000000000000E+00
 0.000000000000000E+00
 0.000000000000000E+00
 0.000000000000000E+00
 0.000000000000000E+00
 0.000000000000000E+00
 0.000000000000000E+00
 0.000000000000000E+00
 0.000000000000000E+00
 0.000000000000000E+00
 0.000000000000000E+00
 0.000000000000000E+00
 0.000000000000000E+00
 0.000000000000000E+00
 0.000000000000000E+00
 0.000000000000000E+00
 0.000000000000000E+00
 0.000000000000000E+00
 0.000000000000000E+00
 0.000000000000000E+00
 0.000000000000000E+00
 0.000000000000000E+00
 0.000000000000000E+00
 0.000000000000000E+00
 0.000000000000000E+00
 0.000000000000000E+00
 0.000000000000000E+00
 0.000000000000000E+00
 0.000000000000000E+00
 0.000000000000000E+00
 0.000000000000000E+00
 0.000000000000000E+00
 0.000000000000000E+00
 0.000000000000000E+00
 0.000000000000000E+00
 0.000000000000000E+00
 0.000000000000000E+00
 0.000000000000000E+00
 0.000000000000000E+00
 0.000000000000000E+00
 0.000000000000000E+00
 0.000000000000000E+00
 0.000000000000000E+00
 0.000000000000000E+00
 0.000000000000000E+00
 0.000000000000000E+00
 0.000000000000000E+00
 0.000000000000000E+00
 0.000000000000000E+00
 0.000000000000000E+00
 0.000000000000000E+00
 0.000000000000000E+00
 0.000000000000000E+00
 0.000000000000000E+00
 0.000000000000000E+00
 0.000000000000000E+00
 0.000000000000000E+00
 0.000000000000000E+00
 0.000000000000000E+00
 0.000000000000000E+00
 0.000000000000000E+00
 0.000000000000000E+00
 0.000000000000000E+00
 0.000000000000000E+00
 0.000000000000000E+00
 0.000000000000000E+00
 0.000000000000000E+00
 0.000000000000000E+00
 0.000000000000000E+00
 0.000000000000000E+00
 0.000000000000000E+00
 0.000000000000000E+00
 0.000000000000000E+00
 0.000000000000000E+00
 0.000000000000000E+00
 0.000000000000000E+00
 0.000000000000000E+00
 0.000000000000000E+00
 0.000000000000000E+00
 0.000000000000000E+00
 0.000000000000000E+00
 0.000000000000000E+00
 0.000000000000000E+00
 0.000000000000000E+00
 0.000000000000000E+00
 0.000000000000000E+00
 0.000000000000000E+00
 0.000000000000000E+00
 0.000000000000000E+00
 0.000000000000000E+00
 0.000000000000000E+00
 0.000000000000000E+00
 0.000000000000000E+00
 0.000000000000000E+00
 0.000000000000000E+00
 0.000000000000000E+00
