 0.000000000000000E+00
 0.000000000000000E+00
 0.000000000000000E+00
 0.000000000000000E+00
 0.000000000000000E+00
 0.000000000000000E+00
 0.000000000000000E+00
 0.000000000000000E+00
 0.000000000000000E+00
 0.000000000000000E+00
 0.000000000000000E+00
 0.000000000000000E+00
 0.000000000000000E+00
 0.000000000000000E+00
 0.000000000000000E+00
 0.000000000000000E+00
 0.000000000000000E+00
 0.000000000000000E+00
 0.000000000000000E+00
 0.000000000000000E+00
 0.000000000000000E+00
 0.000000000000000E+00
 0.000000000000000E+00
 0.000000000000000E+00
 0.000000000000000E+00
 0.000000000000000E+00
 0.000000000000000E+00
 0.141872240849351E-32
 0.755398625997618E-31
 0.270171303478661E-29
 0.669161709264502E-28
 0.124449114153537E-26
 0.185271694051141E-25
 0.229666284361574E-24
 0.243385711484257E-23
 0.224898441216220E-22
 0.184131718639943E-21
 0.135368569131935E-20
 0.903632797838415E-20
 0.552801298957466E-19
 0.312301572016533E-18
 0.163968266170615E-17
 0.804294484828009E-17
 0.370221002172701E-16
 0.160520579844058E-15
 0.657710089247439E-15
 0.255394724876661E-14
 0.942261058856960E-14
 0.339253949338087E-13
 0.120046115548888E-12
 0.405354136629836E-12
 0.130871201874616E-11
 0.404744443879124E-11
 0.120116002650229E-10
 0.342622613230059E-10
 0.940801041559854E-10
 0.249045950352995E-09
 0.636441198926146E-09
 0.157216084989612E-08
 0.375859537158919E-08
 0.870648559044616E-08
 0.195622157752561E-07
 0.426768171931528E-07
 0.904855239850263E-07
 0.186624368016675E-06
 0.374735636749179E-06
 0.733148318314683E-06
 0.139859053618553E-05
 0.260329332282578E-05
 0.473121541389101E-05
 0.840050541915116E-05
 0.145804526562313E-04
 0.247516591245288E-04
 0.411174626084093E-04
 0.668721402959441E-04
 0.106526517651123E-03
 0.166283848698786E-03
 0.254448121744628E-03
 0.381833744524860E-03
 0.562131095621307E-03
 0.812168771686908E-03
 0.115200338738720E-02
 0.160476489006719E-02
 0.219619291543246E-02
 0.295382034894114E-02
 0.390579493664809E-02
 0.507937699038217E-02
 0.649920638959684E-02
 0.818548753867754E-02
 0.101522866138210E-01
 0.124061602822559E-01
 0.149453292260206E-01
 0.177595670514858E-01
 0.208308953260395E-01
 0.241350659360323E-01
 0.276436878253230E-01
 0.313267376923115E-01
 0.351551073151676E-01
 0.391028056102247E-01
 0.431484656125660E-01
 0.472759075718263E-01
 0.514736669905918E-01
 0.557335843877189E-01
 0.600487355390539E-01
 0.644111177204278E-01
 0.688095657817843E-01
 0.732283330129355E-01
 0.776466377275572E-01
 0.820392717245573E-01
 0.863781343734727E-01
 0.906343487937195E-01
 0.947804845294816E-01
 0.987923887479330E-01
 0.102650224300171E+00
 0.106338507551427E+00
 0.109845185502267E+00
 0.113160029189260E+00
 0.116272787914788E+00
 0.119171602280565E+00
 0.121842097953429E+00
 0.124267395244826E+00
 0.126429020747808E+00
 0.128308463192081E+00
 0.129888943348097E+00
 0.131156915834128E+00
 0.132102904727953E+00
 0.132721471778844E+00
 0.133010368925517E+00
 0.132969161076900E+00
 0.132597750607681E+00
 0.131895248473517E+00
 0.130859516198110E+00
 0.129487488356816E+00
 0.127776145453583E+00
 0.125723816624162E+00
 0.123559235590496E+00
 0.121481234821697E+00
 0.119492618792839E+00
 0.117567981744272E+00
 0.115702443473421E+00
 0.113904900735272E+00
 0.112178758414881E+00
 0.110516606620496E+00
 0.108904753819402E+00
 0.107330620310025E+00
 0.105786287856952E+00
 0.104322946581001E+00
 0.102917259129329E+00
 0.101504470341514E+00
 0.100153348437140E+00
 0.988648023523791E-01
 0.975628630998892E-01
 0.963249545055633E-01
 0.951568354984850E-01
 0.938855851474098E-01
 0.928435255672205E-01
 0.916847376961768E-01
 0.906256829310956E-01
 0.895666395270285E-01
 0.885031934218162E-01
 0.875266934248179E-01
 0.864760752471952E-01
 0.855690181312299E-01
 0.844873186313294E-01
 0.831702710065485E-01
 0.816073697074768E-01
 0.797914177693390E-01
 0.777235686277604E-01
 0.754144182592932E-01
 0.728805596832141E-01
 0.701384285943326E-01
 0.731379601001092E-01
 0.774610561508491E-01
 0.815071915748794E-01
 0.852685637867372E-01
 0.887397083330879E-01
 0.919158882656121E-01
 0.947916943057348E-01
 0.973606561383388E-01
 0.996160920543558E-01
 0.101552695272375E+00
 0.103167922590654E+00
 0.104462392516966E+00
 0.105439129378042E+00
 0.106102203962357E+00
 0.106455660834502E+00
 0.106503374964242E+00
 0.106249821064793E+00
 0.105733528021769E+00
 0.105163976299535E+00
 0.104573966056588E+00
 0.103972647673894E+00
 0.103355175870092E+00
 0.102746816671486E+00
 0.102136838037781E+00
 0.101506560401315E+00
 0.100896753852897E+00
 0.100268419850714E+00
 0.996522432272308E-01
 0.989891167977220E-01
 0.983871034796913E-01
 0.977463215976811E-01
 0.971055255944090E-01
 0.964703325168650E-01
 0.958466781366154E-01
 0.951876528848676E-01
 0.946041139969806E-01
 0.939103033669066E-01
 0.933531926201343E-01
 0.927157034979520E-01
 0.921146771565031E-01
 0.915360069391815E-01
 0.908946656690143E-01
 0.903638698996622E-01
 0.897009954962030E-01
 0.891919556635699E-01
 0.885242131722809E-01
 0.880256922617984E-01
 0.873847385433786E-01
 0.868720801321615E-01
 0.861515446157764E-01
 0.852279534461760E-01
 0.841010191245072E-01
 0.827728655620924E-01
 0.812537687362836E-01
 0.795653555246696E-01
 0.778521593381268E-01
 0.761833538202121E-01
 0.745640223398018E-01
 0.729817976991583E-01
 0.714595432849355E-01
 0.699690885106333E-01
 0.685253017461568E-01
 0.672730748138043E-01
 0.668491856246033E-01
 0.664780284500426E-01
 0.660734796083261E-01
 0.656357232311019E-01
 0.652686105316570E-01
 0.648749047755687E-01
 0.644633656022987E-01
 0.641125431805619E-01
 0.637404369904003E-01
 0.633366575195094E-01
 0.627800910015761E-01
 0.620764200151507E-01
 0.612309273416884E-01
 0.602488451388448E-01
 0.591358654491258E-01
 0.578983508343143E-01
 0.565432711736250E-01
 0.550780153764414E-01
 0.535101028252509E-01
 0.518468809328461E-01
 0.500955364221546E-01
 0.482636836995492E-01
 0.463601997747235E-01
 0.443954075661121E-01
 0.423799961640601E-01
 0.403232422471524E-01
 0.382320772420147E-01
 0.361121350343916E-01
 0.339701952332873E-01
 0.318159514443173E-01
 0.296613608623993E-01
 0.275178972417600E-01
 0.253939815450693E-01
 0.232948012102661E-01
 0.212246147575760E-01
 0.191894295937655E-01
 0.171977097390737E-01
 0.152586810921451E-01
 0.135674412955483E-01
 0.134064744747190E-01
 0.156551046615895E-01
 0.180631336895302E-01
 0.206248713925958E-01
 0.233341692487078E-01
 0.261840625437066E-01
 0.291664220593865E-01
 0.322718189113185E-01
 0.354896218785714E-01
 0.388081957806152E-01
 0.422150691493260E-01
 0.456970563921609E-01
 0.492404100578492E-01
 0.528310380858719E-01
 0.564546936667610E-01
 0.600969813315563E-01
 0.637431208974018E-01
 0.673776089937885E-01
 0.709840426748280E-01
 0.745452968193258E-01
 0.780440177525892E-01
 0.814631816476224E-01
 0.847864251387618E-01
 0.879980087104896E-01
 0.910825044006780E-01
 0.940244527715176E-01
 0.968082237909172E-01
 0.994181684836967E-01
 0.101838969169786E+00
 0.104055998913218E+00
 0.106055535936854E+00
 0.107824804611660E+00
 0.109351928852106E+00
 0.110625901849040E+00
 0.111636601072428E+00
 0.112374796873102E+00
 0.112832105764681E+00
 0.113000925701203E+00
 0.112874465602766E+00
 0.112446948286226E+00
 0.111713930077599E+00
 0.110672556435997E+00
 0.109321581528836E+00
 0.107718712588780E+00
 0.106128408761886E+00
 0.104596126623129E+00
 0.103102759835304E+00
 0.101642775242776E+00
 0.100221355933547E+00
 0.988591836578620E-01
 0.975400335519661E-01
 0.962588896693864E-01
 0.950121537963575E-01
 0.937680053867208E-01
 0.925679922341986E-01
 0.914066243472994E-01
 0.902898764183505E-01
 0.891408303330335E-01
 0.881007666637424E-01
 0.870495868368654E-01
 0.859889312367555E-01
 0.850351446732405E-01
 0.840394896404486E-01
 0.830865601292652E-01
 0.821886165883701E-01
 0.812119308754373E-01
 0.804106945798715E-01
 0.794906019383544E-01
 0.787127750242176E-01
 0.778634459992273E-01
 0.770924704585423E-01
 0.763015811995665E-01
 0.755007742741469E-01
 0.744786817328226E-01
 0.732360048901698E-01
 0.717740064110520E-01
 0.700938744425896E-01
 0.681966110122989E-01
 0.675300492427550E-01
 0.720618298492510E-01
 0.763288803004927E-01
 0.803155277140469E-01
 0.840069712866242E-01
 0.873894328425502E-01
 0.904503527239514E-01
 0.931785121223406E-01
 0.955640093618185E-01
 0.975981355351776E-01
 0.992732819508287E-01
 0.100582986567676E+00
 0.101522106990066E+00
 0.102086998449159E+00
 0.102275572290945E+00
 0.102087212882241E+00
 0.101522644678619E+00
 0.100699725608835E+00
 0.998743513665164E-01
 0.990587244708403E-01
 0.982421548321143E-01
 0.974287544458499E-01
 0.966172233547843E-01
 0.958125659078716E-01
 0.950124299612491E-01
 0.941901068742002E-01
 0.933745878628255E-01
 0.926398356493743E-01
 0.918806110785347E-01
 0.910689667092725E-01
 0.903367915025119E-01
 0.896091736375363E-01
 0.888220235791521E-01
 0.881382592562163E-01
 0.874073595189155E-01
 0.866761702639008E-01
 0.860179280671483E-01
 0.852317084591741E-01
 0.846482274742449E-01
 0.839132099138239E-01
 0.833090581827729E-01
 0.826257478857782E-01
 0.820033803814218E-01
 0.813643878044833E-01
 0.807323938679841E-01
 0.801327777333746E-01
 0.795011588092837E-01
 0.789273518748164E-01
 0.782381829773219E-01
 0.772790162492675E-01
 0.760527803844093E-01
 0.745631187697080E-01
 0.728216774242259E-01
 0.738597645643991E-01
 0.782026681225377E-01
 0.822815339348593E-01
 0.860839118156230E-01
 0.895986439241185E-01
 0.928158286470948E-01
 0.957267658483544E-01
 0.983239651514788E-01
 0.100601226957862E+00
 0.102553727900039E+00
 0.104178033842610E+00
 0.105472032811223E+00
 0.106434859910302E+00
 0.107066898054675E+00
 0.107369868316749E+00
 0.107346935158169E+00
 0.107002725222129E+00
 0.106343218244883E+00
 0.105375564699162E+00
 0.104107938760484E+00
 0.102608479965298E+00
 0.101124801672283E+00
 0.996993387218705E-01
 0.983048444141094E-01
 0.969421801547418E-01
 0.956303884797027E-01
 0.943614601568941E-01
 0.931423944339608E-01
 0.919682885223206E-01
 0.908250688006213E-01
 0.896894839141050E-01
 0.885836959985222E-01
 0.875218144105695E-01
 0.865146529349963E-01
 0.854628253527321E-01
 0.845074085968866E-01
 0.835766396036705E-01
 0.825794694159751E-01
 0.817450822790885E-01
 0.808454977421140E-01
 0.799769727349858E-01
 0.791713068736211E-01
 0.782793901693062E-01
 0.775635373013651E-01
 0.766930485284770E-01
 0.760217801326931E-01
 0.752177689055157E-01
 0.745369290659914E-01
 0.737868049556206E-01
 0.730708445572355E-01
 0.721297120752580E-01
 0.709707953316887E-01
 0.696028344455343E-01
 0.680351423356189E-01
 0.662771461789443E-01
 0.643383522129486E-01
 0.622797811738921E-01
 0.603031295273309E-01
 0.584254330062043E-01
 0.566401007562613E-01
 0.559174748194959E-01
 0.554380760010259E-01
 0.550083339806783E-01
 0.545767018402823E-01
 0.541401256647732E-01
 0.536876160038245E-01
 0.532880137484672E-01
 0.528880528235486E-01
 0.524585088666212E-01
 0.520630551796080E-01
 0.516888195299415E-01
 0.512556588929531E-01
 0.508989539484641E-01
 0.503801120745313E-01
 0.497027859711445E-01
 0.488717937580044E-01
 0.478929685163548E-01
 0.467728237913467E-01
 0.455181864477548E-01
 0.441359211943355E-01
 0.426328880760506E-01
 0.410162055530552E-01
 0.392936607650035E-01
 0.374739132049401E-01
 0.355662620571190E-01
 0.335801564891039E-01
 0.315249058759135E-01
 0.300418108011380E-01
 0.324351216977623E-01
 0.347171144880119E-01
 0.368733841500281E-01
 0.388900842667153E-01
 0.407539387890210E-01
 0.424523129648996E-01
 0.439733160711656E-01
 0.453058984115365E-01
 0.464399248595503E-01
 0.473662325930601E-01
 0.480766881476652E-01
 0.485642442390839E-01
 0.488229763674781E-01
 0.488480761055238E-01
 0.486358021171780E-01
 0.481834263561980E-01
 0.474892295907851E-01
 0.465525746524578E-01
 0.454618589294244E-01
 0.444113223921985E-01
 0.434076285170621E-01
 0.424202118578686E-01
 0.414981328175712E-01
 0.406033554538789E-01
 0.397366185953893E-01
 0.389081827552962E-01
 0.381104659823501E-01
 0.373572388303192E-01
 0.366193302287746E-01
 0.359027999750311E-01
 0.352243525334409E-01
 0.345503925613835E-01
 0.338846988238169E-01
 0.332980110907178E-01
 0.326999844141241E-01
 0.320835142793869E-01
 0.315779962578586E-01
 0.310257389337955E-01
 0.305046764592949E-01
 0.300349611249685E-01
 0.294930990121964E-01
 0.311795879743014E-01
 0.353762496831029E-01
 0.395110771265755E-01
 0.435673460342202E-01
 0.475285462095254E-01
 0.513783859574688E-01
 0.551008782229343E-01
 0.586804847231969E-01
 0.621022617789818E-01
 0.653519653050406E-01
 0.684161112775393E-01
 0.712820143802934E-01
 0.739378235109801E-01
 0.763725527467156E-01
 0.785760973986927E-01
 0.805392380903357E-01
 0.822536567194992E-01
 0.837119921694141E-01
 0.849079403846660E-01
 0.858363671272544E-01
 0.864933804151146E-01
 0.868763234107061E-01
 0.869836930241887E-01
 0.868150364202298E-01
 0.863708930576309E-01
 0.856584738243551E-01
 0.848631714995449E-01
 0.840784566792921E-01
 0.832791617417670E-01
 0.824981482446452E-01
 0.817247683711582E-01
 0.809520592690714E-01
 0.801744363410540E-01
 0.794375886035313E-01
 0.787101723666819E-01
 0.779813487075220E-01
 0.772416879453732E-01
 0.765309516266711E-01
 0.758305871996846E-01
 0.751179980219504E-01
 0.744448072224925E-01
 0.737760037890866E-01
 0.730717676134703E-01
 0.724522600213241E-01
 0.718079862883954E-01
 0.711434897691608E-01
 0.705674738987288E-01
 0.698908398707851E-01
 0.693544074460810E-01
 0.687322539974099E-01
 0.681771216886287E-01
 0.676032383827932E-01
 0.670411563949588E-01
 0.665046119409370E-01
 0.659452940755246E-01
 0.654372297096107E-01
 0.648320394223910E-01
 0.640290939828507E-01
 0.630311929009282E-01
 0.618420714423289E-01
 0.604662126478906E-01
 0.589086347054502E-01
 0.571943127332620E-01
 0.555072160481802E-01
 0.538874896423015E-01
 0.523205070348480E-01
 0.508339981896882E-01
 0.513800697526411E-01
 0.529579097287702E-01
 0.543172580741134E-01
 0.554580291068469E-01
 0.563813201257046E-01
 0.570893390007578E-01
 0.575853345671237E-01
 0.578735568997336E-01
 0.579592443903461E-01
 0.578486154041523E-01
 0.575488477568464E-01
 0.570687002117307E-01
 0.565220959785378E-01
 0.559817624439907E-01
 0.554453678653034E-01
 0.549086821015239E-01
 0.543860436268627E-01
 0.538766182635751E-01
 0.533703535563913E-01
 0.528859304554966E-01
 0.524052045760327E-01
 0.519219494209089E-01
 0.514569796716260E-01
 0.509885011690572E-01
 0.505400194973436E-01
 0.500813090263310E-01
 0.496579605275601E-01
 0.492291176221577E-01
 0.487885754156483E-01
 0.483986752466511E-01
 0.479828970203613E-01
 0.475888237652609E-01
 0.472175955048812E-01
 0.467956915491858E-01
 0.464734295506019E-01
 0.460514392445855E-01
 0.457499283102521E-01
 0.453584331269747E-01
 0.450506033851949E-01
 0.446834770197225E-01
 0.443758377508897E-01
 0.440262508943758E-01
 0.436942518217259E-01
 0.432302432723385E-01
 0.426407838104861E-01
 0.419330752789183E-01
 0.411158405192542E-01
 0.402706313311964E-01
 0.394516390273825E-01
 0.386530208048497E-01
 0.378815643502310E-01
 0.371240027288673E-01
 0.371023974807504E-01
 0.397277918405519E-01
 0.425351365453871E-01
 0.455153604539843E-01
 0.486582248362684E-01
 0.519523747729268E-01
 0.553854508032793E-01
 0.589442283535253E-01
 0.626147338164620E-01
 0.663822987170711E-01
 0.702315526381512E-01
 0.741463956928916E-01
 0.781100036068082E-01
 0.821048947399387E-01
 0.861130484291548E-01
 0.901160387584485E-01
 0.940951527563021E-01
 0.980314855136452E-01
 0.101906021950985E+00
 0.105699712620903E+00
 0.109393538538642E+00
 0.112968557457165E+00
 0.116405939007170E+00
 0.119687015164143E+00
 0.122793373883281E+00
 0.125706999782913E+00
 0.128410432211409E+00
 0.130886894581307E+00
 0.133120364130350E+00
 0.135095587992821E+00
 0.136798082702342E+00
 0.138214158251343E+00
 0.139330984772691E+00
 0.140136689918395E+00
 0.140620460229838E+00
 0.140772626488607E+00
 0.140584729043957E+00
 0.140049567669880E+00
 0.139161236605064E+00
 0.137915139044338E+00
 0.136307979098326E+00
 0.134337743618915E+00
 0.132017289207563E+00
 0.129662534384656E+00
 0.127391833378374E+00
 0.125218953045199E+00
 0.123102078159675E+00
 0.121055039880916E+00
 0.119092507697050E+00
 0.117206058256372E+00
 0.115397571039888E+00
 0.113650372264669E+00
 0.111949747014334E+00
 0.110269927017916E+00
 0.108661405757079E+00
 0.107115203777760E+00
 0.105614427590285E+00
 0.104097566990851E+00
 0.102720484599524E+00
 0.101338734165098E+00
 0.999479981579455E-01
 0.987075458286261E-01
 0.973886112897343E-01
 0.961866679840253E-01
 0.949994033433153E-01
 0.937846388304556E-01
 0.927177847277886E-01
 0.915235140639920E-01
 0.905434712710908E-01
 0.894383920012912E-01
 0.884393691606686E-01
 0.871843919786675E-01
 0.856724256374845E-01
 0.839031402139580E-01
 0.818767425626366E-01
 0.807254478932119E-01
 0.876143508662854E-01
 0.942737699655663E-01
 0.100683902158123E+00
 0.106825836947646E+00
 0.112681626980908E+00
 0.118234342925656E+00
 0.123468106806391E+00
 0.128368110642125E+00
 0.132920642983414E+00
 0.137113147755948E+00
 0.140934319853136E+00
 0.144374211768809E+00
 0.147424309094600E+00
 0.150077546012598E+00
 0.152328267782970E+00
 0.154172179230335E+00
 0.155606322171041E+00
 0.156629098784900E+00
 0.157240323497212E+00
 0.157441268653226E+00
 0.157234678059961E+00
 0.156624744959397E+00
 0.155617067494104E+00
 0.154359593565240E+00
 0.153094299936676E+00
 0.151862685655747E+00
 0.150613605510013E+00
 0.149366876472425E+00
 0.148134746937180E+00
 0.146919887465439E+00
 0.145716461800521E+00
 0.144511642240240E+00
 0.143295558515495E+00
 0.142114560538135E+00
 0.140976932865232E+00
 0.139819727617473E+00
 0.138662522588486E+00
 0.137558197173917E+00
 0.136443561478765E+00
 0.135320376154651E+00
 0.134281527941357E+00
 0.133154713354665E+00
 0.132138536383111E+00
 0.131107090884945E+00
 0.130031645060380E+00
 0.129090203766712E+00
 0.127974321292204E+00
 0.127113769668912E+00
 0.126044504403205E+00
 0.125183802830996E+00
 0.124173415184553E+00
 0.123302210659918E+00
 0.122337790069651E+00
 0.121417234488509E+00
 0.120207786014222E+00
 0.118715621636318E+00
 0.116947973641152E+00
 0.114912936885860E+00
 0.112619284336076E+00
 0.110076398696733E+00
 0.107298628933211E+00
 0.104507389361765E+00
 0.101810759132012E+00
 0.992261027784787E-01
 0.967340334551156E-01
 0.943247687388879E-01
 0.936709476767601E-01
 0.930401021266477E-01
 0.923954534439689E-01
 0.917443732205028E-01
 0.911709127004831E-01
 0.905702395400015E-01
 0.899268623008984E-01
 0.893739119289036E-01
 0.887955450612048E-01
 0.881547964920797E-01
 0.876438704816928E-01
 0.869271158518174E-01
 0.860075613215148E-01
 0.848895324731438E-01
 0.835778704804146E-01
 0.820779627225346E-01
 0.803958155083310E-01
 0.785381191289292E-01
 0.765122544864812E-01
 0.743262250673652E-01
 0.719885471689147E-01
 0.695081523372465E-01
 0.668943296958966E-01
 0.641566927000478E-01
 0.613051432169882E-01
 0.583498348273699E-01
 0.553011641242170E-01
 0.533115620493426E-01
 0.528968815477299E-01
 0.524737565273599E-01
 0.520531716399348E-01
 0.516796074586382E-01
 0.512473253659159E-01
 0.508983654273348E-01
 0.505104953391335E-01
 0.501370154587483E-01
 0.497882765857037E-01
 0.493989508382415E-01
 0.490823094647912E-01
 0.486849059528316E-01
 0.483923836032031E-01
 0.479946525822220E-01
 0.477156689842078E-01
 0.473238909975410E-01
 0.470388350147295E-01
 0.466149529776235E-01
 0.460584738537776E-01
 0.453790909980557E-01
 0.446281142729548E-01
 0.438914118426563E-01
 0.431706749982723E-01
 0.424593751531834E-01
 0.417734584036559E-01
 0.411006453190672E-01
 0.404398963615998E-01
 0.397934662313482E-01
 0.414632701102358E-01
 0.435961829904362E-01
 0.458213950740201E-01
 0.481272107110451E-01
 0.505013202633897E-01
 0.529308587286981E-01
 0.554024831122557E-01
 0.579024684148184E-01
 0.604168034655579E-01
 0.629312625384588E-01
 0.654314449379164E-01
 0.679028009677884E-01
 0.703306767166047E-01
 0.727003985998612E-01
 0.749973896349191E-01
 0.772072861903101E-01
 0.793160250976815E-01
 0.813098947220616E-01
 0.831755695668033E-01
 0.849001554174904E-01
 0.864712571948154E-01
 0.878770598209525E-01
 0.891064028650938E-01
 0.901488387251439E-01
 0.909946805289579E-01
 0.916350531610094E-01
 0.920619524858766E-01
 0.922683030910131E-01
 0.922479989099367E-01
 0.919959206023330E-01
 0.915079405415093E-01
 0.907809353487026E-01
 0.898128182996040E-01
 0.886025852292780E-01
 0.871767533661281E-01
 0.857575771412017E-01
 0.843852351320032E-01
 0.830536617803594E-01
 0.817534648518083E-01
 0.804972616502044E-01
 0.792829405001081E-01
 0.781152825835675E-01
 0.769884297089556E-01
 0.758966002224419E-01
 0.748222096186423E-01
 0.737738111346405E-01
 0.727733970302148E-01
 0.717805958694578E-01
 0.708108517225983E-01
 0.698912438641551E-01
 0.689981598055212E-01
 0.680890814603306E-01
 0.672489277045940E-01
 0.664300414524913E-01
 0.655573470758160E-01
 0.648353885075953E-01
 0.640498178168651E-01
 0.633102371843808E-01
 0.626014358599365E-01
 0.618667436951484E-01
 0.612177087841936E-01
 0.604971614535464E-01
 0.598977648969289E-01
 0.591394931016469E-01
 0.582081734181881E-01
 0.571039247018236E-01
 0.558277888449297E-01
 0.543815580331938E-01
 0.527676264483134E-01
 0.509889337758219E-01
 0.493099791290132E-01
 0.520633226659922E-01
 0.545749020283267E-01
 0.568351602009804E-01
 0.588355692350352E-01
 0.605686890208252E-01
 0.620282056970998E-01
 0.632089453263141E-01
 0.641068708493434E-01
 0.647190783610212E-01
 0.650438070000861E-01
 0.650804661660062E-01
 0.648948409842347E-01
 0.646776405945070E-01
 0.644282240724598E-01
 0.641789793557812E-01
 0.639153569086443E-01
 0.636306704080075E-01
 0.633249367150298E-01
 0.630158690011155E-01
 0.627268274118553E-01
 0.624167924711127E-01
 0.620699312555435E-01
 0.617165057844991E-01
 0.614108953348061E-01
 0.610535240418597E-01
 0.607019538831327E-01
 0.603716164605693E-01
 0.599778101387171E-01
 0.596543621947828E-01
 0.593034521960504E-01
 0.589277800901409E-01
 0.586077885469262E-01
 0.581779507480943E-01
 0.579043306399956E-01
 0.574993267828931E-01
 0.572025326426768E-01
 0.568234384591370E-01
 0.565093671194651E-01
 0.561538575576037E-01
 0.558288869065500E-01
 0.554886895441864E-01
 0.551610065910032E-01
 0.548287857805425E-01
 0.544611291162911E-01
 0.538857196801548E-01
 0.531054089750331E-01
 0.521710784204706E-01
 0.512386925776621E-01
 0.522340338148662E-01
 0.544911218195689E-01
 0.565065885285675E-01
 0.582718106571368E-01
 0.597792536265178E-01
 0.610225526516899E-01
 0.619965798927412E-01
 0.626974768249828E-01
 0.631226555968249E-01
 0.632707911688704E-01
 0.631418237593917E-01
 0.627369733321378E-01
 0.620587519112312E-01
 0.611109593489749E-01
 0.600009900764918E-01
 0.589245522372755E-01
 0.578890562151066E-01
 0.568662351603977E-01
 0.558900861654637E-01
 0.549428527641958E-01
 0.540125854304528E-01
 0.531289718887254E-01
 0.522828634420667E-01
 0.514512704913074E-01
 0.506205477832523E-01
 0.498084777100623E-01
 0.490467546752238E-01
 0.482966600419161E-01
 0.475242509928027E-01
 0.468327811761475E-01
 0.461283959213050E-01
 0.454155350971257E-01
 0.447849510921673E-01
 0.440753595871214E-01
 0.434801676478154E-01
 0.428391787886737E-01
 0.422202185899801E-01
 0.416396296806675E-01
 0.410081828422060E-01
 0.404762554624454E-01
 0.398426697818494E-01
 0.393492125968513E-01
 0.387229434613162E-01
 0.382412399682573E-01
 0.375702229913009E-01
 0.367147374279898E-01
 0.383993367200323E-01
 0.401481176787595E-01
 0.416468922248156E-01
 0.428883320233892E-01
 0.438665004508767E-01
 0.445768597160088E-01
 0.450162880597270E-01
 0.451831027448776E-01
 0.450770702648220E-01
 0.447117857656186E-01
 0.442658387763388E-01
 0.438156956372967E-01
 0.433414188999140E-01
 0.428517559641895E-01
 0.423574433802616E-01
 0.418632748708073E-01
 0.413669306972131E-01
 0.408602900235221E-01
 0.403360081106213E-01
 0.397876524690632E-01
 0.392702672202083E-01
 0.387545554173616E-01
 0.381937923656759E-01
 0.376670858518721E-01
 0.371427229400122E-01
 0.365745624343747E-01
 0.360587991273735E-01
 0.355074979591878E-01
 0.349703161650156E-01
 0.344482451182820E-01
 0.338682942386598E-01
 0.333832950939474E-01
 0.327895510349869E-01
 0.323200824469753E-01
 0.317494241365239E-01
 0.312652606114467E-01
 0.310547611853973E-01
 0.341643676073356E-01
 0.371327348293849E-01
 0.399464659176266E-01
 0.425931042224097E-01
 0.450611941802620E-01
 0.473403645382710E-01
 0.494214124450027E-01
 0.512963657026208E-01
 0.529585137388177E-01
 0.544024134353044E-01
 0.556238830685350E-01
 0.566199944492272E-01
 0.573890658902847E-01
 0.579306538706262E-01
 0.582455414108392E-01
 0.583357232714903E-01
 0.582043879649760E-01
 0.578558931839373E-01
 0.572957277290596E-01
 0.565304538704464E-01
 0.555676308095785E-01
 0.544157288262616E-01
 0.530840481055990E-01
 0.515826517995300E-01
 0.499413843164008E-01
 0.483248134367405E-01
 0.467513311294756E-01
 0.452356730385006E-01
 0.437578617052229E-01
 0.423242932080588E-01
 0.409363484368360E-01
 0.395906919238043E-01
 0.382837360460651E-01
 0.370068160763460E-01
 0.357731524127954E-01
 0.345730203257382E-01
 0.334188994191135E-01
 0.322750109479159E-01
 0.311882408219371E-01
 0.301271481630826E-01
 0.290724530589103E-01
 0.280825082672583E-01
 0.271088506177648E-01
 0.261409283458608E-01
 0.252432753214170E-01
 0.243252364393931E-01
 0.234762140048709E-01
 0.226248526508141E-01
 0.218067041466295E-01
 0.210145461640358E-01
 0.202316282791458E-01
 0.194916847307388E-01
 0.187467414549456E-01
 0.180523316757789E-01
 0.173264623555345E-01
 0.165551232705795E-01
 0.157445179039899E-01
 0.157322199744243E-01
 0.163230092167975E-01
 0.167984813030650E-01
 0.171621539231285E-01
 0.174180638947955E-01
 0.175707196405803E-01
 0.176250528397756E-01
 0.175863676798168E-01
 0.174602881949160E-01
 0.172527059157001E-01
 0.169697295557567E-01
 0.166176360902982E-01
 0.162028207391697E-01
 0.157317441826491E-01
 0.152108784545239E-01
 0.146466556442850E-01
 0.140454231978889E-01
 0.134134062736128E-01
 0.127566740380205E-01
 0.121033147052471E-01
 0.114735176654725E-01
 0.108674700745333E-01
 0.102828956889905E-01
 0.972153066294010E-02
 0.918362715676284E-02
 0.866877499729478E-02
 0.817565638903085E-02
 0.770293232583592E-02
 0.724873708874134E-02
 0.681465376713184E-02
 0.639978674796822E-02
 0.600578684160977E-02
 0.562601439920101E-02
 0.526799981239704E-02
 0.492623221565478E-02
 0.459761696158349E-02
 0.429045847189657E-02
 0.399568602039886E-02
 0.371622589804621E-02
 0.345351578349684E-02
 0.319970073956287E-02
 0.296672363407756E-02
 0.274011754780411E-02
 0.253205345255549E-02
 0.233159023268461E-02
 0.214599536667235E-02
 0.196935723298501E-02
 0.180496224493618E-02
 0.164994659139797E-02
 0.150445022340434E-02
 0.136401680483227E-02
 0.122947406916490E-02
 0.110150872525677E-02
 0.980668758820826E-03
 0.867366453460941E-03
 0.762991450472630E-03
 0.669127649233186E-03
 0.585013851951669E-03
 0.510749255323832E-03
 0.476618318150136E-03
 0.440646074965529E-03
 0.403702853115043E-03
 0.366552365995222E-03
 0.329853161464322E-03
 0.294161488645867E-03
 0.259935474985549E-03
 0.227540340382475E-03
 0.197254370936257E-03
 0.169275488593579E-03
 0.143728349429999E-03
 0.120671897274303E-03
 0.100107222889168E-03
 0.819855257464612E-04
 0.662159975725436E-04
 0.526735138162283E-04
 0.412060656021162E-04
 0.316418608165895E-04
 0.237959943686172E-04
 0.174765777784308E-04
 0.124914021696544E-04
 0.866403982022900E-05
 0.579410695449980E-05
 0.370556945317171E-05
 0.224197071872404E-05
 0.126272379774464E-05
 0.646364205303581E-06
 0.289274268084560E-06
 0.105739111532121E-06
 0.274987896596199E-07
 0.356098236981025E-08
 0.439320111344002E-10
 0.000000000000000E+00
 0.000000000000000E+00
 0.000000000000000E+00
 0.000000000000000E+00
 0.000000000000000E+00
 0.000000000000000E+00
 0.000000000000000E+00
 0.000000000000000E+00
 0.000000000000000E+00
 0.000000000000000E+00
 0.000000000000000E+00
 0.000000000000000E+00
 0.000000000000000E+00
 0.000000000000000E+00
 0.000000000000000E+00
 0.000000000000000E+00
 0.000000000000000E+00
 0.000000000000000E+00
 0.000000000000000E+00
 0.000000000000000E+00
 0.000000000000000E+00
 0.000000000000000E+00
 0.000000000000000E+00
 0.000000000000000E+00
 0.000000000000000E+00
 0.000000000000000E+00
 0.000000000000000E+00
 0.000000000000000E+00
 0.000000000000000E+00
 0.000000000000000E+00
 0.000000000000000E+00
 0.000000000000000E+00
 0.000000000000000E+00
 0.000000000000000E+00
 0.000000000000000E+00
 0.000000000000000E+00
 0.000000000000000E+00
 0.000000000000000E+00
 0.000000000000000E+00
 0.000000000000000E+00
 0.000000000000000E+00
 0.000000000000000E+00
 0.000000000000000E+00
 0.000000000000000E+00
 0.000000000000000E+00
 0.000000000000000E+00
 0.000000000000000E+00
 0.000000000000000E+00
 0.000000000000000E+00
 0.000000000000000E+00
 0.000000000000000E+00
 0.000000000000000E+00
 0.000000000000000E+00
 0.000000000000000E+00
 0.000000000000000E+00
 0.000000000000000E+00
 0.000000000000000E+00
 0.000000000000000E+00
 0.000000000000000E+00
 0.000000000000000E+00
 0.000000000000000E+00
 0.000000000000000E+00
 0.000000000000000E+00
 0.000000000000000E+00
 0.000000000000000E+00
 0.000000000000000E+00
 0.000000000000000E+00
 0.000000000000000E+00
 0.000000000000000E+00
 0.000000000000000E+00
 0.000000000000000E+00
 0.000000000000000E+00
 0.000000000000000E+00
 0.000000000000000E+00
 0.000000000000000E+00
 0.000000000000000E+00
 0.000000000000000E+00
 0.000000000000000E+00
 0.000000000000000E+00
 0.000000000000000E+00
 0.000000000000000E+00
 0.000000000000000E+00
 0.000000000000000E+00
 0.000000000000000E+00
 0.000000000000000E+00
 0.000000000000000E+00
 0.000000000000000E+00
 0.000000000000000E+00
 0.000000000000000E+00
 0.000000000000000E+00
 0.000000000000000E+00
 0.000000000000000E+00
 0.000000000000000E+00
 0.000000000000000E+00
 0.000000000000000E+00
 0.000000000000000E+00
 0.000000000000000E+00
 0.000000000000000E+00
 0.000000000000000E+00
 0.000000000000000E+00
 0.000000000000000E+00
 0.000000000000000E+00
 0.000000000000000E+00
 0.000000000000000E+00
 0.000000000000000E+00
 0.000000000000000E+00
 0.000000000000000E+00
 0.000000000000000E+00
 0.000000000000000E+00
 0.000000000000000E+00
 0.000000000000000E+00
 0.000000000000000E+00
 0.000000000000000E+00
 0.000000000000000E+00
 0.000000000000000E+00
 0.000000000000000E+00
 0.000000000000000E+00
 0.000000000000000E+00
 0.000000000000000E+00
 0.000000000000000E+00
 0.000000000000000E+00
 0.000000000000000E+00
 0.000000000000000E+00
 0.000000000000000E+00
 0.000000000000000E+00
 0.000000000000000E+00
 0.000000000000000E+00
 0.000000000000000E+00
 0.000000000000000E+00
 0.000000000000000E+00
 0.000000000000000E+00
 0.000000000000000E+00
 0.000000000000000E+00
 0.000000000000000E+00
 0.000000000000000E+00
 0.000000000000000E+00
 0.000000000000000E+00
 0.000000000000000E+00
 0.000000000000000E+00
 0.000000000000000E+00
 0.000000000000000E+00
 0.000000000000000E+00
 0.000000000000000E+00
 0.000000000000000E+00
 0.000000000000000E+00
 0.000000000000000E+00
 0.000000000000000E+00
 0.000000000000000E+00
 0.000000000000000E+00
 0.000000000000000E+00
 0.000000000000000E+00
 0.000000000000000E+00
 0.000000000000000E+00
 0.000000000000000E+00
 0.000000000000000E+00
 0.000000000000000E+00
 0.000000000000000E+00
 0.000000000000000E+00
 0.000000000000000E+00
 0.000000000000000E+00
 0.000000000000000E+00
 0.000000000000000E+00
 0.000000000000000E+00
 0.000000000000000E+00
 0.000000000000000E+00
 0.000000000000000E+00
 0.000000000000000E+00
 0.000000000000000E+00
 0.000000000000000E+00
 0.000000000000000E+00
 0.000000000000000E+00
 0.000000000000000E+00
 0.000000000000000E+00
 0.000000000000000E+00
 0.000000000000000E+00
 0.000000000000000E+00
 0.000000000000000E+00
 0.000000000000000E+00
 0.000000000000000E+00
 0.000000000000000E+00
 0.000000000000000E+00
 0.000000000000000E+00
 0.000000000000000E+00
 0.000000000000000E+00
 0.000000000000000E+00
 0.000000000000000E+00
 0.000000000000000E+00
 0.000000000000000E+00
 0.000000000000000E+00
 0.000000000000000E+00
 0.000000000000000E+00
 0.000000000000000E+00
 0.000000000000000E+00
 0.000000000000000E+00
 0.000000000000000E+00
 0.000000000000000E+00
 0.000000000000000E+00
 0.000000000000000E+00
 0.000000000000000E+00
 0.000000000000000E+00
 0.000000000000000E+00
 0.000000000000000E+00
 0.000000000000000E+00
 0.000000000000000E+00
 0.000000000000000E+00
 0.000000000000000E+00
 0.000000000000000E+00
 0.000000000000000E+00
 0.000000000000000E+00
 0.000000000000000E+00
 0.000000000000000E+00
 0.000000000000000E+00
 0.000000000000000E+00
 0.000000000000000E+00
 0.000000000000000E+00
 0.000000000000000E+00
 0.000000000000000E+00
 0.000000000000000E+00
 0.000000000000000E+00
 0.000000000000000E+00
 0.000000000000000E+00
 0.000000000000000E+00
 0.000000000000000E+00
 0.000000000000000E+00
 0.000000000000000E+00
 0.000000000000000E+00
 0.000000000000000E+00
 0.000000000000000E+00
 0.000000000000000E+00
 0.000000000000000E+00
 0.000000000000000E+00
 0.000000000000000E+00
 0.000000000000000E+00
 0.000000000000000E+00
 0.000000000000000E+00
 0.000000000000000E+00
 0.000000000000000E+00
 0.000000000000000E+00
 0.000000000000000E+00
 0.000000000000000E+00
 0.000000000000000E+00
 0.000000000000000E+00
 0.000000000000000E+00
 0.000000000000000E+00
 0.000000000000000E+00
 0.000000000000000E+00
 0.000000000000000E+00
 0.000000000000000E+00
 0.000000000000000E+00
 0.000000000000000E+00
 0.000000000000000E+00
 0.000000000000000E+00
 0.000000000000000E+00
 0.000000000000000E+00
 0.000000000000000E+00
 0.000000000000000E+00
 0.000000000000000E+00
 0.000000000000000E+00
 0.000000000000000E+00
 0.000000000000000E+00
 0.000000000000000E+00
 0.000000000000000E+00
 0.000000000000000E+00
 0.000000000000000E+00
 0.000000000000000E+00
 0.000000000000000E+00
 0.000000000000000E+00
 0.000000000000000E+00
 0.000000000000000E+00
 0.000000000000000E+00
 0.000000000000000E+00
 0.000000000000000E+00
 0.000000000000000E+00
 0.000000000000000E+00
 0.000000000000000E+00
 0.000000000000000E+00
 0.000000000000000E+00
 0.000000000000000E+00
 0.000000000000000E+00
 0.000000000000000E+00
 0.000000000000000E+00
 0.000000000000000E+00
 0.000000000000000E+00
 0.000000000000000E+00
 0.000000000000000E+00
 0.000000000000000E+00
 0.000000000000000E+00
 0.000000000000000E+00
 0.000000000000000E+00
 0.000000000000000E+00
 0.000000000000000E+00
 0.000000000000000E+00
 0.000000000000000E+00
 0.000000000000000E+00
 0.000000000000000E+00
 0.000000000000000E+00
 0.000000000000000E+00
 0.000000000000000E+00
 0.000000000000000E+00
 0.000000000000000E+00
 0.000000000000000E+00
 0.000000000000000E+00
 0.000000000000000E+00
 0.000000000000000E+00
 0.000000000000000E+00
 0.000000000000000E+00
 0.000000000000000E+00
 0.000000000000000E+00
 0.000000000000000E+00
 0.000000000000000E+00
 0.000000000000000E+00
 0.000000000000000E+00
 0.000000000000000E+00
 0.000000000000000E+00
 0.000000000000000E+00
 0.000000000000000E+00
 0.000000000000000E+00
 0.000000000000000E+00
 0.000000000000000E+00
 0.000000000000000E+00
 0.000000000000000E+00
 0.000000000000000E+00
 0.000000000000000E+00
 0.000000000000000E+00
 0.000000000000000E+00
 0.000000000000000E+00
 0.000000000000000E+00
 0.000000000000000E+00
 0.000000000000000E+00
 0.000000000000000E+00
 0.000000000000000E+00
 0.000000000000000E+00
 0.000000000000000E+00
 0.000000000000000E+00
 0.000000000000000E+00
 0.000000000000000E+00
 0.000000000000000E+00
 0.000000000000000E+00
 0.000000000000000E+00
 0.000000000000000E+00
 0.000000000000000E+00
 0.000000000000000E+00
 0.000000000000000E+00
 0.000000000000000E+00
 0.000000000000000E+00
 0.000000000000000E+00
 0.000000000000000E+00
 0.000000000000000E+00
