 0.366263548909962E-10
 0.291919615365213E-08
 0.221674856379786E-07
 0.837958380194144E-07
 0.225155657033697E-06
 0.492110443739207E-06
 0.936505085901097E-06
 0.161421353621232E-05
 0.258890985318485E-05
 0.407603389717967E-05
 0.628072255214853E-05
 0.927566370999534E-05
 0.132151724208227E-04
 0.182545981563665E-04
 0.245445566815858E-04
 0.322246391293474E-04
 0.414167245405983E-04
 0.522180246562208E-04
 0.646940037910580E-04
 0.788713373746503E-04
 0.947310831935343E-04
 0.112202228062063E-03
 0.131155750646216E-03
 0.151657977627808E-03
 0.174139849365250E-03
 0.198702362959554E-03
 0.225319898595971E-03
 0.254185965356613E-03
 0.285306118543816E-03
 0.318675866501941E-03
 0.354531796821524E-03
 0.392914583774950E-03
 0.433723973470824E-03
 0.476863107104764E-03
 0.522503058632150E-03
 0.571049109138930E-03
 0.622155928411618E-03
 0.675357264122931E-03
 0.732135591576015E-03
 0.791197629949086E-03
 0.852526292167118E-03
 0.917887439783466E-03
 0.984070282129374E-03
 0.105526494707919E-02
 0.112788173850627E-02
 0.120350842917662E-02
 0.128272987304762E-02
 0.136278999662724E-02
 0.144861786136663E-02
 0.153318539037202E-02
 0.162556133730399E-02
 0.171480226750000E-02
 0.181276146605675E-02
 0.190382031166912E-02
 0.198623686224336E-02
 0.221503644355739E-02
 0.246643105307550E-02
 0.272166078174800E-02
 0.297823499356906E-02
 0.323341078104636E-02
 0.348420020367827E-02
 0.372738139360322E-02
 0.395951370452132E-02
 0.417695564977586E-02
 0.437709760880955E-02
 0.457434446774211E-02
 0.477568208345980E-02
 0.497871210953718E-02
 0.518401100141815E-02
 0.539259348818079E-02
 0.560493535249898E-02
 0.582063137018315E-02
 0.603834941262975E-02
 0.625663189635159E-02
 0.647392552792773E-02
 0.669892758852568E-02
 0.692700956410355E-02
 0.714933847281423E-02
 0.738009880986308E-02
 0.761353417716402E-02
 0.783966428611777E-02
 0.807860683971382E-02
 0.831114423690221E-02
 0.854814307945435E-02
 0.879010000083595E-02
 0.901787903223157E-02
 0.927173899551703E-02
 0.949579672272437E-02
 0.975622198062120E-02
 0.998651151437983E-02
 0.102440146797615E-01
 0.105958008184512E-01
 0.121352682676276E-01
 0.137271959108318E-01
 0.153651241781567E-01
 0.170419400245981E-01
 0.187498958419975E-01
 0.204806460612892E-01
 0.222252953148933E-01
 0.239744488931152E-01
 0.257182594869035E-01
 0.274464703970244E-01
 0.291484596360999E-01
 0.308132893884760E-01
 0.324297625997803E-01
 0.339864861479936E-01
 0.354719398333060E-01
 0.368745514197748E-01
 0.381827779018460E-01
 0.393851908598096E-01
 0.404705605840094E-01
 0.414279327164353E-01
 0.422466946642176E-01
 0.429166357416298E-01
 0.434280103370506E-01
 0.437716127377915E-01
 0.439556515701036E-01
 0.441139378804308E-01
 0.442630455851019E-01
 0.444185265518208E-01
 0.445628542552420E-01
 0.447035901039980E-01
 0.448439086611006E-01
 0.449820191509512E-01
 0.451154641680432E-01
 0.452351279643083E-01
 0.453582189590631E-01
 0.454743464477437E-01
 0.456017336164063E-01
 0.456929731893769E-01
 0.458147717504199E-01
 0.459246895149972E-01
 0.459927649603483E-01
 0.461119664130976E-01
 0.462075848362146E-01
 0.462600814501176E-01
 0.463849896244277E-01
 0.464197465050098E-01
 0.465328576576147E-01
 0.465886336731696E-01
 0.466582016404802E-01
 0.467291227676697E-01
 0.467647678237972E-01
 0.468439183851328E-01
 0.468539327957112E-01
 0.469327057600585E-01
 0.468689262074061E-01
 0.466075660403511E-01
 0.461449070122374E-01
 0.480155459430125E-01
 0.518946122539645E-01
 0.556494411235675E-01
 0.592619385570913E-01
 0.627144883226693E-01
 0.659900516124924E-01
 0.690722677090719E-01
 0.719455479676720E-01
 0.745951616018267E-01
 0.770073193758637E-01
 0.791692616519958E-01
 0.810693481972131E-01
 0.826971366574591E-01
 0.840434360671013E-01
 0.851003346476377E-01
 0.858612178490546E-01
 0.863207978787795E-01
 0.864751631878807E-01
 0.863218348773969E-01
 0.860176411760576E-01
 0.856957294878681E-01
 0.853611994632295E-01
 0.849998459782003E-01
 0.846293024261678E-01
 0.842574956446052E-01
 0.838875600918611E-01
 0.835138325962710E-01
 0.831288744268825E-01
 0.827173378077245E-01
 0.823018587620193E-01
 0.818788758967923E-01
 0.814783116143657E-01
 0.810179096150314E-01
 0.806110085057479E-01
 0.801883152015887E-01
 0.797031770430111E-01
 0.793072866765064E-01
 0.788513568583562E-01
 0.783959108820712E-01
 0.779858406777569E-01
 0.774536781590557E-01
 0.770958233941164E-01
 0.765624260337475E-01
 0.761928919390477E-01
 0.756874505661757E-01
 0.752835553764907E-01
 0.748000820674190E-01
 0.743700065325043E-01
 0.738991824425911E-01
 0.734041307849884E-01
 0.726635103715792E-01
 0.716807842827787E-01
 0.704606055041256E-01
 0.690087316903693E-01
 0.673318388872612E-01
 0.655324627807212E-01
 0.637857119712692E-01
 0.621010961120085E-01
 0.605885302548720E-01
 0.634208336133025E-01
 0.660337750791538E-01
 0.684238661739418E-01
 0.705888565518098E-01
 0.725276928264992E-01
 0.742404753983307E-01
 0.757284367413476E-01
 0.769939374692771E-01
 0.780404548327622E-01
 0.788725423875916E-01
 0.794957652262781E-01
 0.799166371369377E-01
 0.801425820217112E-01
 0.801819144650216E-01
 0.800438093414920E-01
 0.797382325235824E-01
 0.792758338708779E-01
 0.786678342871184E-01
 0.779259433963842E-01
 0.770623188869480E-01
 0.760966055490890E-01
 0.751686203894156E-01
 0.742509964966538E-01
 0.733391832097461E-01
 0.724600726973249E-01
 0.716039503802739E-01
 0.707763893415899E-01
 0.699702751053512E-01
 0.691865757518450E-01
 0.684272877145856E-01
 0.676878958419827E-01
 0.669647659042005E-01
 0.662690961059144E-01
 0.655838093940436E-01
 0.649357290055733E-01
 0.643030985174425E-01
 0.636539950902190E-01
 0.630678332988839E-01
 0.624781862112710E-01
 0.618736621367071E-01
 0.613402969189300E-01
 0.607522697942560E-01
 0.602420403588288E-01
 0.596940722250685E-01
 0.591818222346699E-01
 0.586684202945531E-01
 0.581585081206771E-01
 0.576700258825568E-01
 0.571337950828656E-01
 0.564925919073183E-01
 0.557550146448515E-01
 0.566910862116936E-01
 0.577474987304042E-01
 0.589177511064241E-01
 0.601947464840501E-01
 0.615704901229651E-01
 0.630361213235572E-01
 0.645819753163872E-01
 0.661976648733733E-01
 0.678721562089593E-01
 0.695938173624565E-01
 0.713504393956087E-01
 0.731292546714077E-01
 0.749169818900017E-01
 0.766999087999596E-01
 0.784639961080281E-01
 0.801949735787514E-01
 0.818784114841199E-01
 0.834997745630119E-01
 0.850444788365363E-01
 0.864979636472357E-01
 0.878457730435048E-01
 0.890736316874052E-01
 0.901675088880611E-01
 0.911136797663297E-01
 0.918987981986622E-01
 0.925099861452154E-01
 0.929349279110463E-01
 0.931619505335206E-01
 0.931800789676508E-01
 0.929790706722101E-01
 0.925494465645256E-01
 0.918825358610533E-01
 0.909705411943316E-01
 0.898066149964428E-01
 0.883849285944784E-01
 0.867007185531075E-01
 0.848345883895372E-01
 0.830435726973918E-01
 0.813125000935231E-01
 0.796816206391305E-01
 0.781046570328108E-01
 0.765854184566313E-01
 0.751249022550922E-01
 0.737196413431385E-01
 0.723610156797679E-01
 0.710374693320307E-01
 0.697656990692990E-01
 0.685541033055452E-01
 0.673897956800645E-01
 0.662246604962638E-01
 0.651331944046143E-01
 0.640773235421522E-01
 0.630171446598219E-01
 0.620303262555653E-01
 0.610751361541816E-01
 0.600763514269970E-01
 0.594132070194139E-01
 0.587116528790984E-01
 0.580628193367225E-01
 0.572875728751758E-01
 0.565683421599607E-01
 0.557565519575622E-01
 0.549717989415469E-01
 0.541334574590084E-01
 0.576740329804660E-01
 0.640508872611901E-01
 0.703340218845877E-01
 0.765028196110714E-01
 0.825368858521129E-01
 0.884161397605969E-01
 0.941208865178458E-01
 0.996318762942076E-01
 0.104930365337569E+00
 0.109998191315427E+00
 0.114817861773626E+00
 0.119372644040277E+00
 0.123646645726874E+00
 0.127624883620168E+00
 0.131293345039266E+00
 0.134639044626731E+00
 0.137650075430636E+00
 0.140315652774681E+00
 0.142626153347336E+00
 0.144573154683281E+00
 0.146149477797265E+00
 0.147349230472080E+00
 0.148167845697196E+00
 0.148602110650461E+00
 0.148650183842076E+00
 0.148311599528417E+00
 0.147587260484976E+00
 0.146479424062137E+00
 0.145174005334373E+00
 0.143872770420718E+00
 0.142589915475549E+00
 0.141297449223091E+00
 0.140016823832325E+00
 0.138759757368353E+00
 0.137528573348455E+00
 0.136317851865118E+00
 0.135115993193730E+00
 0.133906385913250E+00
 0.132689074521449E+00
 0.131530697345147E+00
 0.130402846283527E+00
 0.129216972739287E+00
 0.128111755477253E+00
 0.127026984265848E+00
 0.125856829123241E+00
 0.124840552768815E+00
 0.123775003878117E+00
 0.122695053415358E+00
 0.121719309625680E+00
 0.120590537691652E+00
 0.119704668657543E+00
 0.118651648844350E+00
 0.117740724547204E+00
 0.116759785157911E+00
 0.115833140648652E+00
 0.114910898244518E+00
 0.113984599359921E+00
 0.113107613471022E+00
 0.112121004191844E+00
 0.110857188544008E+00
 0.109319763527459E+00
 0.107513282920827E+00
 0.105443246890434E+00
 0.103116090508621E+00
 0.100539170539120E+00
 0.977462120686895E-01
 0.950047732404860E-01
 0.923732702072701E-01
 0.898397664421695E-01
 0.874632533431314E-01
 0.868115063311443E-01
 0.861666162719474E-01
 0.855768994779004E-01
 0.849800812705075E-01
 0.843660219449929E-01
 0.837534513728983E-01
 0.832094418850369E-01
 0.826445433304585E-01
 0.833661553111521E-01
 0.837818335255924E-01
 0.838974164937172E-01
 0.837199685271831E-01
 0.832577489877987E-01
 0.825319494636056E-01
 0.817389367125222E-01
 0.809725423451909E-01
 0.801919574134640E-01
 0.794511440341847E-01
 0.787153382856362E-01
 0.779843580383959E-01
 0.772535841085711E-01
 0.765619503611298E-01
 0.758956528361068E-01
 0.752263843750792E-01
 0.745373134218048E-01
 0.738888176869578E-01
 0.732729688468575E-01
 0.726236901919425E-01
 0.720071762972640E-01
 0.714283614921012E-01
 0.707834379466655E-01
 0.702415262345309E-01
 0.696686166547031E-01
 0.690777730748970E-01
 0.685723268768986E-01
 0.679472001160914E-01
 0.675015223032849E-01
 0.669042411964479E-01
 0.664607332331571E-01
 0.658979645089801E-01
 0.654510030487825E-01
 0.649220512359925E-01
 0.644706352898583E-01
 0.639664534998106E-01
 0.634761337279295E-01
 0.627845958887120E-01
 0.619001602442522E-01
 0.608319591338481E-01
 0.596244725273712E-01
 0.584340040605264E-01
 0.572761561919054E-01
 0.561528309818490E-01
 0.550567818964627E-01
 0.540011785144520E-01
 0.529696223782462E-01
 0.519650971522616E-01
 0.509884403368020E-01
 0.500387856647365E-01
 0.491141235492685E-01
 0.483743527639429E-01
 0.481584860976795E-01
 0.479604678907347E-01
 0.477785783869856E-01
 0.475281799272224E-01
 0.473775452787122E-01
 0.470795624293371E-01
 0.466392333797565E-01
 0.460621621373734E-01
 0.456553631665357E-01
 0.472682227988328E-01
 0.510703318994135E-01
 0.549220285599444E-01
 0.588053883249770E-01
 0.627022387394517E-01
 0.665942236197916E-01
 0.704628719713332E-01
 0.742896789395428E-01
 0.780562002199769E-01
 0.817441536944288E-01
 0.853355181326129E-01
 0.888126206249944E-01
 0.921582097551297E-01
 0.953555170072627E-01
 0.983883127232780E-01
 0.101240964440546E+00
 0.103898503843973E+00
 0.106346703508667E+00
 0.108572158115960E+00
 0.110562360941682E+00
 0.112305767799238E+00
 0.113791845768376E+00
 0.115011108827313E+00
 0.115955144508879E+00
 0.116616636092891E+00
 0.116989385580729E+00
 0.117068342870468E+00
 0.116849643143875E+00
 0.116330647062054E+00
 0.115509971730861E+00
 0.114387500866607E+00
 0.112964371387087E+00
 0.111242944723754E+00
 0.109333892691139E+00
 0.107489807970984E+00
 0.105696673081216E+00
 0.103990069299913E+00
 0.102337539740018E+00
 0.100734969350561E+00
 0.991846766866783E-01
 0.976832491341811E-01
 0.962347451285667E-01
 0.948321625099893E-01
 0.934685546372338E-01
 0.921424207529045E-01
 0.908543023887429E-01
 0.896157894274772E-01
 0.884261382966993E-01
 0.872463498053973E-01
 0.860865229515009E-01
 0.850215667534055E-01
 0.839270412770848E-01
 0.828865731537898E-01
 0.819084908337715E-01
 0.808391811809870E-01
 0.799784006452411E-01
 0.790030946438181E-01
 0.781397903977705E-01
 0.772452748304024E-01
 0.763915403403758E-01
 0.755637601285556E-01
 0.746719659519418E-01
 0.735639909608083E-01
 0.722414819852903E-01
 0.707069363239493E-01
 0.689636610388496E-01
 0.670157453967652E-01
 0.648680629771081E-01
 0.625263089653818E-01
 0.599982001231636E-01
 0.597986107220596E-01
 0.629548771116254E-01
 0.658552287856483E-01
 0.684931611729422E-01
 0.708632714112352E-01
 0.729612585693565E-01
 0.747839376918148E-01
 0.763292644356101E-01
 0.775963591434321E-01
 0.785855192885160E-01
 0.792982155563060E-01
 0.797370731977160E-01
 0.799058422881170E-01
 0.798093593903788E-01
 0.795731983778367E-01
 0.793068283593547E-01
 0.790351304238930E-01
 0.787372044748821E-01
 0.784186793787222E-01
 0.780854803908466E-01
 0.777337457190253E-01
 0.773585386509981E-01
 0.769813056786608E-01
 0.766169279199211E-01
 0.762391703296940E-01
 0.758445563925585E-01
 0.754440812521839E-01
 0.750439176050897E-01
 0.746238248448957E-01
 0.742291749753369E-01
 0.738149011325537E-01
 0.733925843359887E-01
 0.730005504785961E-01
 0.725436911675496E-01
 0.721728511379664E-01
 0.717518426133120E-01
 0.713414236127470E-01
 0.709531798740411E-01
 0.705147362947444E-01
 0.701547296286192E-01
 0.696995656446176E-01
 0.693585176837899E-01
 0.688972417465979E-01
 0.685665470916727E-01
 0.681075108110647E-01
 0.677704847100727E-01
 0.672643036979361E-01
 0.665740159308364E-01
 0.657058366028146E-01
 0.646667546193658E-01
 0.635045649146473E-01
 0.623534561782862E-01
 0.612180265424210E-01
 0.601048222278704E-01
 0.590024403197341E-01
 0.579338358926124E-01
 0.568801840816991E-01
 0.558446214744157E-01
 0.548286625321863E-01
 0.538319014818323E-01
 0.528530911776452E-01
 0.522540001667267E-01
 0.520539896311389E-01
 0.518494796284008E-01
 0.516366892113735E-01
 0.514636571639279E-01
 0.512104212074875E-01
 0.508253889246389E-01
 0.503121518923957E-01
 0.499796606435882E-01
 0.495943731733430E-01
 0.490788805030332E-01
 0.484376762510341E-01
 0.476756700974264E-01
 0.467981882235554E-01
 0.458109770275146E-01
 0.447201893155893E-01
 0.435323517478629E-01
 0.422543256999817E-01
 0.408932701364203E-01
 0.394566039603198E-01
 0.379519624150897E-01
 0.363871507979512E-01
 0.347701075311845E-01
 0.331088858768112E-01
 0.314116503102308E-01
 0.296866708344400E-01
 0.279422954274278E-01
 0.261868883569788E-01
 0.244287366263159E-01
 0.226759439681778E-01
 0.217484756842248E-01
 0.215691663092293E-01
 0.213921839065899E-01
 0.212060812796013E-01
 0.210183951152053E-01
 0.208263784287165E-01
 0.206255096431157E-01
 0.204076255038035E-01
 0.202317061879541E-01
 0.200472914663333E-01
 0.198366045051046E-01
 0.196292846934328E-01
 0.194527630663794E-01
 0.192402024006696E-01
 0.190529609854235E-01
 0.188671203167920E-01
 0.186456718545048E-01
 0.184811706561837E-01
 0.211712740984646E-01
 0.251767038417605E-01
 0.292872238990828E-01
 0.334879566127970E-01
 0.377633311461966E-01
 0.420971699672589E-01
 0.464727667979601E-01
 0.508729587365336E-01
 0.552801973702767E-01
 0.596766186211229E-01
 0.640441072693779E-01
 0.683643557889538E-01
 0.726189255351558E-01
 0.767893225751956E-01
 0.808570946232425E-01
 0.848039427230826E-01
 0.886118310454112E-01
 0.922630782635901E-01
 0.957404244731136E-01
 0.990270813642169E-01
 0.102106781635182E+00
 0.104963841916074E+00
 0.107583243635587E+00
 0.109950724842895E+00
 0.112052869958050E+00
 0.113877186759154E+00
 0.115412167725166E+00
 0.116647339715049E+00
 0.117573307273185E+00
 0.118181791680152E+00
 0.118465665404219E+00
 0.118418983341984E+00
 0.118037015862790E+00
 0.117316288438834E+00
 0.116254626046113E+00
 0.114851192097263E+00
 0.113182713752168E+00
 0.111534741918961E+00
 0.109953562673099E+00
 0.108397982085264E+00
 0.106880027955495E+00
 0.105411167683486E+00
 0.103994873368197E+00
 0.102629342226458E+00
 0.101305818632216E+00
 0.100007079843144E+00
 0.987177164133061E-01
 0.974710876962023E-01
 0.962764362725482E-01
 0.951095608383671E-01
 0.939252799021517E-01
 0.928396740750665E-01
 0.917549997637543E-01
 0.906516759425099E-01
 0.896647086848408E-01
 0.886113509297102E-01
 0.876485083169616E-01
 0.867026680815200E-01
 0.857107006918522E-01
 0.848634903940373E-01
 0.838744531710587E-01
 0.831002646137979E-01
 0.821862103978421E-01
 0.814152260116765E-01
 0.805617517363466E-01
 0.797656235472167E-01
 0.787243342194848E-01
 0.774381316415269E-01
 0.759081455383883E-01
 0.741364538053358E-01
 0.721261144191886E-01
 0.737180641828148E-01
 0.785225562162447E-01
 0.830471453925602E-01
 0.872759121453704E-01
 0.911939988055757E-01
 0.947876754606339E-01
 0.980443954891098E-01
 0.100952837829159E+00
 0.103502938161872E+00
 0.105685915362730E+00
 0.107494300445459E+00
 0.108921971809133E+00
 0.109964194601354E+00
 0.110617657322077E+00
 0.110880498485216E+00
 0.110752319565122E+00
 0.110234183910041E+00
 0.109344952150482E+00
 0.108353610788821E+00
 0.107391206548773E+00
 0.106401954070865E+00
 0.105449745513066E+00
 0.104504286330606E+00
 0.103555677723950E+00
 0.102599697792537E+00
 0.101708341126380E+00
 0.100828099772281E+00
 0.999361805204753E-01
 0.990095555668328E-01
 0.981403709883324E-01
 0.973204005197981E-01
 0.964324405308496E-01
 0.956061484865402E-01
 0.948116582701753E-01
 0.939198115594159E-01
 0.931891020715696E-01
 0.923897686987461E-01
 0.915910209924253E-01
 0.908769402944105E-01
 0.900246148452787E-01
 0.893934475661516E-01
 0.885584587441866E-01
 0.879490818482700E-01
 0.871719647442077E-01
 0.865448597744738E-01
 0.858165115871802E-01
 0.851822386096702E-01
 0.844891270836805E-01
 0.838073565106104E-01
 0.828452088042365E-01
 0.816062661613082E-01
 0.800952086070209E-01
 0.783178672226196E-01
 0.763254202015777E-01
 0.744874214549965E-01
 0.788653259289313E-01
 0.829793918786695E-01
 0.868188896912159E-01
 0.903743013274890E-01
 0.936373473588554E-01
 0.966010026675260E-01
 0.992595039213339E-01
 0.101608356126443E+00
 0.103644344268080E+00
 0.105365549612348E+00
 0.106771362917480E+00
 0.107862483921520E+00
 0.108640900902406E+00
 0.109109853696368E+00
 0.109273791636260E+00
 0.109138337771738E+00
 0.108710261793519E+00
 0.107997453450234E+00
 0.107008885318780E+00
 0.105754561357824E+00
 0.104292171309073E+00
 0.102844048237453E+00
 0.101450437956794E+00
 0.100083144979719E+00
 0.987705964657758E-01
 0.974849166578335E-01
 0.962366190308077E-01
 0.950379230428898E-01
 0.938726736879063E-01
 0.927550048209303E-01
 0.916557717704233E-01
 0.905639429012491E-01
 0.895307180138812E-01
 0.885315197048286E-01
 0.875299219255182E-01
 0.865593080761913E-01
 0.856565469015440E-01
 0.847084712728106E-01
 0.838358697003935E-01
 0.829880276349578E-01
 0.820802857061241E-01
 0.813262776666302E-01
 0.804507513044743E-01
 0.797249242612705E-01
 0.789155303667597E-01
 0.781862562240310E-01
 0.774323236755767E-01
 0.767095322481715E-01
 0.760021786403894E-01
 0.752312689342738E-01
 0.742607545840478E-01
 0.730985726306354E-01
 0.717533587784185E-01
 0.702343931542642E-01
 0.685515321453722E-01
 0.667151646840947E-01
 0.647361989865121E-01
 0.626922464242531E-01
 0.607499972838544E-01
 0.589042575608635E-01
 0.578019442302957E-01
 0.573359036822024E-01
 0.568658447401964E-01
 0.564333764162882E-01
 0.560143810251746E-01
 0.555831480145379E-01
 0.551282732183865E-01
 0.547450467918560E-01
 0.543404332756119E-01
 0.538970688630228E-01
 0.535325789345743E-01
 0.531332817314543E-01
 0.527133280366487E-01
 0.521468972440568E-01
 0.514389868722094E-01
 0.505951456405626E-01
 0.496214533141161E-01
 0.485244801491130E-01
 0.473112392203729E-01
 0.459891381340106E-01
 0.445659278255143E-01
 0.430496479252029E-01
 0.414485778759971E-01
 0.397712062057418E-01
 0.380262189931275E-01
 0.379463882354820E-01
 0.390846797704448E-01
 0.400893397531103E-01
 0.409488586397220E-01
 0.416523945110148E-01
 0.421898157532324E-01
 0.425517551854212E-01
 0.427296802680247E-01
 0.427159688724813E-01
 0.425039714793025E-01
 0.420880470527055E-01
 0.414635766273954E-01
 0.406269716493456E-01
 0.395756920688221E-01
 0.384525464481766E-01
 0.373821725213287E-01
 0.363534807587677E-01
 0.353791535292296E-01
 0.344395478934717E-01
 0.345114835588739E-01
 0.345285784212073E-01
 0.345653012329458E-01
 0.345209825464111E-01
 0.343925093270728E-01
 0.342638716189932E-01
 0.340833418530151E-01
 0.338132757445569E-01
 0.335623310682102E-01
 0.332434636019823E-01
 0.328699124529312E-01
 0.325089032535138E-01
 0.320534762018835E-01
 0.316471191275170E-01
 0.311560017887366E-01
 0.306913674680560E-01
 0.301720793594038E-01
 0.340538109665858E-01
 0.383834082835342E-01
 0.426850055440965E-01
 0.469416506267378E-01
 0.511364262083443E-01
 0.552525073955079E-01
 0.592732279514719E-01
 0.631821623199573E-01
 0.669632149168166E-01
 0.706007011619581E-01
 0.740794129036738E-01
 0.773846758347864E-01
 0.805024134646680E-01
 0.834192244046456E-01
 0.861224643800103E-01
 0.886003154778416E-01
 0.908418306585358E-01
 0.928369571469404E-01
 0.945765558055874E-01
 0.960524349699101E-01
 0.972574056268626E-01
 0.981853483264375E-01
 0.988312720112094E-01
 0.991913479370241E-01
 0.992629158996479E-01
 0.990444748459687E-01
 0.985356744455583E-01
 0.977415319750984E-01
 0.968509790218703E-01
 0.959693384841401E-01
 0.950773319468314E-01
 0.941950975481894E-01
 0.933311622764482E-01
 0.924642698031159E-01
 0.915940996334579E-01
 0.907686300015190E-01
 0.899509191463830E-01
 0.891270264405788E-01
 0.882855492650203E-01
 0.874847280666404E-01
 0.867027647741035E-01
 0.858972770027233E-01
 0.851305176528668E-01
 0.843770325733170E-01
 0.835833428565819E-01
 0.828742510263084E-01
 0.821464918699565E-01
 0.813902891559753E-01
 0.807310433711333E-01
 0.799687779072371E-01
 0.793477987331585E-01
 0.786440298234551E-01
 0.780048224444409E-01
 0.773542619902146E-01
 0.767056220366185E-01
 0.760959901880090E-01
 0.754508864138871E-01
 0.748728167754661E-01
 0.741803258976461E-01
 0.732789162552889E-01
 0.721706363144533E-01
 0.708583913616436E-01
 0.693459668235186E-01
 0.676380100462209E-01
 0.657400239708503E-01
 0.637922153478636E-01
 0.619244663637175E-01
 0.601311206114222E-01
 0.583944775405815E-01
 0.577241830367125E-01
 0.588280046412125E-01
 0.605494946282992E-01
 0.620193638581852E-01
 0.632364817210389E-01
 0.642009267969389E-01
 0.649139890641540E-01
 0.653781586842735E-01
 0.655970960497380E-01
 0.655755883957568E-01
 0.653195080895214E-01
 0.648357866902121E-01
 0.642246212091484E-01
 0.636170340895453E-01
 0.630310954065487E-01
 0.624409370286082E-01
 0.618577135279321E-01
 0.612864159977597E-01
 0.607285558130918E-01
 0.601792194993682E-01
 0.596299953441518E-01
 0.590790287428304E-01
 0.585469736644001E-01
 0.580476180408432E-01
 0.575257570736990E-01
 0.570250369640345E-01
 0.565428586186560E-01
 0.560400905858080E-01
 0.555725517809388E-01
 0.551206367279722E-01
 0.546154612719842E-01
 0.542147513855071E-01
 0.537479829546246E-01
 0.533315533174740E-01
 0.529110605917601E-01
 0.524758937679967E-01
 0.520959332557881E-01
 0.516514736937072E-01
 0.513032477749209E-01
 0.508581625942874E-01
 0.505331534669558E-01
 0.500949769201820E-01
 0.497724463859626E-01
 0.492967803121580E-01
 0.486609114321056E-01
 0.478718950862245E-01
 0.469438057521099E-01
 0.459993982998858E-01
 0.450812351742383E-01
 0.441878214671298E-01
 0.433205175921015E-01
 0.424680470223340E-01
 0.416488343430678E-01
 0.408523184323520E-01
 0.400745687676822E-01
 0.393150146417291E-01
 0.385720584841539E-01
 0.378524060586804E-01
 0.376080704676269E-01
 0.373853666016047E-01
 0.372099973458229E-01
 0.408026868912489E-01
 0.446138608623521E-01
 0.485696991239509E-01
 0.526547894450939E-01
 0.568529222272050E-01
 0.611471618985854E-01
 0.655199124780547E-01
 0.699529844779708E-01
 0.744276681938782E-01
 0.789248108641736E-01
 0.834248905917706E-01
 0.879080836218912E-01
 0.923543306842502E-01
 0.967434140094175E-01
 0.101055052764253E+00
 0.105269012807914E+00
 0.109365216075079E+00
 0.113323834620795E+00
 0.117125365395626E+00
 0.120750695719189E+00
 0.124181175095859E+00
 0.127398702051246E+00
 0.130385821099190E+00
 0.133125816052642E+00
 0.135602788466519E+00
 0.137801720757130E+00
 0.139708532532717E+00
 0.141310138449827E+00
 0.142594507993105E+00
 0.143550720435950E+00
 0.144169009060165E+00
 0.144440796680227E+00
 0.144358731721430E+00
 0.143916732969271E+00
 0.143110041499342E+00
 0.141935267935124E+00
 0.140390421102865E+00
 0.138474912857051E+00
 0.136192873431837E+00
 0.133819506817523E+00
 0.131536451149948E+00
 0.129361538238580E+00
 0.127242074069453E+00
 0.125188663579977E+00
 0.123211155624777E+00
 0.121310124606528E+00
 0.119478564355926E+00
 0.117703867523558E+00
 0.115969050608041E+00
 0.114274731964928E+00
 0.112663572806558E+00
 0.111102955359940E+00
 0.109556449839975E+00
 0.108068774186937E+00
 0.106656251589717E+00
 0.105228220048777E+00
 0.103871319269921E+00
 0.102587166930098E+00
 0.101209859565965E+00
 0.100054431005351E+00
 0.988065384289044E-01
 0.976369180259338E-01
 0.965062287787945E-01
 0.953370475536568E-01
 0.943094164642205E-01
 0.931532505713373E-01
 0.921956881936299E-01
 0.909806679433884E-01
 0.895013007144274E-01
 0.877580500455436E-01
 0.857523925384113E-01
 0.834868317725440E-01
 0.809648817712918E-01
 0.836149129706977E-01
 0.896557372733831E-01
 0.954293376531095E-01
 0.100919697753130E+00
 0.106111860866874E+00
 0.110991966857471E+00
 0.115547277585245E+00
 0.119766206093371E+00
 0.123638361612341E+00
 0.127154609341978E+00
 0.130307131431384E+00
 0.133089473035063E+00
 0.135496565664114E+00
 0.137524731887947E+00
 0.139171681760044E+00
 0.140436508384070E+00
 0.141319681434213E+00
 0.141823030922415E+00
 0.141949714988016E+00
 0.141704174501250E+00
 0.141092086820423E+00
 0.140141847242835E+00
 0.139106759926946E+00
 0.138082740957207E+00
 0.137029333639957E+00
 0.136006777599201E+00
 0.134975343668621E+00
 0.133936680353635E+00
 0.132887053926715E+00
 0.131874152636975E+00
 0.130886978040818E+00
 0.129887859339289E+00
 0.128867756857299E+00
 0.127881662888552E+00
 0.126914351872418E+00
 0.125918694714475E+00
 0.124963820286541E+00
 0.124032412709702E+00
 0.123035445716741E+00
 0.122142194114397E+00
 0.121232372655742E+00
 0.120275701324788E+00
 0.119443037258520E+00
 0.118455036810077E+00
 0.117680332773589E+00
 0.116753072116620E+00
 0.115953234929446E+00
 0.115077183435732E+00
 0.114266332335696E+00
 0.113436126963990E+00
 0.112620595496770E+00
 0.111824423546117E+00
 0.110947803653569E+00
 0.109809928539452E+00
 0.108417689081208E+00
 0.106778774815777E+00
 0.104901629391835E+00
 0.102795452411015E+00
 0.100470209299281E+00
 0.979979689112201E-01
 0.955933105213652E-01
 0.932713654783705E-01
 0.910351093473611E-01
 0.888545603651052E-01
 0.867684330507433E-01
 0.858820953715130E-01
 0.853350988947189E-01
 0.847788591236235E-01
 0.842013527311232E-01
 0.836669295429422E-01
 0.831514397328830E-01
 0.825981870879156E-01
 0.820674096028024E-01
 0.815732857213817E-01
 0.810202368885376E-01
 0.805289563212347E-01
 0.798493748089174E-01
 0.789857620612153E-01
 0.779429154370098E-01
 0.767261784942988E-01
 0.753414745859390E-01
 0.737953181129899E-01
 0.720947867235010E-01
 0.702474654399046E-01
 0.682613863804579E-01
 0.661449790794629E-01
 0.639070286347882E-01
 0.615566301971362E-01
 0.591031363909221E-01
 0.565561097762394E-01
 0.539252975747141E-01
 0.512206312085389E-01
 0.484522286273752E-01
 0.456303656307404E-01
 0.427653986445280E-01
 0.398676568409653E-01
 0.369473476275718E-01
 0.340145125794564E-01
 0.335813760926235E-01
 0.333639426157847E-01
 0.331400345632374E-01
 0.329122709717844E-01
 0.327076481468855E-01
 0.324749172646346E-01
 0.322840881409982E-01
 0.320509987500368E-01
 0.318674329371943E-01
 0.316381200664450E-01
 0.314487025250836E-01
 0.311967323692410E-01
 0.323578005289224E-01
 0.339694039214554E-01
 0.357163502772686E-01
 0.375926116420833E-01
 0.395912533923186E-01
 0.417044628194271E-01
 0.439235811053546E-01
 0.462391436237038E-01
 0.486409296103789E-01
 0.511180166806870E-01
 0.536588342742891E-01
 0.562512152125727E-01
 0.588824514298446E-01
 0.615393609723403E-01
 0.642083662642007E-01
 0.668755746391114E-01
 0.695268499574638E-01
 0.721478710464462E-01
 0.747241823762546E-01
 0.772412466433782E-01
 0.796845057261368E-01
 0.820394506156111E-01
 0.842916978655375E-01
 0.864270705813589E-01
 0.884316829293250E-01
 0.902920264049954E-01
 0.919950544910723E-01
 0.935282616248429E-01
 0.948797528827456E-01
 0.960383019218895E-01
 0.969933969267683E-01
 0.977352783517851E-01
 0.982549765415928E-01
 0.985443577415885E-01
 0.985961811638553E-01
 0.984041610091383E-01
 0.979630228342121E-01
 0.972685472164679E-01
 0.963176012797313E-01
 0.951081624104602E-01
 0.936606336394726E-01
 0.922095719084046E-01
 0.907989397380572E-01
 0.894409533501066E-01
 0.881111843002960E-01
 0.868204730827912E-01
 0.855741179855289E-01
 0.843705338990234E-01
 0.832044786152942E-01
 0.820656894018518E-01
 0.809420431059682E-01
 0.798593087657557E-01
 0.788090345448794E-01
 0.777899462234321E-01
 0.767607718877364E-01
 0.758212890100315E-01
 0.748726321101497E-01
 0.739061006799709E-01
 0.730578427301693E-01
 0.721688373206614E-01
 0.713008701819751E-01
 0.705067527174492E-01
 0.696385927247158E-01
 0.689121872576140E-01
 0.681224811183272E-01
 0.673920618104431E-01
 0.666662035260095E-01
 0.659458539600120E-01
 0.652723987713517E-01
 0.645257263943253E-01
 0.635953041350965E-01
 0.624802814645555E-01
 0.611805803582338E-01
 0.596969196564884E-01
 0.580308426773343E-01
 0.561847244815070E-01
 0.581442805672660E-01
 0.615603063534560E-01
 0.647231081190180E-01
 0.676203944576724E-01
 0.702408601114201E-01
 0.725742260741800E-01
 0.746112802540605E-01
 0.763439193784816E-01
 0.777651884839779E-01
 0.788693148862489E-01
 0.796517392961352E-01
 0.801091509328761E-01
 0.802395289564317E-01
 0.800421809319690E-01
 0.795933202419214E-01
 0.791200177634427E-01
 0.786183271145053E-01
 0.781414604395231E-01
 0.776469252827524E-01
 0.771420496747277E-01
 0.766253718045443E-01
 0.760891459653871E-01
 0.755716816853049E-01
 0.750845854655379E-01
 0.745697767552172E-01
 0.740072781527587E-01
 0.735038959853149E-01
 0.730118317524732E-01
 0.724452082236337E-01
 0.719590882408322E-01
 0.714602984674626E-01
 0.709171945502504E-01
 0.704535148082264E-01
 0.698955930030060E-01
 0.694405770161178E-01
 0.689383096125712E-01
 0.684369982352361E-01
 0.679856822765604E-01
 0.674536941530971E-01
 0.670442786226451E-01
 0.664954092089694E-01
 0.661195526766722E-01
 0.655664961085032E-01
 0.652136752004164E-01
 0.646762294464365E-01
 0.643111744164476E-01
 0.637086543798576E-01
 0.628708705692879E-01
 0.618009422099451E-01
 0.606042242222823E-01
 0.643097226364137E-01
 0.677786603931393E-01
 0.709981891859371E-01
 0.739565328265053E-01
 0.766430214249093E-01
 0.790481284952764E-01
 0.811635111663209E-01
 0.829820481934880E-01
 0.844978697293537E-01
 0.857063780478509E-01
 0.866042646298394E-01
 0.871895293344461E-01
 0.874615007355276E-01
 0.874208497738416E-01
 0.870695891004665E-01
 0.864110576773970E-01
 0.854498966615491E-01
 0.841951861959566E-01
 0.828555093277650E-01
 0.815658629681215E-01
 0.803090546398650E-01
 0.791124640315161E-01
 0.779451571493184E-01
 0.768127546189358E-01
 0.757124429016131E-01
 0.746376018429790E-01
 0.735839148590738E-01
 0.725893395418144E-01
 0.716442103037711E-01
 0.706935211426253E-01
 0.697562866909211E-01
 0.688877089047564E-01
 0.680266077469384E-01
 0.671488670651964E-01
 0.663758279674720E-01
 0.655563325169794E-01
 0.647796125012343E-01
 0.640604441912428E-01
 0.632487717475805E-01
 0.626228823402484E-01
 0.618556857340336E-01
 0.612469728001268E-01
 0.605445596425375E-01
 0.599338053790560E-01
 0.592887456098598E-01
 0.586819658950418E-01
 0.580815863622860E-01
 0.574299560002593E-01
 0.565598116745515E-01
 0.554762140758459E-01
 0.541850751061591E-01
 0.526931133161170E-01
 0.510100284999561E-01
 0.493097174338633E-01
 0.476888937915370E-01
 0.461526651337817E-01
 0.446796971356273E-01
 0.441057688090637E-01
 0.437928158371635E-01
 0.439550558361578E-01
 0.438959245754720E-01
 0.438094955858625E-01
 0.436894303147455E-01
 0.435731227791201E-01
 0.434421897790827E-01
 0.432904218970914E-01
 0.431181098652311E-01
 0.429436575962122E-01
 0.427927908297112E-01
 0.426198190449155E-01
 0.424102631003538E-01
 0.422133611230396E-01
 0.420316478588150E-01
 0.418129892175759E-01
 0.416106571518879E-01
 0.414132417154721E-01
 0.411573738290760E-01
 0.409782046487295E-01
 0.407644217022569E-01
 0.405313761717872E-01
 0.403488616119412E-01
 0.400601422308065E-01
 0.399233265702764E-01
 0.396455779293283E-01
 0.394967867276733E-01
 0.392404927988400E-01
 0.390749591241874E-01
 0.388337630226118E-01
 0.413049123312332E-01
 0.450611742599367E-01
 0.486846960787220E-01
 0.521580993907239E-01
 0.554646158898885E-01
 0.585881699824674E-01
 0.615134590887115E-01
 0.642260287189460E-01
 0.667123381103311E-01
 0.689598145047858E-01
 0.709568993550656E-01
 0.726930925273406E-01
 0.741589973980028E-01
 0.753463637753998E-01
 0.762481233763120E-01
 0.768584164100501E-01
 0.771726129586546E-01
 0.771873332972057E-01
 0.769004668199696E-01
 0.763111851906959E-01
 0.754199460140272E-01
 0.742299037278657E-01
 0.729373917961857E-01
 0.716944735751792E-01
 0.704722697911799E-01
 0.693246680401655E-01
 0.682040918789116E-01
 0.671159184234674E-01
 0.660571062678538E-01
 0.650304066382141E-01
 0.640431552781586E-01
 0.630850950557528E-01
 0.621740363832467E-01
 0.612546879612006E-01
 0.604028888515805E-01
 0.595583803604385E-01
 0.587251442720247E-01
 0.579374727334631E-01
 0.571840016045789E-01
 0.563898904090401E-01
 0.557038398486236E-01
 0.550041211197415E-01
 0.542826016412703E-01
 0.536769440680963E-01
 0.529391067463774E-01
 0.524117755550908E-01
 0.517465287513222E-01
 0.512104910518314E-01
 0.506022304082543E-01
 0.500717951824255E-01
 0.495081949928872E-01
 0.489446148198119E-01
 0.532323859800721E-01
 0.573882061214968E-01
 0.613516693687860E-01
 0.651081679210903E-01
 0.686439742797259E-01
 0.719462932269198E-01
 0.750033024328695E-01
 0.778041857893281E-01
 0.803391667287162E-01
 0.825995460123486E-01
 0.845777419114642E-01
 0.862673267113447E-01
 0.876630553365223E-01
 0.887608861670650E-01
 0.895579951446366E-01
 0.900527813954703E-01
 0.902448609102281E-01
 0.901350484163510E-01
 0.897253337838035E-01
 0.890188612563042E-01
 0.881647062023538E-01
 0.873134612105948E-01
 0.864756355548484E-01
 0.856316838500825E-01
 0.847972760170255E-01
 0.839797493258028E-01
 0.831835814075588E-01
 0.824019057514594E-01
 0.816245971994962E-01
 0.808412964733369E-01
 0.800826085232639E-01
 0.793238007407615E-01
 0.785998110460760E-01
 0.778533093145349E-01
 0.771551372829251E-01
 0.764559969134357E-01
 0.757331114481782E-01
 0.750879485808382E-01
 0.744029817053462E-01
 0.737504173868355E-01
 0.731328545065045E-01
 0.724338611923862E-01
 0.718918408223273E-01
 0.712005952628849E-01
 0.706843240724777E-01
 0.700473690839679E-01
 0.695164919129878E-01
 0.689202589853875E-01
 0.683887032995364E-01
 0.678228175708970E-01
 0.672485455577495E-01
 0.664600461591498E-01
 0.654612514878719E-01
 0.642567225051897E-01
 0.628516814244671E-01
 0.612520936766703E-01
 0.595058804412499E-01
 0.578071170121119E-01
 0.561738484826804E-01
 0.545983447699823E-01
 0.530903996064352E-01
 0.548160212902713E-01
 0.566804684287393E-01
 0.583411767107471E-01
 0.597988518419281E-01
 0.610552620391738E-01
 0.621132000609095E-01
 0.629764339145463E-01
 0.636496595466200E-01
 0.641384652771481E-01
 0.644493087975881E-01
 0.645894997099797E-01
 0.645671781433515E-01
 0.643912821962098E-01
 0.640715005638736E-01
 0.636182099938111E-01
 0.630424006799938E-01
 0.623569429423553E-01
 0.616452698864819E-01
 0.609881280746910E-01
 0.603099086140992E-01
 0.596494090921131E-01
 0.590056435530708E-01
 0.583759424585372E-01
 0.577570667516132E-01
 0.571551454986093E-01
 0.565684644514686E-01
 0.559966387471900E-01
 0.554403480608890E-01
 0.548887682447303E-01
 0.543540160435355E-01
 0.538392247450295E-01
 0.533421951498595E-01
 0.528502957720963E-01
 0.523562500048921E-01
 0.519091984944003E-01
 0.514398315601995E-01
 0.509981524395659E-01
 0.505719249970154E-01
 0.501195380939891E-01
 0.497319750363853E-01
 0.492764620027487E-01
 0.489203520928817E-01
 0.484925223857688E-01
 0.481350009478332E-01
 0.481084183926563E-01
 0.492066621772913E-01
 0.504612491342616E-01
 0.518694581047371E-01
 0.534275593640292E-01
 0.551308300775979E-01
 0.569735595870294E-01
 0.589490473037303E-01
 0.610496026675776E-01
 0.632665587226639E-01
 0.655903062719772E-01
 0.680103469775295E-01
 0.705153569659429E-01
 0.730932515294458E-01
 0.757312454810903E-01
 0.784159084952120E-01
 0.811332174076546E-01
 0.838686083913459E-01
 0.866070328591509E-01
 0.893330217067786E-01
 0.920307610181966E-01
 0.946841776837162E-01
 0.972770278920853E-01
 0.997929791886653E-01
 0.102215679766087E+00
 0.104528815192695E+00
 0.106716159274020E+00
 0.108761629401192E+00
 0.110649356498880E+00
 0.112363775396038E+00
 0.113889733710792E+00
 0.115212608613216E+00
 0.116318415540532E+00
 0.117193894898604E+00
 0.117826571604883E+00
 0.118204792864711E+00
 0.118317755728687E+00
 0.118155535483014E+00
 0.117709121392641E+00
 0.116970461863071E+00
 0.115932518428791E+00
 0.114589326031162E+00
 0.112936054670019E+00
 0.110969065590853E+00
 0.108809335393915E+00
 0.106732949593099E+00
 0.104720025496907E+00
 0.102822322163314E+00
 0.100981043860961E+00
 0.992036458983429E-01
 0.974922078535105E-01
 0.958431981856303E-01
 0.942437460898777E-01
 0.926827420591899E-01
 0.911841811168572E-01
 0.897535960966816E-01
 0.883712115745092E-01
 0.869833077207463E-01
 0.856909727443406E-01
 0.844359100515278E-01
 0.831606538912424E-01
 0.819914387700600E-01
 0.808446073002916E-01
 0.796443074478706E-01
 0.786281282219738E-01
 0.775337920380473E-01
 0.765190982791582E-01
 0.755307686856714E-01
 0.745183170745626E-01
 0.736192942908107E-01
 0.726256834613548E-01
 0.717987518013190E-01
 0.707581067810106E-01
 0.695000684213069E-01
 0.693775561151170E-01
 0.763680561947915E-01
 0.832055676308919E-01
 0.898685586737375E-01
 0.963359711617984E-01
 0.102587303853488E+00
 0.108602696316445E+00
 0.114363010767450E+00
 0.119849908664983E+00
 0.125045920532013E+00
 0.129934510000418E+00
 0.134500134123349E+00
 0.138728300929965E+00
 0.142605623773898E+00
 0.146119872431312E+00
 0.149260022996781E+00
 0.152016309736803E+00
 0.154380279794415E+00
 0.156344846760675E+00
 0.157904335359099E+00
 0.159054510214370E+00
 0.159792586797769E+00
 0.160117228572183E+00
 0.160028537052548E+00
 0.159528039657387E+00
 0.158618676031562E+00
 0.157329491813330E+00
 0.155952638007825E+00
 0.154593335894101E+00
 0.153231318074510E+00
 0.151902867799874E+00
 0.150576668379394E+00
 0.149254626162837E+00
 0.147935359725205E+00
 0.146606718390821E+00
 0.145363641490509E+00
 0.144131004495214E+00
 0.142877506124496E+00
 0.141619544809355E+00
 0.140421717149509E+00
 0.139238065613304E+00
 0.138005054922320E+00
 0.136879482936176E+00
 0.135724642200630E+00
 0.134557514326523E+00
 0.133493110226211E+00
 0.132301442447350E+00
 0.131296029744203E+00
 0.130195873672663E+00
 0.129147654207569E+00
 0.128130278367832E+00
 0.127057175540611E+00
 0.126111878995255E+00
 0.125029908364137E+00
 0.124142651783014E+00
 0.123066328794585E+00
 0.122207898086854E+00
 0.121059070684311E+00
 0.119617662461877E+00
 0.117888783867248E+00
 0.115878593288798E+00
 0.113594264838680E+00
 0.111043933364148E+00
 0.108236628284436E+00
 0.105272053449097E+00
 0.102403800309472E+00
 0.996494446414090E-01
 0.970119930335428E-01
 0.946458401730296E-01
 0.939729131584784E-01
 0.932945798020215E-01
 0.926079559682093E-01
 0.920006344868661E-01
 0.913767395218898E-01
 0.907230742054778E-01
 0.901049345104932E-01
 0.895234306100805E-01
 0.888911997485940E-01
 0.882994094312264E-01
 0.877347373506212E-01
 0.870655194717631E-01
 0.861880453143909E-01
 0.851053809497015E-01
 0.838213142465265E-01
 0.823402880791853E-01
 0.806673445865223E-01
 0.788081031758674E-01
 0.767687761846787E-01
 0.747798000818495E-01
 0.741083045342216E-01
 0.734519148512829E-01
 0.728019421615886E-01
 0.721466992946835E-01
 0.715134682501280E-01
 0.709074631975879E-01
 0.703070353238798E-01
 0.696894263572355E-01
 0.691269326000988E-01
 0.685577841800335E-01
 0.679690140595314E-01
 0.674592845164780E-01
 0.668776093324436E-01
 0.663790559631225E-01
 0.658570020116471E-01
 0.653254545034515E-01
 0.648576583631130E-01
 0.643050149129594E-01
 0.638826412316711E-01
 0.633197803744681E-01
 0.629330292220392E-01
 0.623904842108536E-01
 0.620071388424741E-01
 0.614895604358071E-01
 0.610796716560623E-01
 0.604808583643576E-01
 0.597019230802089E-01
 0.587522743705775E-01
 0.576534106978395E-01
 0.565456938237464E-01
 0.554680258965758E-01
 0.544226864843683E-01
 0.533981407496408E-01
 0.524009000370793E-01
 0.514397744413801E-01
 0.505007709139370E-01
 0.495852561358164E-01
 0.486922229241417E-01
 0.478204556159890E-01
 0.469846156638873E-01
 0.467507198972598E-01
 0.465939881043735E-01
 0.463829493053671E-01
 0.461811722668959E-01
 0.459972312526960E-01
 0.457510611321924E-01
 0.453696993266606E-01
 0.473341005655666E-01
 0.504578852504584E-01
 0.536201500929724E-01
 0.568046195166517E-01
 0.599948078959831E-01
 0.631741116529924E-01
 0.663259023319630E-01
 0.694336156694343E-01
 0.724808305908446E-01
 0.754513341006387E-01
 0.783291736678809E-01
 0.810987052667972E-01
 0.837446482745978E-01
 0.862521552045197E-01
 0.886068962409950E-01
 0.907951506618594E-01
 0.928038941716005E-01
 0.946208739814530E-01
 0.962346692391333E-01
 0.976347390197627E-01
 0.988114614698602E-01
 0.997561668136686E-01
 0.100461166100812E+00
 0.100919777995890E+00
 0.101126356678434E+00
 0.101076323179352E+00
 0.100766199474396E+00
 0.100193640799807E+00
 0.993574596417942E-01
 0.982576364853036E-01
 0.968953169294182E-01
 0.952883617897602E-01
 0.936698008897249E-01
 0.921040441222306E-01
 0.905985138190186E-01
 0.891268754332013E-01
 0.877163102920854E-01
 0.863397788188284E-01
 0.850311456391930E-01
 0.837548758757262E-01
 0.825265183673539E-01
 0.813303296942626E-01
 0.801632729392850E-01
 0.790492479407942E-01
 0.779518244629847E-01
 0.768756842276961E-01
 0.758414192494694E-01
 0.748638703897029E-01
 0.738723106531055E-01
 0.729212445017074E-01
 0.720341284142853E-01
 0.710941210588095E-01
 0.702721443766706E-01
 0.694285322895214E-01
 0.685963026716973E-01
 0.678348412862158E-01
 0.670056299011904E-01
 0.663178919693423E-01
 0.655280614448019E-01
 0.648563203851394E-01
 0.639955552428374E-01
 0.629463761270295E-01
 0.617101916121536E-01
 0.602892228112488E-01
 0.586865308532217E-01
 0.569060342084639E-01
 0.549524911656177E-01
 0.528314422073026E-01
 0.506199348772443E-01
 0.511414887565062E-01
 0.534235452069096E-01
 0.554579278458813E-01
 0.572395374314598E-01
 0.587643795594667E-01
 0.600295960434179E-01
 0.610334943668295E-01
 0.617755660096511E-01
 0.622564833972308E-01
 0.624780715257697E-01
 0.624656172682533E-01
 0.623840668305944E-01
 0.622938583532980E-01
 0.621667347698052E-01
 0.620166350380738E-01
 0.618523844438699E-01
 0.616780374464089E-01
 0.614895175039897E-01
 0.612789483386237E-01
 0.610343087397263E-01
 0.607920574649953E-01
 0.605733051950794E-01
 0.603112315090582E-01
 0.600542738656420E-01
 0.597892494547834E-01
 0.594959582133068E-01
 0.592359038279310E-01
 0.589557141046983E-01
 0.586405459066941E-01
 0.583805194909099E-01
 0.580604686124639E-01
 0.577935950175368E-01
 0.574982237289210E-01
 0.571894305673534E-01
 0.569245862707588E-01
 0.565880636007575E-01
 0.563461241507334E-01
 0.559947639822284E-01
 0.557665927861315E-01
 0.554100933519098E-01
 0.551866313673607E-01
 0.548336568187609E-01
 0.545990173914528E-01
 0.542003055795343E-01
 0.536210796196621E-01
 0.528670857607343E-01
 0.520449777682063E-01
 0.512271096257699E-01
 0.504237215495458E-01
 0.496110464472527E-01
 0.488246697281418E-01
 0.480412397436016E-01
 0.472646282288004E-01
 0.464964921611374E-01
 0.457372472565184E-01
 0.449861494243219E-01
 0.442405924420574E-01
 0.435029738769003E-01
 0.430653779336304E-01
 0.428834395336858E-01
 0.426988609387956E-01
 0.425537308591331E-01
 0.423529322075640E-01
 0.422126650570468E-01
 0.419454830197556E-01
 0.415538976529789E-01
 0.410409761749699E-01
 0.404103245184420E-01
 0.399013583768284E-01
 0.393562412058140E-01
 0.386912992941342E-01
 0.379110496393444E-01
 0.370204293400970E-01
 0.360247985392612E-01
 0.349299450339119E-01
 0.337420748130665E-01
 0.324677866819508E-01
 0.311140386397900E-01
 0.296881113894161E-01
 0.281975659795814E-01
 0.266501901881437E-01
 0.271376437320987E-01
 0.291403285140892E-01
 0.310007192310586E-01
 0.327050009720802E-01
 0.342400092683162E-01
 0.355932867008631E-01
 0.367531357264794E-01
 0.377086736712847E-01
 0.384498940929394E-01
 0.389677327814677E-01
 0.392541306301505E-01
 0.393020843742308E-01
 0.391096849327289E-01
 0.388339019441220E-01
 0.385555560170200E-01
 0.382687610903500E-01
 0.379721042329990E-01
 0.376758216122459E-01
 0.373838387251841E-01
 0.370948253300586E-01
 0.368028985391018E-01
 0.364971478892354E-01
 0.361643420843721E-01
 0.358819022095297E-01
 0.355990595111161E-01
 0.352710148156701E-01
 0.349819594040390E-01
 0.347012309036187E-01
 0.343713103746411E-01
 0.341058418220187E-01
 0.338119335071403E-01
 0.335196434502651E-01
 0.332557220787316E-01
 0.329207478014613E-01
 0.327023122376690E-01
 0.323804743520591E-01
 0.339657979670767E-01
 0.388433520957713E-01
 0.437325486710754E-01
 0.486136490533737E-01
 0.534667593139350E-01
 0.582719227481952E-01
 0.630091937155344E-01
 0.676586993986130E-01
 0.722007000599779E-01
 0.766156564371716E-01
 0.808843080771408E-01
 0.849877621104956E-01
 0.889075893656969E-01
 0.926259230214048E-01
 0.961255536137266E-01
 0.993900140038143E-01
 0.102403650138558E+00
 0.105151677978474E+00
 0.107620231812265E+00
 0.109796411733959E+00
 0.111668336913726E+00
 0.113225207000913E+00
 0.114457368636085E+00
 0.115356380157929E+00
 0.115915066996777E+00
 0.116127563069149E+00
 0.115989337887361E+00
 0.115497212354967E+00
 0.114649366746278E+00
 0.113445342984870E+00
 0.111890450805478E+00
 0.110234776603761E+00
 0.108638954830711E+00
 0.107079710459180E+00
 0.105587714663262E+00
 0.104129328517400E+00
 0.102708741189243E+00
 0.101326366034295E+00
 0.999706598483228E-01
 0.986454492390404E-01
 0.973771311755927E-01
 0.961729843833248E-01
 0.949610742374782E-01
 0.937745199804703E-01
 0.926468985724280E-01
 0.915400972283281E-01
 0.904242252698429E-01
 0.894064439926311E-01
 0.883526589166904E-01
 0.873488839495955E-01
 0.864039501595160E-01
 0.853548498718142E-01
 0.845265443235500E-01
 0.835491650310314E-01
 0.827258783846340E-01
 0.818361707063913E-01
 0.810063901378944E-01
 0.801868855100930E-01
 0.793665080427471E-01
 0.786026179920125E-01
 0.777323584913527E-01
 0.766057694296655E-01
 0.752243039142211E-01
 0.735903787079630E-01
 0.717074283778583E-01
 0.734472461396566E-01
 0.782733713168382E-01
 0.828230507408242E-01
 0.870807208346130E-01
 0.910318866030821E-01
 0.946631712729551E-01
 0.979623663733882E-01
 0.100918483407774E+00
 0.103521807299673E+00
 0.105763948839463E+00
 0.107637889933926E+00
 0.109138014424482E+00
 0.110260120239178E+00
 0.111001414562898E+00
 0.111360499326474E+00
 0.111337356405056E+00
 0.110933339200233E+00
 0.110151171141118E+00
 0.109113311590282E+00
 0.108079187039866E+00
 0.107071366573637E+00
 0.106063481386186E+00
 0.105060878730213E+00
 0.104076377795288E+00
 0.103109077755161E+00
 0.102153767526485E+00
 0.101198592567629E+00
 0.100236731158648E+00
 0.993138527190342E-01
 0.984447150316737E-01
 0.975328457602225E-01
 0.966480590362644E-01
 0.958072432186546E-01
 0.949293957315480E-01
 0.940937776287958E-01
 0.933022534076590E-01
 0.924022338523319E-01
 0.916915592081406E-01
 0.908781046171223E-01
 0.901142572994122E-01
 0.893798873758807E-01
 0.885807404394429E-01
 0.879169541419949E-01
 0.870982719737281E-01
 0.864922605303775E-01
 0.856844226331290E-01
 0.851086874204233E-01
 0.843417398108497E-01
 0.837359509346258E-01
 0.828563188785632E-01
 0.817067956357689E-01
 0.802922940360140E-01
 0.786186478019561E-01
 0.766925891806026E-01
 0.746389858798103E-01
 0.726507967245767E-01
 0.735382859226893E-01
 0.773195052613633E-01
 0.808434399806097E-01
 0.841030171691620E-01
 0.870923619194275E-01
 0.898068350439968E-01
 0.922430504510649E-01
 0.943988688439018E-01
 0.962733744908685E-01
 0.978668469938264E-01
 0.991807375133233E-01
 0.100217651224639E+00
 0.100981330576572E+00
 0.101476631919215E+00
 0.101709491601377E+00
 0.101686882874311E+00
 0.101416767473230E+00
 0.100908044450775E+00
 0.100170496388403E+00
 0.992147328220258E-01
 0.980521328639610E-01
 0.967314940111829E-01
 0.954345077773713E-01
 0.941955204472697E-01
 0.929697783129367E-01
 0.917926674707577E-01
 0.906354213478097E-01
 0.895304986367892E-01
 0.884516010236270E-01
 0.874002583888885E-01
 0.863757275868277E-01
 0.853880622116196E-01
 0.844290158672968E-01
 0.834792537139430E-01
 0.825797313398100E-01
 0.817078494027574E-01
 0.808171612531895E-01
 0.799920849545857E-01
 0.791937153422777E-01
 0.783343660370884E-01
 0.776213759859833E-01
 0.768381177619405E-01
 0.761051979527957E-01
 0.753903487352413E-01
 0.746471685666899E-01
 0.739923125825225E-01
 0.732472806998599E-01
 0.726423166993567E-01
 0.719260327690605E-01
 0.713154507496824E-01
 0.705383831275817E-01
 0.696031666656028E-01
 0.685186722925142E-01
 0.672942518235525E-01
 0.659396851560589E-01
 0.644651271831461E-01
 0.628810583055918E-01
 0.611982425239983E-01
 0.594276912870917E-01
 0.575837314280176E-01
 0.557952794674269E-01
 0.543998787455392E-01
 0.539911950919291E-01
 0.535855346961521E-01
 0.531746578681492E-01
 0.527530196734509E-01
 0.523872615581151E-01
 0.520077521186992E-01
 0.516031641061842E-01
 0.512413196326172E-01
 0.508771956489763E-01
 0.504740341354371E-01
 0.501384204255474E-01
 0.496789146022582E-01
 0.491008891797433E-01
 0.497350096010563E-01
 0.508269240363862E-01
 0.518487896621702E-01
 0.527870590752135E-01
 0.536284595676666E-01
 0.543600787774625E-01
 0.549694392093194E-01
 0.554445563663429E-01
 0.557739824145371E-01
 0.559468458377944E-01
 0.559529014033442E-01
 0.557825998013485E-01
 0.554271742285659E-01
 0.548787293636997E-01
 0.541303148497591E-01
 0.531759732285281E-01
 0.520107658556915E-01
 0.506461473379506E-01
 0.492905761727139E-01
 0.479942778114623E-01
 0.467483160923973E-01
 0.455453496714465E-01
 0.444098792716025E-01
 0.443953656387233E-01
 0.444464983258896E-01
 0.444164718256046E-01
 0.443014154159375E-01
 0.441528162316560E-01
 0.439779252257679E-01
 0.437115916449590E-01
 0.433696066949189E-01
 0.430460039259453E-01
 0.426262037225646E-01
 0.421508884865057E-01
 0.416791522757151E-01
 0.411081777171894E-01
 0.405563403479589E-01
 0.399412235693410E-01
 0.392997853061459E-01
 0.386492105340766E-01
 0.379467907243039E-01
 0.374937550062052E-01
 0.423025965078466E-01
 0.470632773442159E-01
 0.517569114233004E-01
 0.563646748713339E-01
 0.608679184585267E-01
 0.652482861394737E-01
 0.694878322261820E-01
 0.735691259392405E-01
 0.774753354911916E-01
 0.811902935546774E-01
 0.846985557521919E-01
 0.879854668807131E-01
 0.910372436845869E-01
 0.938410719328155E-01
 0.963852063650924E-01
 0.986590600222543E-01
 0.100653274705238E+00
 0.102359772251163E+00
 0.103771791493229E+00
 0.104883915895061E+00
 0.105692094021989E+00
 0.106193653120176E+00
 0.106387306864714E+00
 0.106273159908515E+00
 0.105852711056128E+00
 0.105128853097160E+00
 0.104105863682502E+00
 0.102789382022236E+00
 0.101227590381052E+00
 0.996378636338298E-01
 0.980358515929896E-01
 0.964664833585569E-01
 0.948914467653908E-01
 0.933216219698434E-01
 0.917577609001300E-01
 0.901979951334383E-01
 0.886356610345776E-01
 0.870770934674028E-01
 0.855810094419193E-01
 0.840749632020174E-01
 0.825421790887662E-01
 0.810609303245942E-01
 0.795957749841567E-01
 0.780958107258940E-01
 0.766622704001070E-01
 0.752295876160532E-01
 0.737617777493392E-01
 0.723892323293194E-01
 0.709629866705168E-01
 0.695899056747904E-01
 0.682288465110699E-01
 0.668429269716627E-01
 0.655417172491815E-01
 0.641556384668637E-01
 0.629077235172718E-01
 0.615590450149373E-01
 0.603297657293687E-01
 0.590240508536008E-01
 0.577919418224416E-01
 0.564177861185083E-01
 0.549093337860004E-01
 0.532748695855348E-01
 0.515231811628037E-01
 0.496635176178046E-01
 0.477055253145292E-01
 0.456603222443482E-01
 0.436407362286404E-01
 0.417100350224514E-01
 0.398706875522918E-01
 0.381104330947909E-01
 0.371529703310936E-01
 0.362508669152974E-01
 0.353940204513247E-01
 0.357177264913252E-01
 0.358642431074893E-01
 0.358412132605730E-01
 0.356569575345641E-01
 0.353204063402144E-01
 0.348410242619692E-01
 0.342287274620496E-01
 0.334937971807556E-01
 0.326467937573472E-01
 0.317002404271708E-01
 0.307344260301627E-01
 0.297891445430142E-01
 0.288582890228275E-01
 0.279453281483786E-01
 0.270573809435453E-01
 0.261849897661088E-01
 0.253357718424126E-01
 0.245100080517315E-01
 0.237010888991749E-01
 0.229048991651090E-01
 0.221237426032876E-01
 0.213681063180248E-01
 0.206340755921464E-01
 0.199024103728767E-01
 0.192040112597671E-01
 0.185224322152397E-01
 0.178430545279278E-01
 0.172022865221966E-01
 0.165598830290281E-01
 0.159440292635337E-01
 0.153456117543575E-01
 0.147493379837107E-01
 0.141911132810293E-01
 0.136180388396283E-01
 0.130966980323765E-01
 0.125554659551747E-01
 0.120612453665630E-01
 0.115539198351616E-01
 0.110832683871871E-01
 0.106067966789473E-01
 0.101557758590147E-01
 0.968456783514040E-02
 0.919784920933813E-02
 0.870010057573971E-02
 0.819966418732195E-02
 0.772030998559276E-02
 0.726474767724789E-02
 0.683308920831544E-02
 0.642111517802269E-02
 0.603244439186149E-02
 0.566288775387497E-02
 0.531206394176447E-02
 0.497937562336218E-02
 0.466401634438976E-02
 0.436508283721004E-02
 0.409949726620195E-02
 0.387965189998993E-02
 0.366647670701664E-02
 0.346834168253961E-02
 0.327656515815336E-02
 0.309548403337267E-02
 0.291473672941281E-02
 0.273256235692695E-02
 0.262092343461662E-02
 0.271463225070547E-02
 0.279163991289117E-02
 0.285149361266848E-02
 0.289398781633765E-02
 0.291915167919712E-02
 0.292723424719608E-02
 0.291868759819805E-02
 0.289414833698501E-02
 0.285441798674497E-02
 0.280044273415789E-02
 0.273329278828740E-02
 0.265414147770482E-02
 0.256424421763881E-02
 0.246491757212365E-02
 0.235751870247552E-02
 0.224342547595807E-02
 0.212401743799178E-02
 0.200065779570925E-02
 0.187467655767815E-02
 0.174735500578669E-02
 0.161991169104157E-02
 0.149349010818668E-02
 0.136914812144194E-02
 0.124784913342287E-02
 0.113045496339170E-02
 0.101772043934773E-02
 0.910289763892605E-03
 0.808694720099247E-03
 0.713354714645530E-03
 0.624578550788066E-03
 0.542567753374018E-03
 0.467421269210713E-03
 0.399141412925952E-03
 0.337640962782368E-03
 0.282751296878758E-03
 0.234280860489685E-03
 0.192387599497748E-03
 0.156531426479028E-03
 0.126057756280271E-03
 0.100346326239794E-03
 0.788804796422707E-04
 0.611128328855244E-04
 0.465772485900184E-04
 0.348370762718721E-04
 0.254973234802652E-04
 0.181925602582895E-04
 0.125917397750833E-04
 0.840606325723687E-05
 0.536861210125356E-05
 0.324330852089916E-05
 0.182307378251075E-05
 0.932194497661548E-06
 0.416584227171355E-06
 0.151958146996792E-06
 0.394859410788211E-07
 0.510339384908702E-08
 0.628841679330811E-10
 0.000000000000000E+00
 0.000000000000000E+00
 0.000000000000000E+00
 0.000000000000000E+00
 0.000000000000000E+00
 0.000000000000000E+00
 0.000000000000000E+00
 0.000000000000000E+00
 0.000000000000000E+00
 0.000000000000000E+00
 0.000000000000000E+00
 0.000000000000000E+00
 0.000000000000000E+00
 0.000000000000000E+00
 0.000000000000000E+00
 0.000000000000000E+00
 0.000000000000000E+00
 0.000000000000000E+00
 0.000000000000000E+00
 0.000000000000000E+00
 0.000000000000000E+00
 0.000000000000000E+00
 0.000000000000000E+00
 0.000000000000000E+00
 0.000000000000000E+00
 0.000000000000000E+00
 0.000000000000000E+00
 0.000000000000000E+00
 0.000000000000000E+00
 0.000000000000000E+00
 0.000000000000000E+00
 0.000000000000000E+00
 0.000000000000000E+00
 0.000000000000000E+00
 0.000000000000000E+00
 0.000000000000000E+00
 0.000000000000000E+00
 0.000000000000000E+00
 0.000000000000000E+00
 0.000000000000000E+00
 0.000000000000000E+00
 0.000000000000000E+00
 0.000000000000000E+00
 0.000000000000000E+00
 0.000000000000000E+00
 0.000000000000000E+00
 0.000000000000000E+00
 0.000000000000000E+00
 0.000000000000000E+00
 0.000000000000000E+00
 0.000000000000000E+00
 0.000000000000000E+00
 0.000000000000000E+00
 0.000000000000000E+00
 0.000000000000000E+00
 0.000000000000000E+00
 0.000000000000000E+00
 0.000000000000000E+00
 0.000000000000000E+00
 0.000000000000000E+00
 0.000000000000000E+00
 0.000000000000000E+00
 0.000000000000000E+00
 0.000000000000000E+00
 0.000000000000000E+00
 0.000000000000000E+00
 0.000000000000000E+00
 0.000000000000000E+00
 0.000000000000000E+00
 0.000000000000000E+00
 0.000000000000000E+00
 0.000000000000000E+00
 0.000000000000000E+00
 0.000000000000000E+00
 0.000000000000000E+00
 0.000000000000000E+00
 0.000000000000000E+00
 0.000000000000000E+00
 0.000000000000000E+00
 0.000000000000000E+00
 0.000000000000000E+00
 0.000000000000000E+00
 0.000000000000000E+00
 0.000000000000000E+00
 0.000000000000000E+00
 0.000000000000000E+00
 0.000000000000000E+00
 0.000000000000000E+00
 0.000000000000000E+00
 0.000000000000000E+00
 0.000000000000000E+00
 0.000000000000000E+00
 0.000000000000000E+00
 0.000000000000000E+00
 0.000000000000000E+00
 0.000000000000000E+00
 0.000000000000000E+00
 0.000000000000000E+00
 0.000000000000000E+00
 0.000000000000000E+00
 0.000000000000000E+00
 0.000000000000000E+00
 0.000000000000000E+00
 0.000000000000000E+00
 0.000000000000000E+00
 0.000000000000000E+00
 0.000000000000000E+00
 0.000000000000000E+00
 0.000000000000000E+00
 0.000000000000000E+00
 0.000000000000000E+00
 0.000000000000000E+00
 0.000000000000000E+00
 0.000000000000000E+00
 0.000000000000000E+00
 0.000000000000000E+00
 0.000000000000000E+00
 0.000000000000000E+00
 0.000000000000000E+00
 0.000000000000000E+00
 0.000000000000000E+00
 0.000000000000000E+00
 0.000000000000000E+00
 0.000000000000000E+00
 0.000000000000000E+00
 0.000000000000000E+00
 0.000000000000000E+00
 0.000000000000000E+00
 0.000000000000000E+00
 0.000000000000000E+00
 0.000000000000000E+00
 0.000000000000000E+00
 0.000000000000000E+00
 0.000000000000000E+00
 0.000000000000000E+00
 0.000000000000000E+00
 0.000000000000000E+00
 0.000000000000000E+00
 0.000000000000000E+00
 0.000000000000000E+00
 0.000000000000000E+00
 0.000000000000000E+00
 0.000000000000000E+00
 0.000000000000000E+00
 0.000000000000000E+00
 0.000000000000000E+00
 0.000000000000000E+00
 0.000000000000000E+00
 0.000000000000000E+00
 0.000000000000000E+00
 0.000000000000000E+00
 0.000000000000000E+00
 0.000000000000000E+00
 0.000000000000000E+00
 0.000000000000000E+00
 0.000000000000000E+00
 0.000000000000000E+00
 0.000000000000000E+00
 0.000000000000000E+00
 0.000000000000000E+00
 0.000000000000000E+00
 0.000000000000000E+00
 0.000000000000000E+00
 0.000000000000000E+00
 0.000000000000000E+00
 0.000000000000000E+00
 0.000000000000000E+00
 0.000000000000000E+00
 0.000000000000000E+00
 0.000000000000000E+00
 0.000000000000000E+00
 0.000000000000000E+00
 0.000000000000000E+00
 0.000000000000000E+00
 0.000000000000000E+00
 0.000000000000000E+00
 0.000000000000000E+00
 0.000000000000000E+00
 0.000000000000000E+00
 0.000000000000000E+00
 0.000000000000000E+00
 0.000000000000000E+00
 0.000000000000000E+00
 0.000000000000000E+00
 0.000000000000000E+00
 0.000000000000000E+00
 0.000000000000000E+00
 0.000000000000000E+00
 0.000000000000000E+00
 0.000000000000000E+00
 0.000000000000000E+00
 0.000000000000000E+00
 0.000000000000000E+00
 0.000000000000000E+00
 0.000000000000000E+00
 0.000000000000000E+00
 0.000000000000000E+00
 0.000000000000000E+00
 0.000000000000000E+00
 0.000000000000000E+00
 0.000000000000000E+00
 0.000000000000000E+00
 0.000000000000000E+00
 0.000000000000000E+00
 0.000000000000000E+00
 0.000000000000000E+00
 0.000000000000000E+00
 0.000000000000000E+00
 0.000000000000000E+00
 0.000000000000000E+00
 0.000000000000000E+00
 0.000000000000000E+00
 0.000000000000000E+00
 0.000000000000000E+00
 0.000000000000000E+00
 0.000000000000000E+00
 0.000000000000000E+00
 0.000000000000000E+00
 0.000000000000000E+00
 0.000000000000000E+00
 0.000000000000000E+00
 0.000000000000000E+00
 0.000000000000000E+00
 0.000000000000000E+00
 0.000000000000000E+00
 0.000000000000000E+00
 0.000000000000000E+00
 0.000000000000000E+00
 0.000000000000000E+00
 0.000000000000000E+00
 0.000000000000000E+00
 0.000000000000000E+00
 0.000000000000000E+00
 0.000000000000000E+00
 0.000000000000000E+00
 0.000000000000000E+00
 0.000000000000000E+00
 0.000000000000000E+00
 0.000000000000000E+00
 0.000000000000000E+00
 0.000000000000000E+00
 0.000000000000000E+00
 0.000000000000000E+00
 0.000000000000000E+00
 0.000000000000000E+00
 0.000000000000000E+00
 0.000000000000000E+00
 0.000000000000000E+00
 0.000000000000000E+00
 0.000000000000000E+00
 0.000000000000000E+00
 0.000000000000000E+00
 0.000000000000000E+00
 0.000000000000000E+00
 0.000000000000000E+00
 0.000000000000000E+00
 0.000000000000000E+00
 0.000000000000000E+00
 0.000000000000000E+00
 0.000000000000000E+00
 0.000000000000000E+00
 0.000000000000000E+00
 0.000000000000000E+00
 0.000000000000000E+00
 0.000000000000000E+00
 0.000000000000000E+00
 0.000000000000000E+00
 0.000000000000000E+00
 0.000000000000000E+00
 0.000000000000000E+00
 0.000000000000000E+00
 0.000000000000000E+00
 0.000000000000000E+00
 0.000000000000000E+00
 0.000000000000000E+00
 0.000000000000000E+00
 0.000000000000000E+00
 0.000000000000000E+00
 0.000000000000000E+00
 0.000000000000000E+00
 0.000000000000000E+00
 0.000000000000000E+00
 0.000000000000000E+00
 0.000000000000000E+00
 0.000000000000000E+00
 0.000000000000000E+00
 0.000000000000000E+00
 0.000000000000000E+00
 0.000000000000000E+00
 0.000000000000000E+00
 0.000000000000000E+00
 0.000000000000000E+00
 0.000000000000000E+00
 0.000000000000000E+00
 0.000000000000000E+00
 0.000000000000000E+00
 0.000000000000000E+00
 0.000000000000000E+00
 0.000000000000000E+00
 0.000000000000000E+00
 0.000000000000000E+00
 0.000000000000000E+00
 0.000000000000000E+00
 0.000000000000000E+00
 0.000000000000000E+00
 0.000000000000000E+00
 0.000000000000000E+00
 0.000000000000000E+00
 0.000000000000000E+00
 0.000000000000000E+00
 0.000000000000000E+00
 0.000000000000000E+00
 0.000000000000000E+00
 0.000000000000000E+00
 0.000000000000000E+00
 0.000000000000000E+00
 0.000000000000000E+00
 0.000000000000000E+00
 0.000000000000000E+00
 0.000000000000000E+00
 0.000000000000000E+00
 0.000000000000000E+00
 0.000000000000000E+00
 0.000000000000000E+00
 0.000000000000000E+00
 0.000000000000000E+00
 0.000000000000000E+00
 0.000000000000000E+00
 0.000000000000000E+00
 0.000000000000000E+00
 0.000000000000000E+00
 0.000000000000000E+00
 0.000000000000000E+00
 0.000000000000000E+00
 0.000000000000000E+00
 0.000000000000000E+00
 0.000000000000000E+00
 0.000000000000000E+00
 0.000000000000000E+00
 0.000000000000000E+00
 0.000000000000000E+00
 0.000000000000000E+00
 0.000000000000000E+00
 0.000000000000000E+00
 0.000000000000000E+00
 0.000000000000000E+00
 0.000000000000000E+00
 0.000000000000000E+00
