 0.341185926479776E-10
 0.271157078579457E-08
 0.205330712007969E-07
 0.774362103103727E-07
 0.207643604275453E-06
 0.454868733491883E-06
 0.871268783252558E-06
 0.151458623793957E-05
 0.245574638626124E-05
 0.376039220711958E-05
 0.551288073624066E-05
 0.778922882750060E-05
 0.106776517231063E-04
 0.142730057400050E-04
 0.186513602209125E-04
 0.239321716631648E-04
 0.301720335048936E-04
 0.375167691017453E-04
 0.459567213785276E-04
 0.554576627533277E-04
 0.660075715566578E-04
 0.775707971085880E-04
 0.901976905025657E-04
 0.104061365318622E-03
 0.119199672858229E-03
 0.135631383814338E-03
 0.153431497056029E-03
 0.172580158048539E-03
 0.193106912316348E-03
 0.215041890912225E-03
 0.238417424919948E-03
 0.282460482755745E-03
 0.342549016181544E-03
 0.413063204817596E-03
 0.495240469036375E-03
 0.590370752220076E-03
 0.699786269434706E-03
 0.824849070188646E-03
 0.966936520332364E-03
 0.112742513781977E-02
 0.130767337200093E-02
 0.150900376026684E-02
 0.173268447898260E-02
 0.197990986572312E-02
 0.225177931549772E-02
 0.254927420177298E-02
 0.287323307200013E-02
 0.322432605455829E-02
 0.360302986376486E-02
 0.400960475542197E-02
 0.444407421194369E-02
 0.490620721448510E-02
 0.539550208076939E-02
 0.591117043416062E-02
 0.645212014854827E-02
 0.701693698217480E-02
 0.760386570434455E-02
 0.821079241446755E-02
 0.883523017080421E-02
 0.947430988767345E-02
 0.101247777680627E-01
 0.107829994900963E-01
 0.114449702948034E-01
 0.121063294481934E-01
 0.127623775447033E-01
 0.134080956714662E-01
 0.140381660998544E-01
 0.146469944401623E-01
 0.152287329984219E-01
 0.157773047752993E-01
 0.162864276411120E-01
 0.167496389131288E-01
 0.171759331169337E-01
 0.176034573616370E-01
 0.180320515528931E-01
 0.184634254299423E-01
 0.188985221983741E-01
 0.193340037612407E-01
 0.197721505288265E-01
 0.202114340206341E-01
 0.206491440562404E-01
 0.210864490556254E-01
 0.215310757089884E-01
 0.219792963982424E-01
 0.224192565033056E-01
 0.228581475483127E-01
 0.233075362451645E-01
 0.237500045017106E-01
 0.241850755352194E-01
 0.246377819123746E-01
 0.250722089755699E-01
 0.255149984606028E-01
 0.259656646772285E-01
 0.263788235879952E-01
 0.268463921197749E-01
 0.272687983181203E-01
 0.277176809111109E-01
 0.281492841512752E-01
 0.285795370391581E-01
 0.290154489616620E-01
 0.294142677284229E-01
 0.297130855750244E-01
 0.299044161312264E-01
 0.299810116265464E-01
 0.299359343988942E-01
 0.299598313778426E-01
 0.332114932079784E-01
 0.364924770973647E-01
 0.397894315009822E-01
 0.430884722403670E-01
 0.463752746176069E-01
 0.496351823263209E-01
 0.528533246914160E-01
 0.560147335267186E-01
 0.591044527687080E-01
 0.621076362875754E-01
 0.650096308153197E-01
 0.677960420903198E-01
 0.704527842473277E-01
 0.729661158372507E-01
 0.753226699942684E-01
 0.775094895992114E-01
 0.795140793501617E-01
 0.813244847635021E-01
 0.829294033140036E-01
 0.843183256121946E-01
 0.854816956858217E-01
 0.864110709760971E-01
 0.871189990445177E-01
 0.877661521325610E-01
 0.883823013131653E-01
 0.889785650828155E-01
 0.895552881622289E-01
 0.901073776568350E-01
 0.906365018842643E-01
 0.911362548577677E-01
 0.916102064162300E-01
 0.920817052858561E-01
 0.925445538975801E-01
 0.929596231097603E-01
 0.933541576190665E-01
 0.937420365855648E-01
 0.941086002173377E-01
 0.944210566831469E-01
 0.947682194944133E-01
 0.950557591304523E-01
 0.953297919745040E-01
 0.956150593049556E-01
 0.957845852479974E-01
 0.960867041610353E-01
 0.962633266295233E-01
 0.964825776910360E-01
 0.966652917573752E-01
 0.968116939527953E-01
 0.969794537450539E-01
 0.970613687556559E-01
 0.972210894162135E-01
 0.972554964754729E-01
 0.973896049437887E-01
 0.973148409289893E-01
 0.969820083854208E-01
 0.963918239521300E-01
 0.955460547339691E-01
 0.944474691576681E-01
 0.930998376155343E-01
 0.915079715964672E-01
 0.897545629623172E-01
 0.880242040857318E-01
 0.863351579471731E-01
 0.846984341579465E-01
 0.830882184416335E-01
 0.820840356293338E-01
 0.819491411251549E-01
 0.818318697575215E-01
 0.817191825118018E-01
 0.815752921014094E-01
 0.813830306841074E-01
 0.812559722694160E-01
 0.810903331010643E-01
 0.808658981091641E-01
 0.807147806487743E-01
 0.805185560668172E-01
 0.802657747558712E-01
 0.798095132637742E-01
 0.791522133727520E-01
 0.782971102769284E-01
 0.772481413904974E-01
 0.760098905032793E-01
 0.745875829496665E-01
 0.729871287882785E-01
 0.712151888525656E-01
 0.692792229119189E-01
 0.671874805003247E-01
 0.649489157651733E-01
 0.625730391631269E-01
 0.600697456580994E-01
 0.574491685456030E-01
 0.547215966315479E-01
 0.518974664464342E-01
 0.489874122615254E-01
 0.461469715196979E-01
 0.459006384177819E-01
 0.456116546418976E-01
 0.453204690023273E-01
 0.450614238322160E-01
 0.447345947469791E-01
 0.445166423589516E-01
 0.442086689421579E-01
 0.439724479378572E-01
 0.436790387270100E-01
 0.434287303860528E-01
 0.431531364221580E-01
 0.428948826065890E-01
 0.426192651206016E-01
 0.423540836489830E-01
 0.420824377571619E-01
 0.417858315339268E-01
 0.413660527110383E-01
 0.408319398545703E-01
 0.402186253682756E-01
 0.396098693930815E-01
 0.390064135546461E-01
 0.384161672092548E-01
 0.378269798810372E-01
 0.394528775259339E-01
 0.414100113456932E-01
 0.434741283448149E-01
 0.456347996716333E-01
 0.478809692695456E-01
 0.502010617488806E-01
 0.525830692920854E-01
 0.550146000770640E-01
 0.574828824314588E-01
 0.599747376767520E-01
 0.624765525728936E-01
 0.649742897218820E-01
 0.674535648750465E-01
 0.698997954599862E-01
 0.722983949959261E-01
 0.746349672391361E-01
 0.768954517430227E-01
 0.790661932610095E-01
 0.811339364401396E-01
 0.830857530394073E-01
 0.849089434111410E-01
 0.865909580796817E-01
 0.881193731190944E-01
 0.894819371954525E-01
 0.906666911519812E-01
 0.916621477235759E-01
 0.924575112750914E-01
 0.930429135921107E-01
 0.934096383003123E-01
 0.935503023109794E-01
 0.934589613269638E-01
 0.931311140920715E-01
 0.925636000000475E-01
 0.917544127019050E-01
 0.907024776006019E-01
 0.894074522065805E-01
 0.879615859112278E-01
 0.865635608870565E-01
 0.852034777048072E-01
 0.838899871483380E-01
 0.826208890511418E-01
 0.813918693019693E-01
 0.801953979355261E-01
 0.790155920496551E-01
 0.778937358835274E-01
 0.767893513060426E-01
 0.757089375627163E-01
 0.746659965535608E-01
 0.736601404845735E-01
 0.726933656960503E-01
 0.717186527730394E-01
 0.707548951036661E-01
 0.698977259674958E-01
 0.690141112710460E-01
 0.681189056050449E-01
 0.673429416373966E-01
 0.665206500099442E-01
 0.657421881160642E-01
 0.650069419677046E-01
 0.642186028838081E-01
 0.635549519460831E-01
 0.628014844424967E-01
 0.621705312382993E-01
 0.614730761917474E-01
 0.608322399166146E-01
 0.600169720440525E-01
 0.590262090698169E-01
 0.578598090738442E-01
 0.565185820474845E-01
 0.550042690462777E-01
 0.533194684380745E-01
 0.514675311091045E-01
 0.532654553056307E-01
 0.561203875470089E-01
 0.587262909809914E-01
 0.610722202340946E-01
 0.631483050360229E-01
 0.649460084006614E-01
 0.664583276404519E-01
 0.676798855632511E-01
 0.686068892393874E-01
 0.692369718116022E-01
 0.695689656482333E-01
 0.696026723274545E-01
 0.693744228397480E-01
 0.690675465194273E-01
 0.687552066832269E-01
 0.684146111035067E-01
 0.680610797414021E-01
 0.677059883806077E-01
 0.673460237056447E-01
 0.669882281760898E-01
 0.666263006074545E-01
 0.662507090102950E-01
 0.658368314654071E-01
 0.654571515034876E-01
 0.650923198026974E-01
 0.646669676961636E-01
 0.642757702418073E-01
 0.639063930120237E-01
 0.634648204370650E-01
 0.631036790198221E-01
 0.626909282599329E-01
 0.622995113381155E-01
 0.619056686249679E-01
 0.614647190187912E-01
 0.611250902214220E-01
 0.606590845437927E-01
 0.603486058822941E-01
 0.599045167497309E-01
 0.595738778027742E-01
 0.591576785063316E-01
 0.588151298705294E-01
 0.584225402427983E-01
 0.580743204139167E-01
 0.576961917562028E-01
 0.573105737689764E-01
 0.567072215588868E-01
 0.558884647270334E-01
 0.548727265108502E-01
 0.547779594836857E-01
 0.576819720838312E-01
 0.603497453173014E-01
 0.627704114658803E-01
 0.649342785843008E-01
 0.668328441323186E-01
 0.684588065288522E-01
 0.698060882821849E-01
 0.708698733609646E-01
 0.716466493924997E-01
 0.721342376304701E-01
 0.723317936668399E-01
 0.722397697614144E-01
 0.718598429479792E-01
 0.711948272337374E-01
 0.702485975635858E-01
 0.690753708038922E-01
 0.679011220023062E-01
 0.667854699830458E-01
 0.657139414698769E-01
 0.646636726879882E-01
 0.636414534069157E-01
 0.626559697413021E-01
 0.617172530993559E-01
 0.608037250873290E-01
 0.598996373275084E-01
 0.590137796780139E-01
 0.581728939360791E-01
 0.573942853514833E-01
 0.565873906042475E-01
 0.558135456360490E-01
 0.551003722907371E-01
 0.543528895689355E-01
 0.536636755430176E-01
 0.530166707144510E-01
 0.522919308703986E-01
 0.517362865992057E-01
 0.510687533618429E-01
 0.505008416144013E-01
 0.499034381675967E-01
 0.493244532801350E-01
 0.487822993813460E-01
 0.482048133204928E-01
 0.477198236377794E-01
 0.471535397333231E-01
 0.466822999448519E-01
 0.460689551148260E-01
 0.452524426157216E-01
 0.442372264691139E-01
 0.430285102165689E-01
 0.420382593129390E-01
 0.438098519569991E-01
 0.453177470424743E-01
 0.465537292341316E-01
 0.475106352706557E-01
 0.481824989664150E-01
 0.485647101165446E-01
 0.486541509756321E-01
 0.484887551813218E-01
 0.482868328773739E-01
 0.480625290651999E-01
 0.478256870762038E-01
 0.475904277635214E-01
 0.473299986506615E-01
 0.470556167742007E-01
 0.468042795918956E-01
 0.465527543354558E-01
 0.462871763423025E-01
 0.459909231260021E-01
 0.457075545289154E-01
 0.454504097518008E-01
 0.451498025221154E-01
 0.448620959994854E-01
 0.445884721087493E-01
 0.442653573360424E-01
 0.440093502652448E-01
 0.437317058609880E-01
 0.434287211930234E-01
 0.431823879327690E-01
 0.428269944716183E-01
 0.426365239442690E-01
 0.423165880913534E-01
 0.420981506023276E-01
 0.418001396745615E-01
 0.415607265704436E-01
 0.412775462259539E-01
 0.451216310826614E-01
 0.494478273417667E-01
 0.536551290013694E-01
 0.577246561450297E-01
 0.616378256494037E-01
 0.653764577831947E-01
 0.689229138997807E-01
 0.722602445117979E-01
 0.753723278191337E-01
 0.782439878125826E-01
 0.808610914742404E-01
 0.832106307094250E-01
 0.852807951327683E-01
 0.870610385170773E-01
 0.885421368687112E-01
 0.897162312855927E-01
 0.905768456821940E-01
 0.911188706195130E-01
 0.913385118199059E-01
 0.912332143911341E-01
 0.908015861142992E-01
 0.900433481756780E-01
 0.889593347320174E-01
 0.875656067626558E-01
 0.861617352184112E-01
 0.847802288046695E-01
 0.834901233672119E-01
 0.822255179252549E-01
 0.809944278489395E-01
 0.798058404778182E-01
 0.786479995038306E-01
 0.775271523004674E-01
 0.764288559721151E-01
 0.753793685706799E-01
 0.743489134713597E-01
 0.733686569439455E-01
 0.723698754035873E-01
 0.714538992044692E-01
 0.705520336648762E-01
 0.696147366149327E-01
 0.688088599197577E-01
 0.679781054962321E-01
 0.671281328830523E-01
 0.663885627085361E-01
 0.655380002809739E-01
 0.648702920322131E-01
 0.641046567959062E-01
 0.634241527830606E-01
 0.627235121114129E-01
 0.620391876736131E-01
 0.613954599905252E-01
 0.607191817834681E-01
 0.601202429743300E-01
 0.593936918237600E-01
 0.584314299443563E-01
 0.584683801651926E-01
 0.629102869106499E-01
 0.671347075301478E-01
 0.711267067234939E-01
 0.748719180202828E-01
 0.783566488697409E-01
 0.815680821130892E-01
 0.844945358404963E-01
 0.871257245764858E-01
 0.894529609939612E-01
 0.914692490190555E-01
 0.931692444771839E-01
 0.945490938250372E-01
 0.956061965581027E-01
 0.963389614084771E-01
 0.967466306650510E-01
 0.968292271313447E-01
 0.965876391696750E-01
 0.960238132843266E-01
 0.951646955060556E-01
 0.942401082310731E-01
 0.933358444876462E-01
 0.924243106746854E-01
 0.915508927109372E-01
 0.906738551152983E-01
 0.897891095963210E-01
 0.889089708006822E-01
 0.880476722547431E-01
 0.872282266567462E-01
 0.864285713667648E-01
 0.856086555972277E-01
 0.847999891349576E-01
 0.840282186655027E-01
 0.832688539769267E-01
 0.824771210418369E-01
 0.817747651161111E-01
 0.810266120514676E-01
 0.802958656102549E-01
 0.796207747850197E-01
 0.788405111933787E-01
 0.782362623580169E-01
 0.775134116198018E-01
 0.768900927317743E-01
 0.762195440430867E-01
 0.755806293665797E-01
 0.749745234445913E-01
 0.743312943005317E-01
 0.737609021602604E-01
 0.731220635016805E-01
 0.725775962996159E-01
 0.718833214784857E-01
 0.709592809037481E-01
 0.698097640942500E-01
 0.684399983309538E-01
 0.668561611058289E-01
 0.650658142394482E-01
 0.632277732671525E-01
 0.614629425337153E-01
 0.597650390632646E-01
 0.581253333045297E-01
 0.603263899021625E-01
 0.626492709589009E-01
 0.647593942110067E-01
 0.666559635031023E-01
 0.683390646202004E-01
 0.698097036360692E-01
 0.710698476778317E-01
 0.721224482319298E-01
 0.729714421572713E-01
 0.736217418934494E-01
 0.740792328748617E-01
 0.743507886016462E-01
 0.744442966007193E-01
 0.743686715175522E-01
 0.741338246530156E-01
 0.737505673570704E-01
 0.732304464387393E-01
 0.725855343146483E-01
 0.718282139167803E-01
 0.709710008227275E-01
 0.701236032695852E-01
 0.693079127464034E-01
 0.684762382398047E-01
 0.676697052111274E-01
 0.668842948946206E-01
 0.661294296818295E-01
 0.653941953510881E-01
 0.646712363115364E-01
 0.639727302210971E-01
 0.632869617250724E-01
 0.626268718442285E-01
 0.619923809812956E-01
 0.613760086119494E-01
 0.607598779171157E-01
 0.601609750526181E-01
 0.595816515180298E-01
 0.590417703385061E-01
 0.584744186044557E-01
 0.579602436140064E-01
 0.574421533273410E-01
 0.569124077247453E-01
 0.564372888302582E-01
 0.559072102207224E-01
 0.554777598833363E-01
 0.549681027580940E-01
 0.545398389815305E-01
 0.540610684103136E-01
 0.545642674481450E-01
 0.555061273123996E-01
 0.565831220120553E-01
 0.577907202980404E-01
 0.591232430305341E-01
 0.605739174798425E-01
 0.621349629601477E-01
 0.637976940977709E-01
 0.655526264340107E-01
 0.673895722297746E-01
 0.692977194507061E-01
 0.712656914487935E-01
 0.732815882982773E-01
 0.753330139762041E-01
 0.774070969925589E-01
 0.794905144359644E-01
 0.815695285990480E-01
 0.836300403460097E-01
 0.856576556793276E-01
 0.876377552935282E-01
 0.895555552331700E-01
 0.913961517880831E-01
 0.931445535874414E-01
 0.947857139214394E-01
 0.963045817718697E-01
 0.976861880471882E-01
 0.989157741682601E-01
 0.999789559638686E-01
 0.100861901058824E+00
 0.101551487939337E+00
 0.102035414859818E+00
 0.102302239163451E+00
 0.102341349516512E+00
 0.102142896739498E+00
 0.101697723563030E+00
 0.100997333835572E+00
 0.100033928332933E+00
 0.988005133381562E-01
 0.972910664810271E-01
 0.955007270375733E-01
 0.935314384865011E-01
 0.916485476643236E-01
 0.898307062816514E-01
 0.881150846305451E-01
 0.864495710410661E-01
 0.848369559181321E-01
 0.832884561048551E-01
 0.817974835257277E-01
 0.803484009512091E-01
 0.789348345872956E-01
 0.775845965131747E-01
 0.762805155934929E-01
 0.750305856390843E-01
 0.737760557031818E-01
 0.726085926159011E-01
 0.714802103066326E-01
 0.703497701662432E-01
 0.692833274158284E-01
 0.682732617229204E-01
 0.671922916700832E-01
 0.662835759068148E-01
 0.653139958479974E-01
 0.643841447625495E-01
 0.635178569233197E-01
 0.625920057509399E-01
 0.618083433459021E-01
 0.609374604285347E-01
 0.601783335107887E-01
 0.592316595577684E-01
 0.635863387028105E-01
 0.701958950921205E-01
 0.766852653016741E-01
 0.830343667394573E-01
 0.892233147529024E-01
 0.952323392030517E-01
 0.101041799174396E+00
 0.106632298929389E+00
 0.111984879197535E+00
 0.117081240830479E+00
 0.121903953749454E+00
 0.126436611252797E+00
 0.130663906555699E+00
 0.134571632612160E+00
 0.138146632006700E+00
 0.141376741467608E+00
 0.144250776612943E+00
 0.146758585005551E+00
 0.148891166608977E+00
 0.150640832730943E+00
 0.152001358586641E+00
 0.152968085743013E+00
 0.153537947341746E+00
 0.153709414988362E+00
 0.153482393016992E+00
 0.152858104367311E+00
 0.151839015058015E+00
 0.150517950920099E+00
 0.149175457840843E+00
 0.147829481369895E+00
 0.146519687248664E+00
 0.145214451901355E+00
 0.143919492471573E+00
 0.142641665116702E+00
 0.141382111551102E+00
 0.140126586978219E+00
 0.138852144423389E+00
 0.137649283534181E+00
 0.136480546678405E+00
 0.135273945402445E+00
 0.134088419078509E+00
 0.132950348096681E+00
 0.131781304759508E+00
 0.130654204074771E+00
 0.129563932689089E+00
 0.128393167508942E+00
 0.127370350568094E+00
 0.126293931663527E+00
 0.125217439993247E+00
 0.124226576857657E+00
 0.123107576888601E+00
 0.122216169213877E+00
 0.121134156377200E+00
 0.120258293405238E+00
 0.119240287821004E+00
 0.118356524184379E+00
 0.117384793138468E+00
 0.116457614050181E+00
 0.115244482254469E+00
 0.113749156719693E+00
 0.111976397751035E+00
 0.109931964020382E+00
 0.107622600239423E+00
 0.105056016113609E+00
 0.102242896762023E+00
 0.994007937820829E-01
 0.966635281868283E-01
 0.940406691760026E-01
 0.915092600532769E-01
 0.901926115937704E-01
 0.895645285657539E-01
 0.889331879593258E-01
 0.882835395216587E-01
 0.876240140730034E-01
 0.870515788277121E-01
 0.864507908324923E-01
 0.858105933151525E-01
 0.852484515716081E-01
 0.846765185572186E-01
 0.840466321593277E-01
 0.835443631038521E-01
 0.832421087154290E-01
 0.826620498390448E-01
 0.818820724133142E-01
 0.811119129088203E-01
 0.803469540829424E-01
 0.796024964120956E-01
 0.788642228493192E-01
 0.781351864968878E-01
 0.774123874760913E-01
 0.766939551170394E-01
 0.759869735301914E-01
 0.752975074632862E-01
 0.746186601191087E-01
 0.739818867352553E-01
 0.733148456203473E-01
 0.726984143615004E-01
 0.720960901307269E-01
 0.714477877885671E-01
 0.708813188884399E-01
 0.703060685806498E-01
 0.696888549580972E-01
 0.691798475574408E-01
 0.685778502858739E-01
 0.680798278458493E-01
 0.675263227582686E-01
 0.670048016468310E-01
 0.665016158122020E-01
 0.659694805115134E-01
 0.655100101294487E-01
 0.649759412468762E-01
 0.645361836269756E-01
 0.640058871097540E-01
 0.635818684502089E-01
 0.630073560623533E-01
 0.622385546661062E-01
 0.612842144968621E-01
 0.601541869907581E-01
 0.589613486543546E-01
 0.578042016467784E-01
 0.566734920677289E-01
 0.555850740983106E-01
 0.545199672893322E-01
 0.534784036100503E-01
 0.524644189435355E-01
 0.514835238518783E-01
 0.505279302851354E-01
 0.496056445619657E-01
 0.487094414529295E-01
 0.482624670322146E-01
 0.480820383571626E-01
 0.478438941417851E-01
 0.476698144299962E-01
 0.474606167929895E-01
 0.472393636166311E-01
 0.468753518603300E-01
 0.463739823453730E-01
 0.457410046548122E-01
 0.468699678458700E-01
 0.504573999766449E-01
 0.540903750592446E-01
 0.577510914312563E-01
 0.614217862420755E-01
 0.650847380806040E-01
 0.687222121151981E-01
 0.723163998914541E-01
 0.758494070927162E-01
 0.793033247669484E-01
 0.826603866342852E-01
 0.859031785382829E-01
 0.890148427319788E-01
 0.919792229119997E-01
 0.947809255914229E-01
 0.974053135885098E-01
 0.998384757096167E-01
 0.102067218900470E+00
 0.104079107760083E+00
 0.105862546951603E+00
 0.107406881416168E+00
 0.108702484918531E+00
 0.109740815922324E+00
 0.110514432668049E+00
 0.111016970322755E+00
 0.111243091053390E+00
 0.111188424789422E+00
 0.110849525126272E+00
 0.110223868429738E+00
 0.109309919239624E+00
 0.108107267670781E+00
 0.106616817219427E+00
 0.104852753258916E+00
 0.103059771405161E+00
 0.101311393841873E+00
 0.996507787609596E-01
 0.980280795979147E-01
 0.964689489694549E-01
 0.949591466925654E-01
 0.935115258598145E-01
 0.921040436945683E-01
 0.907336998021284E-01
 0.894137382435710E-01
 0.881434901286111E-01
 0.869117519655967E-01
 0.857099270237641E-01
 0.845496408531900E-01
 0.834077347681954E-01
 0.823388555787089E-01
 0.812652135287206E-01
 0.802206114264262E-01
 0.792511902553192E-01
 0.782165636568243E-01
 0.773172371562422E-01
 0.763962138953901E-01
 0.754900081304316E-01
 0.746566151677801E-01
 0.737530420387847E-01
 0.730000220814381E-01
 0.721332079117640E-01
 0.713998998810541E-01
 0.704591741308520E-01
 0.693118196715408E-01
 0.679596436388289E-01
 0.664054448674365E-01
 0.646529613758820E-01
 0.627068105768429E-01
 0.605724310482759E-01
 0.582560286139859E-01
 0.558170297121273E-01
 0.567381620489617E-01
 0.594822569183979E-01
 0.619720869906916E-01
 0.642024669852232E-01
 0.661695998024205E-01
 0.678708542451990E-01
 0.693045414538511E-01
 0.704697689420393E-01
 0.713664215733124E-01
 0.719952688394113E-01
 0.723581474460645E-01
 0.724581400700638E-01
 0.723282850988595E-01
 0.721341844302802E-01
 0.719399862016750E-01
 0.717159139893749E-01
 0.714756942817621E-01
 0.712148629168122E-01
 0.709525260995961E-01
 0.706770173896684E-01
 0.703892020452934E-01
 0.700798310315290E-01
 0.697573123855445E-01
 0.694148223126933E-01
 0.690846064332972E-01
 0.687548108083041E-01
 0.684126172001057E-01
 0.680630218231322E-01
 0.677018746222602E-01
 0.673626616145445E-01
 0.669849921614802E-01
 0.666418077860846E-01
 0.662926856111353E-01
 0.659017430492403E-01
 0.655835073009106E-01
 0.651499723601605E-01
 0.648787686353506E-01
 0.644674576882117E-01
 0.641837707831774E-01
 0.637882550110751E-01
 0.634869984806634E-01
 0.631087677432289E-01
 0.627924891589214E-01
 0.624266764077102E-01
 0.620896654106870E-01
 0.615685293873635E-01
 0.608686594123371E-01
 0.599963923615971E-01
 0.589892926412654E-01
 0.579773933655809E-01
 0.569794818432484E-01
 0.560079498190499E-01
 0.550353689499262E-01
 0.540794354040242E-01
 0.531445198189630E-01
 0.522205757512016E-01
 0.513092297966353E-01
 0.504105480207556E-01
 0.495228365664136E-01
 0.486669994410473E-01
 0.483538282043605E-01
 0.481822336459180E-01
 0.480025076376274E-01
 0.477848761611578E-01
 0.476387219674731E-01
 0.473827227619803E-01
 0.469993055149222E-01
 0.464919992126895E-01
 0.459375310702842E-01
 0.455449948139940E-01
 0.450264694962763E-01
 0.443861648614610E-01
 0.436288345561717E-01
 0.427597664801897E-01
 0.417847439944744E-01
 0.407099923186321E-01
 0.395421225435907E-01
 0.382880766695257E-01
 0.369550697458424E-01
 0.355505257124653E-01
 0.340820111789160E-01
 0.325571797166989E-01
 0.309837412724064E-01
 0.293694642047345E-01
 0.277222040662841E-01
 0.273563954742068E-01
 0.279950563657283E-01
 0.284503634958606E-01
 0.287133420587542E-01
 0.287759462071829E-01
 0.286434419994175E-01
 0.284293782064719E-01
 0.282157904723145E-01
 0.279831689333354E-01
 0.277330371090019E-01
 0.274905399569260E-01
 0.272579000129172E-01
 0.270265626174495E-01
 0.267860044851116E-01
 0.265297103023095E-01
 0.262587797565752E-01
 0.260341256328750E-01
 0.258037336169005E-01
 0.255328528092608E-01
 0.253010287539276E-01
 0.250670791537905E-01
 0.248096853853499E-01
 0.245933495847644E-01
 0.243375788264906E-01
 0.241192378902296E-01
 0.238935212506233E-01
 0.239765706773855E-01
 0.283637047027421E-01
 0.328311795537369E-01
 0.373623902485488E-01
 0.419402767006838E-01
 0.465472800834428E-01
 0.511652890084317E-01
 0.557756224100253E-01
 0.603590901824875E-01
 0.648961475122139E-01
 0.693671229408998E-01
 0.737524698232772E-01
 0.780329811834694E-01
 0.821899238485184E-01
 0.862050809361965E-01
 0.900607264019552E-01
 0.937395767936585E-01
 0.972247668141384E-01
 0.100499878906275E+00
 0.103549031064581E+00
 0.106357001707708E+00
 0.108909354794968E+00
 0.111192528045328E+00
 0.113193862719972E+00
 0.114901579992569E+00
 0.116304736833521E+00
 0.117393211873477E+00
 0.118157769114063E+00
 0.118590221434826E+00
 0.118683673520845E+00
 0.118432781779729E+00
 0.117833947386507E+00
 0.116885371588200E+00
 0.115586948209415E+00
 0.113949929123166E+00
 0.112269622588880E+00
 0.110642034675385E+00
 0.109097418301382E+00
 0.107580331602181E+00
 0.106102263665902E+00
 0.104673837727161E+00
 0.103281718667863E+00
 0.101924319913528E+00
 0.100590315634259E+00
 0.993079231432703E-01
 0.980535340699562E-01
 0.968557577356194E-01
 0.956299272385231E-01
 0.945015818690449E-01
 0.933893895056370E-01
 0.922416889982454E-01
 0.912145037765649E-01
 0.901656745961736E-01
 0.891015391648856E-01
 0.881593394548575E-01
 0.871420100155475E-01
 0.862462327210847E-01
 0.853256702497663E-01
 0.844146558673720E-01
 0.835699189040739E-01
 0.826582569705983E-01
 0.818854646688545E-01
 0.809879760398852E-01
 0.802546141876479E-01
 0.792999751803344E-01
 0.780942984039976E-01
 0.766385424401070E-01
 0.749347174035204E-01
 0.729858861296027E-01
 0.734728009410455E-01
 0.783695014522082E-01
 0.829875967056181E-01
 0.873104906028478E-01
 0.913227085141783E-01
 0.950100564796086E-01
 0.983597705764007E-01
 0.101360638121195E+00
 0.104003063803006E+00
 0.106279052050139E+00
 0.108182090707890E+00
 0.109706951525474E+00
 0.110849459583724E+00
 0.111606308460300E+00
 0.111974994844768E+00
 0.111953912279508E+00
 0.111542591102844E+00
 0.110742021942796E+00
 0.109714226942476E+00
 0.108700279223178E+00
 0.107711566103389E+00
 0.106710153336709E+00
 0.105713849629563E+00
 0.104723131741727E+00
 0.103757576908766E+00
 0.102822335599972E+00
 0.101894158498381E+00
 0.100946947574243E+00
 0.100035229034065E+00
 0.991892319096269E-01
 0.983133315074891E-01
 0.974090095152402E-01
 0.966154797307852E-01
 0.957658665181964E-01
 0.949025250842970E-01
 0.941536640179607E-01
 0.932687478321095E-01
 0.925485029600950E-01
 0.917419275382212E-01
 0.909663470640084E-01
 0.902443545448804E-01
 0.894349165278470E-01
 0.887855031883645E-01
 0.879560188898742E-01
 0.873568778063002E-01
 0.865478636846882E-01
 0.859649280704902E-01
 0.851955922890420E-01
 0.845860115799909E-01
 0.836965625885739E-01
 0.825304428153502E-01
 0.810918909257170E-01
 0.793862517590420E-01
 0.774209808043504E-01
 0.753945840881988E-01
 0.754433852745535E-01
 0.796227471798508E-01
 0.835354375828023E-01
 0.871722543853887E-01
 0.905253554555212E-01
 0.935881819470018E-01
 0.963553874866965E-01
 0.988227914663495E-01
 0.100987363726733E+00
 0.102847239776282E+00
 0.104401758811855E+00
 0.105651509411360E+00
 0.106598361968567E+00
 0.107245467752724E+00
 0.107597214793415E+00
 0.107659147662952E+00
 0.107437873951906E+00
 0.106940986983645E+00
 0.106177028383542E+00
 0.105155497310650E+00
 0.103886891689277E+00
 0.102454948010062E+00
 0.101046345962780E+00
 0.996847487069016E-01
 0.983741594741414E-01
 0.971031929425734E-01
 0.958496237196904E-01
 0.946585982996780E-01
 0.935000083245670E-01
 0.923753565544797E-01
 0.912742928689217E-01
 0.902331194905140E-01
 0.892029280102098E-01
 0.881715129113615E-01
 0.872026397034346E-01
 0.862611220032592E-01
 0.852807059176511E-01
 0.844220764424423E-01
 0.835386465458025E-01
 0.826340618185057E-01
 0.818453617389960E-01
 0.809680415665770E-01
 0.802194882142791E-01
 0.794208724055230E-01
 0.786585052573534E-01
 0.779159850274113E-01
 0.771486508948517E-01
 0.764641731903324E-01
 0.757053573015562E-01
 0.750499037178208E-01
 0.742459812556058E-01
 0.732556400498494E-01
 0.720872361104846E-01
 0.707496788830445E-01
 0.692524069847781E-01
 0.676053933436946E-01
 0.658191539692381E-01
 0.639047316042588E-01
 0.618945086190985E-01
 0.599628970295836E-01
 0.581425284142137E-01
 0.571210135392989E-01
 0.566826925103464E-01
 0.562389371098119E-01
 0.557865900122933E-01
 0.553758083558244E-01
 0.549680782940367E-01
 0.545447252579604E-01
 0.541252713901433E-01
 0.537450567085513E-01
 0.533342050828622E-01
 0.529357657512768E-01
 0.525674313548720E-01
 0.521147554544004E-01
 0.515246519608520E-01
 0.508025122603330E-01
 0.499541747738317E-01
 0.489859075106553E-01
 0.479044009890833E-01
 0.467167572582216E-01
 0.454304640338297E-01
 0.440533521986476E-01
 0.425935428519253E-01
 0.411494462827587E-01
 0.421549018661937E-01
 0.430386752255719E-01
 0.437887520691516E-01
 0.443937328957116E-01
 0.448428925303187E-01
 0.451262491249756E-01
 0.452346354069582E-01
 0.451597643197790E-01
 0.448942838913615E-01
 0.444318188634652E-01
 0.437669975079540E-01
 0.428954621311845E-01
 0.418138634670668E-01
 0.406083606376231E-01
 0.394743309006170E-01
 0.383716374354267E-01
 0.373419422337236E-01
 0.372508893965275E-01
 0.373349802347579E-01
 0.373728338744032E-01
 0.374063538374101E-01
 0.373596168241701E-01
 0.372290203655287E-01
 0.370887072505521E-01
 0.369035173989804E-01
 0.366297568626800E-01
 0.363507147061930E-01
 0.360278500784286E-01
 0.356131061211965E-01
 0.352479947166455E-01
 0.347905320875493E-01
 0.343296545751707E-01
 0.338383132238919E-01
 0.333138614431296E-01
 0.327962402889975E-01
 0.334679915317447E-01
 0.379877379177439E-01
 0.424931888983319E-01
 0.469673579334080E-01
 0.513930820121929E-01
 0.557530433309608E-01
 0.600298285578825E-01
 0.642060418025626E-01
 0.682644711904699E-01
 0.721882902736138E-01
 0.759612618231546E-01
 0.795679078469113E-01
 0.829936163586466E-01
 0.862246695618924E-01
 0.892481961455600E-01
 0.920520692675045E-01
 0.946247878541077E-01
 0.969553868820067E-01
 0.990334174305774E-01
 0.100849018621810E+00
 0.102393076390232E+00
 0.103657437835473E+00
 0.104635133576940E+00
 0.105320558463412E+00
 0.105709572607692E+00
 0.105799506168084E+00
 0.105589076895257E+00
 0.105078252090017E+00
 0.104272403698935E+00
 0.103323873503902E+00
 0.102379836339974E+00
 0.101446677004669E+00
 0.100503493596739E+00
 0.995711371200160E-01
 0.986643080768774E-01
 0.977790843430888E-01
 0.969119291827021E-01
 0.960473447169636E-01
 0.951751679396015E-01
 0.942832399545726E-01
 0.934511670605573E-01
 0.926304728830902E-01
 0.917580166482988E-01
 0.909514850981849E-01
 0.901608579474919E-01
 0.893068284905121E-01
 0.885752033663725E-01
 0.877843438824849E-01
 0.870113976101367E-01
 0.862777390301573E-01
 0.854547993808646E-01
 0.848106009463155E-01
 0.840370834685583E-01
 0.833767714130011E-01
 0.826520674545999E-01
 0.819859083900103E-01
 0.813066304128378E-01
 0.806433276259152E-01
 0.799960829710599E-01
 0.792771282472793E-01
 0.783402349392614E-01
 0.771879978427113E-01
 0.758239789808960E-01
 0.742524805792560E-01
 0.724783391800669E-01
 0.705068159798946E-01
 0.684310590095727E-01
 0.664306390947841E-01
 0.645092349759269E-01
 0.626712705884537E-01
 0.617026136877310E-01
 0.612281596139829E-01
 0.630195223812830E-01
 0.646915675546948E-01
 0.660995596041959E-01
 0.672432097808969E-01
 0.681233415128228E-01
 0.687418603998795E-01
 0.691017234561682E-01
 0.692069039310844E-01
 0.690623527211637E-01
 0.686739668419049E-01
 0.680819176892299E-01
 0.674755662452488E-01
 0.668459410195174E-01
 0.662239682837550E-01
 0.656243224517626E-01
 0.650222020828312E-01
 0.644168363004086E-01
 0.638116188557288E-01
 0.632170868553431E-01
 0.626709639657056E-01
 0.621210842590419E-01
 0.615641427150030E-01
 0.610068837755298E-01
 0.605056192651982E-01
 0.599638091817992E-01
 0.594428075399678E-01
 0.589506971897259E-01
 0.584090041893041E-01
 0.579479010092851E-01
 0.574610143015715E-01
 0.569690579196843E-01
 0.565318108334896E-01
 0.560026192575220E-01
 0.556312797542101E-01
 0.551350204458819E-01
 0.547559418338946E-01
 0.542979158685387E-01
 0.539146486909991E-01
 0.534840238163943E-01
 0.531057679028843E-01
 0.526936397328034E-01
 0.522770922668296E-01
 0.516869517416095E-01
 0.509302875310134E-01
 0.500149314550752E-01
 0.489986609949175E-01
 0.480124378045738E-01
 0.470620738328696E-01
 0.461268875218384E-01
 0.452357782365458E-01
 0.443623480969699E-01
 0.435097582331806E-01
 0.426801722929774E-01
 0.418745372307197E-01
 0.410916951662643E-01
 0.403310624987651E-01
 0.398438846270507E-01
 0.395888256092263E-01
 0.393832464143919E-01
 0.392402458442140E-01
 0.390390975015871E-01
 0.402814829916454E-01
 0.442461999279408E-01
 0.483492498893156E-01
 0.525742851373383E-01
 0.569039503166799E-01
 0.613200043294164E-01
 0.658034999428225E-01
 0.703349882426833E-01
 0.748947093401621E-01
 0.794627376090662E-01
 0.840190657135568E-01
 0.885436319382408E-01
 0.930163142092008E-01
 0.974169257222631E-01
 0.101725246627016E+00
 0.105921112738220E+00
 0.109984559694490E+00
 0.113895997479857E+00
 0.117636375322437E+00
 0.121187297741388E+00
 0.124531069783230E+00
 0.127650676545822E+00
 0.130529727308433E+00
 0.133152407478231E+00
 0.135503478317961E+00
 0.137568348786606E+00
 0.139333222912672E+00
 0.140785305396250E+00
 0.141913030362049E+00
 0.142706266334656E+00
 0.143156449869702E+00
 0.143256615650480E+00
 0.143001320665779E+00
 0.142386493760948E+00
 0.141409264676864E+00
 0.140067828901892E+00
 0.138361387329584E+00
 0.136290172687104E+00
 0.133957433836878E+00
 0.131661411042397E+00
 0.129467369256598E+00
 0.127345708503193E+00
 0.125322901573759E+00
 0.123360508070886E+00
 0.121451447804183E+00
 0.119602212265929E+00
 0.117797350962790E+00
 0.116078954841358E+00
 0.114410810882040E+00
 0.112799984066020E+00
 0.111187603665861E+00
 0.109685879823895E+00
 0.108194695371466E+00
 0.106718964289592E+00
 0.105323004046034E+00
 0.103976049270613E+00
 0.102598708178336E+00
 0.101350545417118E+00
 0.100111768311763E+00
 0.988289081108241E-01
 0.977335592457649E-01
 0.965017625311246E-01
 0.954725862226219E-01
 0.943346031435765E-01
 0.933142661815176E-01
 0.922556039322785E-01
 0.911841805401714E-01
 0.898499027055108E-01
 0.882529786320209E-01
 0.863945535732578E-01
 0.842767803149104E-01
 0.819029013075543E-01
 0.792773239044068E-01
 0.822206449330448E-01
 0.878971502966084E-01
 0.933011399157313E-01
 0.984171258465378E-01
 0.103230844566770E+00
 0.107729471534076E+00
 0.111901762065649E+00
 0.115738079481592E+00
 0.119230304082506E+00
 0.122371657492883E+00
 0.125156509147861E+00
 0.127580239871071E+00
 0.129639216720615E+00
 0.131330891765198E+00
 0.132653991678376E+00
 0.133608731848586E+00
 0.134196979086659E+00
 0.134422303366095E+00
 0.134289895079708E+00
 0.133806367098626E+00
 0.133003437582826E+00
 0.132087150577443E+00
 0.131167708847166E+00
 0.130218540425674E+00
 0.129258340135610E+00
 0.128328192509703E+00
 0.127380907466235E+00
 0.126430282052930E+00
 0.125494918729372E+00
 0.124571667772682E+00
 0.123633039917139E+00
 0.122705888437654E+00
 0.121784271255239E+00
 0.120900646188043E+00
 0.119960314188775E+00
 0.119090719104641E+00
 0.118213377426387E+00
 0.117303043524436E+00
 0.116465471359870E+00
 0.115573750861344E+00
 0.114749403450960E+00
 0.113934670833366E+00
 0.113050144815799E+00
 0.112310014454486E+00
 0.111387021772910E+00
 0.110705515143881E+00
 0.109833370784778E+00
 0.109136559763905E+00
 0.108309259439145E+00
 0.107608778481357E+00
 0.106815495698402E+00
 0.106055382980237E+00
 0.105043485565741E+00
 0.103786684190587E+00
 0.102292748450812E+00
 0.100570255655989E+00
 0.986285065459158E-01
 0.964774415596337E-01
 0.941721082106306E-01
 0.919296725367853E-01
 0.897586963912317E-01
 0.876565159938212E-01
 0.856162813400400E-01
 0.836353090291813E-01
 0.821918591534992E-01
 0.816570953075113E-01
 0.811116417085471E-01
 0.805719118889336E-01
 0.800844259604021E-01
 0.795691815733757E-01
 0.790165182515611E-01
 0.785642278361371E-01
 0.780702822760454E-01
 0.775426586645235E-01
 0.771014171756581E-01
 0.765058977400733E-01
 0.757332250271723E-01
 0.747881499372433E-01
 0.736759530514100E-01
 0.724024156907375E-01
 0.709738161133828E-01
 0.693969437171242E-01
 0.676791153520382E-01
 0.658281770025120E-01
 0.638524801361259E-01
 0.617608311667455E-01
 0.595624199471899E-01
 0.572667353115934E-01
 0.548834723961517E-01
 0.524224324137257E-01
 0.498934171658019E-01
 0.473061300949692E-01
 0.446701071460365E-01
 0.419947027647378E-01
 0.392891412875383E-01
 0.365626157004813E-01
 0.338243894606613E-01
 0.310838495712464E-01
 0.283504769963543E-01
 0.267827146291859E-01
 0.265755285504838E-01
 0.264428085329562E-01
 0.262533797117797E-01
 0.261234669583541E-01
 0.259434843168371E-01
 0.258538433017896E-01
 0.272174018221050E-01
 0.287309302486033E-01
 0.303904997561173E-01
 0.321909221583841E-01
 0.341259573951534E-01
 0.361885419212027E-01
 0.383709865716595E-01
 0.406651041478310E-01
 0.430622505716158E-01
 0.455532895465622E-01
 0.481285109336389E-01
 0.507775427514868E-01
 0.534892945242834E-01
 0.562519571676838E-01
 0.590530658479604E-01
 0.618796129822429E-01
 0.647181840425731E-01
 0.675550823378960E-01
 0.703764118634644E-01
 0.731680999867098E-01
 0.759158628364529E-01
 0.786051405733576E-01
 0.812210477584864E-01
 0.837483860792257E-01
 0.861717493606525E-01
 0.884757204864712E-01
 0.906451293193043E-01
 0.926653213712397E-01
 0.945223835911535E-01
 0.962032849110656E-01
 0.976959116104192E-01
 0.989890070774588E-01
 0.100072055750918E+00
 0.100935171674920E+00
 0.101569052456509E+00
 0.101965035292610E+00
 0.102115250416567E+00
 0.102012825548554E+00
 0.101652070919148E+00
 0.101028579117787E+00
 0.100139206356401E+00
 0.989819491737583E-01
 0.975676176886198E-01
 0.960675051918595E-01
 0.946134546293080E-01
 0.932108673689486E-01
 0.918689547911395E-01
 0.905536363323352E-01
 0.892627311832605E-01
 0.880092835077198E-01
 0.867932313953570E-01
 0.855899015819469E-01
 0.844423144205602E-01
 0.833094555830634E-01
 0.822227932884144E-01
 0.811413647289681E-01
 0.801244225081792E-01
 0.791180407500634E-01
 0.781129936491652E-01
 0.771703921136828E-01
 0.762490366036982E-01
 0.752879921264683E-01
 0.744557164576470E-01
 0.735862805470483E-01
 0.727259253888673E-01
 0.719533897858315E-01
 0.710889708960084E-01
 0.704035691908660E-01
 0.696069757453839E-01
 0.689190803286854E-01
 0.681787834544502E-01
 0.674741116235137E-01
 0.665771198197026E-01
 0.654871038266090E-01
 0.642043983468152E-01
 0.627301806023361E-01
 0.610662763318772E-01
 0.592150351455370E-01
 0.606045912382708E-01
 0.643324909484144E-01
 0.678051566372956E-01
 0.710093086384603E-01
 0.739326555415037E-01
 0.765638707936928E-01
 0.788925883755016E-01
 0.809094422337435E-01
 0.826061541049755E-01
 0.839756533941848E-01
 0.850122000542548E-01
 0.857114802101711E-01
 0.860706526732121E-01
 0.860883386551881E-01
 0.857645629845245E-01
 0.852135729810314E-01
 0.846265266591764E-01
 0.840501862151199E-01
 0.834747793401257E-01
 0.828911418179439E-01
 0.823005535884027E-01
 0.817020734230027E-01
 0.810947830826232E-01
 0.804638665083041E-01
 0.799015371460672E-01
 0.793460205585316E-01
 0.787447858261165E-01
 0.781517698770198E-01
 0.775958999049361E-01
 0.770029954831044E-01
 0.764313320067979E-01
 0.758843898825285E-01
 0.752478428434033E-01
 0.747407553860134E-01
 0.741745797696327E-01
 0.736005252962667E-01
 0.731034840035585E-01
 0.724820328019381E-01
 0.720489220389707E-01
 0.714175472999023E-01
 0.710142889542836E-01
 0.704215914522860E-01
 0.700054780208923E-01
 0.694451418856451E-01
 0.690120391343125E-01
 0.684755853764400E-01
 0.680038148526274E-01
 0.672839026932893E-01
 0.663186969472060E-01
 0.651121856285067E-01
 0.642758408967121E-01
 0.682455298464469E-01
 0.719727429093357E-01
 0.754435770835700E-01
 0.786453521612647E-01
 0.815668322383131E-01
 0.841983375157242E-01
 0.865317291491011E-01
 0.885602883124038E-01
 0.902785422828110E-01
 0.916821056219867E-01
 0.927675969566603E-01
 0.935326620950739E-01
 0.939760923252118E-01
 0.940979895689455E-01
 0.938999136769889E-01
 0.933849583554277E-01
 0.925577345090154E-01
 0.914242766724828E-01
 0.900270510383358E-01
 0.886287024651611E-01
 0.872972983379727E-01
 0.860009308013811E-01
 0.847275509931021E-01
 0.835009627935238E-01
 0.823290811186797E-01
 0.811989157583995E-01
 0.801151338836547E-01
 0.790470488127452E-01
 0.779840048019019E-01
 0.769759569454728E-01
 0.760220790816707E-01
 0.750549562343171E-01
 0.741169425559971E-01
 0.732298596597716E-01
 0.723308549739548E-01
 0.714728440454935E-01
 0.706722112173487E-01
 0.697950736978729E-01
 0.690730584081288E-01
 0.682913088310254E-01
 0.675473657433344E-01
 0.668441049380632E-01
 0.660896924515825E-01
 0.654567691231141E-01
 0.647054918964311E-01
 0.641307310251245E-01
 0.633963681046090E-01
 0.628316190511409E-01
 0.620399636663696E-01
 0.610261163934240E-01
 0.597959663123426E-01
 0.583565246750403E-01
 0.567157925874877E-01
 0.548863188445563E-01
 0.530721572246170E-01
 0.513527414762243E-01
 0.497120109189817E-01
 0.481775065277611E-01
 0.477638748719817E-01
 0.473610459142765E-01
 0.469648168613115E-01
 0.465622131874308E-01
 0.461433749568787E-01
 0.457901726394455E-01
 0.454291908567269E-01
 0.450429917239310E-01
 0.446784479798613E-01
 0.443464618621505E-01
 0.439764709955289E-01
 0.436328193633459E-01
 0.433130788514051E-01
 0.429110127026682E-01
 0.423510546284545E-01
 0.416367025544331E-01
 0.407719229045621E-01
 0.397612094676333E-01
 0.386096601860452E-01
 0.380207180727734E-01
 0.378556882117606E-01
 0.377116078050050E-01
 0.374843662579093E-01
 0.373837617021587E-01
 0.371761802105044E-01
 0.370425562166876E-01
 0.368623156458477E-01
 0.367004638738920E-01
 0.365284850003602E-01
 0.363500228306162E-01
 0.371819208983930E-01
 0.406532283867849E-01
 0.439969241643122E-01
 0.471967554687777E-01
 0.502368943332771E-01
 0.531019172443288E-01
 0.557769049087590E-01
 0.582476552548357E-01
 0.605009576602307E-01
 0.625248503633542E-01
 0.643087844665647E-01
 0.658436451276305E-01
 0.671216244123390E-01
 0.681359877343572E-01
 0.688808123513509E-01
 0.693507895581957E-01
 0.695411659636260E-01
 0.694478571740793E-01
 0.690677122976896E-01
 0.683988579894728E-01
 0.674410232768941E-01
 0.662267465738160E-01
 0.650199705607008E-01
 0.638472764292954E-01
 0.627239580663205E-01
 0.616206441907617E-01
 0.605618252007554E-01
 0.595465115706031E-01
 0.585775919940278E-01
 0.576408326475013E-01
 0.567236061224207E-01
 0.558449178600939E-01
 0.549917373095721E-01
 0.541756373744101E-01
 0.533519617398016E-01
 0.526014151444118E-01
 0.518503023008827E-01
 0.510856121592085E-01
 0.504070614597146E-01
 0.497467552277769E-01
 0.490245954514845E-01
 0.484548003631643E-01
 0.477827690133272E-01
 0.472214038461818E-01
 0.466261259203818E-01
 0.460574958054724E-01
 0.455267846004938E-01
 0.449538657589114E-01
 0.444663508394279E-01
 0.439083171622403E-01
 0.475441966221255E-01
 0.517130555074556E-01
 0.557183657801858E-01
 0.595438607817858E-01
 0.631739956369460E-01
 0.665942414897528E-01
 0.697912922205532E-01
 0.727531496982473E-01
 0.754690982462857E-01
 0.779296133058263E-01
 0.801262619271584E-01
 0.820516425180532E-01
 0.836993857753253E-01
 0.850642096226572E-01
 0.861419992158749E-01
 0.869298754653565E-01
 0.874262232096980E-01
 0.876306687312446E-01
 0.875440174520386E-01
 0.871681774505541E-01
 0.865063205494517E-01
 0.856989804452822E-01
 0.848693325873678E-01
 0.840760822152486E-01
 0.832600054066824E-01
 0.824484089027781E-01
 0.816609715556950E-01
 0.808952441277691E-01
 0.801363460878511E-01
 0.793835276628206E-01
 0.786241497980762E-01
 0.778824695960811E-01
 0.771681364864777E-01
 0.764455467101835E-01
 0.757313593319422E-01
 0.750420968794341E-01
 0.743730660945398E-01
 0.736817567518782E-01
 0.730514730060768E-01
 0.723808280387827E-01
 0.717587611459298E-01
 0.711554726747912E-01
 0.704885151289190E-01
 0.699485592953039E-01
 0.692612432640139E-01
 0.687731265265663E-01
 0.681310999862147E-01
 0.676318611311901E-01
 0.670352332251662E-01
 0.665212091740395E-01
 0.659584307478320E-01
 0.654138498292024E-01
 0.646609478532951E-01
 0.637033855168260E-01
 0.625456073044226E-01
 0.611927800431169E-01
 0.596507677558274E-01
 0.579492396361758E-01
 0.562727583043604E-01
 0.546646366303526E-01
 0.531089351764741E-01
 0.516270844644839E-01
 0.521538468631015E-01
 0.539017019106640E-01
 0.554466182945226E-01
 0.567890170319528E-01
 0.579303546755143E-01
 0.588731701383035E-01
 0.596211445221090E-01
 0.601791416203371E-01
 0.605531983544126E-01
 0.607504480493696E-01
 0.607789806417328E-01
 0.606476653047058E-01
 0.603659746232910E-01
 0.599438498253030E-01
 0.593926493347426E-01
 0.587636259854489E-01
 0.581342187897279E-01
 0.575283179295411E-01
 0.569151678566023E-01
 0.563346538139063E-01
 0.557540998316327E-01
 0.551882506054303E-01
 0.546225629180591E-01
 0.540725268534893E-01
 0.535486611732077E-01
 0.530362025913019E-01
 0.525337109448759E-01
 0.520326114122122E-01
 0.515542274924106E-01
 0.510678050260791E-01
 0.506230505510371E-01
 0.501715737601280E-01
 0.497096365433394E-01
 0.492995624880818E-01
 0.488499377309826E-01
 0.484493630426684E-01
 0.480367375359564E-01
 0.476237913157848E-01
 0.472562955098077E-01
 0.468378226223542E-01
 0.465048297428184E-01
 0.460948866571451E-01
 0.457755792182731E-01
 0.453866235273426E-01
 0.450510254737591E-01
 0.446119330328139E-01
 0.459023642538172E-01
 0.474552190312626E-01
 0.491718479668189E-01
 0.510474260056801E-01
 0.530758517399370E-01
 0.552499273531089E-01
 0.575615479987708E-01
 0.600018559237394E-01
 0.625613299269012E-01
 0.652297993546203E-01
 0.679963911027306E-01
 0.708494368361806E-01
 0.737763821429615E-01
 0.767637428445216E-01
 0.797971409889218E-01
 0.828614262095173E-01
 0.859408575100041E-01
 0.890192996115078E-01
 0.920803857379363E-01
 0.951076150904977E-01
 0.980843803010494E-01
 0.100993946700926E+00
 0.103819421832424E+00
 0.106543755327695E+00
 0.109149796445731E+00
 0.111620414315937E+00
 0.113938662611735E+00
 0.116087954806329E+00
 0.118052214315222E+00
 0.119815976079767E+00
 0.121364436769435E+00
 0.122683470393956E+00
 0.123759636135705E+00
 0.124580202078750E+00
 0.125133195264433E+00
 0.125407472753786E+00
 0.125392797963734E+00
 0.125079905650733E+00
 0.124460546776221E+00
 0.123527516712597E+00
 0.122274681113061E+00
 0.120697018071095E+00
 0.118790689709335E+00
 0.116570962814922E+00
 0.114374902754426E+00
 0.112290793658096E+00
 0.110258914712757E+00
 0.108306048286419E+00
 0.106450853288802E+00
 0.104652030076557E+00
 0.102907164406784E+00
 0.101203516819808E+00
 0.996006652548601E-01
 0.980493616108064E-01
 0.965303036009192E-01
 0.950265470782443E-01
 0.936031641726438E-01
 0.922520017523598E-01
 0.908852763402541E-01
 0.895660891680335E-01
 0.883432298812812E-01
 0.870594702903057E-01
 0.858990347735908E-01
 0.847550577811866E-01
 0.835717731949380E-01
 0.825485141509191E-01
 0.814202856580559E-01
 0.804450978536860E-01
 0.794112753986932E-01
 0.784406063292970E-01
 0.774880572704738E-01
 0.764983029621885E-01
 0.752810058345531E-01
 0.738330339279844E-01
 0.727979143790300E-01
 0.798796169924346E-01
 0.867890052405271E-01
 0.935042191576800E-01
 0.100003867286984E+00
 0.106267209174975E+00
 0.112274313405315E+00
 0.118006173725663E+00
 0.123444789404791E+00
 0.128573231214331E+00
 0.133375712637101E+00
 0.137837669442326E+00
 0.141945831296431E+00
 0.145688259942275E+00
 0.149054336557358E+00
 0.152034702860287E+00
 0.154621185036225E+00
 0.156806743365220E+00
 0.158585484991137E+00
 0.159952752825241E+00
 0.160905269568243E+00
 0.161441287141913E+00
 0.161560682227520E+00
 0.161264954151150E+00
 0.160557117004495E+00
 0.159444109308569E+00
 0.158093754573573E+00
 0.156737458505640E+00
 0.155405245399592E+00
 0.154054281741024E+00
 0.152706829946806E+00
 0.151382376400032E+00
 0.150084163811844E+00
 0.148809796312910E+00
 0.147543141955466E+00
 0.146259488858006E+00
 0.144983358955318E+00
 0.143775651885264E+00
 0.142567364097241E+00
 0.141302075945549E+00
 0.140156038336248E+00
 0.138996240961119E+00
 0.137767308852993E+00
 0.136680579536716E+00
 0.135508430171542E+00
 0.134390500061015E+00
 0.133317201642466E+00
 0.132143904438927E+00
 0.131181701623806E+00
 0.130021650818569E+00
 0.129093614097957E+00
 0.128009358962559E+00
 0.127059251130315E+00
 0.126033097591898E+00
 0.125085612706596E+00
 0.124109296751732E+00
 0.123102797896904E+00
 0.121799555959459E+00
 0.120204377210746E+00
 0.118323229373675E+00
 0.116163168879558E+00
 0.113732249899755E+00
 0.111039440056317E+00
 0.108099700968766E+00
 0.105170954479846E+00
 0.102365542398922E+00
 0.996569956734971E-01
 0.970718860571785E-01
 0.954786972846051E-01
 0.948283400030387E-01
 0.941828505202725E-01
 0.935290719188288E-01
 0.928568816944713E-01
 0.922342042650021E-01
 0.916285324847868E-01
 0.909848391725313E-01
 0.903669638436313E-01
 0.897888528393507E-01
 0.891444792107513E-01
 0.885740088960096E-01
 0.877926523977363E-01
 0.868031187982908E-01
 0.856087517640159E-01
 0.842135729787283E-01
 0.826223482617934E-01
 0.808406531172329E-01
 0.788749049123607E-01
 0.767323349523912E-01
 0.744208958687401E-01
 0.719491272593190E-01
 0.703077021449231E-01
 0.696953094544621E-01
 0.690911199487814E-01
 0.684884041209748E-01
 0.678952630638014E-01
 0.673407045567909E-01
 0.667655685879318E-01
 0.662009583850006E-01
 0.656802697130839E-01
 0.651093799968904E-01
 0.646074176160564E-01
 0.641001081296042E-01
 0.635623370803901E-01
 0.631008305332769E-01
 0.625423096117913E-01
 0.621400843902861E-01
 0.616113192168700E-01
 0.611941569433766E-01
 0.607023871156941E-01
 0.602859549331834E-01
 0.598265333008911E-01
 0.594063402157530E-01
 0.589676414924682E-01
 0.585143766194210E-01
 0.578849680259104E-01
 0.570888696600043E-01
 0.561360568958358E-01
 0.550847655283646E-01
 0.540593100815552E-01
 0.530587212754967E-01
 0.520741113202310E-01
 0.511327416188999E-01
 0.502085723424432E-01
 0.493050359825240E-01
 0.484253827886974E-01
 0.475706732630870E-01
 0.467395474076379E-01
 0.459293297986981E-01
 0.453548586322998E-01
 0.451465376418798E-01
 0.449555180351226E-01
 0.447748427818687E-01
 0.445347706564332E-01
 0.443821010137006E-01
 0.469048498638967E-01
 0.497824408685976E-01
 0.527044002317648E-01
 0.556557238064710E-01
 0.586206197424198E-01
 0.615825627618042E-01
 0.645245037397445E-01
 0.674291998665089E-01
 0.702795950753177E-01
 0.730591649867175E-01
 0.757521503685454E-01
 0.783436356068803E-01
 0.808194745469974E-01
 0.831661115142922E-01
 0.853703760894619E-01
 0.874193359229101E-01
 0.893002698956347E-01
 0.910007812194853E-01
 0.925090216552865E-01
 0.938139617950795E-01
 0.949056316202422E-01
 0.957752728882039E-01
 0.964153808512135E-01
 0.968196507756430E-01
 0.969828696883276E-01
 0.969007995940142E-01
 0.965700892128886E-01
 0.959882364099951E-01
 0.951536101160364E-01
 0.940655297215252E-01
 0.927243885832328E-01
 0.911704032835928E-01
 0.896474761507608E-01
 0.881782944272348E-01
 0.867262681688667E-01
 0.853334877549609E-01
 0.839974518068585E-01
 0.826972928162312E-01
 0.814478760928940E-01
 0.802279405461467E-01
 0.790389929039838E-01
 0.778962831343034E-01
 0.767773443428424E-01
 0.757180530839716E-01
 0.746771120975520E-01
 0.736454559713059E-01
 0.726385509692007E-01
 0.717181371252311E-01
 0.707751442892755E-01
 0.698422569873176E-01
 0.690072571194306E-01
 0.681228484070679E-01
 0.673053233815483E-01
 0.665172736389891E-01
 0.656908019095964E-01
 0.649899133311298E-01
 0.641906152109403E-01
 0.635280255483929E-01
 0.627838338071712E-01
 0.621050860024836E-01
 0.612422097142518E-01
 0.601958635890099E-01
 0.589677065350715E-01
 0.575603222461589E-01
 0.559771140526162E-01
 0.542222074928635E-01
 0.523003964648941E-01
 0.502171478802155E-01
 0.481053305554812E-01
 0.501570406370303E-01
 0.522253866258800E-01
 0.540385792108271E-01
 0.555917853856488E-01
 0.568815442716204E-01
 0.579056917029114E-01
 0.586632784624307E-01
 0.591545120427929E-01
 0.593807390115430E-01
 0.593444648507183E-01
 0.592019781918308E-01
 0.590312662014806E-01
 0.588428266393473E-01
 0.586271316189756E-01
 0.583900225298561E-01
 0.581243436787442E-01
 0.578328351444760E-01
 0.575070821653550E-01
 0.571616232131153E-01
 0.568462788248156E-01
 0.564939774874134E-01
 0.561104935096513E-01
 0.557183441077826E-01
 0.553347857823453E-01
 0.549115178096978E-01
 0.544976770581451E-01
 0.540667603765464E-01
 0.536289601331921E-01
 0.531951789728341E-01
 0.526949990103881E-01
 0.522869029466281E-01
 0.517868373208486E-01
 0.513531541346900E-01
 0.508640436033519E-01
 0.503948957663037E-01
 0.499069756556769E-01
 0.494130737422296E-01
 0.489324546379349E-01
 0.484167083181444E-01
 0.479387854927331E-01
 0.474166883532239E-01
 0.469325423392256E-01
 0.463700177317305E-01
 0.456399382318569E-01
 0.447493354468679E-01
 0.437888720044493E-01
 0.428337873381401E-01
 0.418876789162903E-01
 0.409421720430419E-01
 0.400094823738784E-01
 0.390925996546037E-01
 0.381826443945926E-01
 0.372817628314024E-01
 0.363915345002871E-01
 0.355138410325051E-01
 0.346444483525301E-01
 0.338009404361292E-01
 0.330669311307652E-01
 0.326105248440224E-01
 0.322135088396995E-01
 0.317811729612533E-01
 0.313464714792181E-01
 0.309342979162939E-01
 0.304662052118163E-01
 0.299033694727797E-01
 0.292507644836083E-01
 0.285136963215115E-01
 0.277981788789908E-01
 0.271305867954801E-01
 0.263807118509078E-01
 0.255546496859945E-01
 0.246586813971635E-01
 0.236991999478919E-01
 0.226826726481994E-01
 0.216156484829676E-01
 0.205048003738225E-01
 0.193569758526701E-01
 0.181792236811301E-01
 0.169787717389413E-01
 0.157629489788720E-01
 0.145390630093879E-01
 0.155947006486800E-01
 0.168330902936189E-01
 0.179467778819456E-01
 0.189302892395216E-01
 0.197791256681647E-01
 0.204898380318557E-01
 0.210600804248744E-01
 0.214886266285322E-01
 0.217753409007332E-01
 0.219211074371910E-01
 0.219277338426126E-01
 0.217978487048027E-01
 0.215348115964259E-01
 0.211426480983290E-01
 0.206389637188306E-01
 0.201039607671147E-01
 0.195781698210909E-01
 0.190467795821999E-01
 0.185206294710027E-01
 0.180017456963950E-01
 0.174868564345087E-01
 0.169854928174163E-01
 0.164943848847523E-01
 0.160088784856025E-01
 0.155187226409896E-01
 0.150417902580693E-01
 0.145853900992769E-01
 0.141226941276588E-01
 0.136735709588689E-01
 0.132386965407838E-01
 0.127974719772346E-01
 0.123803305192748E-01
 0.119701185668002E-01
 0.115516075260976E-01
 0.111678274646063E-01
 0.107618253687648E-01
 0.103956304615833E-01
 0.100170714100450E-01
 0.965975309874322E-02
 0.997404100860717E-02
 0.109400259995037E-01
 0.118288860261405E-01
 0.126379187652896E-01
 0.133650140505810E-01
 0.140086533895836E-01
 0.145679142917884E-01
 0.150424724730935E-01
 0.154325956561932E-01
 0.157391251361955E-01
 0.159634450303397E-01
 0.161074430528583E-01
 0.161734690903810E-01
 0.161642974601458E-01
 0.160830954842141E-01
 0.159333964643350E-01
 0.157190716771232E-01
 0.154442955037352E-01
 0.151135005712093E-01
 0.147313243890189E-01
 0.143025530355137E-01
 0.138320689176158E-01
 0.133248078049535E-01
 0.127857262310090E-01
 0.122197760511532E-01
 0.116318804650455E-01
 0.110269060531655E-01
 0.104096278509359E-01
 0.978468782802435E-02
 0.916820717807379E-02
 0.858154500129889E-02
 0.802691199733992E-02
 0.749951894940516E-02
 0.700226138586907E-02
 0.653117178958710E-02
 0.608478502053479E-02
 0.566390100399740E-02
 0.526757173217523E-02
 0.489303050964641E-02
 0.453834708659142E-02
 0.420497332668949E-02
 0.389076738577086E-02
 0.359510612257381E-02
 0.331594966900511E-02
 0.305634601877448E-02
 0.281095254412805E-02
 0.258029883379107E-02
 0.236704789421302E-02
 0.216536464250164E-02
 0.197814401454141E-02
 0.180363205640617E-02
 0.163948197928792E-02
 0.148956063043587E-02
 0.134710407635362E-02
 0.121866491941754E-02
 0.109699523776158E-02
 0.986599488250646E-03
 0.883322275241756E-03
 0.789010819812852E-03
 0.699921061298563E-03
 0.616416070577630E-03
 0.538755250558514E-03
 0.467101246082786E-03
 0.420476621056366E-03
 0.395092693459653E-03
 0.366737211181381E-03
 0.336431127729222E-03
 0.305083914473082E-03
 0.273492579230115E-03
 0.242342300386966E-03
 0.212208446554634E-03
 0.183559826390916E-03
 0.156763095621845E-03
 0.132088295862732E-03
 0.109715493837334E-03
 0.897424425087604E-04
 0.721931258769510E-04
 0.570270000733845E-04
 0.441487139156179E-04
 0.334180803893312E-04
 0.246600719443551E-04
 0.176844766308569E-04
 0.123001417666741E-04
 0.824773957731267E-05
 0.529044302209065E-05
 0.320890755653987E-05
 0.181179448381505E-05
 0.929449369669926E-06
 0.416760456669461E-06
 0.152583801019593E-06
 0.397446170465121E-07
 0.515607666090330E-08
 0.637106347562755E-10
 0.000000000000000E+00
 0.000000000000000E+00
 0.000000000000000E+00
 0.000000000000000E+00
 0.000000000000000E+00
 0.000000000000000E+00
 0.000000000000000E+00
 0.000000000000000E+00
 0.000000000000000E+00
 0.000000000000000E+00
 0.000000000000000E+00
 0.000000000000000E+00
 0.000000000000000E+00
 0.000000000000000E+00
 0.000000000000000E+00
 0.000000000000000E+00
 0.000000000000000E+00
 0.000000000000000E+00
 0.000000000000000E+00
 0.000000000000000E+00
 0.000000000000000E+00
 0.000000000000000E+00
 0.000000000000000E+00
 0.000000000000000E+00
 0.000000000000000E+00
 0.000000000000000E+00
 0.000000000000000E+00
 0.000000000000000E+00
 0.000000000000000E+00
 0.000000000000000E+00
 0.000000000000000E+00
 0.000000000000000E+00
 0.000000000000000E+00
 0.000000000000000E+00
 0.000000000000000E+00
 0.000000000000000E+00
 0.000000000000000E+00
 0.000000000000000E+00
 0.000000000000000E+00
 0.000000000000000E+00
 0.000000000000000E+00
 0.000000000000000E+00
 0.000000000000000E+00
 0.000000000000000E+00
 0.000000000000000E+00
 0.000000000000000E+00
 0.000000000000000E+00
 0.000000000000000E+00
 0.000000000000000E+00
 0.000000000000000E+00
 0.000000000000000E+00
 0.000000000000000E+00
 0.000000000000000E+00
 0.000000000000000E+00
 0.000000000000000E+00
 0.000000000000000E+00
 0.000000000000000E+00
 0.000000000000000E+00
 0.000000000000000E+00
 0.000000000000000E+00
 0.000000000000000E+00
 0.000000000000000E+00
 0.000000000000000E+00
 0.000000000000000E+00
 0.000000000000000E+00
 0.000000000000000E+00
 0.000000000000000E+00
 0.000000000000000E+00
 0.000000000000000E+00
 0.000000000000000E+00
 0.000000000000000E+00
 0.000000000000000E+00
 0.000000000000000E+00
 0.000000000000000E+00
 0.000000000000000E+00
 0.000000000000000E+00
 0.000000000000000E+00
 0.000000000000000E+00
 0.000000000000000E+00
 0.000000000000000E+00
 0.000000000000000E+00
 0.000000000000000E+00
 0.000000000000000E+00
 0.000000000000000E+00
 0.000000000000000E+00
 0.000000000000000E+00
 0.000000000000000E+00
 0.000000000000000E+00
 0.000000000000000E+00
 0.000000000000000E+00
 0.000000000000000E+00
 0.000000000000000E+00
 0.000000000000000E+00
 0.000000000000000E+00
 0.000000000000000E+00
 0.000000000000000E+00
 0.000000000000000E+00
 0.000000000000000E+00
 0.000000000000000E+00
 0.000000000000000E+00
 0.000000000000000E+00
 0.000000000000000E+00
 0.000000000000000E+00
 0.000000000000000E+00
 0.000000000000000E+00
 0.000000000000000E+00
 0.000000000000000E+00
 0.000000000000000E+00
 0.000000000000000E+00
 0.000000000000000E+00
 0.000000000000000E+00
 0.000000000000000E+00
 0.000000000000000E+00
 0.000000000000000E+00
 0.000000000000000E+00
 0.000000000000000E+00
 0.000000000000000E+00
 0.000000000000000E+00
 0.000000000000000E+00
 0.000000000000000E+00
 0.000000000000000E+00
 0.000000000000000E+00
 0.000000000000000E+00
 0.000000000000000E+00
 0.000000000000000E+00
 0.000000000000000E+00
 0.000000000000000E+00
 0.000000000000000E+00
 0.000000000000000E+00
 0.000000000000000E+00
 0.000000000000000E+00
 0.000000000000000E+00
 0.000000000000000E+00
 0.000000000000000E+00
 0.000000000000000E+00
 0.000000000000000E+00
 0.000000000000000E+00
 0.000000000000000E+00
 0.000000000000000E+00
 0.000000000000000E+00
 0.000000000000000E+00
 0.000000000000000E+00
 0.000000000000000E+00
 0.000000000000000E+00
 0.000000000000000E+00
 0.000000000000000E+00
 0.000000000000000E+00
 0.000000000000000E+00
 0.000000000000000E+00
 0.000000000000000E+00
 0.000000000000000E+00
 0.000000000000000E+00
 0.000000000000000E+00
 0.000000000000000E+00
 0.000000000000000E+00
 0.000000000000000E+00
 0.000000000000000E+00
 0.000000000000000E+00
 0.000000000000000E+00
 0.000000000000000E+00
 0.000000000000000E+00
 0.000000000000000E+00
 0.000000000000000E+00
 0.000000000000000E+00
 0.000000000000000E+00
 0.000000000000000E+00
 0.000000000000000E+00
 0.000000000000000E+00
 0.000000000000000E+00
 0.000000000000000E+00
 0.000000000000000E+00
 0.000000000000000E+00
 0.000000000000000E+00
 0.000000000000000E+00
 0.000000000000000E+00
 0.000000000000000E+00
 0.000000000000000E+00
 0.000000000000000E+00
 0.000000000000000E+00
 0.000000000000000E+00
 0.000000000000000E+00
 0.000000000000000E+00
 0.000000000000000E+00
 0.000000000000000E+00
 0.000000000000000E+00
 0.000000000000000E+00
 0.000000000000000E+00
 0.000000000000000E+00
 0.000000000000000E+00
 0.000000000000000E+00
 0.000000000000000E+00
 0.000000000000000E+00
 0.000000000000000E+00
 0.000000000000000E+00
 0.000000000000000E+00
 0.000000000000000E+00
 0.000000000000000E+00
 0.000000000000000E+00
 0.000000000000000E+00
 0.000000000000000E+00
 0.000000000000000E+00
 0.000000000000000E+00
 0.000000000000000E+00
 0.000000000000000E+00
 0.000000000000000E+00
 0.000000000000000E+00
 0.000000000000000E+00
 0.000000000000000E+00
 0.000000000000000E+00
 0.000000000000000E+00
 0.000000000000000E+00
 0.000000000000000E+00
 0.000000000000000E+00
 0.000000000000000E+00
 0.000000000000000E+00
 0.000000000000000E+00
 0.000000000000000E+00
 0.000000000000000E+00
 0.000000000000000E+00
 0.000000000000000E+00
 0.000000000000000E+00
 0.000000000000000E+00
 0.000000000000000E+00
 0.000000000000000E+00
 0.000000000000000E+00
 0.000000000000000E+00
 0.000000000000000E+00
 0.000000000000000E+00
 0.000000000000000E+00
 0.000000000000000E+00
 0.000000000000000E+00
 0.000000000000000E+00
 0.000000000000000E+00
 0.000000000000000E+00
 0.000000000000000E+00
 0.000000000000000E+00
 0.000000000000000E+00
 0.000000000000000E+00
 0.000000000000000E+00
 0.000000000000000E+00
 0.000000000000000E+00
 0.000000000000000E+00
 0.000000000000000E+00
 0.000000000000000E+00
 0.000000000000000E+00
 0.000000000000000E+00
 0.000000000000000E+00
 0.000000000000000E+00
 0.000000000000000E+00
 0.000000000000000E+00
 0.000000000000000E+00
 0.000000000000000E+00
 0.000000000000000E+00
 0.000000000000000E+00
 0.000000000000000E+00
 0.000000000000000E+00
 0.000000000000000E+00
 0.000000000000000E+00
 0.000000000000000E+00
 0.000000000000000E+00
 0.000000000000000E+00
 0.000000000000000E+00
 0.000000000000000E+00
 0.000000000000000E+00
 0.000000000000000E+00
 0.000000000000000E+00
 0.000000000000000E+00
 0.000000000000000E+00
 0.000000000000000E+00
 0.000000000000000E+00
 0.000000000000000E+00
 0.000000000000000E+00
 0.000000000000000E+00
 0.000000000000000E+00
 0.000000000000000E+00
 0.000000000000000E+00
 0.000000000000000E+00
 0.000000000000000E+00
 0.000000000000000E+00
 0.000000000000000E+00
 0.000000000000000E+00
 0.000000000000000E+00
 0.000000000000000E+00
 0.000000000000000E+00
 0.000000000000000E+00
 0.000000000000000E+00
 0.000000000000000E+00
 0.000000000000000E+00
 0.000000000000000E+00
 0.000000000000000E+00
 0.000000000000000E+00
 0.000000000000000E+00
 0.000000000000000E+00
 0.000000000000000E+00
 0.000000000000000E+00
 0.000000000000000E+00
 0.000000000000000E+00
 0.000000000000000E+00
 0.000000000000000E+00
 0.000000000000000E+00
 0.000000000000000E+00
 0.000000000000000E+00
 0.000000000000000E+00
 0.000000000000000E+00
 0.000000000000000E+00
 0.000000000000000E+00
 0.000000000000000E+00
 0.000000000000000E+00
 0.000000000000000E+00
 0.000000000000000E+00
 0.000000000000000E+00
 0.000000000000000E+00
 0.000000000000000E+00
 0.000000000000000E+00
 0.000000000000000E+00
 0.000000000000000E+00
 0.000000000000000E+00
 0.000000000000000E+00
 0.000000000000000E+00
 0.000000000000000E+00
 0.000000000000000E+00
 0.000000000000000E+00
 0.000000000000000E+00
 0.000000000000000E+00
 0.000000000000000E+00
 0.000000000000000E+00
 0.000000000000000E+00
 0.000000000000000E+00
 0.000000000000000E+00
 0.000000000000000E+00
 0.000000000000000E+00
 0.000000000000000E+00
 0.000000000000000E+00
 0.000000000000000E+00
 0.000000000000000E+00
 0.000000000000000E+00
 0.000000000000000E+00
 0.000000000000000E+00
 0.000000000000000E+00
 0.000000000000000E+00
 0.000000000000000E+00
 0.000000000000000E+00
 0.000000000000000E+00
 0.000000000000000E+00
 0.000000000000000E+00
 0.000000000000000E+00
 0.000000000000000E+00
 0.000000000000000E+00
