 0.935569769156314E-10
 0.744304547808749E-08
 0.564060967720190E-07
 0.212804786716955E-06
 0.570982491210773E-06
 0.125114867182278E-05
 0.239703973307485E-05
 0.417284052828529E-05
 0.675841666786972E-05
 0.103567301386480E-04
 0.151794580514088E-04
 0.214391998031561E-04
 0.293941413541465E-04
 0.392726653592722E-04
 0.512992331774732E-04
 0.658107232662956E-04
 0.829482170471379E-04
 0.103096246733491E-03
 0.126434955038671E-03
 0.153219950840921E-03
 0.183847197293749E-03
 0.218287218971204E-03
 0.257287583877621E-03
 0.300385453265998E-03
 0.348801890037327E-03
 0.401615496870846E-03
 0.460272943064971E-03
 0.523204170959517E-03
 0.590131381365298E-03
 0.660688134180073E-03
 0.734417615148290E-03
 0.810771961736604E-03
 0.889112635602295E-03
 0.968712109916090E-03
 0.105032359806030E-02
 0.113525776387089E-02
 0.122345632945373E-02
 0.131467254001530E-02
 0.140937640044009E-02
 0.151929965340884E-02
 0.164876799889259E-02
 0.178453698939187E-02
 0.192849048448176E-02
 0.207886638336243E-02
 0.223536458149047E-02
 0.239946335127984E-02
 0.257135664899107E-02
 0.274861455539148E-02
 0.293414798301722E-02
 0.312726979751563E-02
 0.332378121933420E-02
 0.351848070199817E-02
 0.370981764781202E-02
 0.389617156026127E-02
 0.407586319544578E-02
 0.424716736917443E-02
 0.440832707153263E-02
 0.455756834018214E-02
 0.469311526771807E-02
 0.481320455829772E-02
 0.491609927436371E-02
 0.500010191119010E-02
 0.506356761957221E-02
 0.510491889545142E-02
 0.512266287501906E-02
 0.511541129767472E-02
 0.508190161719675E-02
 0.502101655894080E-02
 0.493179949927597E-02
 0.481346455198823E-02
 0.495018195491104E-02
 0.512831297817565E-02
 0.531880149462503E-02
 0.550497379906030E-02
 0.569817973568328E-02
 0.589245896319221E-02
 0.608770035523665E-02
 0.628937527393869E-02
 0.648679553601697E-02
 0.669473076287329E-02
 0.689452196920843E-02
 0.710705241447595E-02
 0.730953816176455E-02
 0.752310769946336E-02
 0.772152446250375E-02
 0.789685514257844E-02
 0.804998780900322E-02
 0.819799543516328E-02
 0.834396523183864E-02
 0.888589921896375E-02
 0.960935134173472E-02
 0.103941719784108E-01
 0.112413274907573E-01
 0.121514040752171E-01
 0.131245673391852E-01
 0.141605122786788E-01
 0.152584071531905E-01
 0.164168377781768E-01
 0.176337628543217E-01
 0.189064924615099E-01
 0.202316968731636E-01
 0.216054413868646E-01
 0.230232305759966E-01
 0.244800405813573E-01
 0.259703254875009E-01
 0.274879999299539E-01
 0.290264147631914E-01
 0.305783466844212E-01
 0.321360149653848E-01
 0.336911260983581E-01
 0.352349390514778E-01
 0.367583428939754E-01
 0.382519405912606E-01
 0.397061321895605E-01
 0.411111869653367E-01
 0.424572927439742E-01
 0.437345768886998E-01
 0.449331066715877E-01
 0.460428893639113E-01
 0.470538957117346E-01
 0.479561213571812E-01
 0.487396842428309E-01
 0.493949419421128E-01
 0.499126092027056E-01
 0.502838634566063E-01
 0.505004374667512E-01
 0.505549242633847E-01
 0.505509058417603E-01
 0.505477698456590E-01
 0.505490103245387E-01
 0.505432053024337E-01
 0.505319274959512E-01
 0.505185600278712E-01
 0.505035710380910E-01
 0.504870801578556E-01
 0.504610025486536E-01
 0.504268287044568E-01
 0.504006716074767E-01
 0.503622482677421E-01
 0.503210866843046E-01
 0.502784408194376E-01
 0.502443222789065E-01
 0.501845944496166E-01
 0.501244997887431E-01
 0.500909926775549E-01
 0.500120693157018E-01
 0.499610689782546E-01
 0.499092471500232E-01
 0.497974573727119E-01
 0.497791029413020E-01
 0.496782647725931E-01
 0.496352569770837E-01
 0.495484753711829E-01
 0.494783285978228E-01
 0.493973898164631E-01
 0.492731446656081E-01
 0.489901199052761E-01
 0.485443021570845E-01
 0.479324174574305E-01
 0.471519442967460E-01
 0.462011400478522E-01
 0.450790751826413E-01
 0.450250077498378E-01
 0.480371136731981E-01
 0.508698601607379E-01
 0.535080938103243E-01
 0.559375186637385E-01
 0.581447063355933E-01
 0.601171212319894E-01
 0.618431692410208E-01
 0.633122626230449E-01
 0.645148925968931E-01
 0.654427090124354E-01
 0.660886104669130E-01
 0.664468412608196E-01
 0.665253880334247E-01
 0.665152149601824E-01
 0.664925923481250E-01
 0.664339825535656E-01
 0.663477162130005E-01
 0.662442149377083E-01
 0.661319212647095E-01
 0.660089071088936E-01
 0.658642235830507E-01
 0.656871370169874E-01
 0.654586382309273E-01
 0.652840623035694E-01
 0.650877735768901E-01
 0.648197089012262E-01
 0.645930529352143E-01
 0.643650369552678E-01
 0.640641039832597E-01
 0.638321477657720E-01
 0.635332258647296E-01
 0.632508210310239E-01
 0.629796399999972E-01
 0.626258279822468E-01
 0.623921150968793E-01
 0.620067797640320E-01
 0.617822549819142E-01
 0.614113499174108E-01
 0.611535570885820E-01
 0.607997198797828E-01
 0.605124898565653E-01
 0.601665078498806E-01
 0.598647244260696E-01
 0.595201607857556E-01
 0.591679084175393E-01
 0.585875744620433E-01
 0.577814925564202E-01
 0.567570760044854E-01
 0.575426225647024E-01
 0.607380492469234E-01
 0.636958287297566E-01
 0.664038852687872E-01
 0.688514658956508E-01
 0.710291231393741E-01
 0.729286735187284E-01
 0.745431492730014E-01
 0.758667687036078E-01
 0.768949475657175E-01
 0.776243556171917E-01
 0.780529981660381E-01
 0.781802884048367E-01
 0.780070811786698E-01
 0.775356571116664E-01
 0.767696645511897E-01
 0.757140366270816E-01
 0.744679234348860E-01
 0.732518562719915E-01
 0.720925224529230E-01
 0.709501550088996E-01
 0.698417206879145E-01
 0.687829147093678E-01
 0.677448453959118E-01
 0.667630755939512E-01
 0.658229131753567E-01
 0.649028908975207E-01
 0.639874760323543E-01
 0.630886360769939E-01
 0.622530826445163E-01
 0.614412125461924E-01
 0.605873538780862E-01
 0.598516236264925E-01
 0.591020880351871E-01
 0.583187671656162E-01
 0.576579361511628E-01
 0.569152801174168E-01
 0.562717072085187E-01
 0.556121885241208E-01
 0.549470082511169E-01
 0.543610400453639E-01
 0.536866154651483E-01
 0.531651505728554E-01
 0.524982308440433E-01
 0.520214781999764E-01
 0.513998387533179E-01
 0.509044384460745E-01
 0.501968000893561E-01
 0.492809452920596E-01
 0.481618512122131E-01
 0.468454299035612E-01
 0.453397258788912E-01
 0.438053252627434E-01
 0.438450634494050E-01
 0.451313641221966E-01
 0.461371949858590E-01
 0.468574704396158E-01
 0.472883329942431E-01
 0.474271954862547E-01
 0.472975212029067E-01
 0.471348879632866E-01
 0.469582728062723E-01
 0.467472938536808E-01
 0.465449327441821E-01
 0.463300441133763E-01
 0.460988987789490E-01
 0.458894455395758E-01
 0.456686883141540E-01
 0.454268013436179E-01
 0.451569435821220E-01
 0.448980870804507E-01
 0.446716974160368E-01
 0.443854484736606E-01
 0.441378732061034E-01
 0.438864209018590E-01
 0.435829349234116E-01
 0.433517465587395E-01
 0.430877277974593E-01
 0.428182306014823E-01
 0.425814351684051E-01
 0.422595557288980E-01
 0.420719977522493E-01
 0.417471565396884E-01
 0.415643616050099E-01
 0.412616708018342E-01
 0.410611646860437E-01
 0.407814917912099E-01
 0.433492869129699E-01
 0.474958182745158E-01
 0.515181156407208E-01
 0.553978416498964E-01
 0.591171502924559E-01
 0.626587528783608E-01
 0.660060237329218E-01
 0.691431291476247E-01
 0.720551500609958E-01
 0.747281726521723E-01
 0.771493384956729E-01
 0.793068645911141E-01
 0.811900513588814E-01
 0.827892913984815E-01
 0.840960815795719E-01
 0.851030358400863E-01
 0.858038987278060E-01
 0.861935648262920E-01
 0.862681099296015E-01
 0.860248350438637E-01
 0.854623187849741E-01
 0.845804721409954E-01
 0.833805910982904E-01
 0.819967404046407E-01
 0.806631026811682E-01
 0.793681247119375E-01
 0.780926026363769E-01
 0.768903761814241E-01
 0.757151776011396E-01
 0.745673338484231E-01
 0.734611821052191E-01
 0.724121417074991E-01
 0.713967907109241E-01
 0.703848817059441E-01
 0.694112710359813E-01
 0.684682896429901E-01
 0.675610827013540E-01
 0.666313753281105E-01
 0.658083210974697E-01
 0.649709494325022E-01
 0.641116213433996E-01
 0.633690764857659E-01
 0.625687815554276E-01
 0.618334607844999E-01
 0.611239244678856E-01
 0.603647659205822E-01
 0.597376313891097E-01
 0.589704573179183E-01
 0.584205087808065E-01
 0.577174501752067E-01
 0.571659842815161E-01
 0.565131636853074E-01
 0.559420903415041E-01
 0.551418398456362E-01
 0.562115455152449E-01
 0.605555813888888E-01
 0.646906864170911E-01
 0.686021583197533E-01
 0.722761784787709E-01
 0.756998885682791E-01
 0.788614644758691E-01
 0.817501712209806E-01
 0.843563885116683E-01
 0.866716113191725E-01
 0.886884450333605E-01
 0.904006190829074E-01
 0.918030314972121E-01
 0.928918162348184E-01
 0.936644085870589E-01
 0.941195817839928E-01
 0.942574400876779E-01
 0.940793714616273E-01
 0.935879764881815E-01
 0.927933001341272E-01
 0.918978614072768E-01
 0.910133686452348E-01
 0.901225941318112E-01
 0.892393289480974E-01
 0.883782492408964E-01
 0.875205334730313E-01
 0.866612953137912E-01
 0.858540472210685E-01
 0.850547341323121E-01
 0.842517304737593E-01
 0.834508905613592E-01
 0.826728885709905E-01
 0.819129941678256E-01
 0.811381437735934E-01
 0.804117499997662E-01
 0.796940365379502E-01
 0.789357738646124E-01
 0.782694287574643E-01
 0.775881623444478E-01
 0.768700124433313E-01
 0.762611126366381E-01
 0.755253613147432E-01
 0.749626271123460E-01
 0.742806103385814E-01
 0.736981283027297E-01
 0.730682326762978E-01
 0.724794573147222E-01
 0.718881141119437E-01
 0.713024234288097E-01
 0.707409655212860E-01
 0.701000689226031E-01
 0.692354422433952E-01
 0.681514205458080E-01
 0.668531210911379E-01
 0.653464196662074E-01
 0.636379249191725E-01
 0.618333844535309E-01
 0.600904006862638E-01
 0.584082905888123E-01
 0.568061884965999E-01
 0.571971820089278E-01
 0.594278738604390E-01
 0.614495694993608E-01
 0.632616507308140E-01
 0.648645728387935E-01
 0.662598874188981E-01
 0.674502285063548E-01
 0.684392568803576E-01
 0.692315742045327E-01
 0.698326312225848E-01
 0.702486561654918E-01
 0.704866206551678E-01
 0.705542457368186E-01
 0.704600363313304E-01
 0.702133222512313E-01
 0.698242794468761E-01
 0.693039070830908E-01
 0.686639451851860E-01
 0.679167334944374E-01
 0.670977282938964E-01
 0.663302626996149E-01
 0.655566750136392E-01
 0.647912124196866E-01
 0.640476068032015E-01
 0.633332792081369E-01
 0.626337759103063E-01
 0.619485234906239E-01
 0.612828673946942E-01
 0.606419253185277E-01
 0.600177536348572E-01
 0.594028810071479E-01
 0.588019930989805E-01
 0.582244592681036E-01
 0.576692625063974E-01
 0.571254915296586E-01
 0.565664268230635E-01
 0.560702709564545E-01
 0.555549650578662E-01
 0.550446695911618E-01
 0.545767902640537E-01
 0.540606192501020E-01
 0.536380832188409E-01
 0.531568638497584E-01
 0.527324121790219E-01
 0.522764257934628E-01
 0.519450735272590E-01
 0.527957399750783E-01
 0.537902476775250E-01
 0.549262654514174E-01
 0.562005105783388E-01
 0.576086468904875E-01
 0.591452182956954E-01
 0.608036397157235E-01
 0.625762506519234E-01
 0.644544181168179E-01
 0.664286608751387E-01
 0.684887617076738E-01
 0.706238419432721E-01
 0.728223903993852E-01
 0.750722592840900E-01
 0.773606530901802E-01
 0.796741372463553E-01
 0.819986823117797E-01
 0.843197437155987E-01
 0.866223648146897E-01
 0.888912872173100E-01
 0.911110559333675E-01
 0.932661129835540E-01
 0.953408770617429E-01
 0.973198080996935E-01
 0.991874572289081E-01
 0.100928507562059E+00
 0.102527818151099E+00
 0.103970486959150E+00
 0.105241943542194E+00
 0.106328068697931E+00
 0.107215323468855E+00
 0.107890862563863E+00
 0.108342612208961E+00
 0.108559306942481E+00
 0.108530495979099E+00
 0.108246539571104E+00
 0.107698615761327E+00
 0.106878749889282E+00
 0.105779868421338E+00
 0.104395870527445E+00
 0.102721707980566E+00
 0.100757290071207E+00
 0.987233670183791E-01
 0.967703283238420E-01
 0.949252671106246E-01
 0.931255064596418E-01
 0.913858971471135E-01
 0.897176537725665E-01
 0.881247610402654E-01
 0.866000812469977E-01
 0.851299821006599E-01
 0.837035409458584E-01
 0.823072555088813E-01
 0.809498026718491E-01
 0.796677638264505E-01
 0.784247062881908E-01
 0.771589345334488E-01
 0.760244336048164E-01
 0.748783783105643E-01
 0.737139444237968E-01
 0.726991869848423E-01
 0.716403711656264E-01
 0.706137452109739E-01
 0.696703658490707E-01
 0.686462851564037E-01
 0.678037851935583E-01
 0.668708038372379E-01
 0.660352171312259E-01
 0.651773389176973E-01
 0.643212147852732E-01
 0.632661338378684E-01
 0.657078856323583E-01
 0.724836659668773E-01
 0.791290794812141E-01
 0.856231924169777E-01
 0.919452909331278E-01
 0.980748935808272E-01
 0.103991817621599E+00
 0.109676308712450E+00
 0.115109220135709E+00
 0.120272209200725E+00
 0.125147913151012E+00
 0.129720075517370E+00
 0.133973610322203E+00
 0.137894609073604E+00
 0.141470310588446E+00
 0.144689064523753E+00
 0.147540322316065E+00
 0.150014679135885E+00
 0.152103967414604E+00
 0.153801375783086E+00
 0.155101551748823E+00
 0.156000652100065E+00
 0.156496328830320E+00
 0.156587666195314E+00
 0.156275101344402E+00
 0.155560360520172E+00
 0.154446429260798E+00
 0.153090720294198E+00
 0.151736037298508E+00
 0.150411042986906E+00
 0.149070687564604E+00
 0.147741327666353E+00
 0.146436313964279E+00
 0.145151318347783E+00
 0.143880685260050E+00
 0.142617387444978E+00
 0.141344974305580E+00
 0.140083525890875E+00
 0.138884535124858E+00
 0.137688890511154E+00
 0.136450201897648E+00
 0.135298913580566E+00
 0.134161250007439E+00
 0.132962539664757E+00
 0.131892598252230E+00
 0.130756549862267E+00
 0.129658635603306E+00
 0.128621546852130E+00
 0.127460252550034E+00
 0.126524932291555E+00
 0.125396603510113E+00
 0.124476884851437E+00
 0.123420833528937E+00
 0.122482954632595E+00
 0.121491855583091E+00
 0.120548163273480E+00
 0.119606715777347E+00
 0.118606297788808E+00
 0.117316316604992E+00
 0.115741001655600E+00
 0.113885657820369E+00
 0.111756615095426E+00
 0.109361165112350E+00
 0.106707490847991E+00
 0.103817454129078E+00
 0.100940299316106E+00
 0.981877278786832E-01
 0.955256446725460E-01
 0.929910792193130E-01
 0.918386486888842E-01
 0.911886232687966E-01
 0.905653888253246E-01
 0.899322983335053E-01
 0.892796847824318E-01
 0.886651764444243E-01
 0.880876460519720E-01
 0.874732677115861E-01
 0.868664992753065E-01
 0.863233420175191E-01
 0.857198483025523E-01
 0.851582945008604E-01
 0.843907591429090E-01
 0.834192318622532E-01
 0.822465304965613E-01
 0.808763470185756E-01
 0.794844236215582E-01
 0.787433969767718E-01
 0.780088453998053E-01
 0.772930649490706E-01
 0.765911817975255E-01
 0.759023579333910E-01
 0.752137693150847E-01
 0.745307216697024E-01
 0.738773038305699E-01
 0.732587448259174E-01
 0.726099140612640E-01
 0.719898040913326E-01
 0.714108021023130E-01
 0.707910086762336E-01
 0.702114400131249E-01
 0.696666050599992E-01
 0.690412185977803E-01
 0.685634722011462E-01
 0.679873399632851E-01
 0.674839012027086E-01
 0.669548556416627E-01
 0.664259395627578E-01
 0.659432463449915E-01
 0.654028700938348E-01
 0.649576575410419E-01
 0.644144363948835E-01
 0.639913700210207E-01
 0.634549078171517E-01
 0.630359269194674E-01
 0.624535974420798E-01
 0.616807504011084E-01
 0.607266240225502E-01
 0.596015527719280E-01
 0.584269997403103E-01
 0.572870412066201E-01
 0.561718081240698E-01
 0.551030444103029E-01
 0.540500460573671E-01
 0.530196066615284E-01
 0.520259885928982E-01
 0.510633319834256E-01
 0.501231115783592E-01
 0.492038554390776E-01
 0.483251857035378E-01
 0.479709980866673E-01
 0.477964675619858E-01
 0.475604676523271E-01
 0.473812135877598E-01
 0.471767721315580E-01
 0.469519235273697E-01
 0.465852883245335E-01
 0.460823641227085E-01
 0.455599192681156E-01
 0.489466106869846E-01
 0.523830565070011E-01
 0.558525616911806E-01
 0.593380428832841E-01
 0.628220685375669E-01
 0.662869643224805E-01
 0.697149766009933E-01
 0.730884605654463E-01
 0.763900499056895E-01
 0.796027774881215E-01
 0.827101416263617E-01
 0.856961330708458E-01
 0.885452439053045E-01
 0.912424746434650E-01
 0.937733499760460E-01
 0.961239518576767E-01
 0.982809774446064E-01
 0.100231823380736E+00
 0.101964687582591E+00
 0.103468671579376E+00
 0.104733866614938E+00
 0.105751414941897E+00
 0.106513548433501E+00
 0.107013613574329E+00
 0.107246091947672E+00
 0.107206619380635E+00
 0.106891999185081E+00
 0.106300201484596E+00
 0.105430345623105E+00
 0.104282673934458E+00
 0.102858533745982E+00
 0.101166003894539E+00
 0.994400790393308E-01
 0.977638425501534E-01
 0.961674052516594E-01
 0.946048029959341E-01
 0.930984399132985E-01
 0.916373260522334E-01
 0.902310016093692E-01
 0.888835511958089E-01
 0.875783089276392E-01
 0.863079713633574E-01
 0.850710920624595E-01
 0.838918977531396E-01
 0.827251450122146E-01
 0.815865574928502E-01
 0.804952202250799E-01
 0.794527040590882E-01
 0.784086268700309E-01
 0.774048345869576E-01
 0.764612201388695E-01
 0.754574282987960E-01
 0.746003151504493E-01
 0.736926370140708E-01
 0.728256698860365E-01
 0.720059245737981E-01
 0.711381404743729E-01
 0.703932013481832E-01
 0.695485460375846E-01
 0.688473477014315E-01
 0.679464315767852E-01
 0.668466021359896E-01
 0.655495528892416E-01
 0.640578512152293E-01
 0.623749020542231E-01
 0.605049262627319E-01
 0.584529563067301E-01
 0.562248165871393E-01
 0.538758996203708E-01
 0.540296365408144E-01
 0.565843910087873E-01
 0.588897001158044E-01
 0.609402356853418E-01
 0.627317441500324E-01
 0.642611162027011E-01
 0.655264367581458E-01
 0.665269971642194E-01
 0.672632675960138E-01
 0.677368432378041E-01
 0.679503870102745E-01
 0.679182073643003E-01
 0.678022833949957E-01
 0.676718611880739E-01
 0.675088616235192E-01
 0.673233608267226E-01
 0.671238134368937E-01
 0.669121780263093E-01
 0.666781848242089E-01
 0.664209674276531E-01
 0.661400965622497E-01
 0.658670200972730E-01
 0.656038482009981E-01
 0.652948519415751E-01
 0.650032561748087E-01
 0.646997432295556E-01
 0.643619076014537E-01
 0.640721522336316E-01
 0.637534732032798E-01
 0.634146804880547E-01
 0.631157083606734E-01
 0.627508067821943E-01
 0.624620516635245E-01
 0.621255705057370E-01
 0.617927055057858E-01
 0.614917662192873E-01
 0.611314423482614E-01
 0.608464475388322E-01
 0.604700482673712E-01
 0.602054326627809E-01
 0.598247321752619E-01
 0.595647166079963E-01
 0.591863846264431E-01
 0.589149867433500E-01
 0.584910875960994E-01
 0.578875689898163E-01
 0.571098747833515E-01
 0.561967492096016E-01
 0.552760001915569E-01
 0.543651551881431E-01
 0.534688256178596E-01
 0.525767085737944E-01
 0.516898721244307E-01
 0.508184180858634E-01
 0.499637747065242E-01
 0.491171433759025E-01
 0.482830148835160E-01
 0.474718701174980E-01
 0.466752652604301E-01
 0.461647342470799E-01
 0.459896200435385E-01
 0.457720452927087E-01
 0.456287794820988E-01
 0.454311638758501E-01
 0.452546563390991E-01
 0.449510434600094E-01
 0.445236212754337E-01
 0.439760747341305E-01
 0.434015372867282E-01
 0.429573249219265E-01
 0.423906160105280E-01
 0.417058087223132E-01
 0.409077531769180E-01
 0.400017199290764E-01
 0.389933617722926E-01
 0.378886810146174E-01
 0.366940125475129E-01
 0.354160237603135E-01
 0.340617213805140E-01
 0.326384490395193E-01
 0.311538609936092E-01
 0.296158661756188E-01
 0.280325487833651E-01
 0.283744093960394E-01
 0.295854053398264E-01
 0.306300841005407E-01
 0.314970509799293E-01
 0.321756347018158E-01
 0.326560050421177E-01
 0.329292979248761E-01
 0.329877232784329E-01
 0.328262078986193E-01
 0.325935206255528E-01
 0.323457067479075E-01
 0.320997693213855E-01
 0.318430143594200E-01
 0.315822578294499E-01
 0.313271569580134E-01
 0.310772957755847E-01
 0.308203832458313E-01
 0.305506740938302E-01
 0.302559425032818E-01
 0.300166952098166E-01
 0.297673424444274E-01
 0.294759680537257E-01
 0.292208536307159E-01
 0.289755635874032E-01
 0.286812682654857E-01
 0.284464440371768E-01
 0.281811646974577E-01
 0.279280001669357E-01
 0.276876910966334E-01
 0.274010020729073E-01
 0.271976690090595E-01
 0.312814582081193E-01
 0.359466491909969E-01
 0.406529435465353E-01
 0.453822133465136E-01
 0.501159577057433E-01
 0.548353631407245E-01
 0.595213567629604E-01
 0.641546492494735E-01
 0.687157799496740E-01
 0.731851842908654E-01
 0.775432970571016E-01
 0.817706894642029E-01
 0.858482253805213E-01
 0.897572197928669E-01
 0.934795871143723E-01
 0.969979695246105E-01
 0.100295833063237E+00
 0.103357517694136E+00
 0.106168235348819E+00
 0.108714027902428E+00
 0.110981715974538E+00
 0.112958877039887E+00
 0.114633881476552E+00
 0.115995992121410E+00
 0.117035508022348E+00
 0.117743917917255E+00
 0.118114029248646E+00
 0.118140051866572E+00
 0.117817633654225E+00
 0.117143859195758E+00
 0.116117227989224E+00
 0.114737627150792E+00
 0.113076556493345E+00
 0.111435921893258E+00
 0.109840488397465E+00
 0.108290803920897E+00
 0.106777956050510E+00
 0.105308957104432E+00
 0.103893296179936E+00
 0.102530485447637E+00
 0.101204201986438E+00
 0.998973143538817E-01
 0.985965010149752E-01
 0.973593711916508E-01
 0.961743930115986E-01
 0.949931664335271E-01
 0.938243470374630E-01
 0.927298551745705E-01
 0.916352469596512E-01
 0.905534152871082E-01
 0.895616174891019E-01
 0.884872185635508E-01
 0.875583127743901E-01
 0.865867442419614E-01
 0.856298841210578E-01
 0.847601881583701E-01
 0.837907175976616E-01
 0.830021059296376E-01
 0.820569648913082E-01
 0.813173862705598E-01
 0.804362037909388E-01
 0.796789789873069E-01
 0.786679429140807E-01
 0.774037821465835E-01
 0.758882279643545E-01
 0.741239962476005E-01
 0.721147109309459E-01
 0.751998829005575E-01
 0.800020428377180E-01
 0.845212198360371E-01
 0.887418106129424E-01
 0.926493066422183E-01
 0.962303487252766E-01
 0.994727639933534E-01
 0.102365596207172E+00
 0.104899140817760E+00
 0.107064989403617E+00
 0.108856080420124E+00
 0.110266749114006E+00
 0.111292768949020E+00
 0.111931378452584E+00
 0.112181290457200E+00
 0.112042684474693E+00
 0.111517185011796E+00
 0.110614531619832E+00
 0.109584631171755E+00
 0.108570651088283E+00
 0.107546748904668E+00
 0.106533739246141E+00
 0.105549397763165E+00
 0.104562827555750E+00
 0.103595845909865E+00
 0.102667205154296E+00
 0.101748934607756E+00
 0.100819591387729E+00
 0.998743630893078E-01
 0.989748637497989E-01
 0.981214136134130E-01
 0.971980807170763E-01
 0.963634094004099E-01
 0.955337421760642E-01
 0.946324707981926E-01
 0.938783412446719E-01
 0.930566556674461E-01
 0.922453738045185E-01
 0.915092509323363E-01
 0.906467203419867E-01
 0.899951213664596E-01
 0.891397639621860E-01
 0.885191864738807E-01
 0.877281470941917E-01
 0.870873729783444E-01
 0.863484737850455E-01
 0.856997661107489E-01
 0.849981508257479E-01
 0.843045016731600E-01
 0.833330013571997E-01
 0.820876291658450E-01
 0.805733747700134E-01
 0.787962432439459E-01
 0.767806188456728E-01
 0.747576581229738E-01
 0.747007348463998E-01
 0.787650203799020E-01
 0.825673461699011E-01
 0.860990003093330E-01
 0.893522909293664E-01
 0.923206416859088E-01
 0.949987208168755E-01
 0.973825695804706E-01
 0.994696930770268E-01
 0.101259084906310E+00
 0.102751175909490E+00
 0.103947720343831E+00
 0.104851651520771E+00
 0.105466946493959E+00
 0.105798533736417E+00
 0.105852261004721E+00
 0.105634917967055E+00
 0.105154287581867E+00
 0.104419190467370E+00
 0.103439492495041E+00
 0.102226063901238E+00
 0.100833161540130E+00
 0.994551790196791E-01
 0.981367539934709E-01
 0.968410417549188E-01
 0.955979764753773E-01
 0.943692633102719E-01
 0.931957869479159E-01
 0.920567361961969E-01
 0.909454500767898E-01
 0.898664461984324E-01
 0.888322075197962E-01
 0.878093541138893E-01
 0.868181467728564E-01
 0.858654358218135E-01
 0.849403576076187E-01
 0.839912410110983E-01
 0.831441702291071E-01
 0.822794354918825E-01
 0.814048593854154E-01
 0.806298245847412E-01
 0.797653839228903E-01
 0.790352832221089E-01
 0.782426228251912E-01
 0.775008208120791E-01
 0.767734898557357E-01
 0.760303181943861E-01
 0.753572158270356E-01
 0.746200654056472E-01
 0.739839654318501E-01
 0.732045659517468E-01
 0.722483009363484E-01
 0.711236894827290E-01
 0.698397692809598E-01
 0.684060584732896E-01
 0.668325425335003E-01
 0.651296660888598E-01
 0.633083127308596E-01
 0.613800876031438E-01
 0.594567431969287E-01
 0.576415505239778E-01
 0.563820143628085E-01
 0.559456255608087E-01
 0.555098813575167E-01
 0.550672918987578E-01
 0.546609928425353E-01
 0.542654869783380E-01
 0.538515616403950E-01
 0.534351310385172E-01
 0.530672312820647E-01
 0.526672039800259E-01
 0.522686477692551E-01
 0.519124405243730E-01
 0.514644058914954E-01
 0.508846254545040E-01
 0.501786494262679E-01
 0.493525082859389E-01
 0.484126648827069E-01
 0.473659824476152E-01
 0.462197022335633E-01
 0.449814178483736E-01
 0.444717877847696E-01
 0.454087205165739E-01
 0.462338769181819E-01
 0.469352663127512E-01
 0.475012705968704E-01
 0.479206620299275E-01
 0.481826768313650E-01
 0.482771435833184E-01
 0.481946480597712E-01
 0.479267058075975E-01
 0.474659109779008E-01
 0.468060338819965E-01
 0.459420501925877E-01
 0.448701005384726E-01
 0.436268435872013E-01
 0.424088596255614E-01
 0.412581613492502E-01
 0.401395023970521E-01
 0.396463997075355E-01
 0.397464908067622E-01
 0.397961744027664E-01
 0.398480952954779E-01
 0.398221880920126E-01
 0.397147978574333E-01
 0.395774378189322E-01
 0.394176311497763E-01
 0.391700158797124E-01
 0.388745397050639E-01
 0.385779477661930E-01
 0.381893343721187E-01
 0.377962152664647E-01
 0.373642318231811E-01
 0.368643701871910E-01
 0.363959215882763E-01
 0.358314685397502E-01
 0.353193515186613E-01
 0.347248066506990E-01
 0.361939282486051E-01
 0.408832411208678E-01
 0.455534998253183E-01
 0.501871498068040E-01
 0.547665104861562E-01
 0.592739051189040E-01
 0.636917995145429E-01
 0.680029394082171E-01
 0.721904760390484E-01
 0.762380677914136E-01
 0.801299443087253E-01
 0.838509226636261E-01
 0.873863764350411E-01
 0.907221762703030E-01
 0.938446367751920E-01
 0.967405091762596E-01
 0.993970468796095E-01
 0.101802146278129E+00
 0.103944539856984E+00
 0.105814004017448E+00
 0.107401543245204E+00
 0.108699520259373E+00
 0.109701712031460E+00
 0.110403282540900E+00
 0.110800678171297E+00
 0.110891472355469E+00
 0.110674206482780E+00
 0.110148282279616E+00
 0.109313947643067E+00
 0.108329692877304E+00
 0.107343685849792E+00
 0.106368901185556E+00
 0.105383123950449E+00
 0.104409388399762E+00
 0.103452308965791E+00
 0.102516336429315E+00
 0.101595634856294E+00
 0.100673924636583E+00
 0.997435918739429E-01
 0.988182399607360E-01
 0.979326777045622E-01
 0.970664642734421E-01
 0.961573006637331E-01
 0.953181096412434E-01
 0.944753009588168E-01
 0.935929458901351E-01
 0.928122460548434E-01
 0.919809911895560E-01
 0.911756169831651E-01
 0.904125099826441E-01
 0.895543259753978E-01
 0.888811328561925E-01
 0.880717601513087E-01
 0.873887402106511E-01
 0.866381991410079E-01
 0.859435194888067E-01
 0.852406071484929E-01
 0.845464918974666E-01
 0.838801158913646E-01
 0.831425091440248E-01
 0.821811800240956E-01
 0.809981475277451E-01
 0.795963675490053E-01
 0.779796965168880E-01
 0.761528370726048E-01
 0.741212728330364E-01
 0.719495751533135E-01
 0.698483418138985E-01
 0.678316891368628E-01
 0.659003596889974E-01
 0.647112017109341E-01
 0.642067202264429E-01
 0.648402435710438E-01
 0.666636968800823E-01
 0.682138741076429E-01
 0.694893244641155E-01
 0.704899611350896E-01
 0.712170753313527E-01
 0.716732955627861E-01
 0.718625086784418E-01
 0.717897724763474E-01
 0.714612508542918E-01
 0.708841878666428E-01
 0.702124172969362E-01
 0.695508801126808E-01
 0.688952143363050E-01
 0.682410632141217E-01
 0.675974746008387E-01
 0.669703696751207E-01
 0.663655681877916E-01
 0.657751827705043E-01
 0.651861285332924E-01
 0.645865145627399E-01
 0.639988611826190E-01
 0.634487981418795E-01
 0.629038826971657E-01
 0.623294244436029E-01
 0.618174206194753E-01
 0.613015797723689E-01
 0.607574329144896E-01
 0.602929059778345E-01
 0.597582314701519E-01
 0.592960782364636E-01
 0.588147881724096E-01
 0.583203337008522E-01
 0.578960267437729E-01
 0.573816118787853E-01
 0.569923177487885E-01
 0.564671420863438E-01
 0.561161983099290E-01
 0.556229565632519E-01
 0.552678479218588E-01
 0.547976597166488E-01
 0.544220020521443E-01
 0.538648375681311E-01
 0.531326817754215E-01
 0.522327329907673E-01
 0.511900666774938E-01
 0.501507895934150E-01
 0.491430657233638E-01
 0.481720666315578E-01
 0.472122312170472E-01
 0.462907828767122E-01
 0.453946623945928E-01
 0.445199274127741E-01
 0.436682329349253E-01
 0.428394808296724E-01
 0.420316377504940E-01
 0.413657724046421E-01
 0.411149402630370E-01
 0.408615278561325E-01
 0.406865361487905E-01
 0.405135262603561E-01
 0.403644883375216E-01
 0.401502275404600E-01
 0.432080130080646E-01
 0.473499526512849E-01
 0.516106381008110E-01
 0.559728534213838E-01
 0.604184932722492E-01
 0.649286731659375E-01
 0.694838961046943E-01
 0.740642436106904E-01
 0.786495536354305E-01
 0.832195560597133E-01
 0.877539548171973E-01
 0.922324661740547E-01
 0.966348368316413E-01
 0.100940868285319E+00
 0.105130466090288E+00
 0.109183719905630E+00
 0.113081008958890E+00
 0.116803121700867E+00
 0.120331377747262E+00
 0.123647742277079E+00
 0.126734925747519E+00
 0.129576464571217E+00
 0.132156781723354E+00
 0.134461230185073E+00
 0.136476125888581E+00
 0.138188779202853E+00
 0.139587533998347E+00
 0.140661820433272E+00
 0.141402221978687E+00
 0.141800550212963E+00
 0.141849915350765E+00
 0.141544779445352E+00
 0.140880983966759E+00
 0.139855751874044E+00
 0.138467671800696E+00
 0.136716674698613E+00
 0.134604010859777E+00
 0.132286972741323E+00
 0.130050010859358E+00
 0.127861540696392E+00
 0.125801018139366E+00
 0.123787836690551E+00
 0.121840411307467E+00
 0.119958002314975E+00
 0.118133533859215E+00
 0.116362764677138E+00
 0.114652983430094E+00
 0.113004065560912E+00
 0.111417711932241E+00
 0.109861784997608E+00
 0.108335608927757E+00
 0.106898240102395E+00
 0.105486029882276E+00
 0.104056112328097E+00
 0.102772385271250E+00
 0.101444965752100E+00
 0.100166617728727E+00
 0.989749811359498E-01
 0.976819302501830E-01
 0.966164320572105E-01
 0.954402218744039E-01
 0.943740715478460E-01
 0.932964586856993E-01
 0.922431028721823E-01
 0.912459212761052E-01
 0.901468242873869E-01
 0.887881907306223E-01
 0.871707680120183E-01
 0.852962205440982E-01
 0.831671200404602E-01
 0.807869715033802E-01
 0.781602668732196E-01
 0.798650581863023E-01
 0.852964824893680E-01
 0.904563067345390E-01
 0.953306447605150E-01
 0.999064414751440E-01
 0.104171606777495E+00
 0.108115223223432E+00
 0.111727771446806E+00
 0.115001306478023E+00
 0.117929533016142E+00
 0.120507761462381E+00
 0.122732764995592E+00
 0.124602587087498E+00
 0.126116360321546E+00
 0.127274190176544E+00
 0.128077135730029E+00
 0.128527289511538E+00
 0.128627928309732E+00
 0.128383683402536E+00
 0.127800669736377E+00
 0.126966124772084E+00
 0.126109456562265E+00
 0.125240606241990E+00
 0.124390675194177E+00
 0.123521458527177E+00
 0.122646840558025E+00
 0.121770190660621E+00
 0.120886871759288E+00
 0.120004462411106E+00
 0.119119794301678E+00
 0.118288488366484E+00
 0.117426663881740E+00
 0.116555509389522E+00
 0.115715912608509E+00
 0.114888515153287E+00
 0.114025153212704E+00
 0.113227338461418E+00
 0.112393955606780E+00
 0.111583277330624E+00
 0.110814700148931E+00
 0.109935430884812E+00
 0.109244634382203E+00
 0.108415020774600E+00
 0.107697093894691E+00
 0.106920040967734E+00
 0.106175763997089E+00
 0.105438318822377E+00
 0.104685128702741E+00
 0.103980126570771E+00
 0.103228722286454E+00
 0.102546779974507E+00
 0.101730976815586E+00
 0.100674659829987E+00
 0.993853534517795E-01
 0.978712883595834E-01
 0.961412249565658E-01
 0.942043396802192E-01
 0.920703560311616E-01
 0.898934073816882E-01
 0.877878291036299E-01
 0.857521136784085E-01
 0.837683875296008E-01
 0.818701972981634E-01
 0.800189116755627E-01
 0.789324399162143E-01
 0.784467129184912E-01
 0.779530014348611E-01
 0.774407618915393E-01
 0.769461655183650E-01
 0.764928057946178E-01
 0.760032204884205E-01
 0.755120800528041E-01
 0.750791833108104E-01
 0.745902381091355E-01
 0.741350761596648E-01
 0.735058922288477E-01
 0.727072630513493E-01
 0.717443070856846E-01
 0.706226478555550E-01
 0.693483896820485E-01
 0.679280999008883E-01
 0.663687863804325E-01
 0.646778626732287E-01
 0.628631035737033E-01
 0.609326027307627E-01
 0.588947436150756E-01
 0.567581856156052E-01
 0.545318558363429E-01
 0.522249325191413E-01
 0.498468104128503E-01
 0.474070477557890E-01
 0.449153024546439E-01
 0.423812675341012E-01
 0.398146130643268E-01
 0.372249365081556E-01
 0.346217194284635E-01
 0.320142879893297E-01
 0.294117769899648E-01
 0.268230990733863E-01
 0.242569194334242E-01
 0.221090166661574E-01
 0.219669722878701E-01
 0.218394162365167E-01
 0.220060506033291E-01
 0.233746564526465E-01
 0.248949294182376E-01
 0.265646058097244E-01
 0.283805778519087E-01
 0.303388300281646E-01
 0.324343492976181E-01
 0.346610446901063E-01
 0.370117086290922E-01
 0.394780372188600E-01
 0.420507088102504E-01
 0.447195072352155E-01
 0.474734697837671E-01
 0.503010371126138E-01
 0.531901805137899E-01
 0.561284835821052E-01
 0.591031647809249E-01
 0.621010454255431E-01
 0.651084878507798E-01
 0.681113409393828E-01
 0.710949281792807E-01
 0.740440985877886E-01
 0.769433412703990E-01
 0.797769486010279E-01
 0.825292049796861E-01
 0.851845767015496E-01
 0.877278805095275E-01
 0.901444120921390E-01
 0.924200217051941E-01
 0.945411336955392E-01
 0.964947197567098E-01
 0.982682487328704E-01
 0.998496428969792E-01
 0.101227267384899E+00
 0.102389966646274E+00
 0.103327145975385E+00
 0.104028885470908E+00
 0.104486071401525E+00
 0.104690532003578E+00
 0.104635164515034E+00
 0.104314035750549E+00
 0.103722435452594E+00
 0.102856868344102E+00
 0.101714989415336E+00
 0.100299518373888E+00
 0.987698207112781E-01
 0.972959869064335E-01
 0.958515540903324E-01
 0.944797401072484E-01
 0.931383805023676E-01
 0.918355986553768E-01
 0.905667108397346E-01
 0.893239995670738E-01
 0.881013613486981E-01
 0.869291222215779E-01
 0.858029538186453E-01
 0.846993933889109E-01
 0.835856978934492E-01
 0.825587164753268E-01
 0.815338708288237E-01
 0.804923099432911E-01
 0.795583668151744E-01
 0.786085354923270E-01
 0.776398704069908E-01
 0.767879339286681E-01
 0.758701195459832E-01
 0.750303209390405E-01
 0.742049895161357E-01
 0.733499323804945E-01
 0.725975723767212E-01
 0.717473494809726E-01
 0.710690928692666E-01
 0.702762920074076E-01
 0.695914311038757E-01
 0.687094699061855E-01
 0.676291396057958E-01
 0.663501067894683E-01
 0.648729457272066E-01
 0.631990830291086E-01
 0.613307530066485E-01
 0.624199365088927E-01
 0.663459701489464E-01
 0.700148581999641E-01
 0.734125348380712E-01
 0.765257360502080E-01
 0.793421334234812E-01
 0.818505069525228E-01
 0.840409186709500E-01
 0.859048420680230E-01
 0.874352105373825E-01
 0.886263727668651E-01
 0.894739774871887E-01
 0.899748397301555E-01
 0.901268494747656E-01
 0.899289642027778E-01
 0.893956371596045E-01
 0.887652360802489E-01
 0.881483914236659E-01
 0.874999454061954E-01
 0.868412447893076E-01
 0.861957502056007E-01
 0.855564991381720E-01
 0.849282818123229E-01
 0.843061524252718E-01
 0.836755697814021E-01
 0.830155370094095E-01
 0.823521796818539E-01
 0.817739207870381E-01
 0.811421575566073E-01
 0.804928999905831E-01
 0.799088890468270E-01
 0.792669507063912E-01
 0.786669243119004E-01
 0.780881661948201E-01
 0.774288607840216E-01
 0.769064849445401E-01
 0.762740351486234E-01
 0.757399574828863E-01
 0.751613418053542E-01
 0.745944511590634E-01
 0.740635802315197E-01
 0.734778534200970E-01
 0.729847337227711E-01
 0.723933152877904E-01
 0.719299507841307E-01
 0.713453549514456E-01
 0.708931200659574E-01
 0.702471190175154E-01
 0.693491349619695E-01
 0.682021774334138E-01
 0.668101254250590E-01
 0.680320167443124E-01
 0.720641690916202E-01
 0.758450430783139E-01
 0.793618485036064E-01
 0.826027878269982E-01
 0.855570952126452E-01
 0.882151088098178E-01
 0.905683620322023E-01
 0.926096715500228E-01
 0.943332049509157E-01
 0.957345235011686E-01
 0.968106046552638E-01
 0.975598491260022E-01
 0.979820720636091E-01
 0.980784760281895E-01
 0.978516096266492E-01
 0.973053249738238E-01
 0.964447492845342E-01
 0.952762756668068E-01
 0.938526463354440E-01
 0.924394626755575E-01
 0.910680809329737E-01
 0.897461585219011E-01
 0.884463259708312E-01
 0.871923611066966E-01
 0.859851111304643E-01
 0.848221195240072E-01
 0.836944481551829E-01
 0.825897945366823E-01
 0.814953100666246E-01
 0.804526611719335E-01
 0.794700282816649E-01
 0.784816120567638E-01
 0.774976217450233E-01
 0.766036036028971E-01
 0.756946706118020E-01
 0.747876817955669E-01
 0.739850586973912E-01
 0.730871957515223E-01
 0.723326928357627E-01
 0.715246172132934E-01
 0.707463456245856E-01
 0.700230568618819E-01
 0.692328021792350E-01
 0.685772541831728E-01
 0.677884168815031E-01
 0.671897875635862E-01
 0.664392162321503E-01
 0.658359985714065E-01
 0.650058255254161E-01
 0.639540639535963E-01
 0.626867975785684E-01
 0.612108673901012E-01
 0.595339547018529E-01
 0.576659184880447E-01
 0.557783645867877E-01
 0.539820192829847E-01
 0.522811061578156E-01
 0.506578034825478E-01
 0.501832454006180E-01
 0.497654535242126E-01
 0.493534668338234E-01
 0.489397131004227E-01
 0.485127826590643E-01
 0.481275037655840E-01
 0.477562807034570E-01
 0.473644363495508E-01
 0.469705740612581E-01
 0.466305318376659E-01
 0.462496475713682E-01
 0.458795205075967E-01
 0.455504043354852E-01
 0.451212123981657E-01
 0.445321842376431E-01
 0.437870172406097E-01
 0.428900229346754E-01
 0.418461130594232E-01
 0.406607749871812E-01
 0.393400418583483E-01
 0.378904671078328E-01
 0.363191088713394E-01
 0.347995582359819E-01
 0.347291477398867E-01
 0.345616088052696E-01
 0.344539377868861E-01
 0.343062799616065E-01
 0.341711767510778E-01
 0.340396397211325E-01
 0.338882213638565E-01
 0.363506291207698E-01
 0.395389441368117E-01
 0.425959358191500E-01
 0.455059140507754E-01
 0.482539626843342E-01
 0.508258785138381E-01
 0.532081036544080E-01
 0.553876883520439E-01
 0.573523071874369E-01
 0.590903378142557E-01
 0.605910016835819E-01
 0.618445558790912E-01
 0.628425089187163E-01
 0.635778149276747E-01
 0.640449930180180E-01
 0.642401337271233E-01
 0.641607904946400E-01
 0.638057951217929E-01
 0.631750613751686E-01
 0.622694390735038E-01
 0.611196564471112E-01
 0.599560965384167E-01
 0.588245666381955E-01
 0.577524709801142E-01
 0.567086203607080E-01
 0.557017862805286E-01
 0.547346922039824E-01
 0.537938392872710E-01
 0.528818939137134E-01
 0.520060270284140E-01
 0.511605010057014E-01
 0.503254067913663E-01
 0.495322380169435E-01
 0.487443553383823E-01
 0.480234329270200E-01
 0.473029061259614E-01
 0.465613674957779E-01
 0.459320033860514E-01
 0.452698494864345E-01
 0.446126492546466E-01
 0.440358544964258E-01
 0.433784600225220E-01
 0.428612608184086E-01
 0.422805967830851E-01
 0.417566137395844E-01
 0.412412479005834E-01
 0.407199453593973E-01
 0.402538869087716E-01
 0.441406442660339E-01
 0.482886898375820E-01
 0.522900956309442E-01
 0.561292425831587E-01
 0.597914596424329E-01
 0.632630339559827E-01
 0.665311535388353E-01
 0.695838222779138E-01
 0.724097880283707E-01
 0.749985124379535E-01
 0.773401968105140E-01
 0.794258670483078E-01
 0.812475097131759E-01
 0.827982364652511E-01
 0.840724384966023E-01
 0.850658863669326E-01
 0.857757428685342E-01
 0.862004855255435E-01
 0.863397679666878E-01
 0.861942699602032E-01
 0.857655862975402E-01
 0.850590371210483E-01
 0.842557834908941E-01
 0.834563778540260E-01
 0.826516664135380E-01
 0.818527693922147E-01
 0.810756233852430E-01
 0.802946487648640E-01
 0.795179871630114E-01
 0.787803194256469E-01
 0.780469414951932E-01
 0.773110489761181E-01
 0.765786505150920E-01
 0.758673777696821E-01
 0.751742086972310E-01
 0.744610414485033E-01
 0.737998470467821E-01
 0.731355348056309E-01
 0.724242605053634E-01
 0.718213926997678E-01
 0.711708845634710E-01
 0.705199517238768E-01
 0.699403293315213E-01
 0.692610164914079E-01
 0.687437822508385E-01
 0.681166352691353E-01
 0.675857808881519E-01
 0.670057469029200E-01
 0.664687919823783E-01
 0.659279508417143E-01
 0.653907117910726E-01
 0.648787656847654E-01
 0.642949499297102E-01
 0.635073000034316E-01
 0.625193591503552E-01
 0.613356029146971E-01
 0.599613535813944E-01
 0.584026576768965E-01
 0.567062462344311E-01
 0.550614380728719E-01
 0.534813093136380E-01
 0.519596799085568E-01
 0.504984119075374E-01
 0.514103036133095E-01
 0.530394228134908E-01
 0.544649811719255E-01
 0.556878642052450E-01
 0.567100783075846E-01
 0.575346769161901E-01
 0.581656921225508E-01
 0.586080881482714E-01
 0.588677391041555E-01
 0.589514199228032E-01
 0.588667913121235E-01
 0.586223607853555E-01
 0.582274127178224E-01
 0.576919164401703E-01
 0.570823482402522E-01
 0.565013220822330E-01
 0.559227572701524E-01
 0.553542379092254E-01
 0.548007607242926E-01
 0.542422220616131E-01
 0.536884285091398E-01
 0.531529876231499E-01
 0.526251165156346E-01
 0.521177549746624E-01
 0.516249229224505E-01
 0.511396304862288E-01
 0.506540741218195E-01
 0.501843639884250E-01
 0.497249918857883E-01
 0.492892959390867E-01
 0.488503645663136E-01
 0.484155589830424E-01
 0.480211816662999E-01
 0.475906787742648E-01
 0.472157571346676E-01
 0.468279559973787E-01
 0.464389339736162E-01
 0.460804878676420E-01
 0.456851089710849E-01
 0.453573042180210E-01
 0.449619744082831E-01
 0.446619094428500E-01
 0.442782232567884E-01
 0.439726939026876E-01
 0.435560090850522E-01
 0.430358825347126E-01
 0.424207023485462E-01
 0.438199353741580E-01
 0.456345774317129E-01
 0.476181384711416E-01
 0.497648926020690E-01
 0.520681925414313E-01
 0.545204472740850E-01
 0.571130583335066E-01
 0.598363548146332E-01
 0.626795689638352E-01
 0.656308784691684E-01
 0.686775166900417E-01
 0.718059294082739E-01
 0.750019440282373E-01
 0.782509158110741E-01
 0.815378231693249E-01
 0.848472981225825E-01
 0.881635975575503E-01
 0.914705423471989E-01
 0.947514663143286E-01
 0.979892160108219E-01
 0.101166222626224E+00
 0.104264637738952E+00
 0.107266500882535E+00
 0.110153901228261E+00
 0.112909108490593E+00
 0.115514669048002E+00
 0.117953479598278E+00
 0.120208855818309E+00
 0.122264608739105E+00
 0.124105132147452E+00
 0.125715495145610E+00
 0.127081528121433E+00
 0.128189889796140E+00
 0.129028108519500E+00
 0.129584600752645E+00
 0.129848678939549E+00
 0.129810564529678E+00
 0.129461418015836E+00
 0.128793389607070E+00
 0.127799686881043E+00
 0.126474652535645E+00
 0.124813845042097E+00
 0.122814114438322E+00
 0.120536796687840E+00
 0.118300032412214E+00
 0.116170263454979E+00
 0.114098315928287E+00
 0.112133520120525E+00
 0.110230661603019E+00
 0.108391750577892E+00
 0.106609210022168E+00
 0.104870478958890E+00
 0.103211408830671E+00
 0.101612710122265E+00
 0.100076932713367E+00
 0.985566641650496E-01
 0.970926649161559E-01
 0.956945856029262E-01
 0.943177800066321E-01
 0.929571625528688E-01
 0.917049328606686E-01
 0.904171921145590E-01
 0.892056753934798E-01
 0.880476288268431E-01
 0.868053433910268E-01
 0.857873785725320E-01
 0.846580589628801E-01
 0.836418063908126E-01
 0.826071698640200E-01
 0.816040623369736E-01
 0.806480706481228E-01
 0.796071793635894E-01
 0.783298541419070E-01
 0.768136367209996E-01
 0.750570358007731E-01
 0.802175727114663E-01
 0.871874275515437E-01
 0.939544720943204E-01
 0.100497521279338E+00
 0.106796249577385E+00
 0.112831274595470E+00
 0.118584191980984E+00
 0.124037584202500E+00
 0.129175032057322E+00
 0.133981150177085E+00
 0.138441650307381E+00
 0.142543418242299E+00
 0.146274581341288E+00
 0.149624547468232E+00
 0.152584010061621E+00
 0.155144930524232E+00
 0.157300520345544E+00
 0.159045246291271E+00
 0.160374872254781E+00
 0.161286535373794E+00
 0.161778838945148E+00
 0.161851936884033E+00
 0.161507586318544E+00
 0.160749154108767E+00
 0.159581575051788E+00
 0.158218921939047E+00
 0.156865243986959E+00
 0.155518682521553E+00
 0.154170414171097E+00
 0.152831180089589E+00
 0.151517505445808E+00
 0.150227581638026E+00
 0.148957628992223E+00
 0.147700820293259E+00
 0.146431247308203E+00
 0.145157774383929E+00
 0.143932591369517E+00
 0.142746527758854E+00
 0.141493333837862E+00
 0.140333582846919E+00
 0.139179379386098E+00
 0.137952243261035E+00
 0.136874774443112E+00
 0.135752504539071E+00
 0.134613556568469E+00
 0.133587955503877E+00
 0.132395633046117E+00
 0.131465314224264E+00
 0.130341865433368E+00
 0.129381733540619E+00
 0.128330806376294E+00
 0.127353806544744E+00
 0.126367135310483E+00
 0.125386494004579E+00
 0.124444974009631E+00
 0.123403317378771E+00
 0.122066181791177E+00
 0.120439001406718E+00
 0.118528119005179E+00
 0.116340792809345E+00
 0.113885210203501E+00
 0.111170494756710E+00
 0.108225812864991E+00
 0.105326213471163E+00
 0.102540441079235E+00
 0.998503816506866E-01
 0.972731800694754E-01
 0.957383858918599E-01
 0.950589750480182E-01
 0.944214733143025E-01
 0.937783834875112E-01
 0.931142950496644E-01
 0.924686283819836E-01
 0.918762984463633E-01
 0.912466149238266E-01
 0.906098544516340E-01
 0.900515999211982E-01
 0.894303145597732E-01
 0.888399429701393E-01
 0.880391233519016E-01
 0.870309186977849E-01
 0.858190060586984E-01
 0.844076920742200E-01
 0.828019661625177E-01
 0.810075693195643E-01
 0.790310366614230E-01
 0.768796764371156E-01
 0.745614769024446E-01
 0.720849675634871E-01
 0.694590812443759E-01
 0.671033934875210E-01
 0.665313345532933E-01
 0.659436529343906E-01
 0.653891067842471E-01
 0.648416792143090E-01
 0.643002975488778E-01
 0.637659850474617E-01
 0.632733273357858E-01
 0.627403312501790E-01
 0.622586326090639E-01
 0.617865210288610E-01
 0.612645382972151E-01
 0.608526542650319E-01
 0.603236387741160E-01
 0.599382715931914E-01
 0.594479220443293E-01
 0.590506606541586E-01
 0.585870966383535E-01
 0.581879137376316E-01
 0.577432813927570E-01
 0.573486428357798E-01
 0.569205800279944E-01
 0.564833115216150E-01
 0.558772258389121E-01
 0.551116311682661E-01
 0.541963942004730E-01
 0.532006101130775E-01
 0.522233690103831E-01
 0.512737047601228E-01
 0.503408121233355E-01
 0.494439669709825E-01
 0.485621923217377E-01
 0.477002510125589E-01
 0.468608337647013E-01
 0.460457350184580E-01
 0.452537965252989E-01
 0.444822739571084E-01
 0.439619855227245E-01
 0.437560554646639E-01
 0.435733814051070E-01
 0.433969068460332E-01
 0.451977180114447E-01
 0.478836593357090E-01
 0.506239529529953E-01
 0.534040796581850E-01
 0.562092749774286E-01
 0.590245321095679E-01
 0.618346088704767E-01
 0.646240494028622E-01
 0.673772246697684E-01
 0.700783972570824E-01
 0.727118198733901E-01
 0.752618735407333E-01
 0.777132373111008E-01
 0.800510635721608E-01
 0.822611244004304E-01
 0.843299027903646E-01
 0.862446237662098E-01
 0.879932411592407E-01
 0.895644045539880E-01
 0.909474265481326E-01
 0.921322621818336E-01
 0.931095100476317E-01
 0.938704490429358E-01
 0.944071267666279E-01
 0.947125047132293E-01
 0.947806407797113E-01
 0.946068630919273E-01
 0.941878781050069E-01
 0.935217708091047E-01
 0.926078916386222E-01
 0.914466669943652E-01
 0.900407483057682E-01
 0.885159474096418E-01
 0.870428659508863E-01
 0.856111405721340E-01
 0.842482376283741E-01
 0.829197184160875E-01
 0.816343412095869E-01
 0.803903406642931E-01
 0.791831248214670E-01
 0.780103815039199E-01
 0.768828786265607E-01
 0.757859663679696E-01
 0.747087883384291E-01
 0.736641016256574E-01
 0.726615499548366E-01
 0.716943356330810E-01
 0.707275820806130E-01
 0.697864184263429E-01
 0.689230006553893E-01
 0.680304379991474E-01
 0.671912462395960E-01
 0.663897835706505E-01
 0.655233769451298E-01
 0.648175640534521E-01
 0.640285821027922E-01
 0.633191315147380E-01
 0.625965503738060E-01
 0.618977303561360E-01
 0.612302290717103E-01
 0.605079314009186E-01
 0.596082875351359E-01
 0.585313947499503E-01
 0.572782004063797E-01
 0.558506358859693E-01
 0.542516485502661E-01
 0.524851245665828E-01
 0.505557535233191E-01
 0.484842707485124E-01
 0.491129357227888E-01
 0.513285033621754E-01
 0.532970486943582E-01
 0.550121250100626E-01
 0.564685005585198E-01
 0.576622421863194E-01
 0.585907510942527E-01
 0.592527395589764E-01
 0.596481574886627E-01
 0.597780965283486E-01
 0.597180458760769E-01
 0.596301592982010E-01
 0.595050504419612E-01
 0.593742778355684E-01
 0.592182320836848E-01
 0.590390231483677E-01
 0.588407588354903E-01
 0.586414345386658E-01
 0.584471115620114E-01
 0.582312468872695E-01
 0.579718635527693E-01
 0.577183517940596E-01
 0.574903749517050E-01
 0.572014435401501E-01
 0.569474397626130E-01
 0.566814874805364E-01
 0.563766766826455E-01
 0.561190809429577E-01
 0.558182802168515E-01
 0.555389285800381E-01
 0.552676295175208E-01
 0.549357516225084E-01
 0.547014627240301E-01
 0.543283530028737E-01
 0.541242121681964E-01
 0.537730104038189E-01
 0.535515213295582E-01
 0.532206255298147E-01
 0.529855831156208E-01
 0.526621428761971E-01
 0.524195008827673E-01
 0.521005094184195E-01
 0.518263006455447E-01
 0.513624094453083E-01
 0.507122019788079E-01
 0.499310413729238E-01
 0.491477599476558E-01
 0.483632184438773E-01
 0.475996361680865E-01
 0.468305325878925E-01
 0.460646195359208E-01
 0.453121126568122E-01
 0.445726402015519E-01
 0.438390499798398E-01
 0.431253236447394E-01
 0.424239681929473E-01
 0.417309755948799E-01
 0.410439009736688E-01
 0.407987715576413E-01
 0.406417471736709E-01
 0.404395419103237E-01
 0.403161727854581E-01
 0.401442772802292E-01
 0.399801199372519E-01
 0.396868053098376E-01
 0.392665071382446E-01
 0.387218968905074E-01
 0.381624351087473E-01
 0.376984654912403E-01
 0.371068465029711E-01
 0.363911240353541E-01
 0.355553156434250E-01
 0.346039022834121E-01
 0.335418220302762E-01
 0.323744698383334E-01
 0.311077059576865E-01
 0.297478680025005E-01
 0.283017736532282E-01
 0.270777379178375E-01
 0.266185813908787E-01
 0.263163580567418E-01
 0.258993673414857E-01
 0.255998751664935E-01
 0.268992911501688E-01
 0.295217697071683E-01
 0.319975474634239E-01
 0.343118008156973E-01
 0.364501541321001E-01
 0.383987699133984E-01
 0.401444780076344E-01
 0.416749234375515E-01
 0.429787104327822E-01
 0.440455259789350E-01
 0.448662330700787E-01
 0.454329276373532E-01
 0.457389556373618E-01
 0.457788928362166E-01
 0.455539843540802E-01
 0.452575178493205E-01
 0.449696060414837E-01
 0.446574862795254E-01
 0.443414424232342E-01
 0.440211260778456E-01
 0.437088972145524E-01
 0.434032813816678E-01
 0.430922717376316E-01
 0.427656410862131E-01
 0.424057615633601E-01
 0.420835995288206E-01
 0.417824097270791E-01
 0.414355916654139E-01
 0.411076428199069E-01
 0.408138267714262E-01
 0.404522604556233E-01
 0.401657517983318E-01
 0.398539950569149E-01
 0.395222970055052E-01
 0.392435267870101E-01
 0.388636226820322E-01
 0.386357283660656E-01
 0.382855260999358E-01
 0.380286724749544E-01
 0.377046861492226E-01
 0.412707859959792E-01
 0.462011251838505E-01
 0.510818984596344E-01
 0.558916957516939E-01
 0.606092384022109E-01
 0.652135549024550E-01
 0.696841265264426E-01
 0.740009901951049E-01
 0.781447949250022E-01
 0.820968189974612E-01
 0.858389656628995E-01
 0.893537627615422E-01
 0.926243924217956E-01
 0.956347685114892E-01
 0.983696631290557E-01
 0.100814865298415E+00
 0.102957343345617E+00
 0.104785382192703E+00
 0.106288676680001E+00
 0.107458376185657E+00
 0.108287088729386E+00
 0.108768862071057E+00
 0.108899164371045E+00
 0.108674885985188E+00
 0.108094374547298E+00
 0.107157498752885E+00
 0.105865719410220E+00
 0.104222139347466E+00
 0.102448330849501E+00
 0.100721612286813E+00
 0.990097372219922E-01
 0.973803852984858E-01
 0.957748955939794E-01
 0.942062415956949E-01
 0.926639955517431E-01
 0.911418836448281E-01
 0.896526549740952E-01
 0.882298663897617E-01
 0.868319791838452E-01
 0.854194927028192E-01
 0.840550265383305E-01
 0.827279002789858E-01
 0.813960955909576E-01
 0.800980716106282E-01
 0.788466274931097E-01
 0.775487083649685E-01
 0.763512872082478E-01
 0.751470627912648E-01
 0.739061759496445E-01
 0.727955850287286E-01
 0.715483792250726E-01
 0.704987747642771E-01
 0.693270657970750E-01
 0.682640631285943E-01
 0.671518259068776E-01
 0.660896897195698E-01
 0.650242471772339E-01
 0.639259259659854E-01
 0.626069823806783E-01
 0.610737531104709E-01
 0.593337843542537E-01
 0.573956690169565E-01
 0.607484402378252E-01
 0.641124268374586E-01
 0.671843822600844E-01
 0.699560381229840E-01
 0.724205860363270E-01
 0.745727244577133E-01
 0.764087163211911E-01
 0.779264426031652E-01
 0.791254296669043E-01
 0.800068312666105E-01
 0.805733599631146E-01
 0.808291805064525E-01
 0.807797897794175E-01
 0.804319085913187E-01
 0.797934016662971E-01
 0.788732297882975E-01
 0.776814277162404E-01
 0.762290951872040E-01
 0.746555550332505E-01
 0.730831230352502E-01
 0.715366666561817E-01
 0.699925240946535E-01
 0.684675112323988E-01
 0.669654372922532E-01
 0.654901674809702E-01
 0.640316597186139E-01
 0.625870667146265E-01
 0.611432723668310E-01
 0.597330677241705E-01
 0.583464271613414E-01
 0.569815659864530E-01
 0.556168669282863E-01
 0.542961125264176E-01
 0.529929362323117E-01
 0.516861164259025E-01
 0.504406479793620E-01
 0.491670027679560E-01
 0.479489323149749E-01
 0.467479119935306E-01
 0.455273140092294E-01
 0.443968896132949E-01
 0.431862925035831E-01
 0.421137985402585E-01
 0.409548081193836E-01
 0.399042683051616E-01
 0.387972738656412E-01
 0.377649022386790E-01
 0.367032898819267E-01
 0.356779156741105E-01
 0.345532310952081E-01
 0.333384198322182E-01
 0.320428167542870E-01
 0.306758480023660E-01
 0.292469721755321E-01
 0.278136330256557E-01
 0.264461103577082E-01
 0.251413065978006E-01
 0.257136210752797E-01
 0.262432738671351E-01
 0.266365162038207E-01
 0.268991864569268E-01
 0.270376098742788E-01
 0.270585044405102E-01
 0.269688864959191E-01
 0.267759850743522E-01
 0.264871722574915E-01
 0.261099129986737E-01
 0.256517325510973E-01
 0.251201946552430E-01
 0.245228810941720E-01
 0.238673641339205E-01
 0.231611670547463E-01
 0.224117126979081E-01
 0.216262640050056E-01
 0.208118629037877E-01
 0.199752742392539E-01
 0.191229398933227E-01
 0.182609454315084E-01
 0.174085772480931E-01
 0.165978165940909E-01
 0.158112316675767E-01
 0.150550594050727E-01
 0.143296174876297E-01
 0.136326238026575E-01
 0.129620867641143E-01
 0.123186089543802E-01
 0.117021482807819E-01
 0.111103122919190E-01
 0.105431274025330E-01
 0.999800429910791E-02
 0.947615213063890E-02
 0.897383859315140E-02
 0.849436834262129E-02
 0.803658049839160E-02
 0.759380959417645E-02
 0.717253230638435E-02
 0.676998559864978E-02
 0.637857363243336E-02
 0.601326299833826E-02
 0.565629910802652E-02
 0.532052080192134E-02
 0.499711465520693E-02
 0.468899937743697E-02
 0.439563881602696E-02
 0.411426460745391E-02
 0.384850094023545E-02
 0.359059336635798E-02
 0.333819450095005E-02
 0.309266252397897E-02
 0.285516728107736E-02
 0.262669564568149E-02
 0.240805834740071E-02
 0.219989730809466E-02
 0.200269336374812E-02
 0.181677510819512E-02
 0.164232959501071E-02
 0.147941480041606E-02
 0.132797287904885E-02
 0.121729514773864E-02
 0.114625873620744E-02
 0.107765487244465E-02
 0.101117454605983E-02
 0.946589774691697E-03
 0.883747528207711E-03
 0.822562339244488E-03
 0.763007663277728E-03
 0.705106447703583E-03
 0.648921532244349E-03
 0.594546411368550E-03
 0.542096640194869E-03
 0.491701904476722E-03
 0.443498620822991E-03
 0.397622929640858E-03
 0.354204056641483E-03
 0.313358168107221E-03
 0.275182946637281E-03
 0.239753121438815E-03
 0.207117108147893E-03
 0.177294796092988E-03
 0.150276421128445E-03
 0.126022410853066E-03
 0.104464084382959E-03
 0.855051091571110E-04
 0.690236402991678E-04
 0.548750809132327E-04
 0.428954000509019E-04
 0.329462543311637E-04
 0.248877202686529E-04
 0.184519507845022E-04
 0.133941816292290E-04
 0.947906435411987E-05
 0.650918923021326E-05
 0.431182725006983E-05
 0.273299549575606E-05
 0.163881847240015E-05
 0.920260392376589E-06
 0.476191699528702E-06
 0.215038940017299E-06
 0.791481847447770E-07
 0.207043835262731E-07
 0.269542429317099E-08
 0.333584714083983E-10
 0.000000000000000E+00
 0.000000000000000E+00
 0.000000000000000E+00
 0.000000000000000E+00
 0.000000000000000E+00
 0.000000000000000E+00
 0.000000000000000E+00
 0.000000000000000E+00
 0.000000000000000E+00
 0.000000000000000E+00
 0.000000000000000E+00
 0.000000000000000E+00
 0.000000000000000E+00
 0.000000000000000E+00
 0.000000000000000E+00
 0.000000000000000E+00
 0.000000000000000E+00
 0.000000000000000E+00
 0.000000000000000E+00
 0.000000000000000E+00
 0.000000000000000E+00
 0.000000000000000E+00
 0.000000000000000E+00
 0.000000000000000E+00
 0.000000000000000E+00
 0.000000000000000E+00
 0.000000000000000E+00
 0.000000000000000E+00
 0.000000000000000E+00
 0.000000000000000E+00
 0.000000000000000E+00
 0.000000000000000E+00
 0.000000000000000E+00
 0.000000000000000E+00
 0.000000000000000E+00
 0.000000000000000E+00
 0.000000000000000E+00
 0.000000000000000E+00
 0.000000000000000E+00
 0.000000000000000E+00
 0.000000000000000E+00
 0.000000000000000E+00
 0.000000000000000E+00
 0.000000000000000E+00
 0.000000000000000E+00
 0.000000000000000E+00
 0.000000000000000E+00
 0.000000000000000E+00
 0.000000000000000E+00
 0.000000000000000E+00
 0.000000000000000E+00
 0.000000000000000E+00
 0.000000000000000E+00
 0.000000000000000E+00
 0.000000000000000E+00
 0.000000000000000E+00
 0.000000000000000E+00
 0.000000000000000E+00
 0.000000000000000E+00
 0.000000000000000E+00
 0.000000000000000E+00
 0.000000000000000E+00
 0.000000000000000E+00
 0.000000000000000E+00
 0.000000000000000E+00
 0.000000000000000E+00
 0.000000000000000E+00
 0.000000000000000E+00
 0.000000000000000E+00
 0.000000000000000E+00
 0.000000000000000E+00
 0.000000000000000E+00
 0.000000000000000E+00
 0.000000000000000E+00
 0.000000000000000E+00
 0.000000000000000E+00
 0.000000000000000E+00
 0.000000000000000E+00
 0.000000000000000E+00
 0.000000000000000E+00
 0.000000000000000E+00
 0.000000000000000E+00
 0.000000000000000E+00
 0.000000000000000E+00
 0.000000000000000E+00
 0.000000000000000E+00
 0.000000000000000E+00
 0.000000000000000E+00
 0.000000000000000E+00
 0.000000000000000E+00
 0.000000000000000E+00
 0.000000000000000E+00
 0.000000000000000E+00
 0.000000000000000E+00
 0.000000000000000E+00
 0.000000000000000E+00
 0.000000000000000E+00
 0.000000000000000E+00
 0.000000000000000E+00
 0.000000000000000E+00
 0.000000000000000E+00
 0.000000000000000E+00
 0.000000000000000E+00
 0.000000000000000E+00
 0.000000000000000E+00
 0.000000000000000E+00
 0.000000000000000E+00
 0.000000000000000E+00
 0.000000000000000E+00
 0.000000000000000E+00
 0.000000000000000E+00
 0.000000000000000E+00
 0.000000000000000E+00
 0.000000000000000E+00
 0.000000000000000E+00
 0.000000000000000E+00
 0.000000000000000E+00
 0.000000000000000E+00
 0.000000000000000E+00
 0.000000000000000E+00
 0.000000000000000E+00
 0.000000000000000E+00
 0.000000000000000E+00
 0.000000000000000E+00
 0.000000000000000E+00
 0.000000000000000E+00
 0.000000000000000E+00
 0.000000000000000E+00
 0.000000000000000E+00
 0.000000000000000E+00
 0.000000000000000E+00
 0.000000000000000E+00
 0.000000000000000E+00
 0.000000000000000E+00
 0.000000000000000E+00
 0.000000000000000E+00
 0.000000000000000E+00
 0.000000000000000E+00
 0.000000000000000E+00
 0.000000000000000E+00
 0.000000000000000E+00
 0.000000000000000E+00
 0.000000000000000E+00
 0.000000000000000E+00
 0.000000000000000E+00
 0.000000000000000E+00
 0.000000000000000E+00
 0.000000000000000E+00
 0.000000000000000E+00
 0.000000000000000E+00
 0.000000000000000E+00
 0.000000000000000E+00
 0.000000000000000E+00
 0.000000000000000E+00
 0.000000000000000E+00
 0.000000000000000E+00
 0.000000000000000E+00
 0.000000000000000E+00
 0.000000000000000E+00
 0.000000000000000E+00
 0.000000000000000E+00
 0.000000000000000E+00
 0.000000000000000E+00
 0.000000000000000E+00
 0.000000000000000E+00
 0.000000000000000E+00
 0.000000000000000E+00
 0.000000000000000E+00
 0.000000000000000E+00
 0.000000000000000E+00
 0.000000000000000E+00
 0.000000000000000E+00
 0.000000000000000E+00
 0.000000000000000E+00
 0.000000000000000E+00
 0.000000000000000E+00
 0.000000000000000E+00
 0.000000000000000E+00
 0.000000000000000E+00
 0.000000000000000E+00
 0.000000000000000E+00
 0.000000000000000E+00
 0.000000000000000E+00
 0.000000000000000E+00
 0.000000000000000E+00
 0.000000000000000E+00
 0.000000000000000E+00
 0.000000000000000E+00
 0.000000000000000E+00
 0.000000000000000E+00
 0.000000000000000E+00
 0.000000000000000E+00
 0.000000000000000E+00
 0.000000000000000E+00
 0.000000000000000E+00
 0.000000000000000E+00
 0.000000000000000E+00
 0.000000000000000E+00
 0.000000000000000E+00
 0.000000000000000E+00
 0.000000000000000E+00
 0.000000000000000E+00
 0.000000000000000E+00
 0.000000000000000E+00
 0.000000000000000E+00
 0.000000000000000E+00
 0.000000000000000E+00
 0.000000000000000E+00
 0.000000000000000E+00
 0.000000000000000E+00
 0.000000000000000E+00
 0.000000000000000E+00
 0.000000000000000E+00
 0.000000000000000E+00
 0.000000000000000E+00
 0.000000000000000E+00
 0.000000000000000E+00
 0.000000000000000E+00
 0.000000000000000E+00
 0.000000000000000E+00
 0.000000000000000E+00
 0.000000000000000E+00
 0.000000000000000E+00
 0.000000000000000E+00
 0.000000000000000E+00
 0.000000000000000E+00
 0.000000000000000E+00
 0.000000000000000E+00
 0.000000000000000E+00
 0.000000000000000E+00
 0.000000000000000E+00
 0.000000000000000E+00
 0.000000000000000E+00
 0.000000000000000E+00
 0.000000000000000E+00
 0.000000000000000E+00
 0.000000000000000E+00
 0.000000000000000E+00
 0.000000000000000E+00
 0.000000000000000E+00
 0.000000000000000E+00
 0.000000000000000E+00
 0.000000000000000E+00
 0.000000000000000E+00
 0.000000000000000E+00
 0.000000000000000E+00
 0.000000000000000E+00
 0.000000000000000E+00
 0.000000000000000E+00
 0.000000000000000E+00
 0.000000000000000E+00
 0.000000000000000E+00
 0.000000000000000E+00
 0.000000000000000E+00
 0.000000000000000E+00
 0.000000000000000E+00
 0.000000000000000E+00
 0.000000000000000E+00
 0.000000000000000E+00
 0.000000000000000E+00
 0.000000000000000E+00
 0.000000000000000E+00
 0.000000000000000E+00
 0.000000000000000E+00
 0.000000000000000E+00
 0.000000000000000E+00
 0.000000000000000E+00
 0.000000000000000E+00
 0.000000000000000E+00
 0.000000000000000E+00
 0.000000000000000E+00
 0.000000000000000E+00
 0.000000000000000E+00
 0.000000000000000E+00
 0.000000000000000E+00
 0.000000000000000E+00
 0.000000000000000E+00
 0.000000000000000E+00
 0.000000000000000E+00
 0.000000000000000E+00
 0.000000000000000E+00
 0.000000000000000E+00
 0.000000000000000E+00
 0.000000000000000E+00
 0.000000000000000E+00
 0.000000000000000E+00
 0.000000000000000E+00
 0.000000000000000E+00
 0.000000000000000E+00
 0.000000000000000E+00
 0.000000000000000E+00
 0.000000000000000E+00
 0.000000000000000E+00
 0.000000000000000E+00
 0.000000000000000E+00
 0.000000000000000E+00
 0.000000000000000E+00
 0.000000000000000E+00
 0.000000000000000E+00
 0.000000000000000E+00
 0.000000000000000E+00
 0.000000000000000E+00
 0.000000000000000E+00
 0.000000000000000E+00
 0.000000000000000E+00
 0.000000000000000E+00
 0.000000000000000E+00
 0.000000000000000E+00
 0.000000000000000E+00
 0.000000000000000E+00
 0.000000000000000E+00
 0.000000000000000E+00
 0.000000000000000E+00
 0.000000000000000E+00
 0.000000000000000E+00
 0.000000000000000E+00
 0.000000000000000E+00
 0.000000000000000E+00
 0.000000000000000E+00
 0.000000000000000E+00
 0.000000000000000E+00
 0.000000000000000E+00
 0.000000000000000E+00
 0.000000000000000E+00
 0.000000000000000E+00
 0.000000000000000E+00
 0.000000000000000E+00
 0.000000000000000E+00
 0.000000000000000E+00
 0.000000000000000E+00
 0.000000000000000E+00
 0.000000000000000E+00
 0.000000000000000E+00
 0.000000000000000E+00
 0.000000000000000E+00
 0.000000000000000E+00
 0.000000000000000E+00
 0.000000000000000E+00
 0.000000000000000E+00
 0.000000000000000E+00
 0.000000000000000E+00
 0.000000000000000E+00
 0.000000000000000E+00
 0.000000000000000E+00
 0.000000000000000E+00
 0.000000000000000E+00
 0.000000000000000E+00
 0.000000000000000E+00
