 0.671886444240754E-10
 0.537603254895656E-08
 0.408576459264931E-07
 0.154151306409333E-06
 0.413262109615485E-06
 0.904597260867063E-06
 0.173056263034239E-05
 0.300812258232860E-05
 0.486732175361847E-05
 0.744701606682597E-05
 0.108972765576476E-04
 0.153784833306034E-04
 0.210542190150404E-04
 0.280891048706845E-04
 0.366447670975770E-04
 0.469193059349778E-04
 0.590963961775928E-04
 0.733074042428215E-04
 0.897832567181514E-04
 0.108702208805601E-03
 0.130130529124793E-03
 0.154460525993952E-03
 0.181662818556571E-03
 0.211929733531284E-03
 0.245639741408708E-03
 0.282457482715299E-03
 0.323384366480697E-03
 0.367654957194344E-03
 0.416121859152103E-03
 0.468488108358464E-03
 0.525046534628800E-03
 0.586072809479601E-03
 0.651262152985413E-03
 0.721440673366841E-03
 0.795161234223146E-03
 0.870927388557578E-03
 0.948046340315619E-03
 0.102572582560004E-02
 0.110307461421518E-02
 0.117910590261292E-02
 0.125274328423560E-02
 0.132515641347200E-02
 0.139886840815221E-02
 0.147379414645505E-02
 0.154978028269238E-02
 0.165295052827766E-02
 0.179349996167130E-02
 0.198879112301952E-02
 0.219057328338780E-02
 0.239759211238157E-02
 0.260845087982245E-02
 0.282162175915512E-02
 0.303546057423509E-02
 0.324822373341679E-02
 0.345808605152140E-02
 0.366315861779493E-02
 0.386150651476568E-02
 0.405486266326638E-02
 0.425175805693307E-02
 0.445344226872298E-02
 0.466014035303572E-02
 0.487016943556226E-02
 0.508433523975210E-02
 0.530237324730379E-02
 0.552419454095203E-02
 0.574832261552482E-02
 0.597721387130817E-02
 0.621161018222150E-02
 0.644897194045305E-02
 0.668687133929345E-02
 0.693103261316431E-02
 0.718009300802724E-02
 0.742613250744422E-02
 0.768236498439275E-02
 0.793854815049863E-02
 0.819556266296737E-02
 0.846207298050755E-02
 0.871777112840911E-02
 0.899462862850069E-02
 0.926028042487529E-02
 0.953676250860852E-02
 0.981166751160068E-02
 0.100879922608054E-01
 0.103697309781841E-01
 0.106468387082132E-01
 0.109336210535582E-01
 0.112118084112824E-01
 0.115021095788559E-01
 0.117706380635887E-01
 0.119979099390132E-01
 0.121817186332930E-01
 0.123203577857906E-01
 0.124380733180223E-01
 0.125529899264971E-01
 0.126623811300838E-01
 0.127720311314616E-01
 0.128754428132419E-01
 0.129739760553051E-01
 0.130693100773310E-01
 0.131619290603403E-01
 0.132523406340551E-01
 0.133405654191031E-01
 0.134262434909995E-01
 0.136349192662350E-01
 0.138750363503263E-01
 0.141379127910861E-01
 0.144257355521700E-01
 0.156793228292629E-01
 0.175787905294857E-01
 0.196063085723124E-01
 0.217593977523196E-01
 0.240346725473278E-01
 0.264278390680596E-01
 0.289336855002130E-01
 0.315460649655612E-01
 0.342578743428190E-01
 0.370610345044383E-01
 0.399464792480611E-01
 0.429041617681460E-01
 0.459230865531712E-01
 0.489913693859023E-01
 0.520963200060480E-01
 0.552245348679188E-01
 0.583619848584498E-01
 0.614940857817907E-01
 0.646057463920817E-01
 0.676813974820394E-01
 0.707050138225518E-01
 0.736601462633424E-01
 0.765299816018157E-01
 0.792974416131260E-01
 0.819453212528140E-01
 0.844564534344434E-01
 0.868138786868101E-01
 0.890009958527029E-01
 0.910016758820816E-01
 0.928003331973648E-01
 0.943819639981191E-01
 0.957321722820451E-01
 0.968372068746732E-01
 0.976840250122088E-01
 0.982603844055936E-01
 0.985549538775647E-01
 0.985574280957236E-01
 0.982586343038121E-01
 0.976688003808436E-01
 0.970346932050656E-01
 0.964216520869288E-01
 0.958153651410430E-01
 0.952074634379310E-01
 0.946349887048892E-01
 0.940645127427488E-01
 0.934922464782362E-01
 0.929426308290426E-01
 0.924110344217721E-01
 0.918834607990283E-01
 0.913430656963854E-01
 0.907987332247313E-01
 0.902837133432493E-01
 0.897704818570476E-01
 0.891984914109572E-01
 0.887258237488130E-01
 0.882228105896596E-01
 0.876551054685268E-01
 0.872181109426768E-01
 0.866895246461518E-01
 0.862046020320773E-01
 0.857318451807597E-01
 0.851849565816639E-01
 0.847630033601365E-01
 0.841983870490313E-01
 0.837883772206712E-01
 0.832560007461966E-01
 0.827878131785715E-01
 0.820591094602234E-01
 0.810664003016305E-01
 0.798073784207038E-01
 0.782810004993142E-01
 0.764875450571684E-01
 0.744286192124853E-01
 0.772627564388627E-01
 0.830530853230115E-01
 0.886218996709904E-01
 0.939496091775574E-01
 0.990175973445267E-01
 0.103808366631974E+00
 0.108305688907466E+00
 0.112494744420928E+00
 0.116362230493918E+00
 0.119896422425447E+00
 0.123087177635254E+00
 0.125925889801884E+00
 0.128405416125062E+00
 0.130520008481931E+00
 0.132265273547191E+00
 0.133638171994836E+00
 0.134637051737180E+00
 0.135261701241433E+00
 0.135513406472290E+00
 0.135394995944306E+00
 0.134910861662015E+00
 0.134151300957597E+00
 0.133368212680055E+00
 0.132572652200593E+00
 0.131762167778614E+00
 0.130929130284381E+00
 0.130088748245451E+00
 0.129240933692894E+00
 0.128383755712748E+00
 0.127499739915877E+00
 0.126622725176074E+00
 0.125754449139664E+00
 0.124890866247811E+00
 0.123987033904309E+00
 0.123128948207552E+00
 0.122283973400463E+00
 0.121362882139686E+00
 0.120533168756688E+00
 0.119681045677011E+00
 0.118775768745189E+00
 0.117981832628969E+00
 0.117070760966059E+00
 0.116281146803132E+00
 0.115429796170346E+00
 0.114594573435217E+00
 0.113795176932833E+00
 0.112932982056574E+00
 0.112184630760581E+00
 0.111310815862445E+00
 0.110602213971512E+00
 0.109730132960164E+00
 0.109035422110147E+00
 0.108097184556819E+00
 0.106905550483393E+00
 0.105467603612747E+00
 0.103791213237365E+00
 0.101885044524741E+00
 0.997585555293994E-01
 0.974220225018137E-01
 0.950489164649375E-01
 0.927531364483563E-01
 0.905396591248274E-01
 0.883870640913257E-01
 0.863209643463928E-01
 0.843869798940791E-01
 0.838116347282922E-01
 0.832561851825086E-01
 0.827381764482501E-01
 0.822045776408239E-01
 0.816440227957412E-01
 0.811483979565300E-01
 0.806455342598830E-01
 0.800966684219208E-01
 0.796230072574991E-01
 0.791267254813268E-01
 0.785840378013876E-01
 0.778588059287156E-01
 0.769555829674979E-01
 0.758794012715116E-01
 0.746357607999905E-01
 0.732306529710788E-01
 0.716705987909195E-01
 0.699626713765181E-01
 0.681144814348134E-01
 0.661341246661757E-01
 0.640301093350438E-01
 0.618112884905434E-01
 0.594868118626771E-01
 0.570660952726846E-01
 0.545587930118874E-01
 0.519747589940987E-01
 0.493239933424993E-01
 0.466165824544333E-01
 0.438626434033220E-01
 0.410722771950892E-01
 0.382555275492046E-01
 0.354223404015693E-01
 0.325825243486434E-01
 0.302787012709277E-01
 0.300519099642345E-01
 0.298862377486605E-01
 0.296827247281849E-01
 0.295117403115687E-01
 0.293121723240739E-01
 0.291390192533463E-01
 0.289431830362982E-01
 0.287726706615390E-01
 0.285784514886379E-01
 0.299428358756577E-01
 0.315071935406450E-01
 0.332134255883525E-01
 0.350562518068649E-01
 0.370292568480897E-01
 0.391249627995820E-01
 0.413349435829765E-01
 0.436499559817146E-01
 0.460600637326795E-01
 0.485547418918226E-01
 0.511229571546241E-01
 0.537532199978851E-01
 0.564336013477640E-01
 0.591517106077007E-01
 0.618946480217879E-01
 0.646489641809569E-01
 0.674006668221354E-01
 0.701352999576525E-01
 0.728380892967688E-01
 0.754941200318234E-01
 0.780885050024494E-01
 0.806065143221160E-01
 0.830336586809038E-01
 0.853557331793707E-01
 0.875588325459929E-01
 0.896293483425033E-01
 0.915539614608310E-01
 0.933196483508222E-01
 0.949137199056371E-01
 0.963239025273678E-01
 0.975384546015660E-01
 0.985462979190791E-01
 0.993371408450220E-01
 0.999015790393587E-01
 0.100231173192444E+00
 0.100318511789316E+00
 0.100157264685711E+00
 0.997422228247813E-01
 0.990693103888035E-01
 0.981355582491548E-01
 0.969390441184330E-01
 0.954924533179555E-01
 0.940089640353251E-01
 0.925739541529875E-01
 0.912048734220450E-01
 0.898600351801360E-01
 0.885535638370976E-01
 0.872912183422252E-01
 0.860665386664244E-01
 0.848768821901407E-01
 0.837166639387031E-01
 0.825758195411711E-01
 0.814848160062091E-01
 0.804275622181206E-01
 0.793871700013869E-01
 0.783564427030231E-01
 0.773908552472629E-01
 0.764179908596112E-01
 0.754607142473332E-01
 0.745861473467342E-01
 0.736676692364516E-01
 0.728166594796121E-01
 0.719915861108932E-01
 0.711072960175347E-01
 0.703881490661399E-01
 0.695677567454144E-01
 0.688540279282515E-01
 0.680991921511662E-01
 0.673956595449944E-01
 0.666937194257619E-01
 0.659642040269180E-01
 0.650471503543158E-01
 0.639418399037101E-01
 0.626482151485471E-01
 0.611668123522194E-01
 0.594987883176060E-01
 0.576460305305454E-01
 0.594829373589556E-01
 0.630494825080128E-01
 0.663615948087122E-01
 0.694062656758321E-01
 0.721715908275697E-01
 0.746468070624289E-01
 0.768222826002998E-01
 0.786894945768885E-01
 0.802410249628457E-01
 0.814705885076727E-01
 0.823730854444973E-01
 0.829446595305255E-01
 0.831827432202719E-01
 0.830860821644622E-01
 0.826560051749985E-01
 0.821316661705784E-01
 0.816096544437618E-01
 0.810680261383831E-01
 0.805118585642612E-01
 0.799621945965654E-01
 0.794224943963925E-01
 0.788817675296036E-01
 0.783395290886756E-01
 0.777869247171736E-01
 0.772002976398955E-01
 0.766500273488509E-01
 0.761318761469547E-01
 0.755536024269136E-01
 0.750027814383104E-01
 0.744853953506818E-01
 0.738966763286602E-01
 0.733852014280105E-01
 0.728640385811053E-01
 0.722905038282451E-01
 0.718169172901995E-01
 0.712057564775319E-01
 0.707689218672085E-01
 0.702102454404886E-01
 0.697417708663735E-01
 0.692324938389414E-01
 0.687456219081848E-01
 0.682674242340496E-01
 0.677682748978521E-01
 0.673162565071911E-01
 0.668174584492530E-01
 0.663830808581794E-01
 0.658373416607757E-01
 0.650505502826001E-01
 0.640258117184632E-01
 0.627670380249212E-01
 0.645730834580920E-01
 0.682937560175104E-01
 0.717678476166973E-01
 0.749826152710804E-01
 0.779265050307078E-01
 0.805891831645411E-01
 0.829615295504725E-01
 0.850356226601088E-01
 0.868047431582528E-01
 0.882634100156078E-01
 0.894074472250424E-01
 0.902340668173638E-01
 0.907419470259640E-01
 0.909312826795111E-01
 0.908037876675857E-01
 0.903626372985833E-01
 0.896123523536425E-01
 0.885586449560059E-01
 0.872361799117198E-01
 0.858610042711271E-01
 0.845241293153615E-01
 0.832701853738280E-01
 0.820381041160553E-01
 0.808451385541316E-01
 0.796862226347711E-01
 0.785637977255820E-01
 0.774796265786521E-01
 0.764120724604363E-01
 0.753787830369298E-01
 0.743867038375465E-01
 0.734350196201409E-01
 0.724660457941731E-01
 0.715654272438446E-01
 0.707105356413703E-01
 0.698024585011352E-01
 0.689954314732497E-01
 0.681949264929298E-01
 0.673457924532613E-01
 0.666372008761011E-01
 0.658191211007581E-01
 0.651485085543288E-01
 0.644105097374497E-01
 0.637299263193762E-01
 0.630613966793636E-01
 0.623810299349625E-01
 0.617673648932501E-01
 0.610979397968406E-01
 0.605220468597852E-01
 0.598016632341473E-01
 0.588605121810730E-01
 0.577040582920515E-01
 0.563389016546873E-01
 0.547725918274733E-01
 0.530198823386945E-01
 0.512654683522401E-01
 0.495899998402478E-01
 0.480063750780467E-01
 0.464927976819177E-01
 0.460233842415277E-01
 0.456212639250293E-01
 0.452220996574322E-01
 0.448177859759112E-01
 0.444488795354899E-01
 0.440986125368768E-01
 0.437372593035457E-01
 0.433478582195067E-01
 0.430321256993059E-01
 0.426965038306697E-01
 0.423149251504963E-01
 0.420212244933622E-01
 0.416877513737456E-01
 0.413371139736319E-01
 0.408288231449424E-01
 0.404492804753800E-01
 0.402813215662613E-01
 0.400948852773128E-01
 0.399250068706530E-01
 0.397198645340811E-01
 0.395446675057068E-01
 0.393703566743808E-01
 0.391369991356510E-01
 0.390003668722067E-01
 0.387401531885783E-01
 0.386139739677296E-01
 0.383813557726546E-01
 0.382277319133889E-01
 0.380217045475977E-01
 0.378535572285928E-01
 0.376587220381795E-01
 0.409374369284682E-01
 0.444966516067752E-01
 0.479182756631319E-01
 0.511856726634276E-01
 0.542826635144862E-01
 0.571936172226064E-01
 0.599035707723577E-01
 0.623983644437455E-01
 0.646647812525068E-01
 0.666906803429615E-01
 0.684651138438574E-01
 0.699784170088825E-01
 0.712222635611837E-01
 0.721896811614684E-01
 0.728750248808026E-01
 0.732739105895754E-01
 0.733831175288763E-01
 0.732004799844462E-01
 0.727247974121619E-01
 0.719557935489251E-01
 0.708941436810816E-01
 0.696267099436668E-01
 0.683970419656491E-01
 0.672287932772603E-01
 0.660699951325691E-01
 0.649457593162323E-01
 0.638791488766154E-01
 0.628343626115600E-01
 0.618498360558667E-01
 0.608968833702944E-01
 0.599670783972427E-01
 0.590474465546000E-01
 0.581786363743163E-01
 0.573266349979060E-01
 0.565114648343401E-01
 0.556938944676909E-01
 0.549455838297468E-01
 0.541947684308376E-01
 0.534454291594611E-01
 0.527764794095872E-01
 0.520479531043626E-01
 0.514245181525564E-01
 0.507826795358991E-01
 0.501368666227400E-01
 0.495720538582590E-01
 0.489183399928660E-01
 0.484157924440959E-01
 0.477675927120499E-01
 0.473170299543528E-01
 0.467135850271385E-01
 0.480139882316212E-01
 0.522615231044651E-01
 0.563405063957153E-01
 0.602352725967224E-01
 0.639307543453372E-01
 0.674126382648213E-01
 0.706675228484013E-01
 0.736830627571688E-01
 0.764480836840926E-01
 0.789526544995610E-01
 0.811881117350930E-01
 0.831470441780400E-01
 0.848232562400391E-01
 0.862117309053745E-01
 0.873086044782205E-01
 0.881111514704686E-01
 0.886177684047092E-01
 0.888279468690341E-01
 0.887422376562729E-01
 0.883622207439403E-01
 0.876905005270485E-01
 0.868485923216746E-01
 0.860180459698545E-01
 0.852006647928080E-01
 0.843747525288701E-01
 0.835562980293549E-01
 0.827518881866474E-01
 0.819645895371994E-01
 0.811983584444631E-01
 0.804365163219342E-01
 0.796664169132726E-01
 0.789234407202631E-01
 0.781863764391367E-01
 0.774684836768654E-01
 0.767392221029753E-01
 0.760452125176722E-01
 0.753526701488177E-01
 0.746418047013886E-01
 0.740063620577458E-01
 0.733179938244951E-01
 0.726833011801047E-01
 0.720695104455387E-01
 0.713929299388290E-01
 0.708456323155051E-01
 0.701535396095350E-01
 0.696596028461985E-01
 0.690167457656303E-01
 0.685081952159164E-01
 0.679060530467564E-01
 0.673873306655720E-01
 0.668166011659140E-01
 0.662633722127307E-01
 0.654990393433507E-01
 0.645274724744052E-01
 0.633533598138042E-01
 0.619821323456737E-01
 0.604198642780990E-01
 0.587023536665226E-01
 0.570183770514078E-01
 0.554012367003605E-01
 0.538373292376363E-01
 0.523487825279874E-01
 0.532900948123713E-01
 0.550966778677287E-01
 0.567003777077469E-01
 0.581014027854274E-01
 0.593011494628813E-01
 0.603022685970152E-01
 0.611086724727908E-01
 0.617254737017859E-01
 0.621588679985379E-01
 0.624159848884842E-01
 0.625047324591431E-01
 0.624336582637513E-01
 0.622118434846807E-01
 0.618488432136681E-01
 0.613546799610951E-01
 0.607398869758035E-01
 0.600896338767612E-01
 0.594466816878053E-01
 0.588110208538759E-01
 0.581981338144835E-01
 0.575852117556390E-01
 0.569902618405497E-01
 0.564094723285022E-01
 0.558328160661543E-01
 0.552684970396067E-01
 0.547141992811030E-01
 0.541632883709601E-01
 0.536424798271888E-01
 0.531349868981874E-01
 0.526312961941106E-01
 0.521271876315869E-01
 0.516440484898915E-01
 0.511815821138585E-01
 0.507270630211282E-01
 0.502715176986038E-01
 0.498591136397109E-01
 0.493889184498797E-01
 0.490114669112429E-01
 0.485797455774010E-01
 0.481963291447765E-01
 0.477943183291994E-01
 0.474080873501763E-01
 0.470301492987013E-01
 0.466475017989102E-01
 0.462886429320163E-01
 0.470088755283322E-01
 0.483343289419070E-01
 0.498204443611257E-01
 0.514630554104481E-01
 0.532570425584738E-01
 0.551964793862728E-01
 0.572746854783409E-01
 0.594841872826791E-01
 0.618166289097007E-01
 0.642626894942404E-01
 0.668120491105630E-01
 0.694534155006307E-01
 0.721745987768517E-01
 0.749626119017421E-01
 0.778037783160020E-01
 0.806838342450644E-01
 0.835880151949845E-01
 0.865011163855618E-01
 0.894075227499899E-01
 0.922912185885089E-01
 0.951358031045212E-01
 0.979245432569019E-01
 0.100640481817749E+00
 0.103266591255740E+00
 0.105785939183602E+00
 0.108181824823671E+00
 0.110437862574037E+00
 0.112538017196678E+00
 0.114466616877955E+00
 0.116208372981237E+00
 0.117748420845161E+00
 0.119072378204999E+00
 0.120166410401627E+00
 0.121017297490849E+00
 0.121612508910837E+00
 0.121940294678956E+00
 0.121989793858771E+00
 0.121751147871097E+00
 0.121215599399914E+00
 0.120375563091539E+00
 0.119224667522007E+00
 0.117757778306154E+00
 0.115971012140324E+00
 0.113866227040622E+00
 0.111684981840736E+00
 0.109585624457244E+00
 0.107591885835275E+00
 0.105647892269072E+00
 0.103771207802731E+00
 0.101971890047826E+00
 0.100243758454382E+00
 0.985854233220652E-01
 0.969873072779422E-01
 0.954338448885414E-01
 0.939087098569825E-01
 0.924393565485185E-01
 0.910579300705628E-01
 0.896999767502315E-01
 0.883230323356247E-01
 0.870851528864414E-01
 0.858383646075298E-01
 0.845805619555380E-01
 0.834597702469542E-01
 0.822742631442638E-01
 0.811826702345645E-01
 0.801207873280963E-01
 0.790190821495373E-01
 0.780681651356592E-01
 0.770118836310179E-01
 0.761204196295633E-01
 0.751441278040142E-01
 0.742348784458949E-01
 0.731042111289064E-01
 0.717489615792836E-01
 0.711789042638844E-01
 0.782204168880233E-01
 0.850990267827577E-01
 0.917931244869185E-01
 0.982816149704971E-01
 0.104544042007483E+00
 0.110560700697356E+00
 0.116312725486271E+00
 0.121782153047668E+00
 0.126951966334041E+00
 0.131806124144237E+00
 0.136329575698399E+00
 0.140508261464837E+00
 0.144329112520781E+00
 0.147780072774861E+00
 0.150850168658072E+00
 0.153529633795570E+00
 0.155810069616293E+00
 0.157684603223356E+00
 0.159148003488827E+00
 0.160196734134836E+00
 0.160828945401349E+00
 0.161044419550870E+00
 0.160844485547856E+00
 0.160231912242625E+00
 0.159210788438792E+00
 0.157869726268158E+00
 0.156504861782351E+00
 0.155147598057200E+00
 0.153812933946013E+00
 0.152476503451386E+00
 0.151151560259075E+00
 0.149836248224514E+00
 0.148535462493969E+00
 0.147230779007851E+00
 0.145923902443628E+00
 0.144687655217422E+00
 0.143472883305909E+00
 0.142213857989371E+00
 0.140992185352837E+00
 0.139830034116771E+00
 0.138616265011320E+00
 0.137451815538506E+00
 0.136345064569592E+00
 0.135121443924601E+00
 0.134085822369686E+00
 0.132958515925020E+00
 0.131860887851427E+00
 0.130833767857132E+00
 0.129694908147921E+00
 0.128748090552756E+00
 0.127595654564522E+00
 0.126712297913377E+00
 0.125626541255133E+00
 0.124733619348457E+00
 0.123700763715550E+00
 0.122765527026370E+00
 0.121533433104056E+00
 0.120009009940927E+00
 0.118197932394759E+00
 0.116107003561603E+00
 0.113744065650282E+00
 0.111117865719728E+00
 0.108237924036701E+00
 0.105285817454576E+00
 0.102452120178657E+00
 0.997280509591433E-01
 0.970962220111016E-01
 0.951486870289723E-01
 0.944889216053904E-01
 0.938270326267792E-01
 0.931506134965149E-01
 0.924890435887667E-01
 0.918885375668368E-01
 0.912594355684489E-01
 0.905892454976927E-01
 0.900327706958908E-01
 0.894277923573084E-01
 0.887808801397622E-01
 0.882480739495034E-01
 0.875246794134029E-01
 0.865928058708945E-01
 0.854556844225136E-01
 0.841171825574326E-01
 0.825817758610614E-01
 0.808545573110970E-01
 0.789412813689992E-01
 0.768484218095660E-01
 0.745832114661612E-01
 0.726035642581236E-01
 0.719707924126809E-01
 0.713481657949614E-01
 0.707234350396339E-01
 0.700933092784294E-01
 0.694897387500817E-01
 0.689142415494286E-01
 0.682918218562022E-01
 0.677369443430650E-01
 0.671891208650021E-01
 0.665925064830933E-01
 0.661041780127950E-01
 0.655627470325853E-01
 0.650410533048089E-01
 0.645586384374669E-01
 0.640067298235661E-01
 0.635832343168417E-01
 0.630199785567783E-01
 0.626350221799096E-01
 0.621047174653315E-01
 0.617085469669493E-01
 0.612103028932916E-01
 0.608131013902963E-01
 0.603364790838221E-01
 0.599076584456160E-01
 0.592953079863026E-01
 0.585083061077147E-01
 0.575562696186088E-01
 0.564728746076992E-01
 0.553976194279836E-01
 0.543533805882327E-01
 0.533415864534247E-01
 0.523472196204146E-01
 0.513919237566799E-01
 0.504562534113735E-01
 0.495435959224324E-01
 0.486551301601968E-01
 0.477904621557519E-01
 0.469469572322526E-01
 0.462438059865844E-01
 0.460096842234672E-01
 0.458365224153377E-01
 0.456409140799049E-01
 0.454183749063610E-01
 0.452520485408649E-01
 0.449864094911365E-01
 0.469788553765211E-01
 0.499732229687211E-01
 0.530088858932894E-01
 0.560696840661411E-01
 0.591391981772359E-01
 0.622009668072157E-01
 0.652386548356928E-01
 0.682361388542225E-01
 0.711775079644269E-01
 0.740470152404687E-01
 0.768290384018800E-01
 0.795081042855051E-01
 0.820690005687051E-01
 0.844969547969114E-01
 0.867778267214796E-01
 0.888982516859919E-01
 0.908456935224173E-01
 0.926084047106974E-01
 0.941753312715011E-01
 0.955360226500326E-01
 0.966806036752920E-01
 0.975998394987659E-01
 0.982852881255614E-01
 0.987295044378312E-01
 0.989262448173802E-01
 0.988706238709397E-01
 0.985591892892730E-01
 0.979899017942792E-01
 0.971620307905166E-01
 0.960759990850226E-01
 0.947332253246988E-01
 0.931530599094761E-01
 0.915682865900301E-01
 0.900546523852053E-01
 0.885876239769427E-01
 0.871515467466539E-01
 0.857769904136674E-01
 0.844373005223658E-01
 0.831591518030179E-01
 0.819130319659647E-01
 0.807010625166809E-01
 0.795331073098584E-01
 0.783874389931868E-01
 0.772985191131604E-01
 0.762241224694231E-01
 0.751659774847128E-01
 0.741518485658957E-01
 0.731997303956807E-01
 0.722329646663771E-01
 0.713000915864967E-01
 0.704354724491452E-01
 0.695243536907890E-01
 0.687134701999076E-01
 0.678961118129020E-01
 0.670737833625497E-01
 0.663376123627721E-01
 0.655194316696185E-01
 0.648609730548903E-01
 0.640933143397925E-01
 0.634301517621514E-01
 0.625814507682131E-01
 0.615477692797853E-01
 0.603304913976891E-01
 0.589318069012508E-01
 0.573546882137020E-01
 0.556028754637563E-01
 0.536808725782665E-01
 0.515939489726614E-01
 0.494296634067069E-01
 0.505506849771929E-01
 0.527456711277476E-01
 0.546923606698980E-01
 0.563854094639965E-01
 0.578206710583099E-01
 0.589952853178731E-01
 0.599077220606824E-01
 0.605577662759590E-01
 0.609464477526560E-01
 0.610759331692107E-01
 0.610241867582945E-01
 0.609454467896169E-01
 0.608272860387790E-01
 0.607160821801168E-01
 0.605762132101756E-01
 0.604126923803841E-01
 0.602173543189793E-01
 0.600245557973106E-01
 0.598394612691862E-01
 0.596317550468559E-01
 0.593747661323995E-01
 0.591347931764316E-01
 0.588978938143982E-01
 0.586222876603814E-01
 0.583758424318096E-01
 0.581093811295761E-01
 0.578175472296554E-01
 0.575555241434213E-01
 0.572475530646008E-01
 0.569774129750890E-01
 0.566929470676380E-01
 0.563714480222473E-01
 0.561294333299125E-01
 0.557655048101725E-01
 0.555608699989797E-01
 0.552106966190798E-01
 0.549861905763027E-01
 0.546595861602389E-01
 0.544121518675091E-01
 0.540982662737500E-01
 0.538368001374879E-01
 0.535283194683064E-01
 0.532523722976495E-01
 0.527922791776384E-01
 0.521525731213629E-01
 0.513703804177371E-01
 0.505754298703811E-01
 0.497919059794803E-01
 0.490128151022584E-01
 0.482385504439026E-01
 0.474656671439519E-01
 0.466999475448151E-01
 0.459450530519653E-01
 0.452026394676100E-01
 0.444713227700984E-01
 0.437497173744654E-01
 0.430371330929489E-01
 0.423307444668146E-01
 0.420627849227893E-01
 0.419106091948101E-01
 0.417079725370136E-01
 0.415710576123018E-01
 0.414068680965095E-01
 0.412319730841946E-01
 0.409296307698204E-01
 0.405023041059929E-01
 0.399531284034909E-01
 0.392953723267638E-01
 0.388312269057679E-01
 0.382431907228345E-01
 0.375353002565936E-01
 0.367120692714826E-01
 0.357785275736353E-01
 0.347402451866259E-01
 0.336033135138896E-01
 0.323742727894695E-01
 0.310599982909458E-01
 0.296675775745768E-01
 0.282042193716020E-01
 0.266772260994848E-01
 0.250940366383262E-01
 0.267362574181934E-01
 0.289589987611157E-01
 0.310438299948856E-01
 0.329763660762217E-01
 0.347424992888097E-01
 0.363286644494213E-01
 0.377221133930650E-01
 0.389111258371688E-01
 0.398851179514151E-01
 0.406346518180072E-01
 0.411513802896269E-01
 0.414279731471622E-01
 0.414580631824283E-01
 0.412413747837956E-01
 0.409648508048951E-01
 0.406821259200787E-01
 0.403793712877794E-01
 0.400716728376184E-01
 0.397703883146745E-01
 0.394748255412036E-01
 0.391805040257844E-01
 0.388851697067107E-01
 0.385774210932631E-01
 0.382430740998666E-01
 0.379335503630174E-01
 0.376510923781346E-01
 0.373229663393223E-01
 0.370250335562430E-01
 0.367279825354904E-01
 0.363871969308621E-01
 0.361131740700061E-01
 0.357991240379085E-01
 0.354886885210108E-01
 0.352230274801563E-01
 0.348671164601926E-01
 0.346490284740420E-01
 0.343237370698496E-01
 0.340798055157268E-01
 0.383916452370757E-01
 0.433259292092089E-01
 0.482451970292394E-01
 0.531291226417165E-01
 0.579574559428470E-01
 0.627101425068931E-01
 0.673674137801455E-01
 0.719098387879404E-01
 0.763183378957156E-01
 0.805741664629633E-01
 0.846588821231994E-01
 0.885543167802534E-01
 0.922425825606703E-01
 0.957061431991721E-01
 0.989279703086556E-01
 0.101891776135235E+00
 0.104582280863773E+00
 0.106985451038193E+00
 0.109088650255778E+00
 0.110880674307051E+00
 0.112351685802486E+00
 0.113493097337716E+00
 0.114297462723877E+00
 0.114758421443344E+00
 0.114870712837517E+00
 0.114630248204131E+00
 0.114034211623685E+00
 0.113081157100311E+00
 0.111771077591933E+00
 0.110147092606366E+00
 0.108528443605540E+00
 0.106950976973539E+00
 0.105420165131365E+00
 0.103928130343680E+00
 0.102482920022440E+00
 0.101080060468571E+00
 0.997237798209735E-01
 0.984005069391178E-01
 0.970969257038360E-01
 0.958409086585206E-01
 0.946201235599135E-01
 0.934530745496359E-01
 0.922827768203679E-01
 0.911729992543287E-01
 0.900997621100653E-01
 0.890012245867727E-01
 0.879828624232722E-01
 0.870000668248423E-01
 0.859292960007400E-01
 0.850684760655659E-01
 0.840818799164664E-01
 0.832020800254930E-01
 0.823139323785912E-01
 0.814233037144512E-01
 0.806206939098098E-01
 0.797288392348700E-01
 0.789919682668241E-01
 0.781092755328983E-01
 0.774151358583242E-01
 0.764758535471519E-01
 0.752806186712831E-01
 0.738311806781671E-01
 0.721302608882001E-01
 0.701816463671624E-01
 0.750442193396588E-01
 0.797186747792037E-01
 0.841125298462717E-01
 0.882114905911531E-01
 0.920020970503348E-01
 0.954717067038673E-01
 0.986085654517455E-01
 0.101401941952238E+00
 0.103842285972394E+00
 0.105921374931605E+00
 0.107632427033362E+00
 0.108970173779420E+00
 0.109930893675144E+00
 0.110512413297394E+00
 0.110714084488030E+00
 0.110536747879835E+00
 0.109982691422353E+00
 0.109059820603256E+00
 0.108002508605937E+00
 0.106988261607293E+00
 0.105960416302948E+00
 0.104934702092947E+00
 0.103944751422071E+00
 0.102956102475526E+00
 0.101975084746538E+00
 0.101045783820780E+00
 0.100131395034984E+00
 0.992155949696060E-01
 0.982676591890955E-01
 0.973763429183355E-01
 0.965242302345147E-01
 0.956209048123135E-01
 0.947742811831759E-01
 0.939674360126620E-01
 0.930739892573269E-01
 0.923194184606694E-01
 0.915199759690860E-01
 0.906997134014084E-01
 0.899892142287883E-01
 0.891129496069362E-01
 0.884904380163561E-01
 0.876699783327651E-01
 0.870280538374593E-01
 0.862609872520800E-01
 0.856096432281353E-01
 0.848927177374301E-01
 0.842370358435921E-01
 0.835562904499973E-01
 0.828464464559049E-01
 0.818665288583799E-01
 0.806204430644400E-01
 0.791132117029451E-01
 0.773510487977055E-01
 0.753469642623886E-01
 0.733125775395868E-01
 0.713536241126353E-01
 0.732334656475778E-01
 0.768576034985461E-01
 0.802265315873774E-01
 0.833338368175982E-01
 0.861743766510013E-01
 0.887443144995886E-01
 0.910411176888125E-01
 0.930635217874909E-01
 0.948114729838412E-01
 0.962860623157345E-01
 0.974894632776114E-01
 0.984248805221574E-01
 0.990965144180673E-01
 0.995095447305192E-01
 0.996701352914503E-01
 0.995854578259733E-01
 0.992637257976938E-01
 0.987142201374371E-01
 0.979472831435190E-01
 0.969742599574333E-01
 0.958073800344172E-01
 0.945103848957473E-01
 0.932774586887825E-01
 0.920617932357690E-01
 0.908821875896869E-01
 0.897282110236107E-01
 0.886274342837717E-01
 0.875549937593687E-01
 0.865083835949392E-01
 0.854923294725745E-01
 0.845033011292052E-01
 0.835347941616413E-01
 0.826179368947435E-01
 0.817054433028153E-01
 0.808069304836300E-01
 0.799748901668848E-01
 0.791229107368892E-01
 0.782865000370344E-01
 0.775189161348635E-01
 0.767000031948861E-01
 0.759638318359193E-01
 0.752333053995034E-01
 0.744815343608014E-01
 0.738161327312832E-01
 0.730536793143653E-01
 0.724447742596180E-01
 0.717274306056288E-01
 0.711277893283848E-01
 0.704564483389558E-01
 0.698248035443221E-01
 0.690363427256487E-01
 0.680994963900663E-01
 0.670232068331206E-01
 0.658168483017229E-01
 0.644901431267534E-01
 0.630530971288471E-01
 0.615159704310963E-01
 0.598892818754675E-01
 0.581838255908572E-01
 0.564106680119885E-01
 0.546371051858400E-01
 0.533290977378857E-01
 0.529230767456329E-01
 0.525391798790948E-01
 0.521538380994588E-01
 0.517586557321237E-01
 0.513731396383000E-01
 0.510165355686129E-01
 0.506421380666182E-01
 0.502595805470147E-01
 0.499240260631124E-01
 0.505536367864364E-01
 0.517590562018773E-01
 0.529312911831243E-01
 0.540561308597562E-01
 0.551196639974931E-01
 0.561083889428393E-01
 0.570092588869895E-01
 0.578096721171652E-01
 0.584974274977962E-01
 0.590606712322523E-01
 0.594878616670399E-01
 0.597677737862497E-01
 0.598895538107470E-01
 0.598428191025917E-01
 0.596177846308853E-01
 0.592053907475888E-01
 0.585974111878070E-01
 0.577865328403798E-01
 0.567664131059419E-01
 0.555317288113220E-01
 0.541022622465482E-01
 0.527127924479881E-01
 0.513937374267431E-01
 0.500971854504350E-01
 0.488854288250779E-01
 0.477170902030416E-01
 0.467585474593723E-01
 0.468414152602407E-01
 0.468441580982274E-01
 0.467624004474400E-01
 0.466690930589010E-01
 0.465300611963825E-01
 0.462992553901004E-01
 0.460078393505379E-01
 0.457230088275217E-01
 0.453414677949695E-01
 0.449163510498704E-01
 0.444856429360267E-01
 0.439541317323604E-01
 0.434496629210634E-01
 0.428761446738015E-01
 0.422803825243223E-01
 0.416726285847908E-01
 0.410113235123189E-01
 0.403770942620099E-01
 0.436513835966621E-01
 0.488497524100062E-01
 0.540096127185845E-01
 0.591122579374454E-01
 0.641390094399876E-01
 0.690713566445448E-01
 0.738910750928154E-01
 0.785803190613095E-01
 0.831216938397988E-01
 0.874983160691605E-01
 0.916938664936027E-01
 0.956926311186093E-01
 0.994795211350930E-01
 0.103040065726048E+00
 0.106360385680480E+00
 0.109427172351218E+00
 0.112227704976316E+00
 0.114749932657392E+00
 0.116982626894831E+00
 0.118915585145832E+00
 0.120539845440904E+00
 0.121847863437570E+00
 0.122833608821970E+00
 0.123492556652517E+00
 0.123821576885563E+00
 0.123818754432616E+00
 0.123483193416723E+00
 0.122814865527658E+00
 0.121826765885503E+00
 0.120719601318859E+00
 0.119642999355648E+00
 0.118545151548469E+00
 0.117460106069142E+00
 0.116397894599036E+00
 0.115329223952449E+00
 0.114253838924905E+00
 0.113229473042052E+00
 0.112229091209531E+00
 0.111228502511931E+00
 0.110203871535082E+00
 0.109219088396447E+00
 0.108270187006810E+00
 0.107302546119632E+00
 0.106345259104338E+00
 0.105433587546864E+00
 0.104477382211250E+00
 0.103581353061411E+00
 0.102707745472449E+00
 0.101754586035987E+00
 0.100957458249036E+00
 0.100040024951762E+00
 0.992443261913976E-01
 0.983902402247904E-01
 0.975756621736533E-01
 0.967855142146400E-01
 0.959634145683608E-01
 0.952171792356691E-01
 0.943956503328217E-01
 0.936855199930424E-01
 0.928066926678909E-01
 0.916871201952290E-01
 0.903291060764659E-01
 0.887359607185715E-01
 0.869120289775883E-01
 0.848626513859538E-01
 0.825940754772414E-01
 0.801928301686600E-01
 0.778757886253825E-01
 0.756561589346267E-01
 0.735359445648331E-01
 0.723484226691624E-01
 0.718000372332937E-01
 0.712530444173983E-01
 0.712810832749139E-01
 0.730650546425203E-01
 0.745544002307368E-01
 0.757486159136414E-01
 0.766485200871752E-01
 0.772562892128328E-01
 0.775755019933363E-01
 0.776111675179638E-01
 0.773697107948338E-01
 0.768588973493725E-01
 0.761568615649401E-01
 0.754316844269988E-01
 0.747116957015490E-01
 0.740115277532853E-01
 0.733197906171988E-01
 0.726390584794799E-01
 0.719687296818516E-01
 0.713122861985074E-01
 0.706478904545716E-01
 0.699956566333511E-01
 0.694116003687686E-01
 0.688036284004188E-01
 0.681647944999425E-01
 0.675926330425682E-01
 0.670328107505040E-01
 0.664114097642224E-01
 0.658946498924988E-01
 0.653373876317404E-01
 0.647700953315983E-01
 0.642783455092445E-01
 0.636795457420890E-01
 0.632428457651810E-01
 0.626953650651215E-01
 0.622327607436204E-01
 0.617278260490297E-01
 0.612517022152188E-01
 0.607810272007700E-01
 0.603035134532769E-01
 0.598619426121901E-01
 0.593936278045149E-01
 0.589739963676280E-01
 0.584600320642548E-01
 0.577553959961830E-01
 0.568677600257183E-01
 0.558056089242525E-01
 0.546701175727215E-01
 0.535677877935793E-01
 0.525010540484059E-01
 0.514668327503128E-01
 0.504594640172295E-01
 0.494725479864977E-01
 0.485103457162511E-01
 0.475759604029548E-01
 0.466693633328431E-01
 0.457910883440508E-01
 0.449398207875281E-01
 0.445967601433149E-01
 0.442775576003350E-01
 0.440269780853639E-01
 0.438851168344277E-01
 0.436821178060579E-01
 0.435066361875371E-01
 0.431925061924014E-01
 0.427441724676027E-01
 0.431111744377487E-01
 0.472822506690314E-01
 0.515553273674732E-01
 0.559126921523731E-01
 0.603357738259334E-01
 0.648052147953657E-01
 0.693010230780943E-01
 0.738027971894066E-01
 0.782899892697768E-01
 0.827421517609846E-01
 0.871391121175331E-01
 0.914610412697513E-01
 0.956884178525675E-01
 0.998019282458676E-01
 0.103782367793140E+00
 0.107610610588080E+00
 0.111267691453759E+00
 0.114735002187493E+00
 0.117994561358008E+00
 0.121029290705766E+00
 0.123823231322923E+00
 0.126361656388754E+00
 0.128631072006616E+00
 0.130619130094330E+00
 0.132314498816636E+00
 0.133706743772853E+00
 0.134786266847787E+00
 0.135544330449678E+00
 0.135973166852491E+00
 0.136066143767517E+00
 0.135817938240126E+00
 0.135224668659340E+00
 0.134283949716683E+00
 0.132994861970983E+00
 0.131357857226045E+00
 0.129374643347888E+00
 0.127170768963999E+00
 0.125041802639172E+00
 0.122966491534207E+00
 0.120984482078382E+00
 0.119063717266972E+00
 0.117194162620991E+00
 0.115386339955305E+00
 0.113634666391824E+00
 0.111941615888608E+00
 0.110307680569889E+00
 0.108724006784778E+00
 0.107194164378438E+00
 0.105688834448253E+00
 0.104250062956381E+00
 0.102861475425095E+00
 0.101506494267202E+00
 0.100154268734220E+00
 0.989246414494693E-01
 0.976510414917573E-01
 0.964400947227529E-01
 0.952927580133635E-01
 0.940566790149945E-01
 0.930398948443786E-01
 0.918908929233880E-01
 0.908971059229431E-01
 0.898435775261262E-01
 0.888540369523790E-01
 0.878793950888022E-01
 0.868511597071367E-01
 0.855726557739821E-01
 0.840447147580480E-01
 0.822694371360959E-01
 0.802501885481689E-01
 0.779914705470184E-01
 0.754987214647988E-01
 0.727781234050843E-01
 0.754288819616290E-01
 0.800882126280701E-01
 0.844737874963236E-01
 0.885741458101833E-01
 0.923791237270276E-01
 0.958799317226064E-01
 0.990691734115060E-01
 0.101940823598014E+00
 0.104490186861016E+00
 0.106713850726485E+00
 0.108609638349869E+00
 0.110176561720716E+00
 0.111414778591641E+00
 0.112325560202369E+00
 0.112911277193150E+00
 0.113175406065271E+00
 0.113122550818694E+00
 0.112758468776044E+00
 0.112138778714307E+00
 0.111477155521887E+00
 0.110794891767941E+00
 0.110132951424568E+00
 0.109456445981160E+00
 0.108768491080903E+00
 0.108062722628324E+00
 0.107342400110005E+00
 0.106630218136759E+00
 0.105941501364098E+00
 0.105243974047211E+00
 0.104528955418547E+00
 0.103819898719845E+00
 0.103119477533818E+00
 0.102383506915511E+00
 0.101706794950729E+00
 0.101024706982844E+00
 0.100282139685996E+00
 0.996485330588731E-01
 0.989614315100148E-01
 0.982786077085943E-01
 0.976447058963190E-01
 0.969120319666800E-01
 0.963384377819711E-01
 0.955997307175303E-01
 0.950551100024590E-01
 0.943567910319640E-01
 0.937905041526691E-01
 0.931265142328271E-01
 0.925476877307034E-01
 0.919063149499618E-01
 0.912903541779869E-01
 0.904525277532757E-01
 0.894000680828027E-01
 0.881409697700514E-01
 0.866837771910616E-01
 0.850374143237599E-01
 0.832176587436377E-01
 0.813788754836917E-01
 0.795901541989970E-01
 0.778597454074538E-01
 0.761621111230843E-01
 0.745315992627275E-01
 0.729366752362151E-01
 0.713831326156797E-01
 0.706034583736754E-01
 0.701444359701240E-01
 0.697178326887424E-01
 0.693095020835159E-01
 0.688801461727986E-01
 0.684379379177543E-01
 0.680546526241937E-01
 0.676290659606546E-01
 0.672054388800315E-01
 0.668274456657201E-01
 0.663462405309832E-01
 0.657081345516310E-01
 0.649176681564397E-01
 0.639800047845131E-01
 0.629009327475299E-01
 0.616868492680711E-01
 0.603447178729159E-01
 0.588819864697102E-01
 0.573064651439572E-01
 0.556261861272399E-01
 0.538492870506600E-01
 0.519839557375397E-01
 0.500384475967752E-01
 0.480211504102645E-01
 0.459406488015905E-01
 0.438057453520950E-01
 0.416254217809947E-01
 0.394087532434817E-01
 0.371648048959747E-01
 0.349025386281425E-01
 0.326307471033212E-01
 0.303580213847971E-01
 0.280927503125271E-01
 0.258431415910592E-01
 0.236172447548304E-01
 0.214229494145907E-01
 0.192679364202741E-01
 0.171595782881314E-01
 0.152134875761660E-01
 0.159008719810037E-01
 0.178739644275765E-01
 0.200039034621149E-01
 0.222861826682559E-01
 0.247155634562858E-01
 0.272859596694342E-01
 0.299903166984331E-01
 0.328205235082721E-01
 0.357673800664700E-01
 0.388206278985778E-01
 0.419690415466750E-01
 0.452005700847249E-01
 0.485025064598150E-01
 0.518616506539148E-01
 0.552644292506120E-01
 0.586969461769115E-01
 0.621449647140689E-01
 0.655938471253053E-01
 0.690284920999145E-01
 0.724333066881207E-01
 0.757922339394945E-01
 0.790888398621089E-01
 0.823064502636590E-01
 0.854283206623885E-01
 0.884378192699120E-01
 0.913186032927958E-01
 0.940547726626649E-01
 0.966309919779481E-01
 0.990325783699802E-01
 0.101245557537246E+00
 0.103256691685867E+00
 0.105053483276929E+00
 0.106624159816906E+00
 0.107957648841428E+00
 0.109043557889624E+00
 0.109872178368463E+00
 0.110434530223271E+00
 0.110722453411651E+00
 0.110728734670919E+00
 0.110447242208681E+00
 0.109873036312548E+00
 0.109002434002050E+00
 0.107833024483708E+00
 0.106364467282573E+00
 0.104780906146027E+00
 0.103260512270494E+00
 0.101758434143349E+00
 0.100331848964789E+00
 0.989328593925422E-01
 0.975686029553340E-01
 0.962411246250449E-01
 0.949336158777304E-01
 0.936504964009410E-01
 0.924248554561786E-01
 0.912625306530761E-01
 0.900972885921220E-01
 0.889473322478235E-01
 0.878593917100506E-01
 0.867722499281071E-01
 0.856903109608295E-01
 0.846996222069523E-01
 0.836896511241004E-01
 0.826928502138000E-01
 0.817862070454358E-01
 0.808079889711038E-01
 0.799610797978474E-01
 0.790722711896555E-01
 0.782130141529674E-01
 0.774066501336185E-01
 0.765457103922624E-01
 0.758068570185352E-01
 0.749525482927912E-01
 0.742648714238432E-01
 0.733675383469818E-01
 0.722557491668514E-01
 0.709294611486668E-01
 0.693894385670821E-01
 0.676372608956258E-01
 0.656753366344075E-01
 0.676440567735719E-01
 0.719324475111490E-01
 0.759534229287084E-01
 0.796923892090979E-01
 0.831355638017704E-01
 0.862699799780759E-01
 0.890835600057883E-01
 0.915652554492375E-01
 0.937052311835096E-01
 0.954950529550624E-01
 0.969278327506514E-01
 0.979982949633490E-01
 0.987027477739554E-01
 0.990389720162748E-01
 0.990060651653497E-01
 0.986042924665137E-01
 0.978670583705008E-01
 0.971056362184432E-01
 0.963285569882704E-01
 0.955555736021556E-01
 0.947936448888767E-01
 0.940304919010972E-01
 0.932592324439663E-01
 0.924834158962990E-01
 0.917268573800732E-01
 0.910098914035035E-01
 0.902759033839912E-01
 0.894994199151063E-01
 0.887654625281861E-01
 0.880790626365166E-01
 0.873193954950871E-01
 0.866286691596091E-01
 0.859516480571989E-01
 0.851997482889486E-01
 0.845767965310758E-01
 0.838821908592455E-01
 0.832176766873447E-01
 0.825953948221072E-01
 0.818729893551229E-01
 0.813238070251418E-01
 0.805686813044593E-01
 0.800728873839819E-01
 0.793774398073113E-01
 0.788591961411590E-01
 0.782084581424877E-01
 0.776740312755152E-01
 0.770502184009954E-01
 0.764833520724334E-01
 0.756491285578449E-01
 0.745507825582338E-01
 0.731924406813825E-01
 0.715794065826067E-01
 0.719394197433829E-01
 0.762628436329851E-01
 0.803278538486947E-01
 0.841213092447292E-01
 0.876310913097625E-01
 0.908462717635886E-01
 0.937572585536559E-01
 0.963558873787694E-01
 0.986354493962581E-01
 0.100590668940553E+00
 0.102217658621210E+00
 0.103513878789269E+00
 0.104478116380401E+00
 0.105110482145045E+00
 0.105412413781356E+00
 0.105386670202702E+00
 0.105037308157463E+00
 0.104369642045816E+00
 0.103390196127931E+00
 0.102106662198051E+00
 0.100611111567350E+00
 0.991330307812981E-01
 0.977232150838990E-01
 0.963253706942006E-01
 0.949755874706301E-01
 0.936806732898277E-01
 0.924126500353533E-01
 0.911899574313593E-01
 0.900178399680120E-01
 0.888846407625247E-01
 0.877632521218711E-01
 0.866684514338519E-01
 0.856155861603870E-01
 0.846154352919374E-01
 0.835902014584368E-01
 0.826363524226948E-01
 0.817248197679384E-01
 0.807453172192812E-01
 0.799144004693978E-01
 0.790356569538170E-01
 0.781654932268708E-01
 0.773777473813121E-01
 0.764817625550392E-01
 0.757832341897702E-01
 0.749337237680633E-01
 0.742581410246235E-01
 0.734755862591853E-01
 0.727998630157459E-01
 0.720667421696950E-01
 0.713522938031404E-01
 0.704123845301330E-01
 0.692536853084775E-01
 0.678837437839000E-01
 0.663108856300960E-01
 0.645441248118498E-01
 0.625930839763841E-01
 0.605743274439803E-01
 0.586615413147019E-01
 0.568360114596193E-01
 0.550858448996377E-01
 0.545539785696985E-01
 0.540813849278361E-01
 0.536565434311905E-01
 0.532363848174413E-01
 0.528071415446488E-01
 0.523597339524120E-01
 0.519654419087289E-01
 0.515776808267626E-01
 0.511603461857673E-01
 0.507715445014957E-01
 0.504020544419334E-01
 0.499799144389338E-01
 0.496283022942752E-01
 0.491137840481515E-01
 0.484401502743317E-01
 0.476119352089592E-01
 0.466343805430746E-01
 0.455133542555947E-01
 0.442552557167090E-01
 0.428669344447928E-01
 0.413556325694620E-01
 0.397289465951446E-01
 0.379948022671377E-01
 0.361614431823706E-01
 0.342374370412894E-01
 0.322316954122202E-01
 0.301534884431494E-01
 0.287363058487542E-01
 0.314600745909738E-01
 0.340811483530862E-01
 0.365841737538551E-01
 0.389541527322267E-01
 0.411765702422868E-01
 0.432375873568538E-01
 0.451242458915710E-01
 0.468246243230672E-01
 0.483279020273795E-01
 0.496243230020312E-01
 0.507050886006959E-01
 0.515622366452877E-01
 0.521885698855700E-01
 0.525776767196422E-01
 0.527240488208530E-01
 0.526232598538760E-01
 0.522721443408633E-01
 0.516689165594163E-01
 0.508131946250582E-01
 0.497245212377178E-01
 0.486482015600140E-01
 0.475974225225113E-01
 0.466057780643639E-01
 0.456368656200434E-01
 0.447048684091390E-01
 0.438097817204946E-01
 0.429516540391500E-01
 0.421138067380704E-01
 0.413106963424527E-01
 0.405354266713793E-01
 0.397914795532400E-01
 0.390585273695228E-01
 0.383455306069742E-01
 0.377025201197491E-01
 0.370520885419763E-01
 0.364029444491077E-01
 0.358305063906195E-01
 0.352555509828782E-01
 0.346494955019260E-01
 0.341692498104041E-01
 0.336152818571337E-01
 0.331363781928515E-01
 0.326496937748246E-01
 0.321648107870705E-01
 0.359763884219021E-01
 0.401409424684220E-01
 0.442143301204272E-01
 0.481800002608392E-01
 0.520216280643762E-01
 0.557231799130171E-01
 0.592690431016452E-01
 0.626442053633083E-01
 0.658344531204331E-01
 0.688265499765490E-01
 0.716083606034292E-01
 0.741688990464421E-01
 0.764983005590852E-01
 0.785877364760086E-01
 0.804293065324115E-01
 0.820159483658854E-01
 0.833413981746977E-01
 0.844002209204964E-01
 0.851879070210304E-01
 0.857010112272378E-01
 0.859372949189546E-01
 0.858958303097569E-01
 0.855770352913983E-01
 0.849826278369943E-01
 0.841845237593265E-01
 0.834046561863422E-01
 0.826162276138808E-01
 0.818380214049604E-01
 0.810558924148955E-01
 0.802867089338008E-01
 0.795282484711770E-01
 0.787841040261604E-01
 0.780356850662402E-01
 0.773016587814005E-01
 0.765709900005113E-01
 0.758666813564979E-01
 0.751539881938986E-01
 0.744666072598807E-01
 0.737919191967148E-01
 0.731130217764319E-01
 0.724520316851343E-01
 0.718298699964430E-01
 0.711380571773827E-01
 0.705531153863050E-01
 0.699213190381304E-01
 0.692971358711607E-01
 0.687361179159651E-01
 0.680858935812676E-01
 0.675820726521728E-01
 0.669363486366351E-01
 0.664631331716977E-01
 0.658576274316233E-01
 0.653725213590326E-01
 0.647993910088044E-01
 0.642886116089636E-01
 0.635791133116803E-01
 0.626735692137292E-01
 0.615754296545751E-01
 0.602888902428674E-01
 0.588188746487417E-01
 0.571719509949665E-01
 0.554894803724554E-01
 0.538702679334850E-01
 0.523121023682590E-01
 0.508030791404187E-01
 0.500869370396483E-01
 0.517261489523032E-01
 0.531537396894745E-01
 0.543693020452573E-01
 0.553735370232146E-01
 0.561683829272473E-01
 0.567570785512291E-01
 0.571441287211836E-01
 0.573351742377928E-01
 0.573368008851123E-01
 0.571563424516947E-01
 0.568017337722740E-01
 0.562942332008863E-01
 0.557459289274992E-01
 0.551993675710106E-01
 0.546625511526040E-01
 0.541451882918512E-01
 0.536269101804375E-01
 0.531084407138521E-01
 0.526108643767134E-01
 0.521149405571342E-01
 0.516217038218814E-01
 0.511624998342006E-01
 0.506979588513366E-01
 0.502443291048777E-01
 0.497950035006393E-01
 0.493559143633610E-01
 0.489210039098869E-01
 0.485063739529739E-01
 0.480864222607530E-01
 0.476764582840743E-01
 0.473002848889634E-01
 0.468642653515088E-01
 0.465386832991604E-01
 0.461322847473966E-01
 0.457905695680091E-01
 0.454204436170720E-01
 0.450707245339126E-01
 0.447253227674123E-01
 0.443730238309915E-01
 0.440451176385089E-01
 0.436960417215287E-01
 0.433816328124261E-01
 0.430038995246294E-01
 0.425040214440195E-01
 0.418894012110617E-01
 0.411680552488908E-01
 0.403494565947343E-01
 0.395020329777843E-01
 0.386848154202362E-01
 0.378908345791739E-01
 0.392926710358093E-01
 0.417223405825164E-01
 0.443290182163693E-01
 0.471048235589337E-01
 0.500409393287094E-01
 0.531274986953054E-01
 0.563534979407098E-01
 0.597067752726024E-01
 0.631740671548236E-01
 0.667411232130369E-01
 0.703928444245174E-01
 0.741134128959918E-01
 0.778863992112473E-01
 0.816948517348389E-01
 0.855213799191910E-01
 0.893482386380770E-01
 0.931574103632449E-01
 0.969306761810102E-01
 0.100649669069574E+00
 0.104295910276925E+00
 0.107850836703439E+00
 0.111295831617486E+00
 0.114612273565185E+00
 0.117781618797395E+00
 0.120785527783470E+00
 0.123606033443321E+00
 0.126225729900080E+00
 0.128627944473539E+00
 0.130796852424861E+00
 0.132717508434748E+00
 0.134375797118199E+00
 0.135758336387593E+00
 0.136852389321827E+00
 0.137645842182979E+00
 0.138127284977169E+00
 0.138286192758588E+00
 0.138113165796896E+00
 0.137600162328486E+00
 0.136740659588657E+00
 0.135529705035585E+00
 0.133963857367167E+00
 0.132041051091006E+00
 0.129766487764174E+00
 0.127419236930200E+00
 0.125168137716392E+00
 0.123022971264135E+00
 0.120932764393703E+00
 0.118909379282491E+00
 0.116964445300364E+00
 0.115093562868753E+00
 0.113289912777255E+00
 0.111544619129341E+00
 0.109843240044432E+00
 0.108164295141461E+00
 0.106584141373433E+00
 0.105043763479913E+00
 0.103544574371547E+00
 0.102061590584721E+00
 0.100685074063322E+00
 0.993147342631371E-01
 0.979534068021469E-01
 0.967195395131287E-01
 0.954004637784400E-01
 0.942324662441960E-01
 0.930395228684217E-01
 0.918591528629310E-01
 0.907867711984425E-01
 0.896082559556135E-01
 0.886408746138239E-01
 0.875362334316362E-01
 0.865675063805682E-01
 0.853468466893790E-01
 0.838724000638497E-01
 0.821434905971527E-01
 0.801604842530216E-01
 0.816935577766613E-01
 0.886230569321323E-01
 0.953275706234292E-01
 0.101787288603042E+00
 0.107983076836985E+00
 0.113896516640914E+00
 0.119509991930519E+00
 0.124806812855759E+00
 0.129771352346495E+00
 0.134389171862262E+00
 0.138647123359010E+00
 0.142533427283805E+00
 0.146037731400345E+00
 0.149151150170426E+00
 0.151866276608122E+00
 0.154177158329121E+00
 0.156079240908584E+00
 0.157569298259654E+00
 0.158645379579179E+00
 0.159306797222386E+00
 0.159554161316183E+00
 0.159389445092541E+00
 0.158816051186387E+00
 0.157838849274064E+00
 0.156545414576756E+00
 0.155245032362687E+00
 0.153964348718435E+00
 0.152692997157589E+00
 0.151427284015538E+00
 0.150169197073353E+00
 0.148921558686152E+00
 0.147677570622968E+00
 0.146431172388506E+00
 0.145185723250616E+00
 0.143995345964487E+00
 0.142838422787963E+00
 0.141635055080237E+00
 0.140458340740587E+00
 0.139340385790467E+00
 0.138170931167021E+00
 0.137049191161158E+00
 0.135971477156587E+00
 0.134791489765436E+00
 0.133796206733149E+00
 0.132708356708331E+00
 0.131651717968380E+00
 0.130654980957195E+00
 0.129558174452746E+00
 0.128643111001340E+00
 0.127525092092538E+00
 0.126673318511557E+00
 0.125619530768685E+00
 0.124753125198238E+00
 0.123748347547856E+00
 0.122846881999622E+00
 0.121651573883345E+00
 0.120168429091598E+00
 0.118404422594177E+00
 0.116367350057641E+00
 0.114065712148495E+00
 0.111508668743318E+00
 0.108706079388824E+00
 0.105838057055933E+00
 0.103077187115789E+00
 0.100423540298031E+00
 0.978606546703161E-01
 0.954093790744501E-01
 0.947153892239604E-01
 0.940697438314117E-01
 0.934152307213469E-01
 0.927824515668046E-01
 0.921885995437866E-01
 0.915616172174342E-01
 0.909094186801101E-01
 0.903544828090024E-01
 0.897500421616206E-01
 0.891245049374929E-01
 0.885871390895535E-01
 0.878849896866148E-01
 0.869765080950830E-01
 0.858657076078811E-01
 0.845573017263963E-01
 0.830566671362116E-01
 0.813698190304395E-01
 0.795033978945612E-01
 0.774646515320024E-01
 0.752613958846365E-01
 0.729019535798571E-01
 0.703950873090540E-01
 0.677499506014633E-01
 0.649760662661160E-01
 0.620833225865368E-01
 0.590819656085954E-01
 0.575293209131645E-01
 0.570496255466883E-01
 0.566151943041887E-01
 0.561445995739636E-01
 0.556988690130522E-01
 0.552819159136442E-01
 0.548004404903279E-01
 0.544355781261139E-01
 0.539972842993420E-01
 0.536103553022072E-01
 0.532108770201901E-01
 0.528066002762985E-01
 0.524413984886621E-01
 0.520293239678509E-01
 0.516959991617749E-01
 0.512825248381967E-01
 0.509679343191447E-01
 0.505607805668198E-01
 0.502446085467098E-01
 0.498023788275739E-01
 0.492167420793942E-01
 0.484969041050962E-01
 0.476738140175856E-01
 0.468558072326332E-01
 0.460518210697787E-01
 0.452702826862020E-01
 0.444927277196733E-01
 0.437444355612599E-01
 0.430103201104747E-01
 0.422892984346271E-01
 0.415796793506489E-01
 0.408827111536698E-01
 0.414526888270792E-01
 0.436588239495757E-01
 0.459466649931983E-01
 0.483037569877833E-01
 0.507170160653247E-01
 0.531726963601603E-01
 0.556563950064485E-01
 0.581531185100083E-01
 0.606474145551060E-01
 0.631235509621611E-01
 0.655657086311734E-01
 0.679581548607088E-01
 0.702853765662237E-01
 0.725321714815112E-01
 0.746837093791758E-01
 0.767255793216099E-01
 0.786438348353621E-01
 0.804250426296152E-01
 0.820563364958914E-01
 0.835254766508636E-01
 0.848209142484496E-01
 0.859318605446196E-01
 0.868483612566724E-01
 0.875613788766954E-01
 0.880628860755178E-01
 0.883459683177113E-01
 0.884049236958324E-01
 0.882353385370574E-01
 0.878341162645186E-01
 0.871994482018528E-01
 0.863307352270459E-01
 0.852284893469245E-01
 0.838942540796478E-01
 0.823310860563340E-01
 0.806617916072695E-01
 0.790289529862603E-01
 0.774454510633344E-01
 0.759163860746407E-01
 0.744161399071690E-01
 0.729437229246355E-01
 0.715043470476255E-01
 0.700958621414624E-01
 0.687196405684617E-01
 0.673775589637719E-01
 0.660588749539627E-01
 0.647678203351781E-01
 0.634908781445635E-01
 0.622752566156447E-01
 0.610711687957969E-01
 0.598611733821854E-01
 0.587112619877203E-01
 0.575856790466253E-01
 0.564373405828912E-01
 0.553646025005675E-01
 0.542979770391015E-01
 0.532075653444020E-01
 0.522258846336270E-01
 0.511683558056306E-01
 0.502196915383426E-01
 0.492215880849234E-01
 0.482818875581352E-01
 0.473317900266538E-01
 0.463741674235561E-01
 0.452855106166836E-01
 0.440702244328058E-01
 0.427334114063386E-01
 0.412806907949196E-01
 0.397180877844145E-01
 0.380520214029964E-01
 0.362893729423124E-01
 0.353296789363312E-01
 0.367547124400143E-01
 0.379618775597343E-01
 0.389508200353301E-01
 0.397224306870367E-01
 0.402787680628679E-01
 0.406229849043601E-01
 0.407592660051273E-01
 0.406927761306464E-01
 0.404296154116093E-01
 0.399767812653052E-01
 0.393623359866959E-01
 0.387153425771445E-01
 0.380602265854792E-01
 0.373849293537687E-01
 0.367034553547612E-01
 0.360151987859977E-01
 0.353242550609800E-01
 0.346341199989287E-01
 0.339367393950917E-01
 0.332278564460103E-01
 0.325080139592472E-01
 0.318118131512696E-01
 0.311165041698138E-01
 0.304009816501143E-01
 0.297113917441580E-01
 0.290226253426105E-01
 0.283201566627227E-01
 0.276480153923536E-01
 0.269513926817465E-01
 0.262879406781109E-01
 0.256215279347711E-01
 0.249503500318297E-01
 0.243121306524600E-01
 0.236395530719706E-01
 0.230339076059515E-01
 0.223750270845950E-01
 0.217861434742901E-01
 0.211546531202357E-01
 0.205741238803590E-01
 0.199658614719339E-01
 0.194016257464806E-01
 0.188139941355162E-01
 0.182587253860657E-01
 0.176438199365977E-01
 0.169753902602157E-01
 0.162672658127008E-01
 0.155727212889031E-01
 0.149010881127090E-01
 0.144413246752840E-01
 0.145674057443822E-01
 0.146012865797560E-01
 0.145474232085354E-01
 0.144107212676464E-01
 0.141964566398223E-01
 0.139101981466097E-01
 0.135577411165411E-01
 0.131450559172102E-01
 0.126782502953291E-01
 0.121635389874004E-01
 0.116072103954630E-01
 0.110202293048779E-01
 0.104519920372334E-01
 0.991116491301578E-02
 0.939809171510127E-02
 0.890696337181908E-02
 0.843797808694204E-02
 0.799041795876504E-02
 0.756387612613570E-02
 0.715581487223810E-02
 0.676545375761069E-02
 0.639273411860450E-02
 0.604336165458267E-02
 0.570766187306505E-02
 0.538362325381489E-02
 0.508018724772004E-02
 0.479033177455639E-02
 0.450968291536937E-02
 0.424999283437554E-02
 0.399728715104735E-02
 0.375771841826187E-02
 0.353250596317898E-02
 0.330986075585398E-02
 0.311011008626258E-02
 0.290955553679350E-02
 0.272852269685534E-02
 0.255020679123422E-02
 0.238547646864710E-02
 0.222600302055369E-02
 0.207660612620499E-02
 0.193419248010222E-02
 0.186218137769288E-02
 0.186370667482450E-02
 0.184583348326546E-02
 0.181069326655206E-02
 0.176041989024979E-02
 0.169712555507342E-02
 0.162287743430693E-02
 0.153967616804834E-02
 0.144943732638073E-02
 0.135397640817541E-02
 0.125499718181283E-02
 0.115451611085439E-02
 0.105805215135358E-02
 0.967888318249007E-03
 0.882577569364943E-03
 0.802660542597407E-03
 0.727972299633700E-03
 0.658471649098312E-03
 0.594006193126681E-03
 0.534174268249505E-03
 0.478602706973711E-03
 0.427009990966016E-03
 0.379788740670174E-03
 0.336683900628591E-03
 0.296905632417842E-03
 0.260847553270368E-03
 0.228217536930727E-03
 0.198349783332336E-03
 0.171787066400648E-03
 0.147805982095480E-03
 0.126346672036750E-03
 0.107404256825136E-03
 0.904121061653556E-04
 0.757898295028760E-04
 0.627893347768009E-04
 0.516472622196693E-04
 0.419598464591511E-04
 0.337335919407899E-04
 0.286389208658473E-04
 0.250082378843207E-04
 0.212324140098506E-04
 0.175152354978671E-04
 0.140159718829236E-04
 0.108508789413761E-04
 0.809574802533266E-05
 0.578942936113801E-05
 0.393823062227177E-05
 0.252105981427436E-05
 0.149515188757041E-05
 0.802199841987932E-06
 0.374705434948345E-06
 0.142367704519537E-06
 0.383316334617912E-07
 0.511957065727596E-08
 0.649061274792051E-10
 0.000000000000000E+00
 0.000000000000000E+00
 0.000000000000000E+00
 0.000000000000000E+00
 0.000000000000000E+00
 0.000000000000000E+00
 0.000000000000000E+00
 0.000000000000000E+00
 0.000000000000000E+00
 0.000000000000000E+00
 0.000000000000000E+00
 0.000000000000000E+00
 0.000000000000000E+00
 0.000000000000000E+00
 0.000000000000000E+00
 0.000000000000000E+00
 0.000000000000000E+00
 0.000000000000000E+00
 0.000000000000000E+00
 0.000000000000000E+00
 0.000000000000000E+00
 0.000000000000000E+00
 0.000000000000000E+00
 0.000000000000000E+00
 0.000000000000000E+00
 0.000000000000000E+00
 0.000000000000000E+00
 0.000000000000000E+00
 0.000000000000000E+00
 0.000000000000000E+00
 0.000000000000000E+00
 0.000000000000000E+00
 0.000000000000000E+00
 0.000000000000000E+00
 0.000000000000000E+00
 0.000000000000000E+00
 0.000000000000000E+00
 0.000000000000000E+00
 0.000000000000000E+00
 0.000000000000000E+00
 0.000000000000000E+00
 0.000000000000000E+00
 0.000000000000000E+00
 0.000000000000000E+00
 0.000000000000000E+00
 0.000000000000000E+00
 0.000000000000000E+00
 0.000000000000000E+00
 0.000000000000000E+00
 0.000000000000000E+00
 0.000000000000000E+00
 0.000000000000000E+00
 0.000000000000000E+00
 0.000000000000000E+00
 0.000000000000000E+00
 0.000000000000000E+00
 0.000000000000000E+00
 0.000000000000000E+00
 0.000000000000000E+00
 0.000000000000000E+00
 0.000000000000000E+00
 0.000000000000000E+00
 0.000000000000000E+00
 0.000000000000000E+00
 0.000000000000000E+00
 0.000000000000000E+00
 0.000000000000000E+00
 0.000000000000000E+00
 0.000000000000000E+00
 0.000000000000000E+00
 0.000000000000000E+00
 0.000000000000000E+00
 0.000000000000000E+00
 0.000000000000000E+00
 0.000000000000000E+00
 0.000000000000000E+00
 0.000000000000000E+00
 0.000000000000000E+00
 0.000000000000000E+00
 0.000000000000000E+00
 0.000000000000000E+00
 0.000000000000000E+00
 0.000000000000000E+00
 0.000000000000000E+00
 0.000000000000000E+00
 0.000000000000000E+00
 0.000000000000000E+00
 0.000000000000000E+00
 0.000000000000000E+00
 0.000000000000000E+00
 0.000000000000000E+00
 0.000000000000000E+00
 0.000000000000000E+00
 0.000000000000000E+00
 0.000000000000000E+00
 0.000000000000000E+00
 0.000000000000000E+00
 0.000000000000000E+00
 0.000000000000000E+00
 0.000000000000000E+00
 0.000000000000000E+00
 0.000000000000000E+00
 0.000000000000000E+00
 0.000000000000000E+00
 0.000000000000000E+00
 0.000000000000000E+00
 0.000000000000000E+00
 0.000000000000000E+00
 0.000000000000000E+00
 0.000000000000000E+00
 0.000000000000000E+00
 0.000000000000000E+00
 0.000000000000000E+00
 0.000000000000000E+00
 0.000000000000000E+00
 0.000000000000000E+00
 0.000000000000000E+00
 0.000000000000000E+00
 0.000000000000000E+00
 0.000000000000000E+00
 0.000000000000000E+00
 0.000000000000000E+00
 0.000000000000000E+00
 0.000000000000000E+00
 0.000000000000000E+00
 0.000000000000000E+00
 0.000000000000000E+00
 0.000000000000000E+00
 0.000000000000000E+00
 0.000000000000000E+00
 0.000000000000000E+00
 0.000000000000000E+00
 0.000000000000000E+00
 0.000000000000000E+00
 0.000000000000000E+00
 0.000000000000000E+00
 0.000000000000000E+00
 0.000000000000000E+00
 0.000000000000000E+00
 0.000000000000000E+00
 0.000000000000000E+00
 0.000000000000000E+00
 0.000000000000000E+00
 0.000000000000000E+00
 0.000000000000000E+00
 0.000000000000000E+00
 0.000000000000000E+00
 0.000000000000000E+00
 0.000000000000000E+00
 0.000000000000000E+00
 0.000000000000000E+00
 0.000000000000000E+00
 0.000000000000000E+00
 0.000000000000000E+00
 0.000000000000000E+00
 0.000000000000000E+00
 0.000000000000000E+00
 0.000000000000000E+00
 0.000000000000000E+00
 0.000000000000000E+00
 0.000000000000000E+00
 0.000000000000000E+00
 0.000000000000000E+00
 0.000000000000000E+00
 0.000000000000000E+00
 0.000000000000000E+00
 0.000000000000000E+00
 0.000000000000000E+00
 0.000000000000000E+00
 0.000000000000000E+00
 0.000000000000000E+00
 0.000000000000000E+00
 0.000000000000000E+00
 0.000000000000000E+00
 0.000000000000000E+00
 0.000000000000000E+00
 0.000000000000000E+00
 0.000000000000000E+00
 0.000000000000000E+00
 0.000000000000000E+00
 0.000000000000000E+00
 0.000000000000000E+00
 0.000000000000000E+00
 0.000000000000000E+00
 0.000000000000000E+00
 0.000000000000000E+00
 0.000000000000000E+00
 0.000000000000000E+00
 0.000000000000000E+00
 0.000000000000000E+00
 0.000000000000000E+00
 0.000000000000000E+00
 0.000000000000000E+00
 0.000000000000000E+00
 0.000000000000000E+00
 0.000000000000000E+00
 0.000000000000000E+00
 0.000000000000000E+00
 0.000000000000000E+00
 0.000000000000000E+00
 0.000000000000000E+00
 0.000000000000000E+00
 0.000000000000000E+00
 0.000000000000000E+00
 0.000000000000000E+00
 0.000000000000000E+00
 0.000000000000000E+00
 0.000000000000000E+00
 0.000000000000000E+00
 0.000000000000000E+00
 0.000000000000000E+00
 0.000000000000000E+00
 0.000000000000000E+00
 0.000000000000000E+00
 0.000000000000000E+00
 0.000000000000000E+00
 0.000000000000000E+00
 0.000000000000000E+00
 0.000000000000000E+00
 0.000000000000000E+00
 0.000000000000000E+00
 0.000000000000000E+00
 0.000000000000000E+00
 0.000000000000000E+00
 0.000000000000000E+00
 0.000000000000000E+00
 0.000000000000000E+00
 0.000000000000000E+00
 0.000000000000000E+00
 0.000000000000000E+00
 0.000000000000000E+00
 0.000000000000000E+00
 0.000000000000000E+00
 0.000000000000000E+00
 0.000000000000000E+00
 0.000000000000000E+00
 0.000000000000000E+00
 0.000000000000000E+00
 0.000000000000000E+00
 0.000000000000000E+00
 0.000000000000000E+00
 0.000000000000000E+00
 0.000000000000000E+00
 0.000000000000000E+00
 0.000000000000000E+00
 0.000000000000000E+00
 0.000000000000000E+00
 0.000000000000000E+00
 0.000000000000000E+00
 0.000000000000000E+00
 0.000000000000000E+00
 0.000000000000000E+00
 0.000000000000000E+00
 0.000000000000000E+00
 0.000000000000000E+00
 0.000000000000000E+00
 0.000000000000000E+00
 0.000000000000000E+00
 0.000000000000000E+00
 0.000000000000000E+00
 0.000000000000000E+00
 0.000000000000000E+00
 0.000000000000000E+00
 0.000000000000000E+00
 0.000000000000000E+00
 0.000000000000000E+00
 0.000000000000000E+00
 0.000000000000000E+00
 0.000000000000000E+00
 0.000000000000000E+00
 0.000000000000000E+00
 0.000000000000000E+00
 0.000000000000000E+00
 0.000000000000000E+00
 0.000000000000000E+00
 0.000000000000000E+00
 0.000000000000000E+00
 0.000000000000000E+00
 0.000000000000000E+00
 0.000000000000000E+00
 0.000000000000000E+00
 0.000000000000000E+00
 0.000000000000000E+00
 0.000000000000000E+00
 0.000000000000000E+00
 0.000000000000000E+00
 0.000000000000000E+00
 0.000000000000000E+00
 0.000000000000000E+00
 0.000000000000000E+00
 0.000000000000000E+00
 0.000000000000000E+00
 0.000000000000000E+00
 0.000000000000000E+00
 0.000000000000000E+00
 0.000000000000000E+00
 0.000000000000000E+00
 0.000000000000000E+00
 0.000000000000000E+00
 0.000000000000000E+00
 0.000000000000000E+00
 0.000000000000000E+00
 0.000000000000000E+00
 0.000000000000000E+00
 0.000000000000000E+00
 0.000000000000000E+00
 0.000000000000000E+00
 0.000000000000000E+00
 0.000000000000000E+00
 0.000000000000000E+00
 0.000000000000000E+00
 0.000000000000000E+00
 0.000000000000000E+00
 0.000000000000000E+00
 0.000000000000000E+00
 0.000000000000000E+00
 0.000000000000000E+00
 0.000000000000000E+00
 0.000000000000000E+00
 0.000000000000000E+00
 0.000000000000000E+00
 0.000000000000000E+00
 0.000000000000000E+00
 0.000000000000000E+00
 0.000000000000000E+00
 0.000000000000000E+00
 0.000000000000000E+00
 0.000000000000000E+00
 0.000000000000000E+00
 0.000000000000000E+00
 0.000000000000000E+00
 0.000000000000000E+00
 0.000000000000000E+00
 0.000000000000000E+00
 0.000000000000000E+00
 0.000000000000000E+00
 0.000000000000000E+00
 0.000000000000000E+00
 0.000000000000000E+00
 0.000000000000000E+00
 0.000000000000000E+00
 0.000000000000000E+00
 0.000000000000000E+00
 0.000000000000000E+00
 0.000000000000000E+00
 0.000000000000000E+00
 0.000000000000000E+00
 0.000000000000000E+00
