 0.354251157935423E-10
 0.282037952989512E-08
 0.213837903485667E-07
 0.807052950511757E-07
 0.216805595668237E-06
 0.475156940779414E-06
 0.911650377982455E-06
 0.158672100081566E-05
 0.257522939620161E-05
 0.394546314743103E-05
 0.579126352057436E-05
 0.817515496889929E-05
 0.111616187169934E-04
 0.148093434188501E-04
 0.191754126880051E-04
 0.243547544365804E-04
 0.304209305453594E-04
 0.374497035205380E-04
 0.454935467473321E-04
 0.546417878038832E-04
 0.649443860007868E-04
 0.764590547086519E-04
 0.892379061785224E-04
 0.103334783069205E-03
 0.122505215806557E-03
 0.149857538713148E-03
 0.182053513264582E-03
 0.219683631618500E-03
 0.263362280438002E-03
 0.313720495913156E-03
 0.371397394392883E-03
 0.437030545963564E-03
 0.511245638258903E-03
 0.594645731061697E-03
 0.687800247591411E-03
 0.791233671808072E-03
 0.905413825166924E-03
 0.103073963017465E-02
 0.116752839302395E-02
 0.131600276366191E-02
 0.147627759467396E-02
 0.164834692622157E-02
 0.183207131972288E-02
 0.202716577386938E-02
 0.223318847207948E-02
 0.244953062665551E-02
 0.267540773689625E-02
 0.290985269167377E-02
 0.315171124984293E-02
 0.339964035202991E-02
 0.365210931816130E-02
 0.390740333952419E-02
 0.416362810153731E-02
 0.441871427517106E-02
 0.467042121678926E-02
 0.491634038653346E-02
 0.515390024240513E-02
 0.538040838266332E-02
 0.560128498999958E-02
 0.582524400109677E-02
 0.605326301780524E-02
 0.628593198419149E-02
 0.652128136183386E-02
 0.675915035728301E-02
 0.699997777146042E-02
 0.724356813430178E-02
 0.749008206924907E-02
 0.773978972628078E-02
 0.799150295705047E-02
 0.824569422303474E-02
 0.850058359198823E-02
 0.876258659112084E-02
 0.902512086953945E-02
 0.928523530907799E-02
 0.955302246230042E-02
 0.982326633802214E-02
 0.100876398601421E-01
 0.103634716055346E-01
 0.106385834386053E-01
 0.109065137170350E-01
 0.111944853286434E-01
 0.114637491872118E-01
 0.117547876898463E-01
 0.120317235784332E-01
 0.123200069672023E-01
 0.126027119592029E-01
 0.128797704143824E-01
 0.131146047971800E-01
 0.133031496131744E-01
 0.134414313539377E-01
 0.135255550161326E-01
 0.135517045048574E-01
 0.135161725561022E-01
 0.134154226492942E-01
 0.135893098816431E-01
 0.147059392936785E-01
 0.157958807608218E-01
 0.168511156752005E-01
 0.178635678133883E-01
 0.188251400108747E-01
 0.197277527850472E-01
 0.205633889596556E-01
 0.213241449012752E-01
 0.220022882669091E-01
 0.225903228398196E-01
 0.230929119107149E-01
 0.235779129055663E-01
 0.240582220219149E-01
 0.245249628816667E-01
 0.249857450089990E-01
 0.254391617348219E-01
 0.258871238727041E-01
 0.263314644018689E-01
 0.267652517809304E-01
 0.271836784252926E-01
 0.275854022284268E-01
 0.279990031079541E-01
 0.284051077362204E-01
 0.287829245521192E-01
 0.291746790626108E-01
 0.295565407642589E-01
 0.299121988619606E-01
 0.302871439260987E-01
 0.306215426618046E-01
 0.309790205503423E-01
 0.313183682805743E-01
 0.316355524609616E-01
 0.319780638705064E-01
 0.322573340456065E-01
 0.326099880921432E-01
 0.328683738413733E-01
 0.332099762436849E-01
 0.334667661791451E-01
 0.337830688171158E-01
 0.340322151905597E-01
 0.343339293624969E-01
 0.345710654286437E-01
 0.348430489478473E-01
 0.349723069263189E-01
 0.349553763066741E-01
 0.348058726951455E-01
 0.346283759475719E-01
 0.344433931020307E-01
 0.347065040199088E-01
 0.364084740484368E-01
 0.379606301874815E-01
 0.393514896969695E-01
 0.405704404729228E-01
 0.416077631301649E-01
 0.424546414473459E-01
 0.431031869759953E-01
 0.435464969798982E-01
 0.437787525609277E-01
 0.437953453607199E-01
 0.435930018087944E-01
 0.431880820830257E-01
 0.427589317000057E-01
 0.423432271045812E-01
 0.419483096602161E-01
 0.415538569068754E-01
 0.411647829988383E-01
 0.407820771780052E-01
 0.404083699967290E-01
 0.400346529705446E-01
 0.396602550805923E-01
 0.392886637853510E-01
 0.389610718279305E-01
 0.386225942807875E-01
 0.382611362714522E-01
 0.379439300850540E-01
 0.376268315715175E-01
 0.372776662149079E-01
 0.369976643966720E-01
 0.366741156811408E-01
 0.363633650335378E-01
 0.360843334915702E-01
 0.357195140116970E-01
 0.354903238281579E-01
 0.351392509483594E-01
 0.349087211926773E-01
 0.345977220133174E-01
 0.343522613367459E-01
 0.340623300709650E-01
 0.338026181690112E-01
 0.335306936104010E-01
 0.344216249456100E-01
 0.367786155733095E-01
 0.389389130874150E-01
 0.408883136646948E-01
 0.426136713094098E-01
 0.441029594292731E-01
 0.453452931701856E-01
 0.463309255082434E-01
 0.470512418740534E-01
 0.474987781830243E-01
 0.476672746933306E-01
 0.475696214405540E-01
 0.473889211773717E-01
 0.472245605688832E-01
 0.470164180808158E-01
 0.467967065342768E-01
 0.465664663804450E-01
 0.463360262572030E-01
 0.461114551226526E-01
 0.458796167778755E-01
 0.456236032851365E-01
 0.453284796612769E-01
 0.450531084768323E-01
 0.448005727620208E-01
 0.444933039568019E-01
 0.442112260021910E-01
 0.439490137602651E-01
 0.436128976113385E-01
 0.433556191722802E-01
 0.430611326357956E-01
 0.427525411534038E-01
 0.424927316631966E-01
 0.421267883207808E-01
 0.419191517649464E-01
 0.415831075566910E-01
 0.413471159141550E-01
 0.410367658084559E-01
 0.407781397346188E-01
 0.433541787086044E-01
 0.481130358586401E-01
 0.527879202977043E-01
 0.573580254231279E-01
 0.618029060698564E-01
 0.661026715342273E-01
 0.702381594241970E-01
 0.741910535208515E-01
 0.779439221679313E-01
 0.814801798663056E-01
 0.847840056141527E-01
 0.878402731469839E-01
 0.906345473668622E-01
 0.931531748945368E-01
 0.953834563878003E-01
 0.973138540476943E-01
 0.989341753655710E-01
 0.100235686256128E+00
 0.101211138620675E+00
 0.101854727220154E+00
 0.102161985342934E+00
 0.102129663422055E+00
 0.101755633348494E+00
 0.101038843492184E+00
 0.999793300140946E-01
 0.985782720320114E-01
 0.970660579509560E-01
 0.955919951520633E-01
 0.941514753153255E-01
 0.927825313049486E-01
 0.914418323280083E-01
 0.901377017164521E-01
 0.888652774574823E-01
 0.876218935068786E-01
 0.864273418623094E-01
 0.852807306328906E-01
 0.841703376922122E-01
 0.830450724851184E-01
 0.819934195497083E-01
 0.809583939424920E-01
 0.799306184413545E-01
 0.789642025264921E-01
 0.780185190865831E-01
 0.770377163317776E-01
 0.761882179576699E-01
 0.753003616956330E-01
 0.744052513386686E-01
 0.736300454870456E-01
 0.727246175841659E-01
 0.720273285962393E-01
 0.712044638306099E-01
 0.705042242934315E-01
 0.697498628292539E-01
 0.690559772654083E-01
 0.683529115856982E-01
 0.676213796858736E-01
 0.666418765287351E-01
 0.654166538495854E-01
 0.639488869155707E-01
 0.671477178938080E-01
 0.716504851042676E-01
 0.758999073237216E-01
 0.798809056220206E-01
 0.835796880205051E-01
 0.869837842143616E-01
 0.900820358963449E-01
 0.928645792548572E-01
 0.953228482911365E-01
 0.974496052893122E-01
 0.992389810760535E-01
 0.100686496304744E+00
 0.101789041312161E+00
 0.102544810659569E+00
 0.102953208314936E+00
 0.103014751916166E+00
 0.102731006843564E+00
 0.102104573772632E+00
 0.101180863264598E+00
 0.100206368950338E+00
 0.992252595747046E-01
 0.982567647312286E-01
 0.973093647506338E-01
 0.963717885496739E-01
 0.954410961143027E-01
 0.945088227800390E-01
 0.935875103511087E-01
 0.926970596032289E-01
 0.918483863980625E-01
 0.909873511108394E-01
 0.901381842110154E-01
 0.893070847907459E-01
 0.885042446917808E-01
 0.876721122158245E-01
 0.869144565169443E-01
 0.861398071330694E-01
 0.853601450269094E-01
 0.846604392149831E-01
 0.838444327761646E-01
 0.832059594941465E-01
 0.824590903385605E-01
 0.817876719961027E-01
 0.811096446461073E-01
 0.804207508384870E-01
 0.797926232661010E-01
 0.790983031758403E-01
 0.785094258613591E-01
 0.778211980036086E-01
 0.772548111942166E-01
 0.765042177896064E-01
 0.755077122801013E-01
 0.742705309833547E-01
 0.727988338167048E-01
 0.710994832205707E-01
 0.691913772209894E-01
 0.672756183975037E-01
 0.654266171425633E-01
 0.636527131198335E-01
 0.653193236756376E-01
 0.681653980921029E-01
 0.707824368485891E-01
 0.731674232553918E-01
 0.753184567556072E-01
 0.772348570978035E-01
 0.789172109641100E-01
 0.803673481446807E-01
 0.815882609354480E-01
 0.825839969843660E-01
 0.833595561771887E-01
 0.839208103605205E-01
 0.842744506424567E-01
 0.844279581783966E-01
 0.843895910814756E-01
 0.841683781960820E-01
 0.837741075736334E-01
 0.832172961713232E-01
 0.825091318853444E-01
 0.816613898740762E-01
 0.806863365587881E-01
 0.796288897174693E-01
 0.786667909255858E-01
 0.776721224480264E-01
 0.767145931747452E-01
 0.757896570370384E-01
 0.748885823246118E-01
 0.740032920198983E-01
 0.731455503133089E-01
 0.723168974381186E-01
 0.715121611667199E-01
 0.707361434745684E-01
 0.699829666613485E-01
 0.692530671950418E-01
 0.685398987141208E-01
 0.678316458400266E-01
 0.671871891254096E-01
 0.665354635039348E-01
 0.658738433438811E-01
 0.652897231520958E-01
 0.646498546956665E-01
 0.640743668435610E-01
 0.634858344981487E-01
 0.629009169195486E-01
 0.623591378459306E-01
 0.617711504405523E-01
 0.612707562530614E-01
 0.606868060243075E-01
 0.601930483693131E-01
 0.595811604547047E-01
 0.588597266476696E-01
 0.580378671905931E-01
 0.571248442452059E-01
 0.561300434990371E-01
 0.563706255349914E-01
 0.574412307561281E-01
 0.586118154650659E-01
 0.598739176091410E-01
 0.612182386868129E-01
 0.626346892328149E-01
 0.641124569811258E-01
 0.656400890701346E-01
 0.672055740734597E-01
 0.687964091745646E-01
 0.703996452430358E-01
 0.720019160100849E-01
 0.735894699099247E-01
 0.751482264485453E-01
 0.766638701066170E-01
 0.781219781861138E-01
 0.795081636261381E-01
 0.808082071965438E-01
 0.820081574942445E-01
 0.830943881441888E-01
 0.840536138978022E-01
 0.848728770191302E-01
 0.855395215512881E-01
 0.860411764601103E-01
 0.863657692511953E-01
 0.865015877702550E-01
 0.864373976021654E-01
 0.861626064723856E-01
 0.856674503374149E-01
 0.849431660870878E-01
 0.839821185994477E-01
 0.827778645967467E-01
 0.813251552290979E-01
 0.796198946625913E-01
 0.778469969812530E-01
 0.761543504565505E-01
 0.745492277485217E-01
 0.729973062407364E-01
 0.715018773573351E-01
 0.700713232639305E-01
 0.687022668202421E-01
 0.673851276618740E-01
 0.661230817513531E-01
 0.649039405232998E-01
 0.637053086270294E-01
 0.625503471551103E-01
 0.614523576194415E-01
 0.603684107746043E-01
 0.593012210629738E-01
 0.586287858811640E-01
 0.582220510776682E-01
 0.577496160539589E-01
 0.571601080032208E-01
 0.566338030936956E-01
 0.559870285973876E-01
 0.553282151526719E-01
 0.546368664693160E-01
 0.538828931353993E-01
 0.531583072650591E-01
 0.523429001308785E-01
 0.515941542758764E-01
 0.544088265463855E-01
 0.605780942665942E-01
 0.666674852707637E-01
 0.726568116774093E-01
 0.785260243055521E-01
 0.842553182346537E-01
 0.898252410056976E-01
 0.952167989022719E-01
 0.100411547695714E+00
 0.105391652126924E+00
 0.110139908993383E+00
 0.114639747455927E+00
 0.118875235238096E+00
 0.122831120524229E+00
 0.126492925086546E+00
 0.129847081907269E+00
 0.132881090921690E+00
 0.135583657108085E+00
 0.137944778203460E+00
 0.139955762974086E+00
 0.141609181475311E+00
 0.142898771292880E+00
 0.143819342260635E+00
 0.144366729585304E+00
 0.144537835896656E+00
 0.144330775264701E+00
 0.143745092817730E+00
 0.142781995828515E+00
 0.141518978069112E+00
 0.140243112809146E+00
 0.138976046451731E+00
 0.137736806911641E+00
 0.136499420643059E+00
 0.135276619455029E+00
 0.134069735254751E+00
 0.132868569071356E+00
 0.131669187802211E+00
 0.130459910504806E+00
 0.129321974689772E+00
 0.128207207179676E+00
 0.127054735937835E+00
 0.125931359322447E+00
 0.124855061936984E+00
 0.123749792703324E+00
 0.122673090614840E+00
 0.121653714686704E+00
 0.120545194606782E+00
 0.119575571410623E+00
 0.118563623950819E+00
 0.117537678420874E+00
 0.116621355751374E+00
 0.115560029393970E+00
 0.114724124381437E+00
 0.113690146103574E+00
 0.112870588503137E+00
 0.111893313662138E+00
 0.111061014443788E+00
 0.110130674396518E+00
 0.109254924389783E+00
 0.108107363560525E+00
 0.106690714366778E+00
 0.105008600551598E+00
 0.103065649649347E+00
 0.100867587002198E+00
 0.984212828555351E-01
 0.957355182142991E-01
 0.930117500765395E-01
 0.903971368681489E-01
 0.878948091966661E-01
 0.854870913229976E-01
 0.844625484788998E-01
 0.838598987714195E-01
 0.832574781987956E-01
 0.826477787771582E-01
 0.820248094111226E-01
 0.814834526160062E-01
 0.810756857251864E-01
 0.821448121414648E-01
 0.829038321363739E-01
 0.833575217922263E-01
 0.835116992881823E-01
 0.833731191385512E-01
 0.829494404898391E-01
 0.822622373429030E-01
 0.814813821146876E-01
 0.807190131795168E-01
 0.799522680955399E-01
 0.791931579510223E-01
 0.784525066605858E-01
 0.777151861505009E-01
 0.770025322431648E-01
 0.763228511740486E-01
 0.756583205536262E-01
 0.749845514522622E-01
 0.743051467950789E-01
 0.736681272418258E-01
 0.730562176714602E-01
 0.723937068351324E-01
 0.717944207077485E-01
 0.712098564778820E-01
 0.705521658409985E-01
 0.700309910811500E-01
 0.694303187986208E-01
 0.688642012372796E-01
 0.683332262712277E-01
 0.677310392234797E-01
 0.672579378386568E-01
 0.666373332566419E-01
 0.662168109626278E-01
 0.656298306127733E-01
 0.652038737888192E-01
 0.646513994742763E-01
 0.642226487348612E-01
 0.636953269828764E-01
 0.632333620707847E-01
 0.625684065523929E-01
 0.617082225985208E-01
 0.606614203252149E-01
 0.594601201729436E-01
 0.582656021989210E-01
 0.571046247888528E-01
 0.559886856727509E-01
 0.548841401919783E-01
 0.538335888517633E-01
 0.528064839673908E-01
 0.518052327029546E-01
 0.508300028488207E-01
 0.498805223756327E-01
 0.489550874254732E-01
 0.481880707708924E-01
 0.479098450636499E-01
 0.477343785069685E-01
 0.475417669852316E-01
 0.473121806253645E-01
 0.471452678931395E-01
 0.468662268844472E-01
 0.464445530427754E-01
 0.458855026295798E-01
 0.454999963392107E-01
 0.461683506980784E-01
 0.500957442233397E-01
 0.540837712976812E-01
 0.581140386009963E-01
 0.621677578025115E-01
 0.662258430518048E-01
 0.702690311965738E-01
 0.742780220334370E-01
 0.782336266065335E-01
 0.821169045239839E-01
 0.859092720640368E-01
 0.895925732310678E-01
 0.931491209920486E-01
 0.965617266007118E-01
 0.998137345134932E-01
 0.102889069953336E+00
 0.105772293732680E+00
 0.108448653195010E+00
 0.110904121848034E+00
 0.113125429113696E+00
 0.115100088836391E+00
 0.116816437227598E+00
 0.118263688971818E+00
 0.119432016970633E+00
 0.120312657104835E+00
 0.120898032633869E+00
 0.121181882932268E+00
 0.121159371928183E+00
 0.120827149348749E+00
 0.120183346816475E+00
 0.119227508671629E+00
 0.117960476267008E+00
 0.116384256244645E+00
 0.114509052693334E+00
 0.112543024683608E+00
 0.110662318903935E+00
 0.108861397588852E+00
 0.107105818058812E+00
 0.105406970672593E+00
 0.103770998975332E+00
 0.102189330395689E+00
 0.100665756441556E+00
 0.991914237161191E-01
 0.977445281683516E-01
 0.963572389544300E-01
 0.950127556095358E-01
 0.936969795082420E-01
 0.923960116938174E-01
 0.911857422958444E-01
 0.899845494508675E-01
 0.887768007192230E-01
 0.876675159049564E-01
 0.865976638745144E-01
 0.854521655103464E-01
 0.845090639242124E-01
 0.834599685652128E-01
 0.825018738276497E-01
 0.815514145888661E-01
 0.805938613159771E-01
 0.797291125286338E-01
 0.787829250145922E-01
 0.779840936201612E-01
 0.769877741481199E-01
 0.757679817840665E-01
 0.743267826866729E-01
 0.726673012081855E-01
 0.707935886656977E-01
 0.687104631866857E-01
 0.664233823037628E-01
 0.639383920733925E-01
 0.612879570777639E-01
 0.644845853174312E-01
 0.677886432610223E-01
 0.708303979155837E-01
 0.736033704636467E-01
 0.761019772284247E-01
 0.783215833975889E-01
 0.802585908108559E-01
 0.819105398792094E-01
 0.832761997548939E-01
 0.843556207226481E-01
 0.851501322465003E-01
 0.856622886589115E-01
 0.858957849965213E-01
 0.858553770301120E-01
 0.855818031043844E-01
 0.852775293128520E-01
 0.849408185503195E-01
 0.845657604558727E-01
 0.841861630280461E-01
 0.837987121512854E-01
 0.833846749160568E-01
 0.829640556085400E-01
 0.825544032150797E-01
 0.821213087387062E-01
 0.816666632339531E-01
 0.812103220563970E-01
 0.807766279375070E-01
 0.803023615292327E-01
 0.798518793962180E-01
 0.794034613136012E-01
 0.789088136639394E-01
 0.784783432970376E-01
 0.780272359770171E-01
 0.775448836936574E-01
 0.771286720772262E-01
 0.766095619631973E-01
 0.762186540286840E-01
 0.757317424991330E-01
 0.753089644522273E-01
 0.748443383281579E-01
 0.744066497388848E-01
 0.739720862575367E-01
 0.735290736773611E-01
 0.731061586891181E-01
 0.726672390440373E-01
 0.722520847250781E-01
 0.717610858421630E-01
 0.710793258513814E-01
 0.702132803199937E-01
 0.691702041215683E-01
 0.679580195599307E-01
 0.666735624588113E-01
 0.654086191671137E-01
 0.641724182529735E-01
 0.629546742088361E-01
 0.617658028777292E-01
 0.605940168914996E-01
 0.594456452137151E-01
 0.583230206984111E-01
 0.572289872324496E-01
 0.561620538344659E-01
 0.556107037549500E-01
 0.552791829445030E-01
 0.549866782089328E-01
 0.546750097754277E-01
 0.544609470557998E-01
 0.542097312394280E-01
 0.538222549494508E-01
 0.534230597130729E-01
 0.531493609950510E-01
 0.527690070448105E-01
 0.522541890350577E-01
 0.516094178803700E-01
 0.508396022792491E-01
 0.499500431394842E-01
 0.489464416134052E-01
 0.478349048330212E-01
 0.466219406114294E-01
 0.453144417743815E-01
 0.439196641593491E-01
 0.424451986907369E-01
 0.408989326486408E-01
 0.392889938186774E-01
 0.376236751409394E-01
 0.359113448741256E-01
 0.341603552444547E-01
 0.323789677918020E-01
 0.305753124100042E-01
 0.287573871561909E-01
 0.269330899764697E-01
 0.251102596235912E-01
 0.232966995396408E-01
 0.215001672102343E-01
 0.197283263652188E-01
 0.179886717866525E-01
 0.162884420434961E-01
 0.159155193651158E-01
 0.157485534389537E-01
 0.156068887629896E-01
 0.154542508082569E-01
 0.152714927580320E-01
 0.151132715914744E-01
 0.149682647475370E-01
 0.147839383119107E-01
 0.146351828622650E-01
 0.144746799060728E-01
 0.157959330514706E-01
 0.193370938132523E-01
 0.230108768185233E-01
 0.268052146230180E-01
 0.307073293565950E-01
 0.347037188677592E-01
 0.387801317133848E-01
 0.429215490014934E-01
 0.471121915693845E-01
 0.513355641626811E-01
 0.555745360922976E-01
 0.598114474882811E-01
 0.640282285206861E-01
 0.682065259306150E-01
 0.723278398285249E-01
 0.763736756501608E-01
 0.803257087921691E-01
 0.841659476466229E-01
 0.878768725363256E-01
 0.914415286128028E-01
 0.948435598521684E-01
 0.980671849140539E-01
 0.101097129506806E+00
 0.103918541174113E+00
 0.106516919305371E+00
 0.108878093888811E+00
 0.110988279109985E+00
 0.112834211412637E+00
 0.114403358103186E+00
 0.115684158270970E+00
 0.116666242314003E+00
 0.117340578636534E+00
 0.117699518747023E+00
 0.117736747799559E+00
 0.117447181547480E+00
 0.116826867403345E+00
 0.115872939686106E+00
 0.114583651870000E+00
 0.112971338844798E+00
 0.111320755238699E+00
 0.109706861543116E+00
 0.108180754167240E+00
 0.106684653382590E+00
 0.105227272793002E+00
 0.103805624711773E+00
 0.102418161983654E+00
 0.101070498986884E+00
 0.997473897426011E-01
 0.984551116771479E-01
 0.972117758942430E-01
 0.960230457916931E-01
 0.948084169863487E-01
 0.936822916737410E-01
 0.925583437443219E-01
 0.914139602716535E-01
 0.903815845102950E-01
 0.893398002703824E-01
 0.882549660414233E-01
 0.873415553450432E-01
 0.863329947599157E-01
 0.854135514761209E-01
 0.844972725526782E-01
 0.835688659571289E-01
 0.827465143311032E-01
 0.818204258565541E-01
 0.810641301431068E-01
 0.801715884672540E-01
 0.794450094220975E-01
 0.784782892017865E-01
 0.772709402091149E-01
 0.758235677396473E-01
 0.741379019749224E-01
 0.722167644931132E-01
 0.710515428437780E-01
 0.758979958598624E-01
 0.804738356485228E-01
 0.847630384457087E-01
 0.887504004544854E-01
 0.924216452706269E-01
 0.957635275514206E-01
 0.987639158610248E-01
 0.101411852277159E+00
 0.103697600185370E+00
 0.105612697758081E+00
 0.107150031102797E+00
 0.108303930894497E+00
 0.109070283861683E+00
 0.109446639015157E+00
 0.109432280360633E+00
 0.109028236232658E+00
 0.108238718310534E+00
 0.107291136224002E+00
 0.106357618830741E+00
 0.105427249246358E+00
 0.104481282359682E+00
 0.103541278280683E+00
 0.102625065057478E+00
 0.101733936955128E+00
 0.100852980573286E+00
 0.999649556181120E-01
 0.990632363730673E-01
 0.981704456006775E-01
 0.973579777806570E-01
 0.965060559731446E-01
 0.956461920762535E-01
 0.948440907782479E-01
 0.940244144769252E-01
 0.932033248646180E-01
 0.924548545875009E-01
 0.916004024803259E-01
 0.908967001262505E-01
 0.901333647339105E-01
 0.893791831987477E-01
 0.886941772631575E-01
 0.879026476775592E-01
 0.872774456527581E-01
 0.864674442150708E-01
 0.859026692275350E-01
 0.851238059621048E-01
 0.845638766018276E-01
 0.838229736340150E-01
 0.832329402815762E-01
 0.823619941694277E-01
 0.812131961072133E-01
 0.797907005897321E-01
 0.780997999588447E-01
 0.761686160113922E-01
 0.743810251509434E-01
 0.788224456627648E-01
 0.830008952486578E-01
 0.869049235118847E-01
 0.905240196684929E-01
 0.938486977122960E-01
 0.968706406381179E-01
 0.995828723276328E-01
 0.101979907904711E+00
 0.104057836024058E+00
 0.105814310924653E+00
 0.107248465730322E+00
 0.108360784518225E+00
 0.109152979086757E+00
 0.109627907681024E+00
 0.109789553594280E+00
 0.109643058152248E+00
 0.109194780919122E+00
 0.108452346857248E+00
 0.107424642309377E+00
 0.106121740518688E+00
 0.104633937723188E+00
 0.103151895309365E+00
 0.101747838838438E+00
 0.100357676449570E+00
 0.990360224774177E-01
 0.977295272006896E-01
 0.964778433513051E-01
 0.952610124592812E-01
 0.940682352199942E-01
 0.929303109281129E-01
 0.918242610023307E-01
 0.907225154223194E-01
 0.896783646059789E-01
 0.886665188215344E-01
 0.876685304201873E-01
 0.866804279257634E-01
 0.857651999038081E-01
 0.848138498618673E-01
 0.839171246383176E-01
 0.830719283958539E-01
 0.821409707418898E-01
 0.813988290939977E-01
 0.805263152345756E-01
 0.797808380279395E-01
 0.789790750819041E-01
 0.782317935742565E-01
 0.774851798082987E-01
 0.767460406881403E-01
 0.760458736939933E-01
 0.752571440465207E-01
 0.742622045369933E-01
 0.730689300309145E-01
 0.716858586383955E-01
 0.701221218838165E-01
 0.683874154563630E-01
 0.664920025866629E-01
 0.644474395465804E-01
 0.624185497310822E-01
 0.604960339253679E-01
 0.586601610224258E-01
 0.577846657128914E-01
 0.573132832845054E-01
 0.568424877976202E-01
 0.564001754924812E-01
 0.559821618256014E-01
 0.555485473086668E-01
 0.550961087980242E-01
 0.547043270245726E-01
 0.542985341973616E-01
 0.538546775600088E-01
 0.534832896479459E-01
 0.530880041070785E-01
 0.526606463807115E-01
 0.520824986434107E-01
 0.513584752578251E-01
 0.504939941836074E-01
 0.494949553108924E-01
 0.483677431512259E-01
 0.471192372727902E-01
 0.457568075622973E-01
 0.442882780737738E-01
 0.427218581378820E-01
 0.410660548590833E-01
 0.393295897468281E-01
 0.375213394239205E-01
 0.356503068083185E-01
 0.359464722646716E-01
 0.373105675340754E-01
 0.385408967581641E-01
 0.396252139084036E-01
 0.405518737450989E-01
 0.413100229430483E-01
 0.418897785639798E-01
 0.422823484663270E-01
 0.424800687280428E-01
 0.424763634600507E-01
 0.422656619560062E-01
 0.418433252656594E-01
 0.412056298715683E-01
 0.403498291248104E-01
 0.392985722855831E-01
 0.382020447511382E-01
 0.371500135004235E-01
 0.361629535682222E-01
 0.352060624895718E-01
 0.342862763057020E-01
 0.334049589408658E-01
 0.330699695752757E-01
 0.331088797149960E-01
 0.330637923104642E-01
 0.329319970833961E-01
 0.328195508597796E-01
 0.326352127580018E-01
 0.323684896009699E-01
 0.321363793588367E-01
 0.318106790485858E-01
 0.314711203627911E-01
 0.311016033935043E-01
 0.306758575574441E-01
 0.302703436632637E-01
 0.297828131073765E-01
 0.293489691588169E-01
 0.299663097946388E-01
 0.342234704701116E-01
 0.384602778418843E-01
 0.426589397107063E-01
 0.468017126966059E-01
 0.508712135404691E-01
 0.548506285248696E-01
 0.587237961923404E-01
 0.624751801577150E-01
 0.660897764813006E-01
 0.695530082662397E-01
 0.728506517551311E-01
 0.759688208389212E-01
 0.788940181691602E-01
 0.816132455824807E-01
 0.841141558374083E-01
 0.863852219530494E-01
 0.884158998050560E-01
 0.901967634795174E-01
 0.917195991227499E-01
 0.929774490098976E-01
 0.939646024976325E-01
 0.946765365640254E-01
 0.951098184398920E-01
 0.952619953977645E-01
 0.951315058445697E-01
 0.947176436401817E-01
 0.940205910980823E-01
 0.931705094239539E-01
 0.923202756510664E-01
 0.914758073163480E-01
 0.906167040451190E-01
 0.897678295535335E-01
 0.889328488934568E-01
 0.881110739287541E-01
 0.872964554757619E-01
 0.864845641608094E-01
 0.856706452537942E-01
 0.848810504481033E-01
 0.840766673453130E-01
 0.833029101948831E-01
 0.825416838552770E-01
 0.818049712221345E-01
 0.810561293192286E-01
 0.803165747021438E-01
 0.796207492822884E-01
 0.788942666782837E-01
 0.782083779534276E-01
 0.775493151435169E-01
 0.768140900293144E-01
 0.762355381947877E-01
 0.755150998741119E-01
 0.749562639353932E-01
 0.742932492785239E-01
 0.737144328048847E-01
 0.730949912335844E-01
 0.725100682129970E-01
 0.719247676671714E-01
 0.713105294341294E-01
 0.704911516195329E-01
 0.694685417494125E-01
 0.682455113258202E-01
 0.668257850140785E-01
 0.652139613878770E-01
 0.634154211716779E-01
 0.615254253938600E-01
 0.597118410091863E-01
 0.579693261147005E-01
 0.562996464115597E-01
 0.553784795832994E-01
 0.567293400836122E-01
 0.583822410258364E-01
 0.597921392294944E-01
 0.609585915193274E-01
 0.618822812484387E-01
 0.625649379477486E-01
 0.630092678914668E-01
 0.632189130762982E-01
 0.631984500798447E-01
 0.629534305265968E-01
 0.624929802376131E-01
 0.618972830560290E-01
 0.613017956005522E-01
 0.607313607935917E-01
 0.601509439811728E-01
 0.595772155427373E-01
 0.590183907245582E-01
 0.584741215689373E-01
 0.579480822717300E-01
 0.574234461191260E-01
 0.568955962908561E-01
 0.563907631224866E-01
 0.559143967615406E-01
 0.554110665186758E-01
 0.549320384571690E-01
 0.544749226436864E-01
 0.539948979158755E-01
 0.535426659565441E-01
 0.531040160579438E-01
 0.526196418218334E-01
 0.522373207767961E-01
 0.517905590686016E-01
 0.513897277877397E-01
 0.509805601184771E-01
 0.505606288764531E-01
 0.501900829088838E-01
 0.497628994208986E-01
 0.494286236972322E-01
 0.490019056486926E-01
 0.486854792392062E-01
 0.482662010603283E-01
 0.479586000166404E-01
 0.475022306279940E-01
 0.468928327427263E-01
 0.461378513252345E-01
 0.452522210888042E-01
 0.443491476292274E-01
 0.434647004333310E-01
 0.425995559091181E-01
 0.417637178383374E-01
 0.409412032258856E-01
 0.401459807230186E-01
 0.393785637975911E-01
 0.386290460944656E-01
 0.378976231242657E-01
 0.371822004212977E-01
 0.364920448120837E-01
 0.362201010619154E-01
 0.386353880182912E-01
 0.421834703150048E-01
 0.458926668050553E-01
 0.497484893956891E-01
 0.537352959547218E-01
 0.578365794289090E-01
 0.620352763364669E-01
 0.663140167977759E-01
 0.706552576932974E-01
 0.750412792498423E-01
 0.794540709427232E-01
 0.838751697091454E-01
 0.882855287497619E-01
 0.926654827111304E-01
 0.969948394130474E-01
 0.101253083309702E+00
 0.105419638822824E+00
 0.109474126087638E+00
 0.113396552020389E+00
 0.117167410125438E+00
 0.120767699660666E+00
 0.124178903174102E+00
 0.127382970044959E+00
 0.130362341072251E+00
 0.133100024084745E+00
 0.135579707013337E+00
 0.137785884033085E+00
 0.139703974269113E+00
 0.141320424036587E+00
 0.142622792586418E+00
 0.143599822445371E+00
 0.144241491041013E+00
 0.144539037266139E+00
 0.144484960024774E+00
 0.144072994871350E+00
 0.143298084151309E+00
 0.142156359804948E+00
 0.140645153866863E+00
 0.138763041439155E+00
 0.136509908651467E+00
 0.134123017338203E+00
 0.131817882279495E+00
 0.129602675756179E+00
 0.127476529036711E+00
 0.125409117141030E+00
 0.123413769624060E+00
 0.121492884373922E+00
 0.119633608897163E+00
 0.117829061292002E+00
 0.116067063501127E+00
 0.114387476493980E+00
 0.112753568086242E+00
 0.111170871871751E+00
 0.109593969959346E+00
 0.108126741246236E+00
 0.106695566678363E+00
 0.105239781650856E+00
 0.103899519480965E+00
 0.102591263011662E+00
 0.101203356017458E+00
 0.100050074052200E+00
 0.987631920685096E-01
 0.976148858096341E-01
 0.964491506465300E-01
 0.953001414861730E-01
 0.942323567020349E-01
 0.930947365015010E-01
 0.921102698894092E-01
 0.909162330862526E-01
 0.894573336641958E-01
 0.877337787642542E-01
 0.857469620843890E-01
 0.834993665393690E-01
 0.809944630596554E-01
 0.857589016124701E-01
 0.919704373050946E-01
 0.979155150657395E-01
 0.103577253976886E+00
 0.108939892760639E+00
 0.113988806442070E+00
 0.118710500036096E+00
 0.123092607002052E+00
 0.127123916392368E+00
 0.130794438230927E+00
 0.134095498419605E+00
 0.137019840273546E+00
 0.139561704672715E+00
 0.141716865551567E+00
 0.143482609663926E+00
 0.144857665543350E+00
 0.145842102080716E+00
 0.146437227503378E+00
 0.146645520521723E+00
 0.146470615145429E+00
 0.145917341544560E+00
 0.144991803958247E+00
 0.143910970246808E+00
 0.142811770003680E+00
 0.141718914373960E+00
 0.140611415352619E+00
 0.139506468040374E+00
 0.138413640390915E+00
 0.137340147120340E+00
 0.136274749391020E+00
 0.135213918208072E+00
 0.134138559863919E+00
 0.133078764152536E+00
 0.132049814818730E+00
 0.131028131788640E+00
 0.129980365354206E+00
 0.128994023995286E+00
 0.128009985852622E+00
 0.126981942169535E+00
 0.126063329140431E+00
 0.125066971564508E+00
 0.124138393391461E+00
 0.123218229669091E+00
 0.122231727054981E+00
 0.121385190691745E+00
 0.120359539606636E+00
 0.119587324336710E+00
 0.118622349395480E+00
 0.117835211777708E+00
 0.116918410619554E+00
 0.116119753664465E+00
 0.115237642832408E+00
 0.114392326873997E+00
 0.113277157235737E+00
 0.111898354719854E+00
 0.110262810116513E+00
 0.108378224904426E+00
 0.106253254188491E+00
 0.103897588222057E+00
 0.101337511057068E+00
 0.987975250449149E-01
 0.963536737849155E-01
 0.939850812338897E-01
 0.917213741789622E-01
 0.895125479948434E-01
 0.884378733949776E-01
 0.878562681372990E-01
 0.872603370406731E-01
 0.866671876429639E-01
 0.861382160812638E-01
 0.855803472977694E-01
 0.849817382171987E-01
 0.844773338079600E-01
 0.839371920031888E-01
 0.833493386303473E-01
 0.828675362242838E-01
 0.822079339980527E-01
 0.813577630682533E-01
 0.803216287997665E-01
 0.791047394244789E-01
 0.777129046417764E-01
 0.761525340439758E-01
 0.744306289660326E-01
 0.725547577055169E-01
 0.705330047938841E-01
 0.683738934584208E-01
 0.660862931569175E-01
 0.636793329031697E-01
 0.611623399254771E-01
 0.585448128281374E-01
 0.558364250866501E-01
 0.530470446509555E-01
 0.501867513663281E-01
 0.472658356521831E-01
 0.442947684012675E-01
 0.412841418000260E-01
 0.387213050557036E-01
 0.384392069988145E-01
 0.381507172642691E-01
 0.378983983012742E-01
 0.375912752593292E-01
 0.373741848544230E-01
 0.370724700884419E-01
 0.368652745821742E-01
 0.365753407624084E-01
 0.363661967000950E-01
 0.360916252512170E-01
 0.358802912491589E-01
 0.356170731647238E-01
 0.353845674361429E-01
 0.350449616791688E-01
 0.346075592707536E-01
 0.341327431893123E-01
 0.356964899704608E-01
 0.374298153403476E-01
 0.392895052047870E-01
 0.412686038567620E-01
 0.433589249562711E-01
 0.455510544611424E-01
 0.478344526003155E-01
 0.501976382625260E-01
 0.526284211426969E-01
 0.551141356455056E-01
 0.576418310101735E-01
 0.601983868039555E-01
 0.627705483880689E-01
 0.653449038288690E-01
 0.679078406320758E-01
 0.704455203198104E-01
 0.729438926520106E-01
 0.753887489988811E-01
 0.777657983497180E-01
 0.800607468834499E-01
 0.822593708931544E-01
 0.843475845857043E-01
 0.863115108243096E-01
 0.881375621240665E-01
 0.898125345376341E-01
 0.913237126161317E-01
 0.926589804546048E-01
 0.938069305769928E-01
 0.947569588480111E-01
 0.954993324071569E-01
 0.960252221938559E-01
 0.963267022103598E-01
 0.963967300502632E-01
 0.962291313999657E-01
 0.958186112682669E-01
 0.951608064625371E-01
 0.942523798572853E-01
 0.930911408624480E-01
 0.916975979770785E-01
 0.902499260173809E-01
 0.888419485836235E-01
 0.874961507413838E-01
 0.861781952667089E-01
 0.849045037898571E-01
 0.836695760578045E-01
 0.824741911446183E-01
 0.813154173684194E-01
 0.801824839616212E-01
 0.790663505220241E-01
 0.780009542443872E-01
 0.769630085056791E-01
 0.759491966490105E-01
 0.749469805759919E-01
 0.740100230929581E-01
 0.730786782249472E-01
 0.721386390659109E-01
 0.712890873045353E-01
 0.704079478851923E-01
 0.695645077151881E-01
 0.687753353792321E-01
 0.679124288516068E-01
 0.672097904092350E-01
 0.664106618346528E-01
 0.657167975142945E-01
 0.649844348062189E-01
 0.642948609917292E-01
 0.636191511294292E-01
 0.629060582708718E-01
 0.620133842509622E-01
 0.609401606847014E-01
 0.596862698604845E-01
 0.582524831774674E-01
 0.566404729236733E-01
 0.548527838751088E-01
 0.551987477856054E-01
 0.584775763252826E-01
 0.615090231459348E-01
 0.642812346894241E-01
 0.667832136171631E-01
 0.690049046019598E-01
 0.709372987063216E-01
 0.725725384058597E-01
 0.739040092702294E-01
 0.749264088803235E-01
 0.756357865538982E-01
 0.760295506957330E-01
 0.761064461044868E-01
 0.758665100490541E-01
 0.754754664659455E-01
 0.750563847304580E-01
 0.746514664722715E-01
 0.742304762161303E-01
 0.737999357236713E-01
 0.733646773023298E-01
 0.729250461447579E-01
 0.724661696601237E-01
 0.719780081862238E-01
 0.715173377877468E-01
 0.710789577663978E-01
 0.705931200114864E-01
 0.701026406824986E-01
 0.696421804379232E-01
 0.691432245439439E-01
 0.686657020406267E-01
 0.682034330776320E-01
 0.676743358116035E-01
 0.672533905717602E-01
 0.667843861296976E-01
 0.663091219087516E-01
 0.658925627397384E-01
 0.653709841504805E-01
 0.650044882123944E-01
 0.644531748260166E-01
 0.641223187651472E-01
 0.636035731233574E-01
 0.632536017038703E-01
 0.627647278215629E-01
 0.624135938192759E-01
 0.619441483378468E-01
 0.615573580900989E-01
 0.609397567706788E-01
 0.600939000540345E-01
 0.590233157529477E-01
 0.590313871315305E-01
 0.624398086064844E-01
 0.656113229165648E-01
 0.685334750051251E-01
 0.711950821166347E-01
 0.735862842092894E-01
 0.756985172444746E-01
 0.775244385850987E-01
 0.790578499961367E-01
 0.802936618145965E-01
 0.812279212140153E-01
 0.818578968724218E-01
 0.821821859561725E-01
 0.822007992965963E-01
 0.819151906174913E-01
 0.813282195421431E-01
 0.804440641086630E-01
 0.792706332310164E-01
 0.779940158901758E-01
 0.767513171839582E-01
 0.755275317002286E-01
 0.743783967493116E-01
 0.732539503379688E-01
 0.721619398461790E-01
 0.711041022450482E-01
 0.700660438167815E-01
 0.690530521757997E-01
 0.681208874753623E-01
 0.671975729621507E-01
 0.662715872845378E-01
 0.653879228125991E-01
 0.645645357605556E-01
 0.637206307485130E-01
 0.628986792698440E-01
 0.621482483842486E-01
 0.613264380337285E-01
 0.606163480463194E-01
 0.599030576718455E-01
 0.591623777036906E-01
 0.585443057414119E-01
 0.577833854420807E-01
 0.572357898168440E-01
 0.565398705501843E-01
 0.559848914459137E-01
 0.553495654042013E-01
 0.547935213982854E-01
 0.542070295461032E-01
 0.536241557995750E-01
 0.528259537085525E-01
 0.518169880658992E-01
 0.506028679764937E-01
 0.491901139801973E-01
 0.475912780668214E-01
 0.459900083635264E-01
 0.444623598429108E-01
 0.439871477371390E-01
 0.449736306913299E-01
 0.456743706118593E-01
 0.460860444857697E-01
 0.462066660263578E-01
 0.460885779894638E-01
 0.459416611404351E-01
 0.457728104863190E-01
 0.456105857791381E-01
 0.454458310263970E-01
 0.452607084583519E-01
 0.450573132549697E-01
 0.448402817571774E-01
 0.446471825060155E-01
 0.444400220707432E-01
 0.442039963097649E-01
 0.439624171760103E-01
 0.437498498399076E-01
 0.434978012524260E-01
 0.432593493015656E-01
 0.430229651725699E-01
 0.427406055828423E-01
 0.425141306623767E-01
 0.422879732104651E-01
 0.419992797960936E-01
 0.418168290049842E-01
 0.414947813692559E-01
 0.413293209692995E-01
 0.410338401937260E-01
 0.408410345028535E-01
 0.405763176106022E-01
 0.403701438973533E-01
 0.401232712302946E-01
 0.428040796646380E-01
 0.467787447159722E-01
 0.506244318680849E-01
 0.543236304720417E-01
 0.578594013685140E-01
 0.612154506159510E-01
 0.643761724372140E-01
 0.673266623593191E-01
 0.700527166977281E-01
 0.725408438225717E-01
 0.747783108991444E-01
 0.767532371832260E-01
 0.784547276631312E-01
 0.798730269003588E-01
 0.809996669196871E-01
 0.818275846048799E-01
 0.823511907028645E-01
 0.825663823214176E-01
 0.824705024721187E-01
 0.820622615415128E-01
 0.813416433518342E-01
 0.803098205341043E-01
 0.789858890595496E-01
 0.776740992516334E-01
 0.763948916048661E-01
 0.751719104478237E-01
 0.739734344711314E-01
 0.728187924677503E-01
 0.717072018887242E-01
 0.706290887850243E-01
 0.695723729087551E-01
 0.685476096294204E-01
 0.675596871863903E-01
 0.665942208940518E-01
 0.656752236579076E-01
 0.647481971866492E-01
 0.638951531264204E-01
 0.630366635255997E-01
 0.621613116229286E-01
 0.614113087728927E-01
 0.606252573106660E-01
 0.598348171863125E-01
 0.591459535307499E-01
 0.583558496140069E-01
 0.577255682967393E-01
 0.570241389453630E-01
 0.563804045693091E-01
 0.557508127374651E-01
 0.551080785972294E-01
 0.545398447919999E-01
 0.539152837846943E-01
 0.533846966116718E-01
 0.527099620190200E-01
 0.544236482702919E-01
 0.587120779430204E-01
 0.627977846451599E-01
 0.666663874086767E-01
 0.703047647809204E-01
 0.737009558230030E-01
 0.768439866141632E-01
 0.797236890042544E-01
 0.823305793841615E-01
 0.846558434052796E-01
 0.866914376708881E-01
 0.884302831249345E-01
 0.898664973340402E-01
 0.909956016644760E-01
 0.918146481356960E-01
 0.923222369546439E-01
 0.925184301380618E-01
 0.924045966376326E-01
 0.919832400262315E-01
 0.912578579100914E-01
 0.903769682580533E-01
 0.895116680013103E-01
 0.886469197368336E-01
 0.877774883018016E-01
 0.869219477438535E-01
 0.860830763015740E-01
 0.852613001292903E-01
 0.844534650147201E-01
 0.836478941748195E-01
 0.828478998268760E-01
 0.820651175328361E-01
 0.812830987771043E-01
 0.805433016283223E-01
 0.797786061373600E-01
 0.790697800986010E-01
 0.783506510859560E-01
 0.776181463094078E-01
 0.769581385527307E-01
 0.762574586555537E-01
 0.756010790922157E-01
 0.749513804569971E-01
 0.742544417812888E-01
 0.736886400287637E-01
 0.729863908275684E-01
 0.724589235995078E-01
 0.718116148342597E-01
 0.712741223165023E-01
 0.706651820019216E-01
 0.701221472996161E-01
 0.695437140053181E-01
 0.689596267778174E-01
 0.681551704416002E-01
 0.671345679846775E-01
 0.659028011416713E-01
 0.644654819287659E-01
 0.628287743457856E-01
 0.610419241045517E-01
 0.593080277168016E-01
 0.576397552827535E-01
 0.560304867546309E-01
 0.549421374889719E-01
 0.571274966360927E-01
 0.591062344803051E-01
 0.608777730924255E-01
 0.624426048676177E-01
 0.638023348593861E-01
 0.649597067367431E-01
 0.659185875244698E-01
 0.666838969538277E-01
 0.672614857809486E-01
 0.676579877170389E-01
 0.678806829169704E-01
 0.679374102669985E-01
 0.678365499691847E-01
 0.675870729551083E-01
 0.671986291041087E-01
 0.666816311119153E-01
 0.660472903884474E-01
 0.653075757527455E-01
 0.645259947837715E-01
 0.638287810047929E-01
 0.630842068590383E-01
 0.623584025620776E-01
 0.616633599168060E-01
 0.609772796775399E-01
 0.603073151129718E-01
 0.596635303841840E-01
 0.590374414151050E-01
 0.584348207006583E-01
 0.578480893717952E-01
 0.572757160038979E-01
 0.567186039337261E-01
 0.561760263791406E-01
 0.556438175771699E-01
 0.551418888860471E-01
 0.546210496468045E-01
 0.541339525417308E-01
 0.536666404195079E-01
 0.531623090934848E-01
 0.527375242481855E-01
 0.522622828873075E-01
 0.518417308519028E-01
 0.513962756117588E-01
 0.509745038852629E-01
 0.505573152383237E-01
 0.505622960719125E-01
 0.515076579596944E-01
 0.526013760061840E-01
 0.538407237211002E-01
 0.552220925833233E-01
 0.567410222690933E-01
 0.583922005956510E-01
 0.601694391039610E-01
 0.620656348496209E-01
 0.640727304891841E-01
 0.661816855296014E-01
 0.683824720937113E-01
 0.706641064076011E-01
 0.730147200054937E-01
 0.754216634019714E-01
 0.778716247691688E-01
 0.803507427001008E-01
 0.828446974322763E-01
 0.853387757899368E-01
 0.878179158347446E-01
 0.902667434161433E-01
 0.926696134970246E-01
 0.950106658795515E-01
 0.972738999308686E-01
 0.994432676349970E-01
 0.101502779630699E+00
 0.103436615388436E+00
 0.105229226815341E+00
 0.106865424942838E+00
 0.108330442714541E+00
 0.109609973674649E+00
 0.110690195428124E+00
 0.111557794634209E+00
 0.112200012309449E+00
 0.112604721428309E+00
 0.112760534805784E+00
 0.112656926131807E+00
 0.112284338279354E+00
 0.111634255337543E+00
 0.110699227787279E+00
 0.109472858673059E+00
 0.107949774978096E+00
 0.106125615611965E+00
 0.104036953828186E+00
 0.101985430951979E+00
 0.100030765503831E+00
 0.981297845922581E-01
 0.963333609839352E-01
 0.945954420082936E-01
 0.929187054900674E-01
 0.913031834086198E-01
 0.897314741224705E-01
 0.882064708271973E-01
 0.867650692238628E-01
 0.853770072290303E-01
 0.839990788139642E-01
 0.826612565280887E-01
 0.813988076097322E-01
 0.801541241729224E-01
 0.789213285722191E-01
 0.778011052503080E-01
 0.766453853526046E-01
 0.755435992668125E-01
 0.745191899554072E-01
 0.734238469901250E-01
 0.724819260439102E-01
 0.714949484981733E-01
 0.705519917063119E-01
 0.696551296922790E-01
 0.687378683265208E-01
 0.679109878391437E-01
 0.669565124341693E-01
 0.657950189679224E-01
 0.680501727863337E-01
 0.749173699428083E-01
 0.816421636082863E-01
 0.882028019623567E-01
 0.945778631364137E-01
 0.100746424420713E+00
 0.106688261128197E+00
 0.112384036906248E+00
 0.117815446754130E+00
 0.122965286165909E+00
 0.127817439523115E+00
 0.132356802634782E+00
 0.136569173720532E+00
 0.140441159929151E+00
 0.143960147867292E+00
 0.147114372582472E+00
 0.149893090282340E+00
 0.152286823131835E+00
 0.154287613244301E+00
 0.155889211714211E+00
 0.157087144875823E+00
 0.157878639945999E+00
 0.158262440818882E+00
 0.158238582397507E+00
 0.157808203300957E+00
 0.156973458326815E+00
 0.155746842546902E+00
 0.154369798350803E+00
 0.153008115704671E+00
 0.151640641836386E+00
 0.150288169979207E+00
 0.148963980570465E+00
 0.147649887346319E+00
 0.146324943289989E+00
 0.145056473060692E+00
 0.143807888172342E+00
 0.142556697664993E+00
 0.141286780607211E+00
 0.140067150340463E+00
 0.138883324839544E+00
 0.137678078513775E+00
 0.136496763666223E+00
 0.135362877383463E+00
 0.134180173564131E+00
 0.133073908162863E+00
 0.131972317815240E+00
 0.130797098338300E+00
 0.129811169789069E+00
 0.128678442617582E+00
 0.127692874954389E+00
 0.126636109915225E+00
 0.125626189926290E+00
 0.124646158683635E+00
 0.123627868789950E+00
 0.122704332710456E+00
 0.121688933672102E+00
 0.120801437651941E+00
 0.119712552007772E+00
 0.118332204795975E+00
 0.116665082004477E+00
 0.114716932091075E+00
 0.112494517784048E+00
 0.110005542435778E+00
 0.107258576996607E+00
 0.104315344054722E+00
 0.101444318042080E+00
 0.986871866952861E-01
 0.960394550863868E-01
 0.934779397104627E-01
 0.927749120771093E-01
 0.920879311344774E-01
 0.914422464925105E-01
 0.908275934326531E-01
 0.901969458847361E-01
 0.895352280153096E-01
 0.889574834373640E-01
 0.883627466569575E-01
 0.877206107971510E-01
 0.871672178611137E-01
 0.865912814865844E-01
 0.859601814443091E-01
 0.851224053027108E-01
 0.840808619759567E-01
 0.828392113475061E-01
 0.814018135314671E-01
 0.797736647241596E-01
 0.779603255008832E-01
 0.770625834374618E-01
 0.763544193679305E-01
 0.756736930653434E-01
 0.749937313313946E-01
 0.743230975851904E-01
 0.736515112952721E-01
 0.730002381512161E-01
 0.723942008865221E-01
 0.717826197676417E-01
 0.711412531137583E-01
 0.705880297545558E-01
 0.700070649408709E-01
 0.694009787058192E-01
 0.688843872780930E-01
 0.682819050724826E-01
 0.677772472504217E-01
 0.672382384771414E-01
 0.666994597765307E-01
 0.662118739752585E-01
 0.656484779000053E-01
 0.652043349386315E-01
 0.646299594563764E-01
 0.642228264537146E-01
 0.636530826391907E-01
 0.632615372744487E-01
 0.627190244404298E-01
 0.623025465377657E-01
 0.616920702135998E-01
 0.608959789384452E-01
 0.599233689917827E-01
 0.587924539054160E-01
 0.576432373754669E-01
 0.565266191777288E-01
 0.554433244880535E-01
 0.543885552502639E-01
 0.533563444794553E-01
 0.523664682865992E-01
 0.513989759533991E-01
 0.504554602355704E-01
 0.495357686341621E-01
 0.486394504219001E-01
 0.477643210729720E-01
 0.475279331885457E-01
 0.473711194330190E-01
 0.471632411002291E-01
 0.469650837960145E-01
 0.467845907354819E-01
 0.465406907341570E-01
 0.461575075049231E-01
 0.456405173419917E-01
 0.478138330923831E-01
 0.511176714561038E-01
 0.544587578221574E-01
 0.578197057621029E-01
 0.611830288499744E-01
 0.645313326644936E-01
 0.678474469479068E-01
 0.711144891574841E-01
 0.743158715421364E-01
 0.774352798350514E-01
 0.804566563034559E-01
 0.833642122489671E-01
 0.861424794573729E-01
 0.887763935310488E-01
 0.912513910779215E-01
 0.935535013636523E-01
 0.956694211264479E-01
 0.975865740915745E-01
 0.992931669184648E-01
 0.100778255094352E+00
 0.102031825305255E+00
 0.103044889999020E+00
 0.103809581225344E+00
 0.104319227306586E+00
 0.104568396996798E+00
 0.104552900647390E+00
 0.104269746953730E+00
 0.103717066740953E+00
 0.102894027648295E+00
 0.101800768148753E+00
 0.100438371467934E+00
 0.988148538648231E-01
 0.971218448091944E-01
 0.954787310418663E-01
 0.939210285379280E-01
 0.924058357728371E-01
 0.909321357027506E-01
 0.895096562324276E-01
 0.881364046563838E-01
 0.868177255966956E-01
 0.855431771630292E-01
 0.842998317066898E-01
 0.831000685976352E-01
 0.819423061130467E-01
 0.808027862831624E-01
 0.796831470227113E-01
 0.786383199026329E-01
 0.776067007131684E-01
 0.765657956771233E-01
 0.756108256008877E-01
 0.746765767132382E-01
 0.736834321076401E-01
 0.728583048750182E-01
 0.719596035944945E-01
 0.711335021979396E-01
 0.703140552122668E-01
 0.694864516397252E-01
 0.687403427718921E-01
 0.679207115902872E-01
 0.672264137810176E-01
 0.663633577280353E-01
 0.653058040492101E-01
 0.640554117264073E-01
 0.626146979540522E-01
 0.609870023254654E-01
 0.591764292653300E-01
 0.571877810622496E-01
 0.550265027750253E-01
 0.527332694738487E-01
 0.523211176109144E-01
 0.547805098514376E-01
 0.569927873009611E-01
 0.589521941932693E-01
 0.606539526995887E-01
 0.620944720092550E-01
 0.632715169219519E-01
 0.641842884123881E-01
 0.648334068622478E-01
 0.652208217833445E-01
 0.653496865489989E-01
 0.652795851182822E-01
 0.651900869350669E-01
 0.650657816252911E-01
 0.649294805978085E-01
 0.647704619426206E-01
 0.645789909924570E-01
 0.643654946037338E-01
 0.641621073432670E-01
 0.639393987150842E-01
 0.636874923261214E-01
 0.634124500879711E-01
 0.631474661216531E-01
 0.628885705767534E-01
 0.625826308809340E-01
 0.623016243515422E-01
 0.620193587877034E-01
 0.617070157096175E-01
 0.614213360843799E-01
 0.610893152010907E-01
 0.608111497427778E-01
 0.605078101867589E-01
 0.601806277169241E-01
 0.598977386569219E-01
 0.595297262701586E-01
 0.592814323629812E-01
 0.588989288598395E-01
 0.586596680745351E-01
 0.582915821554125E-01
 0.580489463279784E-01
 0.576903402662099E-01
 0.574385931880215E-01
 0.570844915264667E-01
 0.567977109053130E-01
 0.563289415240418E-01
 0.556825023838850E-01
 0.548648782995397E-01
 0.539833924808550E-01
 0.531113811561797E-01
 0.522531510455443E-01
 0.513952542757548E-01
 0.505611386595023E-01
 0.497331652533631E-01
 0.489153602759003E-01
 0.481101779988963E-01
 0.473165562145502E-01
 0.465332656930389E-01
 0.457588028876485E-01
 0.449894332884597E-01
 0.446879779641850E-01
 0.445357233295883E-01
 0.443395148756613E-01
 0.441803326088068E-01
 0.440091797319887E-01
 0.438092781637816E-01
 0.434834255679418E-01
 0.430347514120525E-01
 0.424668120259460E-01
 0.418806453995153E-01
 0.414092862688671E-01
 0.408157563617323E-01
 0.401042253144610E-01
 0.392794726852904E-01
 0.383468827508928E-01
 0.373123939708418E-01
 0.361824118538209E-01
 0.349637031649513E-01
 0.336632924861088E-01
 0.322883806839297E-01
 0.308462995198531E-01
 0.293445063307815E-01
 0.277906083130701E-01
 0.281608126814136E-01
 0.297391810187318E-01
 0.311611256481124E-01
 0.324141049378230E-01
 0.334865242106858E-01
 0.343677414516739E-01
 0.350480382168331E-01
 0.355185681550882E-01
 0.357713028347749E-01
 0.357989992395708E-01
 0.355988171087977E-01
 0.353197773293699E-01
 0.350568048836010E-01
 0.347750875256728E-01
 0.344916598513237E-01
 0.342002819113765E-01
 0.339267521251362E-01
 0.336590041521008E-01
 0.333917609149398E-01
 0.331116094486727E-01
 0.328055451621389E-01
 0.325254918650756E-01
 0.322776347618918E-01
 0.319890744482221E-01
 0.317033590929149E-01
 0.314607476322964E-01
 0.311561313341098E-01
 0.309047915059129E-01
 0.306505542199375E-01
 0.303459728943874E-01
 0.301236051324120E-01
 0.298070113243592E-01
 0.296061217680677E-01
 0.309025258920287E-01
 0.356548379999154E-01
 0.404422999849767E-01
 0.452459551830936E-01
 0.500464238027814E-01
 0.548240798382417E-01
 0.595592499302160E-01
 0.642323828642160E-01
 0.688241452080385E-01
 0.733154274774031E-01
 0.776872844496842E-01
 0.819208644074489E-01
 0.859973896326841E-01
 0.898982304137114E-01
 0.936050770236046E-01
 0.971001763710610E-01
 0.100366578001792E+00
 0.103388334018988E+00
 0.106150615345591E+00
 0.108639733328114E+00
 0.110843081964215E+00
 0.112749035843361E+00
 0.114346848716833E+00
 0.115626595935425E+00
 0.116579191370129E+00
 0.117196488831715E+00
 0.117471454356337E+00
 0.117398374766137E+00
 0.116973055092856E+00
 0.116192956972607E+00
 0.115057243611113E+00
 0.113566721842099E+00
 0.111891163401488E+00
 0.110269801170941E+00
 0.108692466168920E+00
 0.107178718624869E+00
 0.105714376126674E+00
 0.104283536794048E+00
 0.102879744079930E+00
 0.101492120690206E+00
 0.100178481799773E+00
 0.989220857075159E-01
 0.976734733497972E-01
 0.964049975576067E-01
 0.952256843365235E-01
 0.940796843421081E-01
 0.929159526597317E-01
 0.918152366581694E-01
 0.907745383678070E-01
 0.896564042109520E-01
 0.886880585772570E-01
 0.876887394515890E-01
 0.866783254378536E-01
 0.857889716470787E-01
 0.847519077257907E-01
 0.839621810214027E-01
 0.830128761861112E-01
 0.822064658819246E-01
 0.813311075909652E-01
 0.805322507368391E-01
 0.797214216931867E-01
 0.788933839700016E-01
 0.778110572139821E-01
 0.764753780162008E-01
 0.748881104400697E-01
 0.730519296775029E-01
 0.720490084617519E-01
 0.769970565358296E-01
 0.816740202621814E-01
 0.860633724157528E-01
 0.901493808367509E-01
 0.939172314772277E-01
 0.973531881538505E-01
 0.100444773004620E+00
 0.103180939282267E+00
 0.105552204162495E+00
 0.107550718290145E+00
 0.109170267731251E+00
 0.110406223579738E+00
 0.111255465369428E+00
 0.111716303076512E+00
 0.111788412415218E+00
 0.111472786898053E+00
 0.110771704395712E+00
 0.109736524127936E+00
 0.108665741227187E+00
 0.107581056802215E+00
 0.106553573067712E+00
 0.105514477982577E+00
 0.104471223865103E+00
 0.103429390012607E+00
 0.102388311432574E+00
 0.101329383892960E+00
 0.100313090108005E+00
 0.993333778122616E-01
 0.983139563442110E-01
 0.972949904429078E-01
 0.963023024457099E-01
 0.953285104610434E-01
 0.943175332649780E-01
 0.933778662981600E-01
 0.924055861272187E-01
 0.914299920579742E-01
 0.905277530628679E-01
 0.894821008278314E-01
 0.886513336479691E-01
 0.876669697573118E-01
 0.867877144096032E-01
 0.858586439400716E-01
 0.849459274856841E-01
 0.840614011615760E-01
 0.831293406348524E-01
 0.822678504466590E-01
 0.813280329092278E-01
 0.804793235283665E-01
 0.794636501548842E-01
 0.781833141509383E-01
 0.766453789299131E-01
 0.748578645459262E-01
 0.728298056806986E-01
 0.706221520999314E-01
 0.684690927841752E-01
 0.689331805156785E-01
 0.722409824768018E-01
 0.752657132655433E-01
 0.780022306015462E-01
 0.804469164007925E-01
 0.825976089287595E-01
 0.844535554010895E-01
 0.860153929637104E-01
 0.872851482723729E-01
 0.882662344616930E-01
 0.889634227282223E-01
 0.893827737161153E-01
 0.895315284616476E-01
 0.894179751406411E-01
 0.890513201154006E-01
 0.884415935709610E-01
 0.875996082970704E-01
 0.865369680410900E-01
 0.852660984676919E-01
 0.838002600438432E-01
 0.821535051251985E-01
 0.803829098497632E-01
 0.786389013927738E-01
 0.769464771637336E-01
 0.752766376446920E-01
 0.736481216830639E-01
 0.720473014836674E-01
 0.704916840161198E-01
 0.689623869356673E-01
 0.674626859707257E-01
 0.659926092888313E-01
 0.645432120761589E-01
 0.631312673537986E-01
 0.617546325755908E-01
 0.604038340914846E-01
 0.590705446200767E-01
 0.577422776422702E-01
 0.564806364841198E-01
 0.552325822661362E-01
 0.539585636791964E-01
 0.527913460487564E-01
 0.515849540006616E-01
 0.504260987142210E-01
 0.492821771301142E-01
 0.481331679558096E-01
 0.470451380896102E-01
 0.459124067082869E-01
 0.448670392028638E-01
 0.437615957394392E-01
 0.427417519991570E-01
 0.416278227665123E-01
 0.404294960730476E-01
 0.391566844283112E-01
 0.378194663119656E-01
 0.364279599275543E-01
 0.349921497719244E-01
 0.335217101505773E-01
 0.320258731314730E-01
 0.305133710923597E-01
 0.290237048513088E-01
 0.276207306795504E-01
 0.265424878354176E-01
 0.258370731582997E-01
 0.251424287299776E-01
 0.244555434574617E-01
 0.237759701004108E-01
 0.231238477068831E-01
 0.224731212038711E-01
 0.218228788197286E-01
 0.212052523988923E-01
 0.205878433906487E-01
 0.199657661392473E-01
 0.193836959081865E-01
 0.187634395642834E-01
 0.181088325711542E-01
 0.174252504433098E-01
 0.167179274465602E-01
 0.159919273341494E-01
 0.152521272958000E-01
 0.149885165964013E-01
 0.148941081591302E-01
 0.147569846136727E-01
 0.145760564362318E-01
 0.143507458005494E-01
 0.140810287041533E-01
 0.137674447406930E-01
 0.134110728524308E-01
 0.130134804897902E-01
 0.125766586084144E-01
 0.121029554777515E-01
 0.115950193711180E-01
 0.110557553095975E-01
 0.104882954988884E-01
 0.989597821419553E-02
 0.930274263444924E-02
 0.874482492471881E-02
 0.821799325174800E-02
 0.772558045900301E-02
 0.733999396280012E-02
 0.708785444181575E-02
 0.684025900039397E-02
 0.658823615538930E-02
 0.632896517809768E-02
 0.606338058147640E-02
 0.580692247737272E-02
 0.554734879662008E-02
 0.528357566341384E-02
 0.502707637863815E-02
 0.477361237698524E-02
 0.451813037863963E-02
 0.427528645208208E-02
 0.403373292974230E-02
 0.379836729673378E-02
 0.357250613916349E-02
 0.334921701822180E-02
 0.314008229166239E-02
 0.293252010948260E-02
 0.283368881438271E-02
 0.303599994474466E-02
 0.320461368964317E-02
 0.334044758596753E-02
 0.344463513946566E-02
 0.351850217639588E-02
 0.356354361994661E-02
 0.358140156633478E-02
 0.357384465711962E-02
 0.354274795569429E-02
 0.349007215445485E-02
 0.341784123271233E-02
 0.332811861683441E-02
 0.322298301503494E-02
 0.310450575698611E-02
 0.297473121948539E-02
 0.283566084782824E-02
 0.268923997359575E-02
 0.253734580786212E-02
 0.238177507568765E-02
 0.222423064478577E-02
 0.206630766235101E-02
 0.190948054549956E-02
 0.175509232128903E-02
 0.160434731758207E-02
 0.145830739427484E-02
 0.131789117587842E-02
 0.118387537402911E-02
 0.105689733290786E-02
 0.938207703254160E-03
 0.829529526827663E-03
 0.730426666638340E-03
 0.640403903696532E-03
 0.558857630851872E-03
 0.485308248562879E-03
 0.419213990479364E-03
 0.360047326675549E-03
 0.307270771904386E-03
 0.260437515384912E-03
 0.219205734470863E-03
 0.183123476063695E-03
 0.151582167988661E-03
 0.124285527633378E-03
 0.100857614433760E-03
 0.808767311877847E-04
 0.640171252147530E-04
 0.499417862243546E-04
 0.382918255925054E-04
 0.288335175850206E-04
 0.212295867510517E-04
 0.152299581138110E-04
 0.106089062387383E-04
 0.711455862943587E-05
 0.457327507052857E-05
 0.277530939994263E-05
 0.156998722040235E-05
 0.806077657008329E-06
 0.362141019754095E-06
 0.132764922485089E-06
 0.346245401826184E-07
 0.448322065471003E-08
 0.551411492480647E-10
 0.000000000000000E+00
 0.000000000000000E+00
 0.000000000000000E+00
 0.000000000000000E+00
 0.000000000000000E+00
 0.000000000000000E+00
 0.000000000000000E+00
 0.000000000000000E+00
 0.000000000000000E+00
 0.000000000000000E+00
 0.000000000000000E+00
 0.000000000000000E+00
 0.000000000000000E+00
 0.000000000000000E+00
 0.000000000000000E+00
 0.000000000000000E+00
 0.000000000000000E+00
 0.000000000000000E+00
 0.000000000000000E+00
 0.000000000000000E+00
 0.000000000000000E+00
 0.000000000000000E+00
 0.000000000000000E+00
 0.000000000000000E+00
 0.000000000000000E+00
 0.000000000000000E+00
 0.000000000000000E+00
 0.000000000000000E+00
 0.000000000000000E+00
 0.000000000000000E+00
 0.000000000000000E+00
 0.000000000000000E+00
 0.000000000000000E+00
 0.000000000000000E+00
 0.000000000000000E+00
 0.000000000000000E+00
 0.000000000000000E+00
 0.000000000000000E+00
 0.000000000000000E+00
 0.000000000000000E+00
 0.000000000000000E+00
 0.000000000000000E+00
 0.000000000000000E+00
 0.000000000000000E+00
 0.000000000000000E+00
 0.000000000000000E+00
 0.000000000000000E+00
 0.000000000000000E+00
 0.000000000000000E+00
 0.000000000000000E+00
 0.000000000000000E+00
 0.000000000000000E+00
 0.000000000000000E+00
 0.000000000000000E+00
 0.000000000000000E+00
 0.000000000000000E+00
 0.000000000000000E+00
 0.000000000000000E+00
 0.000000000000000E+00
 0.000000000000000E+00
 0.000000000000000E+00
 0.000000000000000E+00
 0.000000000000000E+00
 0.000000000000000E+00
 0.000000000000000E+00
 0.000000000000000E+00
 0.000000000000000E+00
 0.000000000000000E+00
 0.000000000000000E+00
 0.000000000000000E+00
 0.000000000000000E+00
 0.000000000000000E+00
 0.000000000000000E+00
 0.000000000000000E+00
 0.000000000000000E+00
 0.000000000000000E+00
 0.000000000000000E+00
 0.000000000000000E+00
 0.000000000000000E+00
 0.000000000000000E+00
 0.000000000000000E+00
 0.000000000000000E+00
 0.000000000000000E+00
 0.000000000000000E+00
 0.000000000000000E+00
 0.000000000000000E+00
 0.000000000000000E+00
 0.000000000000000E+00
 0.000000000000000E+00
 0.000000000000000E+00
 0.000000000000000E+00
 0.000000000000000E+00
 0.000000000000000E+00
 0.000000000000000E+00
 0.000000000000000E+00
 0.000000000000000E+00
 0.000000000000000E+00
 0.000000000000000E+00
 0.000000000000000E+00
 0.000000000000000E+00
 0.000000000000000E+00
 0.000000000000000E+00
 0.000000000000000E+00
 0.000000000000000E+00
 0.000000000000000E+00
 0.000000000000000E+00
 0.000000000000000E+00
 0.000000000000000E+00
 0.000000000000000E+00
 0.000000000000000E+00
 0.000000000000000E+00
 0.000000000000000E+00
 0.000000000000000E+00
 0.000000000000000E+00
 0.000000000000000E+00
 0.000000000000000E+00
 0.000000000000000E+00
 0.000000000000000E+00
 0.000000000000000E+00
 0.000000000000000E+00
 0.000000000000000E+00
 0.000000000000000E+00
 0.000000000000000E+00
 0.000000000000000E+00
 0.000000000000000E+00
 0.000000000000000E+00
 0.000000000000000E+00
 0.000000000000000E+00
 0.000000000000000E+00
 0.000000000000000E+00
 0.000000000000000E+00
 0.000000000000000E+00
 0.000000000000000E+00
 0.000000000000000E+00
 0.000000000000000E+00
 0.000000000000000E+00
 0.000000000000000E+00
 0.000000000000000E+00
 0.000000000000000E+00
 0.000000000000000E+00
 0.000000000000000E+00
 0.000000000000000E+00
 0.000000000000000E+00
 0.000000000000000E+00
 0.000000000000000E+00
 0.000000000000000E+00
 0.000000000000000E+00
 0.000000000000000E+00
 0.000000000000000E+00
 0.000000000000000E+00
 0.000000000000000E+00
 0.000000000000000E+00
 0.000000000000000E+00
 0.000000000000000E+00
 0.000000000000000E+00
 0.000000000000000E+00
 0.000000000000000E+00
 0.000000000000000E+00
 0.000000000000000E+00
 0.000000000000000E+00
 0.000000000000000E+00
 0.000000000000000E+00
 0.000000000000000E+00
 0.000000000000000E+00
 0.000000000000000E+00
 0.000000000000000E+00
 0.000000000000000E+00
 0.000000000000000E+00
 0.000000000000000E+00
 0.000000000000000E+00
 0.000000000000000E+00
 0.000000000000000E+00
 0.000000000000000E+00
 0.000000000000000E+00
 0.000000000000000E+00
 0.000000000000000E+00
 0.000000000000000E+00
 0.000000000000000E+00
 0.000000000000000E+00
 0.000000000000000E+00
 0.000000000000000E+00
 0.000000000000000E+00
 0.000000000000000E+00
 0.000000000000000E+00
 0.000000000000000E+00
 0.000000000000000E+00
 0.000000000000000E+00
 0.000000000000000E+00
 0.000000000000000E+00
 0.000000000000000E+00
 0.000000000000000E+00
 0.000000000000000E+00
 0.000000000000000E+00
 0.000000000000000E+00
 0.000000000000000E+00
 0.000000000000000E+00
 0.000000000000000E+00
 0.000000000000000E+00
 0.000000000000000E+00
 0.000000000000000E+00
 0.000000000000000E+00
 0.000000000000000E+00
 0.000000000000000E+00
 0.000000000000000E+00
 0.000000000000000E+00
 0.000000000000000E+00
 0.000000000000000E+00
 0.000000000000000E+00
 0.000000000000000E+00
 0.000000000000000E+00
 0.000000000000000E+00
 0.000000000000000E+00
 0.000000000000000E+00
 0.000000000000000E+00
 0.000000000000000E+00
 0.000000000000000E+00
 0.000000000000000E+00
 0.000000000000000E+00
 0.000000000000000E+00
 0.000000000000000E+00
 0.000000000000000E+00
 0.000000000000000E+00
 0.000000000000000E+00
 0.000000000000000E+00
 0.000000000000000E+00
 0.000000000000000E+00
 0.000000000000000E+00
 0.000000000000000E+00
 0.000000000000000E+00
 0.000000000000000E+00
 0.000000000000000E+00
 0.000000000000000E+00
 0.000000000000000E+00
 0.000000000000000E+00
 0.000000000000000E+00
 0.000000000000000E+00
 0.000000000000000E+00
 0.000000000000000E+00
 0.000000000000000E+00
 0.000000000000000E+00
 0.000000000000000E+00
 0.000000000000000E+00
 0.000000000000000E+00
 0.000000000000000E+00
 0.000000000000000E+00
 0.000000000000000E+00
 0.000000000000000E+00
 0.000000000000000E+00
 0.000000000000000E+00
 0.000000000000000E+00
 0.000000000000000E+00
 0.000000000000000E+00
 0.000000000000000E+00
 0.000000000000000E+00
 0.000000000000000E+00
 0.000000000000000E+00
 0.000000000000000E+00
 0.000000000000000E+00
 0.000000000000000E+00
 0.000000000000000E+00
 0.000000000000000E+00
 0.000000000000000E+00
 0.000000000000000E+00
 0.000000000000000E+00
 0.000000000000000E+00
 0.000000000000000E+00
 0.000000000000000E+00
 0.000000000000000E+00
 0.000000000000000E+00
 0.000000000000000E+00
 0.000000000000000E+00
 0.000000000000000E+00
 0.000000000000000E+00
 0.000000000000000E+00
 0.000000000000000E+00
 0.000000000000000E+00
 0.000000000000000E+00
 0.000000000000000E+00
 0.000000000000000E+00
 0.000000000000000E+00
 0.000000000000000E+00
 0.000000000000000E+00
 0.000000000000000E+00
 0.000000000000000E+00
 0.000000000000000E+00
 0.000000000000000E+00
 0.000000000000000E+00
 0.000000000000000E+00
 0.000000000000000E+00
 0.000000000000000E+00
 0.000000000000000E+00
 0.000000000000000E+00
 0.000000000000000E+00
 0.000000000000000E+00
 0.000000000000000E+00
 0.000000000000000E+00
 0.000000000000000E+00
 0.000000000000000E+00
 0.000000000000000E+00
 0.000000000000000E+00
 0.000000000000000E+00
 0.000000000000000E+00
 0.000000000000000E+00
 0.000000000000000E+00
 0.000000000000000E+00
 0.000000000000000E+00
 0.000000000000000E+00
 0.000000000000000E+00
 0.000000000000000E+00
 0.000000000000000E+00
 0.000000000000000E+00
 0.000000000000000E+00
 0.000000000000000E+00
 0.000000000000000E+00
 0.000000000000000E+00
 0.000000000000000E+00
 0.000000000000000E+00
 0.000000000000000E+00
 0.000000000000000E+00
 0.000000000000000E+00
 0.000000000000000E+00
 0.000000000000000E+00
 0.000000000000000E+00
 0.000000000000000E+00
 0.000000000000000E+00
 0.000000000000000E+00
 0.000000000000000E+00
 0.000000000000000E+00
 0.000000000000000E+00
 0.000000000000000E+00
 0.000000000000000E+00
 0.000000000000000E+00
 0.000000000000000E+00
 0.000000000000000E+00
 0.000000000000000E+00
 0.000000000000000E+00
 0.000000000000000E+00
 0.000000000000000E+00
 0.000000000000000E+00
 0.000000000000000E+00
 0.000000000000000E+00
 0.000000000000000E+00
 0.000000000000000E+00
 0.000000000000000E+00
 0.000000000000000E+00
 0.000000000000000E+00
 0.000000000000000E+00
 0.000000000000000E+00
