 0.331133216057000E-10
 0.263772464728882E-08
 0.199644052713575E-07
 0.750417885035814E-07
 0.205616721650036E-06
 0.464176043288204E-06
 0.914344812583352E-06
 0.163327245431474E-05
 0.270965632418155E-05
 0.424193782420901E-05
 0.633585408076294E-05
 0.910132911614557E-05
 0.126487024485707E-04
 0.170843081324799E-04
 0.225054361103581E-04
 0.289947308610454E-04
 0.366141051177616E-04
 0.453982617789401E-04
 0.553479216774958E-04
 0.664228537443171E-04
 0.785348085122907E-04
 0.915682381464280E-04
 0.105786958453717E-03
 0.121309916741612E-03
 0.138155393860742E-03
 0.156332978860810E-03
 0.175964339223489E-03
 0.201908417868932E-03
 0.230800864575558E-03
 0.262058509756194E-03
 0.295625152356506E-03
 0.331815900469492E-03
 0.370725159782713E-03
 0.411778345378401E-03
 0.454957733935744E-03
 0.501182644125656E-03
 0.549109303389886E-03
 0.598997525135294E-03
 0.651569051451279E-03
 0.705090479123818E-03
 0.761311000449265E-03
 0.818613095466465E-03
 0.877446064561704E-03
 0.938017475904182E-03
 0.999073593450334E-03
 0.106877822281475E-02
 0.130315290179645E-02
 0.156401379256386E-02
 0.185234492371779E-02
 0.216896850835920E-02
 0.251452388493997E-02
 0.288944741853711E-02
 0.329395345768075E-02
 0.372801610220153E-02
 0.419135143126371E-02
 0.468340014302678E-02
 0.520331114224044E-02
 0.574992710813491E-02
 0.632177312728435E-02
 0.691704901402609E-02
 0.753362524386666E-02
 0.816904192876642E-02
 0.882051024363362E-02
 0.948491608932124E-02
 0.101588261937896E-01
 0.108384969920909E-01
 0.115198864800063E-01
 0.121986690829465E-01
 0.128702536637897E-01
 0.135298050202462E-01
 0.141722692309019E-01
 0.147924027704074E-01
 0.153848046711534E-01
 0.159439507351060E-01
 0.164709361028038E-01
 0.169967479420397E-01
 0.175229795386956E-01
 0.180571631695889E-01
 0.185920476060569E-01
 0.191291133793094E-01
 0.196680423010837E-01
 0.202079425285216E-01
 0.207467100114536E-01
 0.212851222273768E-01
 0.218375603338851E-01
 0.223860653404172E-01
 0.229249251303241E-01
 0.234751038736688E-01
 0.240269823178522E-01
 0.245643735043930E-01
 0.251182752999353E-01
 0.256681325377169E-01
 0.262003667438925E-01
 0.267607860984406E-01
 0.272954084222069E-01
 0.278436385531920E-01
 0.283899215006278E-01
 0.289179507247031E-01
 0.294747549542280E-01
 0.299845038641873E-01
 0.305498973239065E-01
 0.310570505972283E-01
 0.316144728524466E-01
 0.321216061132437E-01
 0.326574221832620E-01
 0.330989239427406E-01
 0.334401661855169E-01
 0.336755388935694E-01
 0.337998259567591E-01
 0.338082607060978E-01
 0.336965674223283E-01
 0.334618356697559E-01
 0.331789718494750E-01
 0.328959001090366E-01
 0.326181723692555E-01
 0.323394602739263E-01
 0.326999950245997E-01
 0.330920779095522E-01
 0.335102146362045E-01
 0.350725141455342E-01
 0.365240205140749E-01
 0.378560581875363E-01
 0.390605759397404E-01
 0.401302204435487E-01
 0.410584008775273E-01
 0.418393428823220E-01
 0.424681327707583E-01
 0.429407554139677E-01
 0.432565388047787E-01
 0.435119079232343E-01
 0.437595331416855E-01
 0.439904884502607E-01
 0.442096477605037E-01
 0.444286895394527E-01
 0.446328453062471E-01
 0.448352427857506E-01
 0.450375973283321E-01
 0.452286883761037E-01
 0.454004386009986E-01
 0.455567581160343E-01
 0.457197661121906E-01
 0.458830870776994E-01
 0.460037910631680E-01
 0.461525593373175E-01
 0.462933142974028E-01
 0.463886240880169E-01
 0.465330245184153E-01
 0.466209661674665E-01
 0.467296459791704E-01
 0.468355977359094E-01
 0.468915483353200E-01
 0.470118404612219E-01
 0.470238983170135E-01
 0.471552246436764E-01
 0.471543490163785E-01
 0.472678054606424E-01
 0.472669006385693E-01
 0.473507760690568E-01
 0.473433549149681E-01
 0.473799699411588E-01
 0.472462868786061E-01
 0.469446527406499E-01
 0.464784030318135E-01
 0.458746789954003E-01
 0.452577867353548E-01
 0.446479117825592E-01
 0.440523825427432E-01
 0.434503885945508E-01
 0.428722750544281E-01
 0.422961214882345E-01
 0.417249043783435E-01
 0.411602114671398E-01
 0.406018829148630E-01
 0.400485496488970E-01
 0.396707520234714E-01
 0.396304081152792E-01
 0.395680591330640E-01
 0.395782033580503E-01
 0.395716953620643E-01
 0.396036247753856E-01
 0.395431662455203E-01
 0.393505018548089E-01
 0.401054078976216E-01
 0.441882917910700E-01
 0.483951951797314E-01
 0.527086377545471E-01
 0.571103096901983E-01
 0.615811743343968E-01
 0.661015724089614E-01
 0.706513228198168E-01
 0.752098195132214E-01
 0.797561280371600E-01
 0.842690861876640E-01
 0.887274101153650E-01
 0.931098035051537E-01
 0.973950661199055E-01
 0.101562199683243E+00
 0.105590511604597E+00
 0.109459717896803E+00
 0.113150045210678E+00
 0.116642329817722E+00
 0.119918110814421E+00
 0.122959716701027E+00
 0.125750347569457E+00
 0.128274156764787E+00
 0.130516333946860E+00
 0.132463186485962E+00
 0.134102211676911E+00
 0.135422152676050E+00
 0.136413037448348E+00
 0.137066208169393E+00
 0.137374351645372E+00
 0.137331535876532E+00
 0.136933247556208E+00
 0.136176418470436E+00
 0.135059431380836E+00
 0.133582106092962E+00
 0.131745675841824E+00
 0.129580116632239E+00
 0.127411355303038E+00
 0.125313961606193E+00
 0.123284593709106E+00
 0.121301535886335E+00
 0.119410868415412E+00
 0.117574214291471E+00
 0.115800119811804E+00
 0.114082731387668E+00
 0.112429498376469E+00
 0.110827596707643E+00
 0.109245078139380E+00
 0.107722998263640E+00
 0.106253473710739E+00
 0.104823122461634E+00
 0.103379127641085E+00
 0.102074589166946E+00
 0.100764278324995E+00
 0.994283351804645E-01
 0.982558041765899E-01
 0.970063750458904E-01
 0.958531939691208E-01
 0.947286697469852E-01
 0.935629859770363E-01
 0.925513883786715E-01
 0.914066619068317E-01
 0.904741324201938E-01
 0.894129372303602E-01
 0.884595475438752E-01
 0.872528569604156E-01
 0.857935337788084E-01
 0.840832111487297E-01
 0.821244739035514E-01
 0.799208661408358E-01
 0.774769079735898E-01
 0.747980936513318E-01
 0.764368795858387E-01
 0.813526133814121E-01
 0.859955655394267E-01
 0.903538383401249E-01
 0.944166624399142E-01
 0.981744256410740E-01
 0.101618707193464E+00
 0.104742317096838E+00
 0.107539329745487E+00
 0.110005099809163E+00
 0.112136257455262E+00
 0.113930692294971E+00
 0.115387540286297E+00
 0.116507181266675E+00
 0.117291242722778E+00
 0.117742598014214E+00
 0.117865349948895E+00
 0.117664799853196E+00
 0.117147409644254E+00
 0.116443070011577E+00
 0.115718065915212E+00
 0.115002120685351E+00
 0.114265381337983E+00
 0.113518772671345E+00
 0.112769353970426E+00
 0.112017700582223E+00
 0.111258556588855E+00
 0.110493095776122E+00
 0.109729479998345E+00
 0.108978533028995E+00
 0.108233464860831E+00
 0.107471826294474E+00
 0.106728690800429E+00
 0.105994706661732E+00
 0.105225572235186E+00
 0.104518688653549E+00
 0.103789985656039E+00
 0.103055653401775E+00
 0.102377635979208E+00
 0.101587036570167E+00
 0.100971912615776E+00
 0.100235565369594E+00
 0.995854650132769E-01
 0.988953708063465E-01
 0.982238386882600E-01
 0.975708772577908E-01
 0.968900299723033E-01
 0.962649174368237E-01
 0.955860091114844E-01
 0.949797665414628E-01
 0.942423866112678E-01
 0.932801480408732E-01
 0.921001243551938E-01
 0.907101275921774E-01
 0.891186564909616E-01
 0.873348372989792E-01
 0.853893611913311E-01
 0.834628795801768E-01
 0.815935632094249E-01
 0.797718669701847E-01
 0.780177567749398E-01
 0.763048553396480E-01
 0.746345991075085E-01
 0.732893111016074E-01
 0.728486806857960E-01
 0.724004118328967E-01
 0.719334089183261E-01
 0.714889849216834E-01
 0.710745172420867E-01
 0.706260731356090E-01
 0.701848999737827E-01
 0.697871528375541E-01
 0.693359034089164E-01
 0.689288214675564E-01
 0.683583147994651E-01
 0.676288136587303E-01
 0.667452873676592E-01
 0.657132345355200E-01
 0.645386644425027E-01
 0.632280627529725E-01
 0.617883463785477E-01
 0.602268197100260E-01
 0.585511403253558E-01
 0.567692910181981E-01
 0.548895479169520E-01
 0.529204381413107E-01
 0.508706904504355E-01
 0.487491885911501E-01
 0.465649341010115E-01
 0.443270167511577E-01
 0.420445845662380E-01
 0.397268061713642E-01
 0.373828246251779E-01
 0.350217087854381E-01
 0.326524108641249E-01
 0.302837352011307E-01
 0.279243152210866E-01
 0.255825883965866E-01
 0.232667589996689E-01
 0.209847472729576E-01
 0.187441354820267E-01
 0.166458324875883E-01
 0.173267674173851E-01
 0.190697926913416E-01
 0.209700116999009E-01
 0.230238460750380E-01
 0.252266806192084E-01
 0.275728872989307E-01
 0.300558622571569E-01
 0.326680694916340E-01
 0.354010850219535E-01
 0.382456375181900E-01
 0.411916443338637E-01
 0.442282445627505E-01
 0.473438325701242E-01
 0.505260962127506E-01
 0.537620633909861E-01
 0.570381586077273E-01
 0.603402685655437E-01
 0.636538138841118E-01
 0.669638237028993E-01
 0.702550109313431E-01
 0.735118471721428E-01
 0.767186373298343E-01
 0.798595948443667E-01
 0.829189192362348E-01
 0.858808770478612E-01
 0.887298843911630E-01
 0.914505856097771E-01
 0.940279217429980E-01
 0.964471870953444E-01
 0.986940801154891E-01
 0.100754759776236E+00
 0.102615915781716E+00
 0.104264851521894E+00
 0.105689569718878E+00
 0.106878848793119E+00
 0.107822303789712E+00
 0.108510434036376E+00
 0.108934664608403E+00
 0.109087388209351E+00
 0.108962010474792E+00
 0.108552998090244E+00
 0.107855926865137E+00
 0.106867525859341E+00
 0.105585713556859E+00
 0.104038595177818E+00
 0.102493070228041E+00
 0.100987297329388E+00
 0.995357320193637E-01
 0.981139499856403E-01
 0.967329671499090E-01
 0.953981088974965E-01
 0.941086227130970E-01
 0.928553831824784E-01
 0.916284880471247E-01
 0.904129015514215E-01
 0.892480739702547E-01
 0.881247009387598E-01
 0.870235485848550E-01
 0.859212129709222E-01
 0.848954306343328E-01
 0.838710956747493E-01
 0.828439265347453E-01
 0.819085720441067E-01
 0.809283799666791E-01
 0.800191933928501E-01
 0.791323759454432E-01
 0.781940566932720E-01
 0.774070283179868E-01
 0.765073333348534E-01
 0.757559945361470E-01
 0.749257488762136E-01
 0.741799189497890E-01
 0.734067250168364E-01
 0.726376554108339E-01
 0.716594327368123E-01
 0.704713607661029E-01
 0.690735205432984E-01
 0.674667747575149E-01
 0.656528257005922E-01
 0.636342880530530E-01
 0.679333950171521E-01
 0.720210095611508E-01
 0.758376918443412E-01
 0.793690795600339E-01
 0.826018532526661E-01
 0.855238003749929E-01
 0.881238618788487E-01
 0.903921675743118E-01
 0.923200657640593E-01
 0.939001490312949E-01
 0.951262766178714E-01
 0.959935961258363E-01
 0.964985698758068E-01
 0.966390093356606E-01
 0.964141136055417E-01
 0.958265651381319E-01
 0.950955682140656E-01
 0.943596835627659E-01
 0.936274167032500E-01
 0.928815178815162E-01
 0.921414838808484E-01
 0.914138827868134E-01
 0.906966934131328E-01
 0.899836833659858E-01
 0.892601831600172E-01
 0.885067204092431E-01
 0.877958802474801E-01
 0.871301680824740E-01
 0.864094520633635E-01
 0.857040927972190E-01
 0.850527007692526E-01
 0.843327016093326E-01
 0.836763993576326E-01
 0.830374553706930E-01
 0.823185274766750E-01
 0.817412654187814E-01
 0.810364366933771E-01
 0.804599804094859E-01
 0.798172895787779E-01
 0.792051824966273E-01
 0.786160659512358E-01
 0.779845617559939E-01
 0.774376069989502E-01
 0.768009584182018E-01
 0.762854438944560E-01
 0.756560945793351E-01
 0.751569732378671E-01
 0.744642699847121E-01
 0.735092885891816E-01
 0.722953152983644E-01
 0.708266218305573E-01
 0.695821705478012E-01
 0.739126008150769E-01
 0.779899802126482E-01
 0.818010386681360E-01
 0.853336432533256E-01
 0.885768570514510E-01
 0.915209754900215E-01
 0.941575395043310E-01
 0.964793408444212E-01
 0.984804390918603E-01
 0.100156198594829E+00
 0.101503335439453E+00
 0.102519953799564E+00
 0.103205555241384E+00
 0.103561019480536E+00
 0.103588568755756E+00
 0.103291730936072E+00
 0.102675308855804E+00
 0.101745353528586E+00
 0.100509135400007E+00
 0.990335299425247E-01
 0.975721211769238E-01
 0.961656961664143E-01
 0.947931761526547E-01
 0.934531918951994E-01
 0.921585660374088E-01
 0.909145711749582E-01
 0.897175248056468E-01
 0.885601523759672E-01
 0.874302409321494E-01
 0.863101326919142E-01
 0.852253070312247E-01
 0.841911298315322E-01
 0.831893772912239E-01
 0.821529686035393E-01
 0.812280569288494E-01
 0.803062320731023E-01
 0.793402231061277E-01
 0.785166578213347E-01
 0.776167995302942E-01
 0.767907088898446E-01
 0.759858982437167E-01
 0.751357020793626E-01
 0.744164401799542E-01
 0.735548831882465E-01
 0.729095772947479E-01
 0.721049506277279E-01
 0.714638865000420E-01
 0.707122332203992E-01
 0.700399393974652E-01
 0.691405689083592E-01
 0.680202038303198E-01
 0.666858546524671E-01
 0.651453547991573E-01
 0.634072632885381E-01
 0.614808214301884E-01
 0.594855609217225E-01
 0.575929974797847E-01
 0.557899811783340E-01
 0.540629218651702E-01
 0.535117432653288E-01
 0.530716704075102E-01
 0.526465833839308E-01
 0.522226862776748E-01
 0.517901428419571E-01
 0.513523767444263E-01
 0.509765452717032E-01
 0.505800346597278E-01
 0.501487053051124E-01
 0.497923695210022E-01
 0.494120145297977E-01
 0.489873051429950E-01
 0.486598227780406E-01
 0.481760640583286E-01
 0.475325502366557E-01
 0.467335700594017E-01
 0.457839201950604E-01
 0.446889126055398E-01
 0.434544207257831E-01
 0.420869248740783E-01
 0.405935132653975E-01
 0.389818193354107E-01
 0.372599135838867E-01
 0.354361940473839E-01
 0.335193170051193E-01
 0.315181817551512E-01
 0.294419505070726E-01
 0.288659414466499E-01
 0.305799268212934E-01
 0.334489498273000E-01
 0.362069513623822E-01
 0.388383117140433E-01
 0.413279862706769E-01
 0.436615660316262E-01
 0.458253538208533E-01
 0.478064462649954E-01
 0.495928057193263E-01
 0.511733130403192E-01
 0.525378053780698E-01
 0.536771114489793E-01
 0.545830931527663E-01
 0.552486909530418E-01
 0.556679623109700E-01
 0.558361052694899E-01
 0.557494697840844E-01
 0.554055667947752E-01
 0.548030816628124E-01
 0.539418877672008E-01
 0.528442990062367E-01
 0.517398309810617E-01
 0.506666073381176E-01
 0.496534454712714E-01
 0.486642679627270E-01
 0.477112835458940E-01
 0.467960592304847E-01
 0.459155269112710E-01
 0.450646135233865E-01
 0.442349020516992E-01
 0.434463036818688E-01
 0.426760163647729E-01
 0.419396838561732E-01
 0.412032756710352E-01
 0.405398843739008E-01
 0.398705177458850E-01
 0.391914680608486E-01
 0.386089245707650E-01
 0.380052437550325E-01
 0.373895000125408E-01
 0.368728165874170E-01
 0.362834488523790E-01
 0.358010594783766E-01
 0.352800421120941E-01
 0.347911443107796E-01
 0.343951475366436E-01
 0.386344368197794E-01
 0.427805587526661E-01
 0.468167632203646E-01
 0.507268442295040E-01
 0.544951797532332E-01
 0.581067389529852E-01
 0.615470861277046E-01
 0.648024090801250E-01
 0.678595827462975E-01
 0.707062586966922E-01
 0.733309599425411E-01
 0.757231630596772E-01
 0.778733606826706E-01
 0.797731068363043E-01
 0.814150489416030E-01
 0.827929459005005E-01
 0.839016694616831E-01
 0.847371914657821E-01
 0.852965690387961E-01
 0.855779435228248E-01
 0.855805604863686E-01
 0.853048020476619E-01
 0.847522116162879E-01
 0.839802396924859E-01
 0.831940532225028E-01
 0.824029958656886E-01
 0.816347643944431E-01
 0.808640184022452E-01
 0.801004904336385E-01
 0.793440295291797E-01
 0.785927874475027E-01
 0.778383601701010E-01
 0.771035637663655E-01
 0.763834237260497E-01
 0.756819155632956E-01
 0.749626003184043E-01
 0.742843431867836E-01
 0.736051211038861E-01
 0.728986062485083E-01
 0.722702149516347E-01
 0.716213158497310E-01
 0.709445058549611E-01
 0.703576481135894E-01
 0.697075716475901E-01
 0.691202042129224E-01
 0.685327209958675E-01
 0.679189738746145E-01
 0.673881643613745E-01
 0.667592959861716E-01
 0.662762741213891E-01
 0.656521678358072E-01
 0.651963641817066E-01
 0.646057943975665E-01
 0.641310233770903E-01
 0.634557196030531E-01
 0.625825364159448E-01
 0.615150934955222E-01
 0.602578603324408E-01
 0.588160140635374E-01
 0.571953487367586E-01
 0.555094078396594E-01
 0.538880284447134E-01
 0.523299521300090E-01
 0.508317659871521E-01
 0.497490927805829E-01
 0.513644320028360E-01
 0.528305392619317E-01
 0.540881643222735E-01
 0.551383543186129E-01
 0.559831675350064E-01
 0.566256736452910E-01
 0.570699582468393E-01
 0.573211164323544E-01
 0.573852288806027E-01
 0.572693239649455E-01
 0.569813325316008E-01
 0.565300383016907E-01
 0.559725707512115E-01
 0.554192781460492E-01
 0.548796246455614E-01
 0.543419574110553E-01
 0.538092944610532E-01
 0.532947458102119E-01
 0.527848931444175E-01
 0.522830133351444E-01
 0.517906595282034E-01
 0.513084032411991E-01
 0.508321545095011E-01
 0.503568810265579E-01
 0.499029439038347E-01
 0.494569407203869E-01
 0.490218174481380E-01
 0.485900832107741E-01
 0.481598585626957E-01
 0.477621358588751E-01
 0.473404059310170E-01
 0.469540057027394E-01
 0.465765366275930E-01
 0.461675351311710E-01
 0.458336247957482E-01
 0.454128257203967E-01
 0.451128843935002E-01
 0.447198920450846E-01
 0.444153290934348E-01
 0.440470396349132E-01
 0.437412878609901E-01
 0.433917079516538E-01
 0.430632932051211E-01
 0.426155779580547E-01
 0.420559148366899E-01
 0.413920550371957E-01
 0.406321490460484E-01
 0.397884328006259E-01
 0.389415718117787E-01
 0.404749791649408E-01
 0.427237000121211E-01
 0.451488266839089E-01
 0.477428138114877E-01
 0.504970067981043E-01
 0.534017038644878E-01
 0.564462255367956E-01
 0.596189840335913E-01
 0.629075454878918E-01
 0.662986804246534E-01
 0.697784030748118E-01
 0.733320054081536E-01
 0.769440934101613E-01
 0.805986302897454E-01
 0.842789874945338E-01
 0.879680038292895E-01
 0.916480557765351E-01
 0.953011440681703E-01
 0.989089985936352E-01
 0.102453196387584E+00
 0.105915280408905E+00
 0.109276864634255E+00
 0.112519714730080E+00
 0.115625801393679E+00
 0.118577332836262E+00
 0.121356781304180E+00
 0.123946922775281E+00
 0.126330905785486E+00
 0.128492354401069E+00
 0.130415496197438E+00
 0.132085295896921E+00
 0.133487573718524E+00
 0.134609093724881E+00
 0.135437617303248E+00
 0.135961926815700E+00
 0.136171832796100E+00
 0.136058183173927E+00
 0.135612891806961E+00
 0.134828994217106E+00
 0.133700723934556E+00
 0.132223591032145E+00
 0.130394442201051E+00
 0.128211489654651E+00
 0.125868432498492E+00
 0.123614490351121E+00
 0.121441576565238E+00
 0.119366694424693E+00
 0.117352857743475E+00
 0.115411062388525E+00
 0.113540633617688E+00
 0.111736923094540E+00
 0.109987969840079E+00
 0.108277278321039E+00
 0.106627642525419E+00
 0.105045434485228E+00
 0.103530415624824E+00
 0.102001823909831E+00
 0.100570647137213E+00
 0.991863991837185E-01
 0.977766901666480E-01
 0.964792004261026E-01
 0.952118528798994E-01
 0.938758236260790E-01
 0.927532171408351E-01
 0.915272985723525E-01
 0.904097780757943E-01
 0.892987318910400E-01
 0.881830115674576E-01
 0.871702184540720E-01
 0.860693545699772E-01
 0.851347856082284E-01
 0.839794165842251E-01
 0.825750837847140E-01
 0.809203794784010E-01
 0.790149985926721E-01
 0.809984639523139E-01
 0.879689337703496E-01
 0.947221785897680E-01
 0.101237507993164E+00
 0.107495041307128E+00
 0.113475839759681E+00
 0.119162006594549E+00
 0.124536748188424E+00
 0.129584404234533E+00
 0.134290462667588E+00
 0.138641574834142E+00
 0.142625581487614E+00
 0.146231553036577E+00
 0.149449839962311E+00
 0.152272124147767E+00
 0.154691461682125E+00
 0.156702312226740E+00
 0.158300555365413E+00
 0.159483496596503E+00
 0.160249864759558E+00
 0.160599802056974E+00
 0.160534849465236E+00
 0.160057932072880E+00
 0.159173347101472E+00
 0.157921393565467E+00
 0.156610871807533E+00
 0.155294527311743E+00
 0.153995101976656E+00
 0.152711499530119E+00
 0.151429447482622E+00
 0.150152474789399E+00
 0.148875630935460E+00
 0.147589988855240E+00
 0.146367114938123E+00
 0.145173704684911E+00
 0.143955796660162E+00
 0.142734041979808E+00
 0.141554795218733E+00
 0.140403419029517E+00
 0.139198675883949E+00
 0.138094086086262E+00
 0.136967615050135E+00
 0.135824208769654E+00
 0.134784243715687E+00
 0.133617983199475E+00
 0.132632058120749E+00
 0.131552769790861E+00
 0.130522410430467E+00
 0.129521890137545E+00
 0.128465620475088E+00
 0.127534531330369E+00
 0.126469682441300E+00
 0.125593685400596E+00
 0.124534165603037E+00
 0.123684662811819E+00
 0.122552413889004E+00
 0.121128770348679E+00
 0.119420028893436E+00
 0.117433559551624E+00
 0.115177696295361E+00
 0.112661612918387E+00
 0.109895223321098E+00
 0.106985104057198E+00
 0.104169894105834E+00
 0.101461998763433E+00
 0.988617293374517E-01
 0.963470946923225E-01
 0.952869349368830E-01
 0.946145280744710E-01
 0.939407484100240E-01
 0.933359703567263E-01
 0.927135287257957E-01
 0.920609124979935E-01
 0.914558490571893E-01
 0.908735164461820E-01
 0.902389912687770E-01
 0.896589489337138E-01
 0.890900724428083E-01
 0.884310415144917E-01
 0.875633104133985E-01
 0.864906892257222E-01
 0.852177640585733E-01
 0.837498628492014E-01
 0.820929793832710E-01
 0.802536731201846E-01
 0.782389739745280E-01
 0.760563208299522E-01
 0.737135506420214E-01
 0.712189360355988E-01
 0.685812502765593E-01
 0.658098261869622E-01
 0.629145743126868E-01
 0.606107421213120E-01
 0.600909349728014E-01
 0.595925324051993E-01
 0.591209657239254E-01
 0.586085971852405E-01
 0.581725483639664E-01
 0.577170639945876E-01
 0.572412071884120E-01
 0.568413895792558E-01
 0.563532749174436E-01
 0.559832832254874E-01
 0.555380493699813E-01
 0.551496133294139E-01
 0.547393010240081E-01
 0.543411985917288E-01
 0.539554351929593E-01
 0.535558288471790E-01
 0.531902852913614E-01
 0.527959031738920E-01
 0.524376624527272E-01
 0.520062021173579E-01
 0.514226339055805E-01
 0.506963246496023E-01
 0.498397167343209E-01
 0.489616739885922E-01
 0.481071052817785E-01
 0.472695431025781E-01
 0.464566403750714E-01
 0.456543219682953E-01
 0.448691024972329E-01
 0.441114047687726E-01
 0.433690936948963E-01
 0.426419393646554E-01
 0.419297556488356E-01
 0.412482097189985E-01
 0.426950766219439E-01
 0.450670629902615E-01
 0.475153155639342E-01
 0.500268251940149E-01
 0.525881706205835E-01
 0.551855070217286E-01
 0.578045536416102E-01
 0.604306082096346E-01
 0.630486106431588E-01
 0.656432627566704E-01
 0.681991904525561E-01
 0.707011183319438E-01
 0.731340207040357E-01
 0.754832210294714E-01
 0.777344320348105E-01
 0.798737528100337E-01
 0.818876552174252E-01
 0.837629915573434E-01
 0.854870404703294E-01
 0.870475894246835E-01
 0.884330408227604E-01
 0.896325270431990E-01
 0.906360214821117E-01
 0.914344319715980E-01
 0.920196615134011E-01
 0.923846261184310E-01
 0.925232339265517E-01
 0.924303472603400E-01
 0.921017578686338E-01
 0.915341980084941E-01
 0.907253899102010E-01
 0.896741155332062E-01
 0.883802789182931E-01
 0.869145960644778E-01
 0.854807056152573E-01
 0.840977836002849E-01
 0.827428949880942E-01
 0.814551146932707E-01
 0.802008901230179E-01
 0.789816107552062E-01
 0.777975965947934E-01
 0.766575030542223E-01
 0.755450921336852E-01
 0.744671178357680E-01
 0.734196779566143E-01
 0.724007108978725E-01
 0.714270531409276E-01
 0.704545318463863E-01
 0.694870726471794E-01
 0.686220573185547E-01
 0.677347791307301E-01
 0.668368592637854E-01
 0.660541439452053E-01
 0.652210951589496E-01
 0.644341340945821E-01
 0.636931117405328E-01
 0.628940782414241E-01
 0.622317620888897E-01
 0.614810941956230E-01
 0.608461601451323E-01
 0.601507871635340E-01
 0.595048798370306E-01
 0.586855838079526E-01
 0.576926815982124E-01
 0.565267904115497E-01
 0.551893515704018E-01
 0.536826121243162E-01
 0.520095912666362E-01
 0.501740356984025E-01
 0.481835308875006E-01
 0.498906971239818E-01
 0.521970276721635E-01
 0.542551698471238E-01
 0.560580570120972E-01
 0.575996770281471E-01
 0.588750593408204E-01
 0.598802629417446E-01
 0.606123874230893E-01
 0.610696183707097E-01
 0.612512973422713E-01
 0.611825647240427E-01
 0.610393109096907E-01
 0.608936901285230E-01
 0.607118720416591E-01
 0.605094196625184E-01
 0.602961148788600E-01
 0.600796132152080E-01
 0.598515218846795E-01
 0.596056405813093E-01
 0.593314796473506E-01
 0.590291985132015E-01
 0.587912563128978E-01
 0.585088129580891E-01
 0.582009552073032E-01
 0.579194671835834E-01
 0.576154762208188E-01
 0.573107959668453E-01
 0.570186141267625E-01
 0.566582348235565E-01
 0.563962940561673E-01
 0.560693417349181E-01
 0.557635583373513E-01
 0.554632286428990E-01
 0.551122534884822E-01
 0.548497509368292E-01
 0.544645037332025E-01
 0.542368911290274E-01
 0.538458992453342E-01
 0.536271586637017E-01
 0.532523020953420E-01
 0.530230886365434E-01
 0.526574787300884E-01
 0.524101285116741E-01
 0.519645854895882E-01
 0.513238604137010E-01
 0.505101123270660E-01
 0.496765899750695E-01
 0.488539314869347E-01
 0.480351076132023E-01
 0.472387351451357E-01
 0.484769114745357E-01
 0.496760922797895E-01
 0.506276475398580E-01
 0.513275494055858E-01
 0.517729617444574E-01
 0.519622632282656E-01
 0.518950619022974E-01
 0.515722063450968E-01
 0.509957881551912E-01
 0.501691245218063E-01
 0.492145400796139E-01
 0.482939495552200E-01
 0.474056207329696E-01
 0.465352795758581E-01
 0.457199503243019E-01
 0.449233035948534E-01
 0.441438369553641E-01
 0.433985987071313E-01
 0.426992556431721E-01
 0.420141738959428E-01
 0.413303474356950E-01
 0.406659919224513E-01
 0.400465984613411E-01
 0.394437168804886E-01
 0.388252656467503E-01
 0.382740910517295E-01
 0.377161009460640E-01
 0.371613943794524E-01
 0.366750559452794E-01
 0.361168041714790E-01
 0.356798750687623E-01
 0.351865967233877E-01
 0.347324478561119E-01
 0.342993811007390E-01
 0.338387046220374E-01
 0.334599563726091E-01
 0.330032365281610E-01
 0.326670827780779E-01
 0.334113505888528E-01
 0.359209716366911E-01
 0.382341633950535E-01
 0.403377674202163E-01
 0.422196289007295E-01
 0.438686161183055E-01
 0.452746227664317E-01
 0.464285512525601E-01
 0.473222851243978E-01
 0.479486722983031E-01
 0.483015448100980E-01
 0.483757880922862E-01
 0.481786399987384E-01
 0.478974900851547E-01
 0.476158482291752E-01
 0.473155400518830E-01
 0.470033676517572E-01
 0.466916466265520E-01
 0.463827216460319E-01
 0.460763421174190E-01
 0.457680938246622E-01
 0.454444251501183E-01
 0.450913191041802E-01
 0.447801060342653E-01
 0.444764473186271E-01
 0.441191563747127E-01
 0.438088247744880E-01
 0.434974520851181E-01
 0.431386410790845E-01
 0.428483938512760E-01
 0.425226048348856E-01
 0.422044788043083E-01
 0.419124968222437E-01
 0.415409687522550E-01
 0.413054002945971E-01
 0.409407921721852E-01
 0.407043732850044E-01
 0.403725996352947E-01
 0.401201130673082E-01
 0.439611000361834E-01
 0.487747865533764E-01
 0.535102952313888E-01
 0.581476143318292E-01
 0.626668865748294E-01
 0.670484521064211E-01
 0.712729322597759E-01
 0.753213633588728E-01
 0.791753695877184E-01
 0.828173447530154E-01
 0.862306050517513E-01
 0.893994830232078E-01
 0.923093532846672E-01
 0.949466047885396E-01
 0.972985924113742E-01
 0.993536056887692E-01
 0.101100883193507E+00
 0.102530682457834E+00
 0.103634395773424E+00
 0.104404688294062E+00
 0.104835628748231E+00
 0.104922783956490E+00
 0.104663255927067E+00
 0.104055655114139E+00
 0.103100023296160E+00
 0.101797736860049E+00
 0.100259668760513E+00
 0.987349735127556E-01
 0.972833636121322E-01
 0.958481705199143E-01
 0.944441549751553E-01
 0.930897806028458E-01
 0.917913366063709E-01
 0.905417302644772E-01
 0.893311272583572E-01
 0.881459920926250E-01
 0.869662674346239E-01
 0.858465864375523E-01
 0.847522035562479E-01
 0.836887212823217E-01
 0.826295271309848E-01
 0.816417949454595E-01
 0.806567686797221E-01
 0.796802411612645E-01
 0.787921493200596E-01
 0.778239633806211E-01
 0.769950613649370E-01
 0.761274167758456E-01
 0.752726502868764E-01
 0.745000444362065E-01
 0.736340369374487E-01
 0.729412818473905E-01
 0.720838560569060E-01
 0.714498391194966E-01
 0.706506900991742E-01
 0.699964121649433E-01
 0.690907991814554E-01
 0.679352273241900E-01
 0.665321446764183E-01
 0.655261089737397E-01
 0.702307629847177E-01
 0.746875310749452E-01
 0.788810856215880E-01
 0.827971859277957E-01
 0.864227224261426E-01
 0.897457438714702E-01
 0.927554718755754E-01
 0.954423123414174E-01
 0.977978738266466E-01
 0.998149971579578E-01
 0.101487791857363E+00
 0.102811669200632E+00
 0.103783363477359E+00
 0.104400940903519E+00
 0.104663802819914E+00
 0.104572689748649E+00
 0.104129685652956E+00
 0.103338214478340E+00
 0.102340933390606E+00
 0.101341707676632E+00
 0.100378998270770E+00
 0.994057017030837E-01
 0.984419346900487E-01
 0.974997704058935E-01
 0.965792519326536E-01
 0.956733018386140E-01
 0.947740809215908E-01
 0.938642167418406E-01
 0.929909994994196E-01
 0.921414885233273E-01
 0.912964364422780E-01
 0.904427958445971E-01
 0.896369106364181E-01
 0.888313155972388E-01
 0.880130574073564E-01
 0.872688098961045E-01
 0.864512105885321E-01
 0.857251073539811E-01
 0.849965669733584E-01
 0.842221167630973E-01
 0.835704574063272E-01
 0.827637787197983E-01
 0.821814737391436E-01
 0.814095916256891E-01
 0.808341019431381E-01
 0.801103506006587E-01
 0.795244927566557E-01
 0.788380834688058E-01
 0.782119325549363E-01
 0.773339886278216E-01
 0.762085485950458E-01
 0.748407542337073E-01
 0.732365789755609E-01
 0.714028358620705E-01
 0.694348000207141E-01
 0.675293372777474E-01
 0.657011297728377E-01
 0.658674516743438E-01
 0.689291345886432E-01
 0.717582232033779E-01
 0.743508792767274E-01
 0.767043743040592E-01
 0.788171262198834E-01
 0.806887192369683E-01
 0.823199072888521E-01
 0.837126017609841E-01
 0.848698442971465E-01
 0.857957678578713E-01
 0.864955518502408E-01
 0.869753759438083E-01
 0.872423716061585E-01
 0.873045654591721E-01
 0.871708100570668E-01
 0.868507054517076E-01
 0.863545219316318E-01
 0.856931333788609E-01
 0.848779618149136E-01
 0.839209245986846E-01
 0.828399202757446E-01
 0.817877356163278E-01
 0.807651774736491E-01
 0.797466940796124E-01
 0.787622515493942E-01
 0.778008509146286E-01
 0.768830675691061E-01
 0.759856044553961E-01
 0.751142768129978E-01
 0.742674753594912E-01
 0.734428145975562E-01
 0.726465026884015E-01
 0.718694406686890E-01
 0.711178318418001E-01
 0.703954673023449E-01
 0.696846498629095E-01
 0.689707182590611E-01
 0.683224186084880E-01
 0.676508577774275E-01
 0.670052918543044E-01
 0.663986292767672E-01
 0.657395939998280E-01
 0.651904365941137E-01
 0.645663263027461E-01
 0.640268179118258E-01
 0.634405821793170E-01
 0.629033760420226E-01
 0.623469425861544E-01
 0.617778118587003E-01
 0.610879412984277E-01
 0.602863186318914E-01
 0.593821951484543E-01
 0.583849822651324E-01
 0.573042033031247E-01
 0.561494998999366E-01
 0.551314283751917E-01
 0.561769857806506E-01
 0.573149586984351E-01
 0.585358952511387E-01
 0.598297771734754E-01
 0.611860577728765E-01
 0.625936433192560E-01
 0.640408503841366E-01
 0.655153792545083E-01
 0.670043333178875E-01
 0.684942946341215E-01
 0.699714479091996E-01
 0.714217344150375E-01
 0.728310126565341E-01
 0.741852006888499E-01
 0.754703766016655E-01
 0.766728225307590E-01
 0.777790146846736E-01
 0.787755817372759E-01
 0.796492669363817E-01
 0.803869285551521E-01
 0.809755994393203E-01
 0.814026063041778E-01
 0.816557314884138E-01
 0.817233896506162E-01
 0.815947908549655E-01
 0.812600677873989E-01
 0.807103547821153E-01
 0.799378161624625E-01
 0.789356292096162E-01
 0.776979335888265E-01
 0.762197658736118E-01
 0.745175012822809E-01
 0.728343207793087E-01
 0.712318637156938E-01
 0.696850132507126E-01
 0.682179732639480E-01
 0.668103843782508E-01
 0.654522703656571E-01
 0.641435279566033E-01
 0.628743751175573E-01
 0.616556780724573E-01
 0.605053042139286E-01
 0.593907188227376E-01
 0.582884722360014E-01
 0.572327301403496E-01
 0.569835206879423E-01
 0.566423482996709E-01
 0.561966980509026E-01
 0.557952540021593E-01
 0.552788194394984E-01
 0.547141279533203E-01
 0.541462132580462E-01
 0.534613161009708E-01
 0.528419135754130E-01
 0.521155795372300E-01
 0.514116250258430E-01
 0.506535810462685E-01
 0.498939729810618E-01
 0.507807806240134E-01
 0.568045561654522E-01
 0.627628047365545E-01
 0.686357287829850E-01
 0.744037378493040E-01
 0.800474935123792E-01
 0.855479211574307E-01
 0.908862052086801E-01
 0.960437923340835E-01
 0.101002427666366E+00
 0.105744240019380E+00
 0.110251875970969E+00
 0.114508665913900E+00
 0.118498794327072E+00
 0.122207444967327E+00
 0.125620898850507E+00
 0.128726575882243E+00
 0.131513026406255E+00
 0.133969893216556E+00
 0.136087873597449E+00
 0.137858710558161E+00
 0.139275230772951E+00
 0.140331426807888E+00
 0.141022560939590E+00
 0.141345256731547E+00
 0.141297548406666E+00
 0.140878875631758E+00
 0.140090034502256E+00
 0.138943507941650E+00
 0.137689856112832E+00
 0.136455824732008E+00
 0.135196788330596E+00
 0.133982777942949E+00
 0.132774039496080E+00
 0.131567386443029E+00
 0.130361683111262E+00
 0.129176619035032E+00
 0.128048109774604E+00
 0.126922533602143E+00
 0.125772523597298E+00
 0.124635005001093E+00
 0.123562348770325E+00
 0.122476589156901E+00
 0.121368851899146E+00
 0.120352069777808E+00
 0.119287388473946E+00
 0.118250118809661E+00
 0.117276364510766E+00
 0.116178601907311E+00
 0.115294476407460E+00
 0.114282358373141E+00
 0.113360971617894E+00
 0.112424291160464E+00
 0.111479183810126E+00
 0.110607404976072E+00
 0.109654843241325E+00
 0.108837346215760E+00
 0.107890450670260E+00
 0.107107339446137E+00
 0.106094787008070E+00
 0.104816765236181E+00
 0.103276713991232E+00
 0.101478990289673E+00
 0.994288247499217E-01
 0.971323025054867E-01
 0.945963739158106E-01
 0.919066516548350E-01
 0.893035635669112E-01
 0.868085877775120E-01
 0.844260622911738E-01
 0.827868854693444E-01
 0.821782524613912E-01
 0.815652597138053E-01
 0.809628744446943E-01
 0.804159384064125E-01
 0.798541332359408E-01
 0.801856332021090E-01
 0.813474837213200E-01
 0.822001304700211E-01
 0.827467582677399E-01
 0.829917547165427E-01
 0.829407465981625E-01
 0.826006502138905E-01
 0.819797118246443E-01
 0.811900953142846E-01
 0.804113294390222E-01
 0.796647901421382E-01
 0.789130995878240E-01
 0.781728391602406E-01
 0.774496705392631E-01
 0.767450684990209E-01
 0.760557523318979E-01
 0.753677133733651E-01
 0.746695108599608E-01
 0.740019752890261E-01
 0.733823319609017E-01
 0.727311142564182E-01
 0.720914873217141E-01
 0.714955004241024E-01
 0.708724274654768E-01
 0.702678966133897E-01
 0.697166729534172E-01
 0.690725358695868E-01
 0.685778602867903E-01
 0.679978849524281E-01
 0.674654454077003E-01
 0.669408463935708E-01
 0.663844693276098E-01
 0.659095343311854E-01
 0.653410524901284E-01
 0.649036208181511E-01
 0.643340844519423E-01
 0.639221965376955E-01
 0.633617260440693E-01
 0.629530956583767E-01
 0.623465488241121E-01
 0.615436620074264E-01
 0.605529091168081E-01
 0.593871179950544E-01
 0.581905355384577E-01
 0.570259358857693E-01
 0.558881843520673E-01
 0.547909295809831E-01
 0.537127517023925E-01
 0.526697009830599E-01
 0.516643985605112E-01
 0.506838006061271E-01
 0.497270548459080E-01
 0.487922639065270E-01
 0.479231954188545E-01
 0.476291838360010E-01
 0.473801311255642E-01
 0.471620542627800E-01
 0.469765190631878E-01
 0.467903314202864E-01
 0.465581906721905E-01
 0.461821655917398E-01
 0.456671816192920E-01
 0.452583116360298E-01
 0.449909336631499E-01
 0.489743529760057E-01
 0.530267961007974E-01
 0.571299895997288E-01
 0.612653481114535E-01
 0.654140631649397E-01
 0.695571889843790E-01
 0.736757225339278E-01
 0.777506753533843E-01
 0.817631371278075E-01
 0.856943345634565E-01
 0.895256918988953E-01
 0.932388993447254E-01
 0.968159925073126E-01
 0.100239440900776E+00
 0.103492239640116E+00
 0.106557997512618E+00
 0.109421016895183E+00
 0.112066364155072E+00
 0.114479930643529E+00
 0.116648483935093E+00
 0.118559709213064E+00
 0.120202244220381E+00
 0.121565716743144E+00
 0.122640795916082E+00
 0.123419263060155E+00
 0.123894095520074E+00
 0.124059545625758E+00
 0.123911194630195E+00
 0.123445970254759E+00
 0.122662130514464E+00
 0.121559227169208E+00
 0.120138064556973E+00
 0.118400665049163E+00
 0.116388559822508E+00
 0.114403965768731E+00
 0.112510793232958E+00
 0.110659862255833E+00
 0.108896012965619E+00
 0.107192716810392E+00
 0.105536407219015E+00
 0.103940664105583E+00
 0.102395530915696E+00
 0.100893500720640E+00
 0.994440784058172E-01
 0.980357101488141E-01
 0.966585407665019E-01
 0.953511163553791E-01
 0.940685578414506E-01
 0.927849504775699E-01
 0.916040353926995E-01
 0.904380001540907E-01
 0.892274187802450E-01
 0.881840984528526E-01
 0.870973445980693E-01
 0.860308278660395E-01
 0.850594135939520E-01
 0.839821695824078E-01
 0.831092550432937E-01
 0.821105654989204E-01
 0.812537697179826E-01
 0.803290568961089E-01
 0.794448601625264E-01
 0.783314769597118E-01
 0.769902864636358E-01
 0.754237356462177E-01
 0.736352534885157E-01
 0.716291304825514E-01
 0.694104053454862E-01
 0.669848007977603E-01
 0.643587263109408E-01
 0.651151321503315E-01
 0.687410503469436E-01
 0.721049649778962E-01
 0.751987637878893E-01
 0.780154387494501E-01
 0.805492071424837E-01
 0.827956012860083E-01
 0.847515073155854E-01
 0.864151477311928E-01
 0.877860185874572E-01
 0.888648047016536E-01
 0.896533005385949E-01
 0.901543581552416E-01
 0.903718682485252E-01
 0.903107624485293E-01
 0.900060414908744E-01
 0.896329437372851E-01
 0.892497053211972E-01
 0.888335296883201E-01
 0.884011368398125E-01
 0.879707130097751E-01
 0.875244537904349E-01
 0.870678884741807E-01
 0.866127729382237E-01
 0.861364423686965E-01
 0.856537490874727E-01
 0.851587935638569E-01
 0.846761557665508E-01
 0.841637346060649E-01
 0.836878806120657E-01
 0.831855035510320E-01
 0.826563075089110E-01
 0.821905120760538E-01
 0.816860004626984E-01
 0.811762944952576E-01
 0.807115864541071E-01
 0.801504612005919E-01
 0.797332172397645E-01
 0.792115743801295E-01
 0.787641028136106E-01
 0.782715273635507E-01
 0.778056901933977E-01
 0.773369630889655E-01
 0.768634955577294E-01
 0.764083038685134E-01
 0.759365053479892E-01
 0.754902420226700E-01
 0.749665704682534E-01
 0.742490060162229E-01
 0.733440299639405E-01
 0.722588034541623E-01
 0.710011321268621E-01
 0.696207725722441E-01
 0.682606577823446E-01
 0.669274465969969E-01
 0.656156735571310E-01
 0.643412868799147E-01
 0.630942692055035E-01
 0.618711730204712E-01
 0.606751237868233E-01
 0.595080921384276E-01
 0.583697285040202E-01
 0.579987510142862E-01
 0.576410723282641E-01
 0.573371533406328E-01
 0.570091310783397E-01
 0.566489471114595E-01
 0.563564003483670E-01
 0.560362116655283E-01
 0.556823104961687E-01
 0.554013380894820E-01
 0.549954973962551E-01
 0.544520728946722E-01
 0.537756384574445E-01
 0.529712909020316E-01
 0.520446130717586E-01
 0.510016231501717E-01
 0.498487272979508E-01
 0.485926856014570E-01
 0.472405887748740E-01
 0.457998355953575E-01
 0.442781029311738E-01
 0.426833066645777E-01
 0.410235556332569E-01
 0.393071002137317E-01
 0.375422764477129E-01
 0.357374491010776E-01
 0.339009608022374E-01
 0.320410946500303E-01
 0.301660527418795E-01
 0.282839462492762E-01
 0.264027883451598E-01
 0.245304808271116E-01
 0.226747874787556E-01
 0.208432913595081E-01
 0.190433395298476E-01
 0.172819855175325E-01
 0.155659423981987E-01
 0.139015539610771E-01
 0.123681224489791E-01
 0.125229752993383E-01
 0.126472079130300E-01
 0.127656183476368E-01
 0.128265577293508E-01
 0.129105745791394E-01
 0.135616262359707E-01
 0.167807922311381E-01
 0.201460464449287E-01
 0.236466435311061E-01
 0.272709956298789E-01
 0.310067546597136E-01
 0.348408698257571E-01
 0.387596215022992E-01
 0.427486382425166E-01
 0.467929053662272E-01
 0.508767742799882E-01
 0.549839838269866E-01
 0.590977074383709E-01
 0.632006383473357E-01
 0.672751161929922E-01
 0.713032837614349E-01
 0.752672496080979E-01
 0.791492287731790E-01
 0.829316423829237E-01
 0.865971730080822E-01
 0.901287878211462E-01
 0.935097494061742E-01
 0.967236333896346E-01
 0.997543660682088E-01
 0.102586287955635E+00
 0.105204242812961E+00
 0.107593686248057E+00
 0.109740802783199E+00
 0.111632616009342E+00
 0.113257075345995E+00
 0.114603107569557E+00
 0.115660632080002E+00
 0.116420552486035E+00
 0.116874747315915E+00
 0.117016083998858E+00
 0.116838471501679E+00
 0.116336951999640E+00
 0.115507816937042E+00
 0.114348722782675E+00
 0.112858778958477E+00
 0.111197677272613E+00
 0.109593122911625E+00
 0.108020099863160E+00
 0.106500732293522E+00
 0.105033977426853E+00
 0.103604348408553E+00
 0.102207669454532E+00
 0.100837094104210E+00
 0.995090845771669E-01
 0.982607775036779E-01
 0.970280554191036E-01
 0.957872272321688E-01
 0.946083534598784E-01
 0.934630173563364E-01
 0.923241908266154E-01
 0.912197774988214E-01
 0.901710658982058E-01
 0.890845262838242E-01
 0.880897890781442E-01
 0.871076112102385E-01
 0.860715000071290E-01
 0.852033244576086E-01
 0.842132637343878E-01
 0.833779817234794E-01
 0.824761472699494E-01
 0.816322044424675E-01
 0.808008879134808E-01
 0.799664555225758E-01
 0.791920394200206E-01
 0.783163358492302E-01
 0.772037600569770E-01
 0.758545772168762E-01
 0.742700765102284E-01
 0.724525191805955E-01
 0.704050732897524E-01
 0.730786816537910E-01
 0.777340101117852E-01
 0.821092845282894E-01
 0.861891688607923E-01
 0.899593377857106E-01
 0.934064506157193E-01
 0.965181736562293E-01
 0.992832539006599E-01
 0.101691626741425E+00
 0.103734531132709E+00
 0.105404607880966E+00
 0.106695965551980E+00
 0.107604208093346E+00
 0.108126425826317E+00
 0.108261157648153E+00
 0.108008338654079E+00
 0.107369252839476E+00
 0.106458714135495E+00
 0.105533213865064E+00
 0.104608980761914E+00
 0.103699112522777E+00
 0.102788372875070E+00
 0.101885019599468E+00
 0.100992642123732E+00
 0.100103010757393E+00
 0.992025821769448E-01
 0.983045883848261E-01
 0.974960698807321E-01
 0.966610547433113E-01
 0.957791503492854E-01
 0.949733702170843E-01
 0.941910541343801E-01
 0.933250063415798E-01
 0.925825025979784E-01
 0.917992505203903E-01
 0.910019912474544E-01
 0.902931385032633E-01
 0.894477233140436E-01
 0.888126111067554E-01
 0.880395108285122E-01
 0.873669246448399E-01
 0.866561037726745E-01
 0.859626795572118E-01
 0.853036784738809E-01
 0.846050604983615E-01
 0.839838188439931E-01
 0.832916871997541E-01
 0.826951821107314E-01
 0.819356377936529E-01
 0.808983632638318E-01
 0.795870751408803E-01
 0.780066103014395E-01
 0.761630682733762E-01
 0.742327238525148E-01
 0.778772900172966E-01
 0.821178459128002E-01
 0.860853691077713E-01
 0.897692090695439E-01
 0.931599160440839E-01
 0.962492234121303E-01
 0.990300347251751E-01
 0.101496434713447E+00
 0.103643727964779E+00
 0.105468493648157E+00
 0.106968639796574E+00
 0.108143446984788E+00
 0.108993599933096E+00
 0.109521206914183E+00
 0.109729799881288E+00
 0.109624302171900E+00
 0.109210955836160E+00
 0.108497217442402E+00
 0.107491647757078E+00
 0.106203822738429E+00
 0.104704325704068E+00
 0.103230706019187E+00
 0.101818945460500E+00
 0.100424695309009E+00
 0.990890553148332E-01
 0.977797030575195E-01
 0.965105021571800E-01
 0.952876681538268E-01
 0.941048731843963E-01
 0.929683558650561E-01
 0.918476367849448E-01
 0.907344640032413E-01
 0.896828600384582E-01
 0.886633229897602E-01
 0.876379234376072E-01
 0.866561825955834E-01
 0.857366121392894E-01
 0.847651824399428E-01
 0.838911722479698E-01
 0.830264562202618E-01
 0.821158601454441E-01
 0.813443172643652E-01
 0.804409968718007E-01
 0.797208919546686E-01
 0.788840188576483E-01
 0.781596546709444E-01
 0.773835374092705E-01
 0.766610914428073E-01
 0.759369655921965E-01
 0.751702861392444E-01
 0.741923334106722E-01
 0.730106449642506E-01
 0.716334689528240E-01
 0.700697315839001E-01
 0.683290124987401E-01
 0.664215214440274E-01
 0.643636669128440E-01
 0.623334935784453E-01
 0.604084235847496E-01
 0.585748086174189E-01
 0.576731529979050E-01
 0.571986664385732E-01
 0.567230269577502E-01
 0.562990247645869E-01
 0.558715631786745E-01
 0.554295280562757E-01
 0.549814345876492E-01
 0.545949769185396E-01
 0.541796178888318E-01
 0.537372626293338E-01
 0.533723788776169E-01
 0.529588089596914E-01
 0.525512148174502E-01
 0.519893180046042E-01
 0.512778291357261E-01
 0.504220027684664E-01
 0.494276398315677E-01
 0.483010860987175E-01
 0.470492118958490E-01
 0.456793663033867E-01
 0.441993114684272E-01
 0.426171515747824E-01
 0.409412712855099E-01
 0.391802908694786E-01
 0.373430356593188E-01
 0.354385122157112E-01
 0.337132132233110E-01
 0.353454870406839E-01
 0.368532097209416E-01
 0.382241623392189E-01
 0.394466429964490E-01
 0.405094375803646E-01
 0.414018497238056E-01
 0.421137901815120E-01
 0.426359114793281E-01
 0.429597671262903E-01
 0.430779715648416E-01
 0.429843349225618E-01
 0.426739485871817E-01
 0.421432079441591E-01
 0.413897759026311E-01
 0.404125068736162E-01
 0.393250196214269E-01
 0.382813536059177E-01
 0.372695644957391E-01
 0.363224929157633E-01
 0.354153173256413E-01
 0.345395575871139E-01
 0.336893050693282E-01
 0.328755862814725E-01
 0.323619586435427E-01
 0.322797201974333E-01
 0.321581829173115E-01
 0.320229879755573E-01
 0.317957257291476E-01
 0.315661492296127E-01
 0.312902487826371E-01
 0.309478340009253E-01
 0.306298354721663E-01
 0.302154136647735E-01
 0.298485876714905E-01
 0.293979380591770E-01
 0.289756498987964E-01
 0.284956781825472E-01
 0.318145949384755E-01
 0.360239938703436E-01
 0.401968285358459E-01
 0.443159847114976E-01
 0.483645132436128E-01
 0.523257187505483E-01
 0.561832264417022E-01
 0.599210412259853E-01
 0.635236085650285E-01
 0.669758774420043E-01
 0.702633610703965E-01
 0.733721930398369E-01
 0.762891810727573E-01
 0.790018616053036E-01
 0.814985544230374E-01
 0.837684113924098E-01
 0.858014526460903E-01
 0.875885900325718E-01
 0.891216478827655E-01
 0.903933972641088E-01
 0.913976149443016E-01
 0.921291626461710E-01
 0.925840652949590E-01
 0.927595614408249E-01
 0.926541104769103E-01
 0.922673625585052E-01
 0.916001133436999E-01
 0.907543440244009E-01
 0.899152182764547E-01
 0.891002857301618E-01
 0.882736415836770E-01
 0.874479646511764E-01
 0.866317658863629E-01
 0.858299212493864E-01
 0.850375887887162E-01
 0.842479915043505E-01
 0.834446903144455E-01
 0.826731425593617E-01
 0.819170656915087E-01
 0.811643178242247E-01
 0.804124427315735E-01
 0.796878897104290E-01
 0.789686383796410E-01
 0.782452516573819E-01
 0.775716825233790E-01
 0.768513493241848E-01
 0.762002536171796E-01
 0.755437480704276E-01
 0.748494139279016E-01
 0.742615113894563E-01
 0.735456067724785E-01
 0.730125195973546E-01
 0.723499651997527E-01
 0.718048472175738E-01
 0.711841342679825E-01
 0.706370005075118E-01
 0.700477620335308E-01
 0.694649890699982E-01
 0.686795329086202E-01
 0.676936021744065E-01
 0.665100946261740E-01
 0.651325311828876E-01
 0.635651326241575E-01
 0.618129727543072E-01
 0.599722180196170E-01
 0.582109939045895E-01
 0.565139398716338E-01
 0.548871727359861E-01
 0.539674188318795E-01
 0.554080439973786E-01
 0.570073929370930E-01
 0.583701493419139E-01
 0.594955356027636E-01
 0.603838758989402E-01
 0.610366536869834E-01
 0.614565751735089E-01
 0.616476186599351E-01
 0.616150439983181E-01
 0.613653441154821E-01
 0.609061399339119E-01
 0.603333968959408E-01
 0.597587361183664E-01
 0.592062102598395E-01
 0.586508396790894E-01
 0.581017247704627E-01
 0.575628733324454E-01
 0.570398273015672E-01
 0.565240276041747E-01
 0.560081186625111E-01
 0.554924036406527E-01
 0.549928996275783E-01
 0.545205084890649E-01
 0.540306559435339E-01
 0.535648905186605E-01
 0.531050834932528E-01
 0.526348792749028E-01
 0.521966722844962E-01
 0.517717612611230E-01
 0.512965532115844E-01
 0.509213018588692E-01
 0.504861636724162E-01
 0.500908985186733E-01
 0.497015178451916E-01
 0.492886846228194E-01
 0.489356133891850E-01
 0.485134868260189E-01
 0.481901655149258E-01
 0.477679408387208E-01
 0.474688185327529E-01
 0.470548359090354E-01
 0.467589425802747E-01
 0.463097902995366E-01
 0.457136890033182E-01
 0.449777129308121E-01
 0.441127130181201E-01
 0.432232777999785E-01
 0.423572922558539E-01
 0.415142601942522E-01
 0.407011219527060E-01
 0.399015204659470E-01
 0.391278593186255E-01
 0.383792788236458E-01
 0.376476717252764E-01
 0.369322818573387E-01
 0.362328339265062E-01
 0.360208118646441E-01
 0.392746566935262E-01
 0.427020524580524E-01
 0.462906988104207E-01
 0.500274591035214E-01
 0.538983538296261E-01
 0.578885278539177E-01
 0.619822407982953E-01
 0.661629154717298E-01
 0.704132425864079E-01
 0.747153080509185E-01
 0.790507034144102E-01
 0.834006007803140E-01
 0.877458019250584E-01
 0.920667862497364E-01
 0.963437760395437E-01
 0.100556819762714E+00
 0.104685881298521E+00
 0.108710924855454E+00
 0.112611998227278E+00
 0.116369327977562E+00
 0.119963438135481E+00
 0.123375289253199E+00
 0.126586418661604E+00
 0.129579058547642E+00
 0.132336219409327E+00
 0.134841743044594E+00
 0.137080337790614E+00
 0.139037604157678E+00
 0.140700049646754E+00
 0.142055090731356E+00
 0.143091051993928E+00
 0.143797186736337E+00
 0.144163743748724E+00
 0.144182084956355E+00
 0.143844829457584E+00
 0.143145981477498E+00
 0.142081006194369E+00
 0.140646843642667E+00
 0.138841878728465E+00
 0.136665897524118E+00
 0.134254384091796E+00
 0.131933621805762E+00
 0.129679532483411E+00
 0.127542916250859E+00
 0.125469995976986E+00
 0.123462841180748E+00
 0.121523151176033E+00
 0.119646094517771E+00
 0.117820559225039E+00
 0.116046805365445E+00
 0.114349564642101E+00
 0.112723644218490E+00
 0.111114659967837E+00
 0.109537155870352E+00
 0.108055200261802E+00
 0.106597094183323E+00
 0.105126413185255E+00
 0.103805944427413E+00
 0.102454563625692E+00
 0.101132127599949E+00
 0.999242336762823E-01
 0.985935993618834E-01
 0.974994567424902E-01
 0.962888150972350E-01
 0.951876350635686E-01
 0.940798892426930E-01
 0.929930938886858E-01
 0.919684878553146E-01
 0.908339677228098E-01
 0.894356687096504E-01
 0.877730847894871E-01
 0.858467729612854E-01
 0.836583601173151E-01
 0.812105633862885E-01
 0.860726637537844E-01
 0.924234992864991E-01
 0.985121200113138E-01
 0.104321405265039E+00
 0.109835194875296E+00
 0.115038291252379E+00
 0.119916477342617E+00
 0.124456574624304E+00
 0.128646540857831E+00
 0.132475581061866E+00
 0.135934238847462E+00
 0.139014452793434E+00
 0.141709587345612E+00
 0.144014457919821E+00
 0.145925357766038E+00
 0.147440072432455E+00
 0.148557858110444E+00
 0.149279374686935E+00
 0.149606594374681E+00
 0.149542728982976E+00
 0.149092213099861E+00
 0.148260746413616E+00
 0.147147587034750E+00
 0.146012113025704E+00
 0.144869231785484E+00
 0.143738586140233E+00
 0.142605678698197E+00
 0.141478942242073E+00
 0.140359488330493E+00
 0.139241140273627E+00
 0.138110458606960E+00
 0.136999828880610E+00
 0.135926411154363E+00
 0.134865422419959E+00
 0.133759942831041E+00
 0.132720631358807E+00
 0.131695945953168E+00
 0.130605860612889E+00
 0.129612371673054E+00
 0.128608178770159E+00
 0.127539894007171E+00
 0.126612426794753E+00
 0.125568691720861E+00
 0.124625719159154E+00
 0.123653494418186E+00
 0.122662902069409E+00
 0.121755355527142E+00
 0.120734076332544E+00
 0.119881065083858E+00
 0.118842575131576E+00
 0.118025800900149E+00
 0.117004859574382E+00
 0.116163683640122E+00
 0.115041466416139E+00
 0.113644606583674E+00
 0.111980473080847E+00
 0.110057414256244E+00
 0.107884719754558E+00
 0.105472552844153E+00
 0.102831896444921E+00
 0.100123853168154E+00
 0.975059905472197E-01
 0.949743492288388E-01
 0.925122614119981E-01
 0.901540880078687E-01
 0.885781924549676E-01
 0.878326939692878E-01
 0.870699372582651E-01
 0.863748383701992E-01
 0.856557010788365E-01
 0.849035671870794E-01
 0.841754529787728E-01
 0.834706830258311E-01
 0.827095066218479E-01
 0.819838871882799E-01
 0.812679136154155E-01
 0.804572370316716E-01
 0.794528511394141E-01
 0.782607251780660E-01
 0.768875263249218E-01
 0.753405849311360E-01
 0.736278675638121E-01
 0.717579491280104E-01
 0.697399759527991E-01
 0.675836145437047E-01
 0.652989843308441E-01
 0.628965773757624E-01
 0.603871737806084E-01
 0.577817664198297E-01
 0.550915085150181E-01
 0.523276895987805E-01
 0.495017315321006E-01
 0.466251837175194E-01
 0.437096938317825E-01
 0.407669406082418E-01
 0.378085336249812E-01
 0.369729202579589E-01
 0.364466591456963E-01
 0.359912546950932E-01
 0.354901281529998E-01
 0.350200498988749E-01
 0.345426092476403E-01
 0.340588703679436E-01
 0.335996252291114E-01
 0.331077795370632E-01
 0.326603288429714E-01
 0.321651686877079E-01
 0.317222734669412E-01
 0.312283608566273E-01
 0.307769128743328E-01
 0.302605166432513E-01
 0.296580839655305E-01
 0.289843273910720E-01
 0.283081659764885E-01
 0.276416060195621E-01
 0.282503237222584E-01
 0.293282354036309E-01
 0.304638161890887E-01
 0.316476600532338E-01
 0.328701410150122E-01
 0.341214347387883E-01
 0.353915208279050E-01
 0.366701795788839E-01
 0.379470004344007E-01
 0.392114234989181E-01
 0.404528319204853E-01
 0.416606962598944E-01
 0.428247471451878E-01
 0.439351341857225E-01
 0.449825315421113E-01
 0.459581754879837E-01
 0.468538525166713E-01
 0.476618772765904E-01
 0.483750961462669E-01
 0.489869303774015E-01
 0.494914497109174E-01
 0.498834571429469E-01
 0.501585686533076E-01
 0.503132784569163E-01
 0.503450022265134E-01
 0.502520886775312E-01
 0.500337915598961E-01
 0.496902044286680E-01
 0.492221756063380E-01
 0.486312303718788E-01
 0.479195238302319E-01
 0.470898321334435E-01
 0.461455709029790E-01
 0.450908186804333E-01
 0.439303253023439E-01
 0.426694968443362E-01
 0.413143608785994E-01
 0.398716936510142E-01
 0.384326028117854E-01
 0.370435661622485E-01
 0.357050493271489E-01
 0.344071049283460E-01
 0.331495516401811E-01
 0.319332500727070E-01
 0.307570260287238E-01
 0.296195249974153E-01
 0.285148104053180E-01
 0.274428932911123E-01
 0.264113517600479E-01
 0.254081734416427E-01
 0.244374449666871E-01
 0.234987000217354E-01
 0.225953659618298E-01
 0.217111322795377E-01
 0.208567297708862E-01
 0.200419224794221E-01
 0.192367869795277E-01
 0.184695629053523E-01
 0.177278886049342E-01
 0.169907582427227E-01
 0.163100467196928E-01
 0.156258759539264E-01
 0.149830244377647E-01
 0.143491519461073E-01
 0.137419073642198E-01
 0.131527050855833E-01
 0.125729443540360E-01
 0.119751435032454E-01
 0.113626338181031E-01
 0.107387701445015E-01
 0.101068991430175E-01
 0.947033310795144E-02
 0.883232725816532E-02
 0.842804550704855E-02
 0.858617889594229E-02
 0.867764682486930E-02
 0.870640495160567E-02
 0.867662616772769E-02
 0.859264711892496E-02
 0.845892107126024E-02
 0.827997729893978E-02
 0.806038485557235E-02
 0.780471897714286E-02
 0.751752979277234E-02
 0.720331352354315E-02
 0.686648551394564E-02
 0.651255842056141E-02
 0.616346850608900E-02
 0.582692012405898E-02
 0.550078207569174E-02
 0.518584592579332E-02
 0.488287774406348E-02
 0.459230734352381E-02
 0.431373973247610E-02
 0.404625610674404E-02
 0.378911238562285E-02
 0.354125807004687E-02
 0.330818169140455E-02
 0.308537610050174E-02
 0.287046835459586E-02
 0.266841348480575E-02
 0.247683036430266E-02
 0.229281103803478E-02
 0.212127937424494E-02
 0.195717318748390E-02
 0.180299626116181E-02
 0.165814536744728E-02
 0.151993068625642E-02
 0.139302836961991E-02
 0.127085645822590E-02
 0.115975726475180E-02
 0.105333197775881E-02
 0.956011891064669E-03
 0.864012196292567E-03
 0.779519831693032E-03
 0.700515883980457E-03
 0.627995535194576E-03
 0.560700546529325E-03
 0.498773695882057E-03
 0.440295556108847E-03
 0.385578257038124E-03
 0.334868442820758E-03
 0.298806149823637E-03
 0.276234315259708E-03
 0.252380654880347E-03
 0.227929245617571E-03
 0.203476877539353E-03
 0.179532590283281E-03
 0.156518814642730E-03
 0.134774019418847E-03
 0.114556708684425E-03
 0.960505571543358E-04
 0.793704371926103E-04
 0.645691050892804E-04
 0.516443664622084E-04
 0.405465921652837E-04
 0.311864752965522E-04
 0.234429052218412E-04
 0.171708075886721E-04
 0.122240509113042E-04
 0.844311092054371E-05
 0.562567245510470E-05
 0.358486031057730E-05
 0.216095688147699E-05
 0.121297530122984E-05
 0.618678680349292E-06
 0.276014920289363E-06
 0.100598364620140E-06
 0.260824457847074E-07
 0.336630799318498E-08
 0.413895443762507E-10
 0.000000000000000E+00
 0.000000000000000E+00
 0.000000000000000E+00
 0.000000000000000E+00
 0.000000000000000E+00
 0.000000000000000E+00
 0.000000000000000E+00
 0.000000000000000E+00
 0.000000000000000E+00
 0.000000000000000E+00
 0.000000000000000E+00
 0.000000000000000E+00
 0.000000000000000E+00
 0.000000000000000E+00
 0.000000000000000E+00
 0.000000000000000E+00
 0.000000000000000E+00
 0.000000000000000E+00
 0.000000000000000E+00
 0.000000000000000E+00
 0.000000000000000E+00
 0.000000000000000E+00
 0.000000000000000E+00
 0.000000000000000E+00
 0.000000000000000E+00
 0.000000000000000E+00
 0.000000000000000E+00
 0.000000000000000E+00
 0.000000000000000E+00
 0.000000000000000E+00
 0.000000000000000E+00
 0.000000000000000E+00
 0.000000000000000E+00
 0.000000000000000E+00
 0.000000000000000E+00
 0.000000000000000E+00
 0.000000000000000E+00
 0.000000000000000E+00
 0.000000000000000E+00
 0.000000000000000E+00
 0.000000000000000E+00
 0.000000000000000E+00
 0.000000000000000E+00
 0.000000000000000E+00
 0.000000000000000E+00
 0.000000000000000E+00
 0.000000000000000E+00
 0.000000000000000E+00
 0.000000000000000E+00
 0.000000000000000E+00
 0.000000000000000E+00
 0.000000000000000E+00
 0.000000000000000E+00
 0.000000000000000E+00
 0.000000000000000E+00
 0.000000000000000E+00
 0.000000000000000E+00
 0.000000000000000E+00
 0.000000000000000E+00
 0.000000000000000E+00
 0.000000000000000E+00
 0.000000000000000E+00
 0.000000000000000E+00
 0.000000000000000E+00
 0.000000000000000E+00
 0.000000000000000E+00
 0.000000000000000E+00
 0.000000000000000E+00
 0.000000000000000E+00
 0.000000000000000E+00
 0.000000000000000E+00
 0.000000000000000E+00
 0.000000000000000E+00
 0.000000000000000E+00
 0.000000000000000E+00
 0.000000000000000E+00
 0.000000000000000E+00
 0.000000000000000E+00
 0.000000000000000E+00
 0.000000000000000E+00
 0.000000000000000E+00
 0.000000000000000E+00
 0.000000000000000E+00
 0.000000000000000E+00
 0.000000000000000E+00
 0.000000000000000E+00
 0.000000000000000E+00
 0.000000000000000E+00
 0.000000000000000E+00
 0.000000000000000E+00
 0.000000000000000E+00
 0.000000000000000E+00
 0.000000000000000E+00
 0.000000000000000E+00
 0.000000000000000E+00
 0.000000000000000E+00
 0.000000000000000E+00
 0.000000000000000E+00
 0.000000000000000E+00
 0.000000000000000E+00
 0.000000000000000E+00
 0.000000000000000E+00
 0.000000000000000E+00
 0.000000000000000E+00
 0.000000000000000E+00
 0.000000000000000E+00
 0.000000000000000E+00
 0.000000000000000E+00
 0.000000000000000E+00
 0.000000000000000E+00
 0.000000000000000E+00
 0.000000000000000E+00
 0.000000000000000E+00
 0.000000000000000E+00
 0.000000000000000E+00
 0.000000000000000E+00
 0.000000000000000E+00
 0.000000000000000E+00
 0.000000000000000E+00
 0.000000000000000E+00
 0.000000000000000E+00
 0.000000000000000E+00
 0.000000000000000E+00
 0.000000000000000E+00
 0.000000000000000E+00
 0.000000000000000E+00
 0.000000000000000E+00
 0.000000000000000E+00
 0.000000000000000E+00
 0.000000000000000E+00
 0.000000000000000E+00
 0.000000000000000E+00
 0.000000000000000E+00
 0.000000000000000E+00
 0.000000000000000E+00
 0.000000000000000E+00
 0.000000000000000E+00
 0.000000000000000E+00
 0.000000000000000E+00
 0.000000000000000E+00
 0.000000000000000E+00
 0.000000000000000E+00
 0.000000000000000E+00
 0.000000000000000E+00
 0.000000000000000E+00
 0.000000000000000E+00
 0.000000000000000E+00
 0.000000000000000E+00
 0.000000000000000E+00
 0.000000000000000E+00
 0.000000000000000E+00
 0.000000000000000E+00
 0.000000000000000E+00
 0.000000000000000E+00
 0.000000000000000E+00
 0.000000000000000E+00
 0.000000000000000E+00
 0.000000000000000E+00
 0.000000000000000E+00
 0.000000000000000E+00
 0.000000000000000E+00
 0.000000000000000E+00
 0.000000000000000E+00
 0.000000000000000E+00
 0.000000000000000E+00
 0.000000000000000E+00
 0.000000000000000E+00
 0.000000000000000E+00
 0.000000000000000E+00
 0.000000000000000E+00
 0.000000000000000E+00
 0.000000000000000E+00
 0.000000000000000E+00
 0.000000000000000E+00
 0.000000000000000E+00
 0.000000000000000E+00
 0.000000000000000E+00
 0.000000000000000E+00
 0.000000000000000E+00
 0.000000000000000E+00
 0.000000000000000E+00
 0.000000000000000E+00
 0.000000000000000E+00
 0.000000000000000E+00
 0.000000000000000E+00
 0.000000000000000E+00
 0.000000000000000E+00
 0.000000000000000E+00
 0.000000000000000E+00
 0.000000000000000E+00
 0.000000000000000E+00
 0.000000000000000E+00
 0.000000000000000E+00
 0.000000000000000E+00
 0.000000000000000E+00
 0.000000000000000E+00
 0.000000000000000E+00
 0.000000000000000E+00
 0.000000000000000E+00
 0.000000000000000E+00
 0.000000000000000E+00
 0.000000000000000E+00
 0.000000000000000E+00
 0.000000000000000E+00
 0.000000000000000E+00
 0.000000000000000E+00
 0.000000000000000E+00
 0.000000000000000E+00
 0.000000000000000E+00
 0.000000000000000E+00
 0.000000000000000E+00
 0.000000000000000E+00
 0.000000000000000E+00
 0.000000000000000E+00
 0.000000000000000E+00
 0.000000000000000E+00
 0.000000000000000E+00
 0.000000000000000E+00
 0.000000000000000E+00
 0.000000000000000E+00
 0.000000000000000E+00
 0.000000000000000E+00
 0.000000000000000E+00
 0.000000000000000E+00
 0.000000000000000E+00
 0.000000000000000E+00
 0.000000000000000E+00
 0.000000000000000E+00
 0.000000000000000E+00
 0.000000000000000E+00
 0.000000000000000E+00
 0.000000000000000E+00
 0.000000000000000E+00
 0.000000000000000E+00
 0.000000000000000E+00
 0.000000000000000E+00
 0.000000000000000E+00
 0.000000000000000E+00
 0.000000000000000E+00
 0.000000000000000E+00
 0.000000000000000E+00
 0.000000000000000E+00
 0.000000000000000E+00
 0.000000000000000E+00
 0.000000000000000E+00
 0.000000000000000E+00
 0.000000000000000E+00
 0.000000000000000E+00
 0.000000000000000E+00
 0.000000000000000E+00
 0.000000000000000E+00
 0.000000000000000E+00
 0.000000000000000E+00
 0.000000000000000E+00
 0.000000000000000E+00
 0.000000000000000E+00
 0.000000000000000E+00
 0.000000000000000E+00
 0.000000000000000E+00
 0.000000000000000E+00
 0.000000000000000E+00
 0.000000000000000E+00
 0.000000000000000E+00
 0.000000000000000E+00
 0.000000000000000E+00
 0.000000000000000E+00
 0.000000000000000E+00
 0.000000000000000E+00
 0.000000000000000E+00
 0.000000000000000E+00
 0.000000000000000E+00
 0.000000000000000E+00
 0.000000000000000E+00
 0.000000000000000E+00
 0.000000000000000E+00
 0.000000000000000E+00
 0.000000000000000E+00
 0.000000000000000E+00
 0.000000000000000E+00
 0.000000000000000E+00
 0.000000000000000E+00
 0.000000000000000E+00
 0.000000000000000E+00
 0.000000000000000E+00
 0.000000000000000E+00
 0.000000000000000E+00
 0.000000000000000E+00
 0.000000000000000E+00
 0.000000000000000E+00
 0.000000000000000E+00
 0.000000000000000E+00
 0.000000000000000E+00
 0.000000000000000E+00
 0.000000000000000E+00
 0.000000000000000E+00
 0.000000000000000E+00
 0.000000000000000E+00
 0.000000000000000E+00
 0.000000000000000E+00
 0.000000000000000E+00
 0.000000000000000E+00
 0.000000000000000E+00
 0.000000000000000E+00
 0.000000000000000E+00
 0.000000000000000E+00
 0.000000000000000E+00
 0.000000000000000E+00
 0.000000000000000E+00
 0.000000000000000E+00
 0.000000000000000E+00
 0.000000000000000E+00
 0.000000000000000E+00
 0.000000000000000E+00
 0.000000000000000E+00
 0.000000000000000E+00
 0.000000000000000E+00
 0.000000000000000E+00
 0.000000000000000E+00
 0.000000000000000E+00
 0.000000000000000E+00
 0.000000000000000E+00
 0.000000000000000E+00
 0.000000000000000E+00
 0.000000000000000E+00
 0.000000000000000E+00
 0.000000000000000E+00
 0.000000000000000E+00
 0.000000000000000E+00
 0.000000000000000E+00
 0.000000000000000E+00
 0.000000000000000E+00
 0.000000000000000E+00
 0.000000000000000E+00
 0.000000000000000E+00
 0.000000000000000E+00
 0.000000000000000E+00
 0.000000000000000E+00
 0.000000000000000E+00
 0.000000000000000E+00
 0.000000000000000E+00
 0.000000000000000E+00
 0.000000000000000E+00
 0.000000000000000E+00
 0.000000000000000E+00
 0.000000000000000E+00
 0.000000000000000E+00
 0.000000000000000E+00
 0.000000000000000E+00
