 0.517582930094830E-10
 0.409355080242824E-08
 0.307330670326167E-07
 0.114452871748374E-06
 0.302014583609348E-06
 0.657986378374430E-06
 0.135783033179730E-05
 0.252705738611610E-05
 0.434847771529252E-05
 0.703472248386408E-05
 0.108250308326341E-04
 0.159807105325155E-04
 0.227793675693522E-04
 0.315080311270848E-04
 0.424553209482631E-04
 0.559028109457058E-04
 0.721157395108986E-04
 0.913332123093552E-04
 0.113758044833072E-03
 0.139546400556305E-03
 0.168797390664873E-03
 0.201542806985545E-03
 0.237737161961670E-03
 0.277369078408368E-03
 0.321140086602049E-03
 0.369268590540550E-03
 0.422195002199681E-03
 0.479875793458578E-03
 0.542496027799117E-03
 0.610236488798072E-03
 0.683241379143207E-03
 0.761507501223177E-03
 0.845619391266732E-03
 0.935754851678226E-03
 0.103133733970030E-02
 0.113280109935978E-02
 0.124056297752915E-02
 0.135469367055642E-02
 0.147446342665925E-02
 0.160162401118059E-02
 0.173460890746123E-02
 0.187389824668527E-02
 0.202121258525525E-02
 0.217173321776228E-02
 0.233403681263357E-02
 0.249899078183131E-02
 0.267353948006884E-02
 0.285326715245426E-02
 0.304015740587228E-02
 0.323476596475060E-02
 0.343416889979694E-02
 0.364313979977248E-02
 0.385521819612592E-02
 0.407818103283992E-02
 0.429891760646818E-02
 0.450994483016874E-02
 0.470857797568692E-02
 0.489202682976379E-02
 0.505741924714598E-02
 0.520557659338081E-02
 0.535165618538627E-02
 0.570771748472749E-02
 0.633066661579351E-02
 0.697431187102382E-02
 0.763609350871326E-02
 0.831322566469917E-02
 0.900270817021821E-02
 0.970134226430938E-02
 0.104057519553641E-01
 0.111124110575530E-01
 0.118176740709614E-01
 0.125178078335320E-01
 0.132090207596969E-01
 0.138874877049305E-01
 0.145493708725019E-01
 0.151908399749488E-01
 0.158080968271451E-01
 0.163974093958921E-01
 0.169551575441951E-01
 0.174778880882168E-01
 0.179623722638350E-01
 0.184056564409278E-01
 0.188150108101441E-01
 0.192224907988966E-01
 0.196343014472544E-01
 0.200433953788573E-01
 0.204547262286055E-01
 0.208647727009061E-01
 0.212787983501393E-01
 0.216915326788529E-01
 0.221040455734191E-01
 0.225165004277392E-01
 0.229259093099787E-01
 0.233383099587620E-01
 0.237534804720153E-01
 0.241681966279711E-01
 0.245791657124260E-01
 0.249807782998373E-01
 0.253998978040051E-01
 0.258141235277924E-01
 0.262039140502719E-01
 0.266336734907787E-01
 0.270319486265595E-01
 0.274424960215505E-01
 0.278486725639579E-01
 0.282385427522098E-01
 0.286508163087261E-01
 0.290216578629051E-01
 0.294333168493629E-01
 0.297905486490030E-01
 0.301904301124929E-01
 0.305066477027578E-01
 0.307375454224297E-01
 0.308821217450774E-01
 0.309400701821108E-01
 0.309117600423784E-01
 0.307981599652708E-01
 0.306007314681969E-01
 0.303213330631204E-01
 0.299621712911843E-01
 0.295576401321648E-01
 0.291734540397821E-01
 0.290760887470551E-01
 0.293554788546745E-01
 0.296290921319693E-01
 0.298931319963536E-01
 0.301465089051755E-01
 0.304150997488882E-01
 0.306656803330267E-01
 0.308954881048389E-01
 0.311500031089255E-01
 0.313833327462939E-01
 0.315859410774511E-01
 0.318283654071632E-01
 0.319826626997479E-01
 0.320461484238286E-01
 0.320192229702551E-01
 0.319027507129058E-01
 0.316980445891530E-01
 0.314068684683784E-01
 0.320698270102716E-01
 0.331193737542636E-01
 0.341103024292460E-01
 0.350303017675593E-01
 0.358669735176773E-01
 0.366080564461169E-01
 0.372416098783119E-01
 0.377561346675352E-01
 0.381406309655722E-01
 0.383846100679769E-01
 0.384780877902441E-01
 0.384115882964926E-01
 0.381761808450296E-01
 0.377635591167099E-01
 0.371661563367405E-01
 0.364572824556403E-01
 0.357749384378153E-01
 0.351095312868524E-01
 0.344830686083255E-01
 0.342434392166175E-01
 0.345781876912189E-01
 0.349118121118568E-01
 0.351962247600698E-01
 0.354086751951638E-01
 0.355445812103209E-01
 0.356883644162722E-01
 0.357633163912683E-01
 0.357528886150172E-01
 0.357271757888663E-01
 0.356541216796225E-01
 0.354887591874517E-01
 0.353401124479680E-01
 0.351150467815643E-01
 0.348490754794479E-01
 0.345710695595563E-01
 0.342120480703715E-01
 0.338872906410159E-01
 0.334637956314885E-01
 0.342229942336447E-01
 0.388425853060419E-01
 0.434758208532130E-01
 0.481044059595939E-01
 0.527098561911831E-01
 0.572735407522361E-01
 0.617767313837421E-01
 0.662006735609874E-01
 0.705266877768229E-01
 0.747362944643027E-01
 0.788113412690291E-01
 0.827341043379628E-01
 0.864873431993679E-01
 0.900543113175407E-01
 0.934187512619346E-01
 0.965649190695255E-01
 0.994776753863724E-01
 0.102142652107399E+00
 0.104546466185261E+00
 0.106676926255095E+00
 0.108523176510566E+00
 0.110075746663936E+00
 0.111326514732484E+00
 0.112268622878930E+00
 0.112896401135802E+00
 0.113205344900833E+00
 0.113192165362790E+00
 0.112854899516193E+00
 0.112193040613385E+00
 0.111296541740340E+00
 0.110380680084504E+00
 0.109459343806441E+00
 0.108542485310055E+00
 0.107622061120541E+00
 0.106708959288590E+00
 0.105801225340947E+00
 0.104894575099972E+00
 0.103972713402846E+00
 0.103037829071322E+00
 0.102137135903751E+00
 0.101285104283646E+00
 0.100387392501533E+00
 0.994989452801574E-01
 0.986388333795988E-01
 0.977661273499552E-01
 0.969104213099474E-01
 0.960823774378525E-01
 0.952009430718982E-01
 0.944225748424114E-01
 0.936110721993992E-01
 0.927796655106371E-01
 0.920421492098308E-01
 0.911724743714565E-01
 0.905124738337940E-01
 0.896974787395362E-01
 0.890276141275797E-01
 0.882648909451638E-01
 0.875954398443014E-01
 0.868699406642179E-01
 0.861588202795596E-01
 0.852179820657455E-01
 0.840497552610108E-01
 0.826573450491683E-01
 0.810446966556173E-01
 0.792164269256654E-01
 0.771778196812910E-01
 0.749568125023596E-01
 0.727756640468072E-01
 0.706799591708916E-01
 0.686561500281988E-01
 0.670043090730916E-01
 0.664988481179313E-01
 0.660160521156566E-01
 0.676665255096020E-01
 0.693721818181215E-01
 0.707944079561312E-01
 0.719324687252845E-01
 0.727874149299734E-01
 0.733620403033185E-01
 0.736607276183905E-01
 0.736892143213804E-01
 0.734543248216204E-01
 0.729637222930910E-01
 0.722775862348136E-01
 0.715987326392197E-01
 0.709298704862085E-01
 0.702730538898282E-01
 0.696209545105569E-01
 0.689768638660106E-01
 0.683436719448776E-01
 0.677072773269709E-01
 0.670685529556485E-01
 0.664520925281235E-01
 0.658589334916512E-01
 0.652721688904404E-01
 0.646843099382010E-01
 0.641176607052638E-01
 0.635692818527672E-01
 0.629931581375962E-01
 0.624846308773403E-01
 0.619608415480833E-01
 0.614228613471547E-01
 0.609606578601390E-01
 0.603968406437638E-01
 0.599801164393847E-01
 0.594772612759460E-01
 0.590365592940873E-01
 0.585652720759980E-01
 0.581103689260965E-01
 0.576724857895636E-01
 0.572163686500722E-01
 0.568036314522424E-01
 0.563563290061452E-01
 0.559557190609584E-01
 0.554633370976663E-01
 0.547887161816622E-01
 0.539392498490969E-01
 0.529230937472041E-01
 0.518439921189129E-01
 0.508045133892156E-01
 0.497905847006215E-01
 0.488109618183692E-01
 0.478514702877456E-01
 0.469118208605363E-01
 0.459968980788068E-01
 0.451106066598307E-01
 0.442529949611442E-01
 0.434222190732780E-01
 0.426160985897839E-01
 0.422562303704781E-01
 0.419607128189014E-01
 0.417334621079637E-01
 0.416006656152422E-01
 0.414079369436440E-01
 0.412445154812505E-01
 0.409496881521574E-01
 0.433420246796169E-01
 0.475199322979048E-01
 0.518104564635535E-01
 0.561954334268747E-01
 0.606560937469687E-01
 0.651732281991825E-01
 0.697273129624646E-01
 0.742985956443568E-01
 0.788671567532911E-01
 0.834129645284704E-01
 0.879159350705091E-01
 0.923559993335221E-01
 0.967131700851290E-01
 0.100967599942797E+00
 0.105099626773765E+00
 0.109089812079947E+00
 0.112918986417735E+00
 0.116568318669789E+00
 0.120019420692542E+00
 0.123254486603009E+00
 0.126256451156444E+00
 0.129009140481609E+00
 0.131497386299679E+00
 0.133707083809580E+00
 0.135625191266525E+00
 0.137239689572095E+00
 0.138539535070026E+00
 0.139514642016471E+00
 0.140155921007247E+00
 0.140455379400682E+00
 0.140406266867162E+00
 0.140003232000191E+00
 0.139242450408917E+00
 0.138121692303412E+00
 0.136640315164111E+00
 0.134799188726165E+00
 0.132603544465805E+00
 0.130304257490766E+00
 0.128106119071252E+00
 0.125997344832582E+00
 0.123958812018852E+00
 0.121984646557591E+00
 0.120081260192346E+00
 0.118248228063389E+00
 0.116478635445660E+00
 0.114765894806007E+00
 0.113094532773863E+00
 0.111479172999703E+00
 0.109922048099505E+00
 0.108407899670032E+00
 0.106917279131914E+00
 0.105490304575882E+00
 0.104125851811366E+00
 0.102741908233746E+00
 0.101442532475273E+00
 0.100196815463398E+00
 0.988613867318501E-01
 0.977573177114164E-01
 0.965561190612737E-01
 0.954380898970409E-01
 0.943412786257288E-01
 0.932207070617538E-01
 0.922212957336509E-01
 0.911135594121219E-01
 0.901766652166968E-01
 0.890109146724678E-01
 0.875874681738562E-01
 0.859076886020213E-01
 0.839738722809626E-01
 0.817891747720181E-01
 0.793576109263649E-01
 0.766841151165956E-01
 0.789451781812307E-01
 0.841474523529221E-01
 0.890763844866236E-01
 0.937187759249795E-01
 0.980625532547302E-01
 0.102096875684131E+00
 0.105812207832926E+00
 0.109200348131089E+00
 0.112254415067199E+00
 0.114968808237755E+00
 0.117339171527059E+00
 0.119362384034646E+00
 0.121036588622655E+00
 0.122361245572605E+00
 0.123337182783982E+00
 0.123966613751133E+00
 0.124253109338466E+00
 0.124201528861667E+00
 0.123817928635754E+00
 0.123120711806058E+00
 0.122330550995675E+00
 0.121533359821584E+00
 0.120719573280907E+00
 0.119891747517445E+00
 0.119071387731127E+00
 0.118245968195260E+00
 0.117415693213683E+00
 0.116608208035583E+00
 0.115799158722464E+00
 0.114964341204830E+00
 0.114142432768113E+00
 0.113333806447664E+00
 0.112528228921816E+00
 0.111703834445468E+00
 0.110919531443469E+00
 0.110131645004215E+00
 0.109328905570510E+00
 0.108576483554218E+00
 0.107756106957192E+00
 0.107029110864932E+00
 0.106284727400426E+00
 0.105508398695600E+00
 0.104824094031599E+00
 0.104011257299415E+00
 0.103371835342612E+00
 0.102556303992986E+00
 0.101943777620874E+00
 0.101174820763864E+00
 0.100550456419329E+00
 0.998125633832316E-01
 0.991583986718451E-01
 0.982667276703107E-01
 0.971440662615367E-01
 0.957977917263342E-01
 0.942361385361014E-01
 0.924681500347662E-01
 0.905035794767027E-01
 0.884027393869797E-01
 0.863589323939021E-01
 0.843792506376011E-01
 0.824620813568658E-01
 0.805965449311712E-01
 0.787870193108107E-01
 0.770467540234251E-01
 0.764516588632451E-01
 0.759387395034197E-01
 0.754825678288339E-01
 0.750254812960385E-01
 0.745399335421148E-01
 0.740676284542957E-01
 0.736450785256895E-01
 0.731737026900761E-01
 0.727211909262898E-01
 0.723016859455797E-01
 0.717866446272421E-01
 0.711033679379580E-01
 0.702565135643204E-01
 0.692514963634514E-01
 0.680944194702272E-01
 0.667919476278286E-01
 0.653511545260830E-01
 0.637793847026579E-01
 0.620841645914310E-01
 0.602731792752567E-01
 0.583543092164885E-01
 0.563357028795019E-01
 0.542258515583692E-01
 0.520336329369936E-01
 0.497682989837552E-01
 0.474393999487933E-01
 0.450566562536384E-01
 0.426298081676301E-01
 0.401684819901056E-01
 0.376821056510099E-01
 0.351798869306584E-01
 0.326708418566204E-01
 0.301638411316458E-01
 0.276676381694428E-01
 0.251908551768126E-01
 0.227419265279831E-01
 0.203290192406605E-01
 0.196722756824080E-01
 0.195460176421007E-01
 0.209896211254646E-01
 0.225865950013559E-01
 0.243357990336821E-01
 0.262351786270998E-01
 0.282814563257109E-01
 0.304698885573989E-01
 0.327941571563495E-01
 0.352464281647426E-01
 0.378175659036090E-01
 0.404974497631466E-01
 0.432753144782824E-01
 0.461400291098429E-01
 0.490802486494363E-01
 0.520844116263151E-01
 0.551406060012356E-01
 0.582363673461915E-01
 0.613584924475263E-01
 0.644929413291476E-01
 0.676248667519753E-01
 0.707387672431554E-01
 0.738187240896762E-01
 0.768486652546502E-01
 0.798126017572893E-01
 0.826947995332689E-01
 0.854798740374927E-01
 0.881528181487720E-01
 0.906989903090229E-01
 0.931040953453347E-01
 0.953541839560250E-01
 0.974356813610116E-01
 0.993354383280814E-01
 0.101040787489260E+00
 0.102539590065110E+00
 0.103820271029035E+00
 0.104871855627195E+00
 0.105684026706374E+00
 0.106247215616757E+00
 0.106552723567469E+00
 0.106592855214124E+00
 0.106361040763301E+00
 0.105851928718692E+00
 0.105061442922515E+00
 0.103986806797159E+00
 0.102626540392809E+00
 0.101066100793788E+00
 0.995549981780723E-01
 0.980939796076368E-01
 0.966503127185014E-01
 0.952883829379197E-01
 0.939461654504345E-01
 0.926285917689854E-01
 0.913392689650398E-01
 0.901166940928393E-01
 0.889464158720751E-01
 0.877979326755021E-01
 0.866476554909386E-01
 0.855415728426016E-01
 0.844938469705736E-01
 0.834446317083993E-01
 0.824075019954804E-01
 0.814431223476386E-01
 0.804470140140216E-01
 0.795073621537221E-01
 0.786035419745228E-01
 0.776323645722051E-01
 0.768330969626510E-01
 0.759225888031905E-01
 0.751246969381291E-01
 0.742967009500500E-01
 0.734918829431917E-01
 0.727328271813236E-01
 0.719358755184801E-01
 0.712371426557390E-01
 0.704097459341603E-01
 0.693794723323167E-01
 0.681457958025785E-01
 0.667092051035997E-01
 0.650710654781520E-01
 0.632334645955745E-01
 0.628172330271098E-01
 0.669269967331476E-01
 0.707812657763381E-01
 0.743659561845604E-01
 0.776677527885377E-01
 0.806741002655391E-01
 0.833732393041297E-01
 0.857542965621613E-01
 0.878074239426333E-01
 0.895239695784674E-01
 0.908966523045847E-01
 0.919197059567583E-01
 0.925889627738235E-01
 0.929018585343073E-01
 0.928573636835822E-01
 0.924558670443773E-01
 0.917909838496530E-01
 0.911133818795990E-01
 0.904348763947310E-01
 0.897703840137718E-01
 0.890915960414887E-01
 0.884160699610895E-01
 0.877339650334569E-01
 0.870432734302412E-01
 0.863348748390574E-01
 0.856878535695120E-01
 0.850479329505980E-01
 0.843750843690700E-01
 0.836741436913242E-01
 0.830709140256751E-01
 0.824089256996223E-01
 0.817395415660349E-01
 0.811511264498250E-01
 0.804666053918542E-01
 0.798806506957401E-01
 0.792664776178842E-01
 0.786172926701803E-01
 0.780786544318629E-01
 0.773770036257796E-01
 0.769021403071449E-01
 0.762268959630460E-01
 0.757479036402359E-01
 0.751111514837090E-01
 0.746185610950350E-01
 0.740241054176780E-01
 0.735119985372167E-01
 0.729472096584126E-01
 0.724015245728922E-01
 0.715972336057951E-01
 0.705373331868729E-01
 0.692261429425991E-01
 0.676846118885167E-01
 0.710512735483366E-01
 0.750762628484257E-01
 0.788409661133592E-01
 0.823335527609829E-01
 0.855433358141880E-01
 0.884606744612044E-01
 0.910769038474401E-01
 0.933843204932599E-01
 0.953762345874172E-01
 0.970470819781463E-01
 0.983925750022275E-01
 0.994098640696808E-01
 0.100097679338844E+00
 0.100456422069881E+00
 0.100488179460006E+00
 0.100196648316216E+00
 0.995869733277854E-01
 0.986655305987987E-01
 0.974397064681998E-01
 0.960119190732826E-01
 0.945975535435593E-01
 0.932403795462140E-01
 0.918977954187569E-01
 0.905846329521163E-01
 0.893339012648500E-01
 0.881129912636063E-01
 0.869451727461659E-01
 0.858197866744003E-01
 0.847209303230522E-01
 0.836265402271678E-01
 0.825485005861781E-01
 0.815304634909705E-01
 0.805381778574562E-01
 0.795260271330898E-01
 0.786105931869816E-01
 0.777100046249265E-01
 0.767657438823945E-01
 0.759481007985875E-01
 0.750601294618092E-01
 0.742468360426059E-01
 0.734582627219877E-01
 0.726211618586505E-01
 0.719137497750546E-01
 0.710660863310385E-01
 0.704360928795986E-01
 0.696477734374485E-01
 0.690215485493382E-01
 0.682877850179733E-01
 0.676323590133483E-01
 0.667498385460812E-01
 0.656461998022585E-01
 0.643282867890041E-01
 0.628036545592395E-01
 0.610804554313048E-01
 0.591695807546685E-01
 0.572390879085063E-01
 0.554006069522453E-01
 0.536656130263253E-01
 0.520708229994220E-01
 0.516090355304607E-01
 0.511834860990723E-01
 0.507729301480188E-01
 0.503659993037674E-01
 0.499482337789090E-01
 0.495259335970539E-01
 0.491676537788389E-01
 0.487830635629051E-01
 0.483617018489852E-01
 0.480204279216267E-01
 0.476518278516314E-01
 0.472408300513053E-01
 0.469249351440119E-01
 0.464545468390382E-01
 0.458238260412950E-01
 0.450369355645101E-01
 0.440986326265581E-01
 0.430142378533429E-01
 0.417896102034766E-01
 0.404311238760672E-01
 0.389456430185051E-01
 0.373404944432111E-01
 0.356234427809927E-01
 0.338026715843893E-01
 0.324663901498843E-01
 0.323406959340256E-01
 0.322561303655556E-01
 0.321030000632160E-01
 0.320377132708932E-01
 0.333503982412060E-01
 0.364213403168897E-01
 0.393727742136277E-01
 0.421888140030662E-01
 0.448540408404519E-01
 0.473535599154748E-01
 0.496730865610168E-01
 0.517990646106615E-01
 0.537188125401662E-01
 0.554206813038399E-01
 0.568941975974417E-01
 0.581301644056601E-01
 0.591207004874791E-01
 0.598592188527663E-01
 0.603403630284608E-01
 0.605599302886349E-01
 0.605148089482682E-01
 0.602029448967356E-01
 0.596233379081828E-01
 0.587760580044348E-01
 0.576773174967130E-01
 0.565352110980224E-01
 0.554283485455055E-01
 0.543775743723641E-01
 0.533728275194221E-01
 0.523965694406454E-01
 0.514531470711237E-01
 0.505458266632665E-01
 0.496665636511377E-01
 0.488020958766754E-01
 0.479824695987506E-01
 0.471688905162017E-01
 0.463981675875070E-01
 0.456486019576141E-01
 0.449364466555321E-01
 0.442305497534341E-01
 0.435257854982636E-01
 0.429063663883048E-01
 0.422508839059351E-01
 0.416330168524351E-01
 0.410597239943592E-01
 0.404070250551121E-01
 0.399219432758577E-01
 0.393382021109421E-01
 0.388496001270930E-01
 0.383321177381475E-01
 0.378488583359007E-01
 0.404642630526166E-01
 0.446424924134656E-01
 0.486939067339184E-01
 0.526028728582762E-01
 0.563544295428131E-01
 0.599343042005203E-01
 0.633289108285133E-01
 0.665253357286853E-01
 0.695113249725181E-01
 0.722752920051121E-01
 0.748063628810633E-01
 0.770944686458673E-01
 0.791304795885830E-01
 0.809063583625163E-01
 0.824152956061530E-01
 0.836517903805490E-01
 0.846116519821724E-01
 0.852919258076083E-01
 0.856907738481071E-01
 0.858073580504193E-01
 0.856417740349219E-01
 0.851950632822468E-01
 0.844890941586654E-01
 0.836904928011492E-01
 0.829072317033897E-01
 0.821011577459124E-01
 0.813269282114970E-01
 0.805507090931030E-01
 0.797756851843410E-01
 0.789969371155881E-01
 0.782502916520222E-01
 0.775263221249610E-01
 0.768048201655707E-01
 0.760711380551408E-01
 0.753716329753125E-01
 0.746755123209770E-01
 0.739627974006720E-01
 0.733062071945388E-01
 0.726270107618762E-01
 0.719374312490322E-01
 0.713265590460895E-01
 0.706816686461002E-01
 0.700277703411359E-01
 0.694519084874564E-01
 0.687843272840542E-01
 0.682504354012759E-01
 0.676465096979379E-01
 0.670880831521637E-01
 0.665369326759178E-01
 0.659773559022746E-01
 0.654574914347919E-01
 0.649080624175039E-01
 0.644120554360217E-01
 0.638122315952831E-01
 0.630124189349491E-01
 0.620159338141872E-01
 0.608267170460199E-01
 0.594493911269027E-01
 0.578893376033642E-01
 0.562053819305945E-01
 0.545754927447442E-01
 0.530086547823815E-01
 0.515025643242215E-01
 0.500477052862766E-01
 0.510477531269523E-01
 0.526195025631746E-01
 0.539863604792158E-01
 0.551494861462773E-01
 0.561110900951045E-01
 0.568742985462438E-01
 0.574430305428427E-01
 0.578219127598555E-01
 0.580162497109783E-01
 0.580320598476946E-01
 0.578761768085256E-01
 0.575563969188418E-01
 0.570816327972308E-01
 0.564963398194052E-01
 0.559066917089685E-01
 0.553276283788883E-01
 0.547718630955361E-01
 0.542214264263963E-01
 0.536996776145487E-01
 0.531769627847930E-01
 0.526601519563199E-01
 0.521556587991991E-01
 0.516574818228932E-01
 0.511627423632660E-01
 0.506716476928181E-01
 0.501996940565592E-01
 0.497459156432264E-01
 0.493089630164268E-01
 0.488673532604470E-01
 0.484312744200009E-01
 0.480276815683969E-01
 0.476052408098784E-01
 0.472066076863681E-01
 0.468240642922538E-01
 0.464012755132399E-01
 0.460841866122662E-01
 0.456967920996088E-01
 0.453724113351703E-01
 0.450064240996522E-01
 0.446791572759719E-01
 0.443273375589291E-01
 0.440034803675929E-01
 0.436649264673695E-01
 0.433101949567228E-01
 0.428429179886695E-01
 0.422711109033728E-01
 0.416032876829935E-01
 0.408483154000094E-01
 0.426721672281264E-01
 0.446798126481086E-01
 0.468598248499297E-01
 0.492061712148801E-01
 0.517112862233430E-01
 0.543661620789710E-01
 0.571605537513633E-01
 0.600832464085695E-01
 0.631223142043993E-01
 0.662653005277963E-01
 0.694992755882240E-01
 0.728107727684227E-01
 0.761856542849849E-01
 0.796089871577955E-01
 0.830650057889892E-01
 0.865371976441033E-01
 0.900084923204858E-01
 0.934614895535879E-01
 0.968786498111138E-01
 0.100242395236858E+00
 0.103535113694749E+00
 0.106739101637980E+00
 0.109836504898052E+00
 0.112809314839932E+00
 0.115639455661946E+00
 0.118308966382131E+00
 0.120800247926593E+00
 0.123096320881726E+00
 0.125181031307035E+00
 0.127039155468445E+00
 0.128656386801711E+00
 0.130019228486611E+00
 0.131114847100544E+00
 0.131930954824233E+00
 0.132455776556457E+00
 0.132678130011137E+00
 0.132587611960827E+00
 0.132174852702621E+00
 0.131431781477255E+00
 0.130351842613656E+00
 0.128930116243031E+00
 0.127163324419298E+00
 0.125049735209068E+00
 0.122737342094252E+00
 0.120502385029514E+00
 0.118318918906477E+00
 0.116271922913792E+00
 0.114285333231360E+00
 0.112359056357184E+00
 0.110505171525537E+00
 0.108720780453262E+00
 0.106991083046963E+00
 0.105298273145084E+00
 0.103686330664323E+00
 0.102137840765005E+00
 0.100628870389359E+00
 0.991081875478912E-01
 0.977148128905802E-01
 0.963471878492790E-01
 0.949513181587002E-01
 0.936922576032276E-01
 0.924335195272943E-01
 0.911486758917039E-01
 0.900170151571572E-01
 0.887967122887678E-01
 0.877163062538944E-01
 0.866157191281481E-01
 0.855347786602720E-01
 0.845297965709206E-01
 0.834623421536409E-01
 0.825387223778754E-01
 0.814254381423310E-01
 0.800693820824968E-01
 0.784689238843622E-01
 0.766235358741306E-01
 0.813477402446992E-01
 0.883056739779795E-01
 0.950516711848174E-01
 0.101565617098362E+00
 0.107828241747564E+00
 0.113821054655370E+00
 0.119526285873879E+00
 0.124926872076328E+00
 0.130006506644105E+00
 0.134749749519767E+00
 0.139142177121660E+00
 0.143170548195720E+00
 0.146822963168820E+00
 0.150088995648804E+00
 0.152959774170866E+00
 0.155427996075971E+00
 0.157487870093877E+00
 0.159135008672974E+00
 0.160366314145388E+00
 0.161179909596453E+00
 0.161575148097104E+00
 0.161552698877155E+00
 0.161114673399784E+00
 0.160264736353922E+00
 0.159024753153081E+00
 0.157671685958258E+00
 0.156331406844343E+00
 0.154982022500990E+00
 0.153689618347792E+00
 0.152379423396758E+00
 0.151062825056500E+00
 0.149742097649682E+00
 0.148450642461766E+00
 0.147216894762249E+00
 0.145974052620183E+00
 0.144714065308942E+00
 0.143501251243794E+00
 0.142293364499400E+00
 0.141097651896756E+00
 0.139912329326193E+00
 0.138780565986270E+00
 0.137618207537885E+00
 0.136488338833636E+00
 0.135428275340450E+00
 0.134223139507172E+00
 0.133262768572014E+00
 0.132137899209596E+00
 0.131135963614737E+00
 0.130095737748553E+00
 0.129069098264329E+00
 0.128099695204309E+00
 0.127063077928926E+00
 0.126146717338353E+00
 0.125114470786577E+00
 0.124230799876537E+00
 0.123124652758278E+00
 0.121725045698454E+00
 0.120037702952637E+00
 0.118069197825497E+00
 0.115827064397431E+00
 0.113319896895273E+00
 0.110557384291672E+00
 0.107609437395183E+00
 0.104751684515450E+00
 0.102004950471637E+00
 0.993687867386901E-01
 0.968015729635608E-01
 0.956062254165812E-01
 0.949133881092992E-01
 0.942554931599192E-01
 0.936331274178888E-01
 0.929968042304202E-01
 0.923258129167660E-01
 0.917393496620414E-01
 0.911421655915528E-01
 0.904933071208357E-01
 0.899335181413913E-01
 0.893506919214325E-01
 0.887117440803204E-01
 0.878623704815142E-01
 0.868061033801370E-01
 0.855473053269445E-01
 0.840911096323810E-01
 0.824433320970047E-01
 0.806103747598496E-01
 0.785991446979033E-01
 0.764170056700472E-01
 0.740717684851470E-01
 0.715717102536274E-01
 0.689255991574904E-01
 0.661426977343316E-01
 0.644282447645717E-01
 0.638786803992918E-01
 0.633320890418562E-01
 0.627990417880354E-01
 0.622853471304321E-01
 0.617492113692372E-01
 0.612669821004064E-01
 0.607773521838134E-01
 0.602801552680342E-01
 0.598664376380009E-01
 0.593522675950520E-01
 0.589708322936757E-01
 0.584917827939924E-01
 0.580879155841752E-01
 0.576420694520503E-01
 0.572267960841021E-01
 0.568091324476952E-01
 0.563897007886625E-01
 0.559893831432787E-01
 0.555749440509882E-01
 0.551803914363959E-01
 0.547244929269906E-01
 0.541068969133059E-01
 0.533372713848925E-01
 0.524268086210124E-01
 0.514716947075454E-01
 0.505418965745050E-01
 0.496286481665069E-01
 0.487479310263602E-01
 0.478837271255837E-01
 0.470378167659551E-01
 0.462137701085330E-01
 0.454118954514104E-01
 0.446339188219216E-01
 0.438791417343968E-01
 0.431452154905542E-01
 0.427438643425255E-01
 0.425550381602168E-01
 0.433008599407664E-01
 0.458449810539056E-01
 0.484555697881188E-01
 0.511179112397263E-01
 0.538172921624713E-01
 0.565390490116821E-01
 0.592685488553162E-01
 0.619911346798143E-01
 0.646920697698305E-01
 0.673565118708114E-01
 0.699695357049206E-01
 0.725162037968533E-01
 0.749816672427827E-01
 0.773512693066296E-01
 0.796106310009130E-01
 0.817457157136627E-01
 0.837428883193917E-01
 0.855889911874680E-01
 0.872714504559540E-01
 0.887784064909185E-01
 0.900988444665744E-01
 0.912226948566529E-01
 0.921408822282785E-01
 0.928453188511507E-01
 0.933288580758683E-01
 0.935852335655038E-01
 0.936090116236346E-01
 0.933955771435568E-01
 0.929411631720474E-01
 0.922429228971623E-01
 0.912990324200135E-01
 0.901088039194430E-01
 0.886727839984363E-01
 0.871587847978558E-01
 0.857136678873229E-01
 0.843209033715968E-01
 0.829693643319306E-01
 0.816542918187125E-01
 0.803891770969940E-01
 0.791724167351117E-01
 0.780048314448987E-01
 0.768696892130847E-01
 0.757571739628999E-01
 0.746930518789848E-01
 0.736451861168687E-01
 0.726310083101085E-01
 0.716188786464873E-01
 0.706909623078131E-01
 0.697530512901250E-01
 0.688080749253248E-01
 0.679629617657891E-01
 0.671152324523801E-01
 0.662406539380838E-01
 0.654834446540889E-01
 0.646471830465920E-01
 0.639276197410641E-01
 0.631710040736521E-01
 0.624507445821307E-01
 0.617633969388190E-01
 0.610473540568808E-01
 0.604146357208630E-01
 0.596696287100959E-01
 0.587485457376890E-01
 0.576520400608170E-01
 0.563817504646723E-01
 0.549401782631026E-01
 0.533305318094260E-01
 0.515565880316915E-01
 0.496226120918552E-01
 0.475978055735264E-01
 0.499939909772709E-01
 0.521485927997988E-01
 0.540546081420841E-01
 0.557059102626042E-01
 0.570972165417157E-01
 0.582241299789668E-01
 0.590832658175176E-01
 0.596724396593982E-01
 0.599908628991334E-01
 0.600392788893733E-01
 0.599447645231878E-01
 0.598197043395798E-01
 0.596800802545853E-01
 0.595319743909174E-01
 0.593602591952569E-01
 0.591708835695426E-01
 0.589652538826428E-01
 0.587295062070387E-01
 0.584999537449928E-01
 0.582830345135278E-01
 0.580339281778125E-01
 0.577628073520277E-01
 0.575099815186152E-01
 0.572445410996616E-01
 0.569706235116488E-01
 0.566914190416839E-01
 0.563893433928642E-01
 0.561245991467618E-01
 0.558446198861264E-01
 0.555228595116837E-01
 0.552684824117739E-01
 0.549170356347014E-01
 0.546818668716542E-01
 0.543548437934361E-01
 0.540881946692769E-01
 0.537811096488714E-01
 0.534951017928592E-01
 0.531985701483243E-01
 0.529059862998981E-01
 0.526196568748594E-01
 0.523236979877068E-01
 0.520421067320518E-01
 0.517052495226503E-01
 0.511763804977810E-01
 0.504592616110851E-01
 0.496571200757102E-01
 0.488601501917960E-01
 0.480749011717653E-01
 0.472884528016605E-01
 0.465139966292893E-01
 0.457544688200407E-01
 0.450003555884245E-01
 0.447659228031093E-01
 0.451289523395017E-01
 0.452462556123887E-01
 0.451180935955292E-01
 0.447460036319150E-01
 0.441327228864276E-01
 0.432973921272038E-01
 0.424329440944126E-01
 0.416059746937890E-01
 0.408266050961672E-01
 0.400676274373191E-01
 0.397564040166289E-01
 0.394295283933307E-01
 0.389743277275069E-01
 0.383936594045218E-01
 0.379822166364087E-01
 0.374784415534196E-01
 0.368455469345744E-01
 0.360870604368892E-01
 0.352069404025176E-01
 0.342095875836277E-01
 0.331753202683734E-01
 0.326535596112266E-01
 0.321829179215731E-01
 0.316540946522696E-01
 0.312328789768634E-01
 0.307797743802022E-01
 0.303355868492491E-01
 0.299544644693296E-01
 0.294944194624469E-01
 0.291619911391625E-01
 0.287084712993653E-01
 0.284121578331637E-01
 0.304694141456227E-01
 0.330216006295265E-01
 0.354025316870195E-01
 0.375976779268697E-01
 0.395931290704089E-01
 0.413757577556712E-01
 0.429334011910921E-01
 0.442550318381488E-01
 0.453308907903389E-01
 0.461525653191326E-01
 0.467130016023086E-01
 0.470064538268909E-01
 0.470283830841626E-01
 0.467971838883847E-01
 0.465027578133151E-01
 0.462124926218784E-01
 0.458942986181994E-01
 0.455847405655166E-01
 0.452776791165819E-01
 0.449599632129240E-01
 0.446521603616856E-01
 0.443401935292151E-01
 0.440133870697186E-01
 0.436639830034180E-01
 0.433265736178681E-01
 0.430419378790101E-01
 0.427005188039738E-01
 0.423730698763983E-01
 0.420683973349089E-01
 0.417102402703560E-01
 0.414173068884810E-01
 0.411091519908203E-01
 0.407699434890554E-01
 0.405003627514339E-01
 0.401402265536496E-01
 0.399070925002728E-01
 0.395750383621654E-01
 0.393112026373861E-01
 0.390016588207353E-01
 0.408586755017617E-01
 0.457824644223660E-01
 0.506518179214403E-01
 0.554456806542430E-01
 0.601433808065948E-01
 0.647248210254780E-01
 0.691706093935862E-01
 0.734620952241778E-01
 0.775813018493908E-01
 0.815107888786367E-01
 0.852335099353092E-01
 0.887327393855403E-01
 0.919921169104884E-01
 0.949958132803278E-01
 0.977287761120103E-01
 0.100176989963086E+00
 0.102327687919717E+00
 0.104169475881420E+00
 0.105692363047198E+00
 0.106887720193342E+00
 0.107748203641108E+00
 0.108267685310306E+00
 0.108441220034012E+00
 0.108265064844176E+00
 0.107736746580698E+00
 0.106855158909211E+00
 0.105620661352279E+00
 0.104060054235032E+00
 0.102492156749977E+00
 0.100969416984586E+00
 0.995207927745470E-01
 0.980970328051546E-01
 0.967109048513742E-01
 0.953779206918892E-01
 0.940911543997264E-01
 0.928289099964496E-01
 0.915827464971384E-01
 0.903672003878632E-01
 0.892194607423723E-01
 0.881117156863495E-01
 0.869717734451461E-01
 0.859164397434163E-01
 0.849108941497553E-01
 0.838511613087921E-01
 0.828937693677723E-01
 0.819473297154098E-01
 0.809479846295277E-01
 0.801057809284830E-01
 0.791418753344744E-01
 0.783305228648017E-01
 0.774494887892074E-01
 0.766207878671758E-01
 0.758245262440144E-01
 0.750011594359312E-01
 0.742715824530349E-01
 0.734600567502904E-01
 0.727793221788790E-01
 0.719107048583175E-01
 0.707896896301415E-01
 0.694185653287649E-01
 0.678004065333480E-01
 0.692705206163368E-01
 0.739461062967664E-01
 0.783592837394273E-01
 0.824954168846320E-01
 0.863413582779626E-01
 0.898853024940742E-01
 0.931165796645263E-01
 0.960254531202520E-01
 0.986029771996225E-01
 0.100840953151918E+00
 0.102731997405695E+00
 0.104269710436265E+00
 0.105448910026170E+00
 0.106265875746947E+00
 0.106718547873840E+00
 0.106806636050446E+00
 0.106531617627183E+00
 0.105896634886421E+00
 0.104939245435396E+00
 0.103931017351053E+00
 0.102914332352482E+00
 0.101939598722116E+00
 0.100980377767555E+00
 0.100019965569843E+00
 0.990696156974276E-01
 0.981243069919967E-01
 0.971669576417413E-01
 0.962736844809784E-01
 0.954008995189184E-01
 0.945101376749574E-01
 0.936095972160135E-01
 0.927695247660264E-01
 0.919346843026660E-01
 0.910653106479960E-01
 0.902886932722650E-01
 0.894727604434837E-01
 0.886655743818840E-01
 0.879279632713657E-01
 0.870605935134117E-01
 0.863989268656598E-01
 0.856043357625848E-01
 0.849160427116994E-01
 0.841925178652419E-01
 0.834867695662028E-01
 0.828188413746854E-01
 0.821099109391776E-01
 0.814855123999333E-01
 0.807797383296399E-01
 0.801886670643143E-01
 0.794248336925008E-01
 0.784054976417380E-01
 0.771352007294528E-01
 0.756193324412430E-01
 0.738641710919593E-01
 0.718964316322960E-01
 0.699381407581249E-01
 0.680513894320490E-01
 0.672760924760391E-01
 0.705738116394722E-01
 0.736315820281010E-01
 0.764448313595480E-01
 0.790105984012535E-01
 0.813273958096375E-01
 0.833949709366562E-01
 0.852140377287440E-01
 0.867860589473887E-01
 0.881131359934792E-01
 0.891980246400539E-01
 0.900442550489221E-01
 0.906563061313263E-01
 0.910397730683068E-01
 0.912014727518429E-01
 0.911494525014280E-01
 0.908928975276385E-01
 0.904419633597445E-01
 0.898075796430927E-01
 0.890012731663135E-01
 0.880350409442029E-01
 0.869244843637207E-01
 0.857919189865116E-01
 0.847313414399650E-01
 0.836647968728512E-01
 0.826317100933939E-01
 0.816248067564811E-01
 0.806236528338558E-01
 0.796658291036092E-01
 0.787442787524214E-01
 0.778395256655990E-01
 0.769520539992568E-01
 0.761109222674754E-01
 0.752914801314376E-01
 0.744865476178671E-01
 0.737047282342368E-01
 0.729155869671554E-01
 0.721976048666290E-01
 0.714851642804933E-01
 0.707363499594806E-01
 0.700983221319341E-01
 0.694118158716082E-01
 0.687665262333398E-01
 0.681332354008995E-01
 0.674772596327651E-01
 0.668906451871080E-01
 0.662318614339360E-01
 0.656876102974591E-01
 0.650647939997244E-01
 0.645148452639078E-01
 0.638329584047157E-01
 0.630279708310490E-01
 0.621087747252188E-01
 0.610842962398944E-01
 0.599635551898070E-01
 0.587557815273708E-01
 0.574705489323454E-01
 0.561178654926462E-01
 0.547081591544987E-01
 0.532521302979439E-01
 0.538751365377937E-01
 0.550047344755589E-01
 0.562032057000524E-01
 0.574596407585705E-01
 0.587620589527002E-01
 0.600975565240122E-01
 0.614525859141052E-01
 0.628132958992108E-01
 0.641658427818759E-01
 0.654965956504434E-01
 0.667921993654047E-01
 0.680395098619325E-01
 0.692254565754177E-01
 0.703369028468699E-01
 0.713605660123224E-01
 0.722830327851146E-01
 0.730908734231814E-01
 0.737708290561380E-01
 0.743100267083796E-01
 0.746961701886392E-01
 0.749176639832457E-01
 0.749636499553140E-01
 0.748239672613462E-01
 0.744890753027724E-01
 0.739499971168654E-01
 0.731983374177049E-01
 0.722264026178837E-01
 0.710274068690954E-01
 0.695957059896214E-01
 0.679754214071044E-01
 0.663986500197561E-01
 0.648973965619384E-01
 0.634365384513310E-01
 0.620598655360271E-01
 0.607328763981635E-01
 0.594510801897440E-01
 0.582195722802870E-01
 0.570303507861066E-01
 0.558724297870367E-01
 0.547825673197725E-01
 0.543511858273909E-01
 0.541518787830704E-01
 0.538882348643980E-01
 0.536283748749110E-01
 0.532625920687267E-01
 0.528308984025697E-01
 0.524083103148198E-01
 0.518750675551036E-01
 0.513375823707599E-01
 0.507552020266264E-01
 0.500996669826476E-01
 0.494774528307416E-01
 0.487434393617756E-01
 0.480833854353199E-01
 0.473212970034214E-01
 0.466752366673084E-01
 0.524687369987822E-01
 0.582145583781918E-01
 0.638937110540219E-01
 0.694867428431255E-01
 0.749737682619984E-01
 0.803346492968729E-01
 0.855493081436655E-01
 0.905981083435788E-01
 0.954622163540494E-01
 0.100123859702457E+00
 0.104566429898015E+00
 0.108774427287154E+00
 0.112733293278617E+00
 0.116429205546093E+00
 0.119848914616515E+00
 0.122979677826270E+00
 0.125809310272399E+00
 0.128326336276943E+00
 0.130520199921822E+00
 0.132381484072915E+00
 0.133902093008368E+00
 0.135075369899275E+00
 0.135896141143715E+00
 0.136360698816762E+00
 0.136466744778933E+00
 0.136213321871630E+00
 0.135600749576929E+00
 0.134630568625788E+00
 0.133424791581011E+00
 0.132216323611898E+00
 0.131049142682179E+00
 0.129871714586773E+00
 0.128700028617928E+00
 0.127533611103117E+00
 0.126382610742702E+00
 0.125254755988727E+00
 0.124127641206269E+00
 0.122984825876069E+00
 0.121858226063305E+00
 0.120805336659611E+00
 0.119732979479255E+00
 0.118635540555252E+00
 0.117614704026230E+00
 0.116594910538944E+00
 0.115542618824107E+00
 0.114584907952203E+00
 0.113552933217890E+00
 0.112607686548163E+00
 0.111651619595599E+00
 0.110652451897102E+00
 0.109797732088526E+00
 0.108792860089372E+00
 0.107985242470183E+00
 0.107049302547674E+00
 0.106220284203669E+00
 0.105338973511142E+00
 0.104515882194896E+00
 0.103677984129425E+00
 0.102806782931854E+00
 0.101676714763033E+00
 0.100290422435015E+00
 0.986512955170538E-01
 0.967635456814312E-01
 0.946323073404385E-01
 0.922637376520567E-01
 0.896782968972875E-01
 0.871173290973513E-01
 0.846674763565581E-01
 0.823022347270763E-01
 0.801226504263638E-01
 0.795118957379918E-01
 0.789444018093431E-01
 0.783875244338443E-01
 0.778244569944152E-01
 0.772742801054158E-01
 0.788037053283194E-01
 0.800253220325970E-01
 0.809410222495386E-01
 0.815538446243585E-01
 0.818678903587259E-01
 0.818882875535848E-01
 0.816212161690026E-01
 0.810739838178073E-01
 0.803243788278635E-01
 0.795428313836482E-01
 0.787795920818832E-01
 0.780482787987058E-01
 0.773136785387871E-01
 0.765857027281677E-01
 0.758791589474440E-01
 0.751816710524003E-01
 0.744753417234798E-01
 0.737910146173684E-01
 0.731351703321287E-01
 0.724911565762877E-01
 0.718328163579679E-01
 0.712126323080814E-01
 0.706130641095109E-01
 0.699660529667738E-01
 0.694035382744296E-01
 0.688237421198694E-01
 0.682234002464498E-01
 0.677115441017259E-01
 0.671008749236464E-01
 0.666235466328157E-01
 0.660706128947864E-01
 0.655734468638485E-01
 0.650669906567836E-01
 0.645558365422248E-01
 0.640828603618533E-01
 0.635680449503654E-01
 0.631169266993826E-01
 0.626096391031697E-01
 0.621734083390787E-01
 0.616214014704898E-01
 0.608726795311619E-01
 0.599346834591247E-01
 0.588165553154009E-01
 0.576314303988577E-01
 0.564708181480699E-01
 0.553454927493335E-01
 0.542532831958831E-01
 0.531897731503629E-01
 0.521489374415181E-01
 0.511347485145839E-01
 0.501501982512812E-01
 0.491965913909366E-01
 0.482712336234081E-01
 0.473745965408591E-01
 0.469921048550449E-01
 0.466883282709520E-01
 0.464544375814340E-01
 0.463049689993527E-01
 0.461032625259470E-01
 0.459085600239095E-01
 0.455705201925013E-01
 0.450934396707108E-01
 0.446796159476906E-01
 0.444196119033006E-01
 0.484883733819218E-01
 0.526359413845806E-01
 0.568445837211218E-01
 0.610959737278889E-01
 0.653711691622126E-01
 0.696506572120759E-01
 0.739144911297441E-01
 0.781425141889377E-01
 0.823146323163991E-01
 0.864110743336929E-01
 0.904125800232952E-01
 0.943004811577911E-01
 0.980566779312604E-01
 0.101663547651920E+00
 0.105103842730882E+00
 0.108360636574664E+00
 0.111417359831096E+00
 0.114257939287758E+00
 0.116867014580532E+00
 0.119230175594803E+00
 0.121334150757987E+00
 0.123166893311961E+00
 0.124717555554134E+00
 0.125976390862767E+00
 0.126934654503560E+00
 0.127584570041962E+00
 0.127919391659241E+00
 0.127933544514522E+00
 0.127622790456688E+00
 0.126984359088781E+00
 0.126017002061834E+00
 0.124720958346419E+00
 0.123097846767964E+00
 0.121150522183179E+00
 0.119058082127309E+00
 0.117048945464430E+00
 0.115111839468174E+00
 0.113259122022133E+00
 0.111455968833432E+00
 0.109707771757536E+00
 0.108021208026323E+00
 0.106393240605989E+00
 0.104811596096796E+00
 0.103288824835327E+00
 0.101816872766131E+00
 0.100391022790808E+00
 0.990138023697237E-01
 0.976353803392824E-01
 0.963760046748629E-01
 0.951164871885191E-01
 0.938374533017715E-01
 0.926926442463799E-01
 0.915345051320421E-01
 0.903537455645090E-01
 0.893230712905892E-01
 0.881990615450427E-01
 0.872090666478336E-01
 0.861891084354893E-01
 0.852000997863175E-01
 0.842652055356176E-01
 0.832907572965033E-01
 0.824267502367351E-01
 0.814050761746295E-01
 0.801485548591016E-01
 0.786584961719352E-01
 0.769373781789885E-01
 0.749888562243502E-01
 0.728176468175898E-01
 0.704293489597071E-01
 0.678302847962056E-01
 0.669851211786432E-01
 0.709954916617798E-01
 0.747437122357608E-01
 0.782204650018320E-01
 0.814174176715415E-01
 0.843273447726604E-01
 0.869442328537740E-01
 0.892633517505917E-01
 0.912812861760421E-01
 0.929959310849936E-01
 0.944064605589736E-01
 0.955132848455342E-01
 0.963180128516224E-01
 0.968234345049368E-01
 0.970335267465094E-01
 0.969534713302100E-01
 0.965986427220061E-01
 0.961342119537423E-01
 0.956628503269414E-01
 0.951801214918325E-01
 0.946715860283203E-01
 0.941594604852278E-01
 0.936398487440577E-01
 0.931136438029904E-01
 0.925762146302000E-01
 0.920300799727195E-01
 0.914741277979518E-01
 0.909021666324883E-01
 0.903634710276506E-01
 0.897957701816762E-01
 0.892486634552032E-01
 0.887018530357900E-01
 0.881262216940111E-01
 0.875986430383156E-01
 0.870384219486208E-01
 0.864922272320269E-01
 0.859730652054318E-01
 0.853674546824655E-01
 0.848989891540107E-01
 0.843129223675118E-01
 0.838349140784204E-01
 0.832749424555854E-01
 0.827753816860929E-01
 0.822506734804512E-01
 0.817423622748349E-01
 0.812282496770134E-01
 0.807182953935388E-01
 0.802244794278930E-01
 0.796670331225144E-01
 0.789093743449250E-01
 0.779578902640343E-01
 0.768197110653486E-01
 0.755027255168293E-01
 0.740211735677166E-01
 0.725172751552549E-01
 0.710423361255802E-01
 0.696024582682906E-01
 0.681929423742687E-01
 0.668139707546813E-01
 0.654784215292191E-01
 0.641694905846092E-01
 0.628905525724816E-01
 0.618364220202021E-01
 0.614557762489064E-01
 0.610725197522520E-01
 0.607421779307025E-01
 0.603924576911009E-01
 0.600142645375650E-01
 0.597037616894950E-01
 0.593642648545390E-01
 0.589905135039717E-01
 0.586918118813695E-01
 0.582638881103021E-01
 0.576939219014763E-01
 0.569863450484144E-01
 0.561460461629721E-01
 0.551784137208323E-01
 0.540893755237459E-01
 0.528854067741346E-01
 0.515734875999022E-01
 0.501610107768031E-01
 0.486556630351244E-01
 0.470653163792334E-01
 0.453979612893731E-01
 0.436616935393960E-01
 0.418647412743275E-01
 0.400155012468142E-01
 0.381225500195484E-01
 0.361946074672677E-01
 0.342404502831987E-01
 0.322687939262038E-01
 0.302881743750657E-01
 0.283068612836816E-01
 0.263328221253825E-01
 0.243737381618823E-01
 0.224370549190984E-01
 0.205300379172914E-01
 0.186598014213178E-01
 0.168332850276783E-01
 0.150571699847369E-01
 0.133377511350703E-01
 0.118725582992924E-01
 0.112403382666361E-01
 0.112867001656940E-01
 0.129833033959097E-01
 0.158124565151207E-01
 0.187966420311735E-01
 0.219271822676657E-01
 0.251945021603458E-01
 0.285880516650464E-01
 0.320962619753277E-01
 0.357065746581748E-01
 0.394055563740699E-01
 0.431790767690886E-01
 0.470124988579627E-01
 0.508908253911829E-01
 0.547987666104232E-01
 0.587207338573502E-01
 0.626407984890378E-01
 0.665426678483155E-01
 0.704097151119422E-01
 0.742250686805094E-01
 0.779717372956562E-01
 0.816327330525093E-01
 0.851911597097348E-01
 0.886302531404473E-01
 0.919333850667845E-01
 0.950840606432380E-01
 0.980659472929928E-01
 0.100862962905294E+00
 0.103459428685507E+00
 0.105840264574518E+00
 0.107991185329404E+00
 0.109898852647363E+00
 0.111550955032118E+00
 0.112936215245948E+00
 0.114044352091617E+00
 0.114866036545159E+00
 0.115392876827337E+00
 0.115617447898213E+00
 0.115533359976056E+00
 0.115135348829733E+00
 0.114419370339806E+00
 0.113382686858032E+00
 0.112023934858006E+00
 0.110410310321909E+00
 0.108790738698873E+00
 0.107220474621241E+00
 0.105703330256928E+00
 0.104218328460177E+00
 0.102775911028193E+00
 0.101375059933332E+00
 0.100037043997117E+00
 0.987372303963251E-01
 0.974481985036235E-01
 0.961791665342575E-01
 0.949729190243081E-01
 0.937979044076690E-01
 0.926491913964770E-01
 0.914998220477178E-01
 0.904270711474235E-01
 0.893666126648440E-01
 0.882901410603427E-01
 0.873220029356533E-01
 0.862895604866140E-01
 0.853481544762585E-01
 0.844162075870789E-01
 0.834467687760897E-01
 0.826185300787027E-01
 0.816523751622914E-01
 0.808903109107961E-01
 0.799939850658388E-01
 0.792304861208457E-01
 0.783930362000611E-01
 0.776028193543677E-01
 0.765816110576577E-01
 0.753290441167793E-01
 0.738458174912855E-01
 0.721337328899013E-01
 0.701956602215635E-01
 0.697646687660173E-01
 0.744472807718543E-01
 0.788604080002013E-01
 0.829885811665229E-01
 0.868172331737515E-01
 0.903326128668004E-01
 0.935217453811065E-01
 0.963724799584885E-01
 0.988736364384294E-01
 0.101015226488845E+00
 0.102788700634927E+00
 0.104187166014571E+00
 0.105205530572455E+00
 0.105840548495959E+00
 0.106090761695722E+00
 0.105956351198842E+00
 0.105438931355882E+00
 0.104593111029310E+00
 0.103690608368709E+00
 0.102786377479505E+00
 0.101907358807021E+00
 0.101047540257731E+00
 0.100183096344545E+00
 0.993177592579952E-01
 0.984440612509602E-01
 0.975724969092883E-01
 0.967780925377131E-01
 0.959716839782143E-01
 0.951329146929379E-01
 0.942945319167131E-01
 0.935570343145877E-01
 0.927483012360282E-01
 0.919491916660476E-01
 0.912199624776665E-01
 0.903995732716142E-01
 0.896971279509148E-01
 0.889650615716874E-01
 0.881999353119242E-01
 0.875440052138876E-01
 0.867187508392150E-01
 0.861544655244860E-01
 0.853766169859608E-01
 0.847871679833527E-01
 0.840646085031155E-01
 0.834622978395817E-01
 0.827855005103045E-01
 0.821807360724110E-01
 0.815348786652487E-01
 0.808749529942637E-01
 0.799382524575727E-01
 0.787283903635102E-01
 0.772499095131542E-01
 0.755082495307229E-01
 0.736225168564604E-01
 0.770997816086535E-01
 0.813625445190831E-01
 0.853544620373873E-01
 0.890641091066880E-01
 0.924811638661583E-01
 0.955964773929493E-01
 0.984021343936055E-01
 0.100891504603187E+00
 0.103059291041404E+00
 0.104901580923912E+00
 0.106415897627723E+00
 0.107601241539071E+00
 0.108458100064533E+00
 0.108988408185187E+00
 0.109195453124235E+00
 0.109083737486213E+00
 0.108658836709559E+00
 0.107927297532620E+00
 0.106896615010831E+00
 0.105575295884520E+00
 0.104065431109829E+00
 0.102595495693558E+00
 0.101171968406810E+00
 0.997769051047976E-01
 0.984521255192568E-01
 0.971556397135725E-01
 0.958905088787236E-01
 0.946453938266890E-01
 0.934553331185013E-01
 0.923159858113806E-01
 0.912035227827348E-01
 0.900891868598173E-01
 0.890254772353217E-01
 0.880106265312346E-01
 0.869895568663729E-01
 0.859947832710844E-01
 0.850689585346871E-01
 0.841087192485611E-01
 0.832187317019798E-01
 0.823637801615249E-01
 0.814372549325544E-01
 0.806738792206249E-01
 0.797738927873696E-01
 0.790399418499468E-01
 0.782143277979725E-01
 0.774760156672712E-01
 0.767099009542622E-01
 0.759792363814069E-01
 0.752592306947252E-01
 0.744783194921844E-01
 0.734811909520751E-01
 0.722750815123933E-01
 0.708680311154751E-01
 0.692689160750115E-01
 0.674874328022849E-01
 0.655340148565193E-01
 0.634622802098013E-01
 0.614611353410782E-01
 0.595580835368394E-01
 0.577521790106426E-01
 0.571337436763939E-01
 0.566636841020813E-01
 0.561876595270304E-01
 0.557686740484976E-01
 0.553508798523534E-01
 0.549156027327179E-01
 0.544660262642226E-01
 0.540794056454135E-01
 0.536630493634371E-01
 0.532185733572365E-01
 0.528613736661559E-01
 0.524522601882574E-01
 0.520434887459231E-01
 0.514774958068926E-01
 0.507587968567371E-01
 0.498924481740549E-01
 0.488840564815372E-01
 0.477397738451677E-01
 0.464662712052673E-01
 0.450706928930993E-01
 0.435606021708567E-01
 0.419439304920753E-01
 0.402289394004129E-01
 0.384241958029514E-01
 0.365385532070960E-01
 0.345811276665953E-01
 0.325612594234807E-01
 0.331836122756555E-01
 0.350532380517655E-01
 0.367939718982357E-01
 0.383921342385513E-01
 0.398350221902715E-01
 0.411110191539368E-01
 0.422096191659039E-01
 0.431213920193309E-01
 0.438379278927971E-01
 0.443517931626762E-01
 0.446565071054108E-01
 0.447465265974222E-01
 0.446172173556261E-01
 0.442648010445802E-01
 0.436862904839939E-01
 0.428794457339204E-01
 0.418452023767597E-01
 0.407807339507438E-01
 0.397666163683246E-01
 0.388036072773662E-01
 0.378626339799772E-01
 0.369569947435597E-01
 0.360969976195336E-01
 0.352746082670720E-01
 0.344782050188328E-01
 0.337032862691027E-01
 0.329657442025942E-01
 0.322566173056621E-01
 0.315914943797890E-01
 0.311740506376671E-01
 0.309847540818693E-01
 0.307001594382608E-01
 0.304002105023168E-01
 0.300701027976164E-01
 0.296843960427879E-01
 0.293156761277701E-01
 0.288709424957281E-01
 0.284735782136620E-01
 0.279955874113650E-01
 0.317352095799491E-01
 0.359074798417059E-01
 0.400314270679056E-01
 0.440905737836324E-01
 0.480685928927202E-01
 0.519493311912838E-01
 0.557168699331538E-01
 0.593556102685393E-01
 0.628503640116871E-01
 0.661864350290550E-01
 0.693496889039075E-01
 0.723266195545355E-01
 0.751044237689662E-01
 0.776710867784370E-01
 0.800154694296577E-01
 0.821273791864387E-01
 0.839976100260969E-01
 0.856179503397518E-01
 0.869811754029601E-01
 0.880810505836668E-01
 0.889123659373848E-01
 0.894710043710083E-01
 0.897540246666817E-01
 0.897597291459939E-01
 0.894876890661381E-01
 0.889387157554486E-01
 0.881644590467397E-01
 0.873567849236973E-01
 0.865478738798855E-01
 0.857618968384112E-01
 0.849704761493964E-01
 0.841812121962007E-01
 0.834071443756207E-01
 0.826340008198430E-01
 0.818497907380614E-01
 0.810786322157738E-01
 0.803588077968068E-01
 0.796253153514219E-01
 0.788729383798760E-01
 0.781636462474339E-01
 0.774390292378399E-01
 0.767166902928377E-01
 0.760526829830572E-01
 0.753413620457204E-01
 0.746649507052816E-01
 0.740218576254929E-01
 0.733144645496003E-01
 0.727195034246532E-01
 0.720681124924540E-01
 0.714373113913057E-01
 0.708502888963217E-01
 0.702026760379486E-01
 0.696726638946337E-01
 0.690227871993930E-01
 0.685328547753397E-01
 0.679064349401485E-01
 0.674126199783359E-01
 0.667186335660888E-01
 0.658267867048066E-01
 0.647400927411606E-01
 0.634621638100624E-01
 0.619971888977790E-01
 0.603499920381265E-01
 0.585665268604481E-01
 0.568423933547669E-01
 0.551882501374422E-01
 0.535991086239401E-01
 0.523897766218469E-01
 0.533587057370920E-01
 0.549537776356166E-01
 0.563191231665019E-01
 0.574539647892806E-01
 0.583589930363185E-01
 0.590363399668008E-01
 0.594894844737748E-01
 0.597231093232313E-01
 0.597429344760665E-01
 0.595555553206643E-01
 0.591683160182967E-01
 0.586290576900691E-01
 0.580947613760168E-01
 0.575383726575607E-01
 0.570055667701436E-01
 0.564711302346777E-01
 0.559470919984204E-01
 0.554281950261116E-01
 0.549092715573090E-01
 0.543977619871516E-01
 0.538937548499845E-01
 0.534139326112520E-01
 0.529368069579377E-01
 0.524658013065528E-01
 0.520057960528148E-01
 0.515421108473654E-01
 0.510939690521175E-01
 0.506675925312986E-01
 0.502252765288122E-01
 0.498077807027979E-01
 0.494061225650846E-01
 0.489511428453998E-01
 0.486031732567462E-01
 0.481891119413672E-01
 0.478293784375468E-01
 0.474513481784323E-01
 0.470827076392260E-01
 0.467405320476049E-01
 0.463709174250440E-01
 0.460428055239612E-01
 0.456750356872138E-01
 0.453513534973898E-01
 0.449457129060528E-01
 0.443975984716762E-01
 0.437144294867108E-01
 0.429042001789944E-01
 0.420268830799686E-01
 0.411701714971235E-01
 0.403341760981957E-01
 0.395142397161777E-01
 0.387230406500997E-01
 0.379467052410067E-01
 0.371875819043140E-01
 0.364475936993163E-01
 0.357284530750622E-01
 0.375853772232457E-01
 0.406354805501471E-01
 0.438479835940977E-01
 0.472096257727646E-01
 0.507062684945356E-01
 0.543229406222835E-01
 0.580438477903072E-01
 0.618523767850958E-01
 0.657311285580407E-01
 0.696619992454451E-01
 0.736263039152266E-01
 0.776049158774699E-01
 0.815783876148406E-01
 0.855270312444362E-01
 0.894309598797891E-01
 0.932701136990591E-01
 0.970243050766670E-01
 0.100673311501875E+00
 0.104197026158238E+00
 0.107575652144893E+00
 0.110789907487676E+00
 0.113821202449080E+00
 0.116651760667635E+00
 0.119264676640962E+00
 0.121643924507639E+00
 0.123774347850029E+00
 0.125641663009175E+00
 0.127232500419454E+00
 0.128534494100028E+00
 0.129536413477692E+00
 0.130228318472369E+00
 0.130601712061675E+00
 0.130649666633304E+00
 0.130366910139332E+00
 0.129749870276787E+00
 0.128796683361169E+00
 0.127507176090726E+00
 0.125882825077670E+00
 0.123926695972468E+00
 0.121643365021032E+00
 0.119038830679449E+00
 0.116226067857990E+00
 0.113488089227052E+00
 0.110821942173375E+00
 0.108235779660641E+00
 0.105731603091553E+00
 0.103287727677462E+00
 0.100914542018065E+00
 0.986017369305859E-01
 0.963349170242944E-01
 0.941192022204283E-01
 0.919866873927508E-01
 0.899169488609233E-01
 0.878606663544378E-01
 0.858479542861365E-01
 0.839197868664562E-01
 0.820101785484091E-01
 0.801195008515798E-01
 0.783291929912485E-01
 0.765216736046456E-01
 0.747807737627538E-01
 0.731010220489319E-01
 0.713560050986899E-01
 0.697956277729560E-01
 0.681532012850223E-01
 0.666132661368893E-01
 0.650661785387484E-01
 0.635510605140506E-01
 0.620822229365505E-01
 0.605692582892849E-01
 0.588951345112268E-01
 0.570664716723537E-01
 0.550906685253810E-01
 0.529758830771375E-01
 0.510671392745513E-01
 0.545338487844639E-01
 0.577312797980549E-01
 0.606535101752507E-01
 0.632959240002525E-01
 0.656552582792960E-01
 0.677296500420353E-01
 0.695186702025917E-01
 0.710233338935419E-01
 0.722460824172851E-01
 0.731907365603576E-01
 0.738624236211624E-01
 0.742674819610168E-01
 0.744133486930432E-01
 0.743084387333853E-01
 0.739620258163705E-01
 0.733841366335977E-01
 0.725854671257935E-01
 0.715773254048322E-01
 0.703715997491639E-01
 0.689807436879211E-01
 0.674177645959372E-01
 0.656961989911943E-01
 0.638445259790544E-01
 0.619931977110550E-01
 0.601659332227633E-01
 0.583710078804777E-01
 0.566087277753016E-01
 0.548760197151396E-01
 0.531742007033342E-01
 0.514998295131824E-01
 0.498553881663239E-01
 0.482533710643826E-01
 0.466894977366432E-01
 0.451440106633757E-01
 0.436310535871679E-01
 0.421567159548929E-01
 0.407137746228510E-01
 0.392884611761076E-01
 0.379177414359986E-01
 0.365625220989586E-01
 0.352414314912629E-01
 0.339627066546868E-01
 0.326814423304245E-01
 0.314826612254490E-01
 0.302788112207811E-01
 0.291244753710220E-01
 0.279940996963158E-01
 0.268880814646411E-01
 0.258220557646687E-01
 0.247669840553811E-01
 0.237647203058916E-01
 0.227643316340762E-01
 0.218191494907177E-01
 0.208591882489144E-01
 0.198794212423490E-01
 0.188860159776423E-01
 0.178848719314189E-01
 0.168815901799125E-01
 0.158814572661994E-01
 0.148894382192542E-01
 0.139220832149033E-01
 0.130082508159455E-01
 0.121479916500280E-01
 0.113399930936662E-01
 0.105780932453945E-01
 0.993015418315243E-02
 0.941365538189150E-02
 0.891924659811595E-02
 0.844469913515200E-02
 0.798588134830257E-02
 0.754115801703212E-02
 0.712067379683131E-02
 0.671433856120997E-02
 0.632061074866117E-02
 0.594950678210146E-02
 0.559133848290159E-02
 0.524543848531147E-02
 0.490296116544398E-02
 0.456583504259930E-02
 0.423580876600863E-02
 0.391444524170017E-02
 0.360312062730970E-02
 0.330302773850893E-02
 0.301518243565982E-02
 0.274043099318310E-02
 0.247945662426554E-02
 0.223278428787654E-02
 0.200078423158329E-02
 0.178367575031646E-02
 0.158153286501353E-02
 0.139429300954128E-02
 0.122176875107163E-02
 0.106366159716736E-02
 0.919576458779672E-03
 0.791516239975052E-03
 0.717563429242664E-03
 0.648177754463427E-03
 0.583816736886339E-03
 0.524648085409694E-03
 0.469276790951108E-03
 0.419362202164767E-03
 0.372670283402611E-03
 0.330460402158559E-03
 0.291472007321312E-03
 0.256230805774975E-03
 0.224084721418367E-03
 0.195084278666629E-03
 0.168869426085818E-03
 0.145379058708007E-03
 0.124366314103361E-03
 0.105617502241822E-03
 0.887794227481481E-04
 0.738241502882109E-04
 0.607290046582307E-04
 0.494772432321120E-04
 0.398838234795340E-04
 0.317796573600999E-04
 0.249877616336241E-04
 0.205068528472850E-04
 0.166559792483908E-04
 0.132755545609776E-04
 0.103492879186376E-04
 0.785975194467881E-05
 0.578624425604112E-05
 0.410327055332693E-05
 0.277969309981490E-05
 0.177856486257614E-05
 0.105764455918742E-05
 0.570566082649115E-06
 0.268619640060077E-06
 0.103090519499642E-06
 0.280905457870546E-07
 0.380353486707836E-08
 0.489645431432527E-10
 0.000000000000000E+00
 0.000000000000000E+00
 0.000000000000000E+00
 0.000000000000000E+00
 0.000000000000000E+00
 0.000000000000000E+00
 0.000000000000000E+00
 0.000000000000000E+00
 0.000000000000000E+00
 0.000000000000000E+00
 0.000000000000000E+00
 0.000000000000000E+00
 0.000000000000000E+00
 0.000000000000000E+00
 0.000000000000000E+00
 0.000000000000000E+00
 0.000000000000000E+00
 0.000000000000000E+00
 0.000000000000000E+00
 0.000000000000000E+00
 0.000000000000000E+00
 0.000000000000000E+00
 0.000000000000000E+00
 0.000000000000000E+00
 0.000000000000000E+00
 0.000000000000000E+00
 0.000000000000000E+00
 0.000000000000000E+00
 0.000000000000000E+00
 0.000000000000000E+00
 0.000000000000000E+00
 0.000000000000000E+00
 0.000000000000000E+00
 0.000000000000000E+00
 0.000000000000000E+00
 0.000000000000000E+00
 0.000000000000000E+00
 0.000000000000000E+00
 0.000000000000000E+00
 0.000000000000000E+00
 0.000000000000000E+00
 0.000000000000000E+00
 0.000000000000000E+00
 0.000000000000000E+00
 0.000000000000000E+00
 0.000000000000000E+00
 0.000000000000000E+00
 0.000000000000000E+00
 0.000000000000000E+00
 0.000000000000000E+00
 0.000000000000000E+00
 0.000000000000000E+00
 0.000000000000000E+00
 0.000000000000000E+00
 0.000000000000000E+00
 0.000000000000000E+00
 0.000000000000000E+00
 0.000000000000000E+00
 0.000000000000000E+00
 0.000000000000000E+00
 0.000000000000000E+00
 0.000000000000000E+00
 0.000000000000000E+00
 0.000000000000000E+00
 0.000000000000000E+00
 0.000000000000000E+00
 0.000000000000000E+00
 0.000000000000000E+00
 0.000000000000000E+00
 0.000000000000000E+00
 0.000000000000000E+00
 0.000000000000000E+00
 0.000000000000000E+00
 0.000000000000000E+00
 0.000000000000000E+00
 0.000000000000000E+00
 0.000000000000000E+00
 0.000000000000000E+00
 0.000000000000000E+00
 0.000000000000000E+00
 0.000000000000000E+00
 0.000000000000000E+00
 0.000000000000000E+00
 0.000000000000000E+00
 0.000000000000000E+00
 0.000000000000000E+00
 0.000000000000000E+00
 0.000000000000000E+00
 0.000000000000000E+00
 0.000000000000000E+00
 0.000000000000000E+00
 0.000000000000000E+00
 0.000000000000000E+00
 0.000000000000000E+00
 0.000000000000000E+00
 0.000000000000000E+00
 0.000000000000000E+00
 0.000000000000000E+00
 0.000000000000000E+00
 0.000000000000000E+00
 0.000000000000000E+00
 0.000000000000000E+00
 0.000000000000000E+00
 0.000000000000000E+00
 0.000000000000000E+00
 0.000000000000000E+00
 0.000000000000000E+00
 0.000000000000000E+00
 0.000000000000000E+00
 0.000000000000000E+00
 0.000000000000000E+00
 0.000000000000000E+00
 0.000000000000000E+00
 0.000000000000000E+00
 0.000000000000000E+00
 0.000000000000000E+00
 0.000000000000000E+00
 0.000000000000000E+00
 0.000000000000000E+00
 0.000000000000000E+00
 0.000000000000000E+00
 0.000000000000000E+00
 0.000000000000000E+00
 0.000000000000000E+00
 0.000000000000000E+00
 0.000000000000000E+00
 0.000000000000000E+00
 0.000000000000000E+00
 0.000000000000000E+00
 0.000000000000000E+00
 0.000000000000000E+00
 0.000000000000000E+00
 0.000000000000000E+00
 0.000000000000000E+00
 0.000000000000000E+00
 0.000000000000000E+00
 0.000000000000000E+00
 0.000000000000000E+00
 0.000000000000000E+00
 0.000000000000000E+00
 0.000000000000000E+00
 0.000000000000000E+00
 0.000000000000000E+00
 0.000000000000000E+00
 0.000000000000000E+00
 0.000000000000000E+00
 0.000000000000000E+00
 0.000000000000000E+00
 0.000000000000000E+00
 0.000000000000000E+00
 0.000000000000000E+00
 0.000000000000000E+00
 0.000000000000000E+00
 0.000000000000000E+00
 0.000000000000000E+00
 0.000000000000000E+00
 0.000000000000000E+00
 0.000000000000000E+00
 0.000000000000000E+00
 0.000000000000000E+00
 0.000000000000000E+00
 0.000000000000000E+00
 0.000000000000000E+00
 0.000000000000000E+00
 0.000000000000000E+00
 0.000000000000000E+00
 0.000000000000000E+00
 0.000000000000000E+00
 0.000000000000000E+00
 0.000000000000000E+00
 0.000000000000000E+00
 0.000000000000000E+00
 0.000000000000000E+00
 0.000000000000000E+00
 0.000000000000000E+00
 0.000000000000000E+00
 0.000000000000000E+00
 0.000000000000000E+00
 0.000000000000000E+00
 0.000000000000000E+00
 0.000000000000000E+00
 0.000000000000000E+00
 0.000000000000000E+00
 0.000000000000000E+00
 0.000000000000000E+00
 0.000000000000000E+00
 0.000000000000000E+00
 0.000000000000000E+00
 0.000000000000000E+00
 0.000000000000000E+00
 0.000000000000000E+00
 0.000000000000000E+00
 0.000000000000000E+00
 0.000000000000000E+00
 0.000000000000000E+00
 0.000000000000000E+00
 0.000000000000000E+00
 0.000000000000000E+00
 0.000000000000000E+00
 0.000000000000000E+00
 0.000000000000000E+00
 0.000000000000000E+00
 0.000000000000000E+00
 0.000000000000000E+00
 0.000000000000000E+00
 0.000000000000000E+00
 0.000000000000000E+00
 0.000000000000000E+00
 0.000000000000000E+00
 0.000000000000000E+00
 0.000000000000000E+00
 0.000000000000000E+00
 0.000000000000000E+00
 0.000000000000000E+00
 0.000000000000000E+00
 0.000000000000000E+00
 0.000000000000000E+00
 0.000000000000000E+00
 0.000000000000000E+00
 0.000000000000000E+00
 0.000000000000000E+00
 0.000000000000000E+00
 0.000000000000000E+00
 0.000000000000000E+00
 0.000000000000000E+00
 0.000000000000000E+00
 0.000000000000000E+00
 0.000000000000000E+00
 0.000000000000000E+00
 0.000000000000000E+00
 0.000000000000000E+00
 0.000000000000000E+00
 0.000000000000000E+00
 0.000000000000000E+00
 0.000000000000000E+00
 0.000000000000000E+00
 0.000000000000000E+00
 0.000000000000000E+00
 0.000000000000000E+00
 0.000000000000000E+00
 0.000000000000000E+00
 0.000000000000000E+00
 0.000000000000000E+00
 0.000000000000000E+00
 0.000000000000000E+00
 0.000000000000000E+00
 0.000000000000000E+00
 0.000000000000000E+00
 0.000000000000000E+00
 0.000000000000000E+00
 0.000000000000000E+00
 0.000000000000000E+00
 0.000000000000000E+00
 0.000000000000000E+00
 0.000000000000000E+00
 0.000000000000000E+00
 0.000000000000000E+00
 0.000000000000000E+00
 0.000000000000000E+00
 0.000000000000000E+00
 0.000000000000000E+00
 0.000000000000000E+00
 0.000000000000000E+00
 0.000000000000000E+00
 0.000000000000000E+00
 0.000000000000000E+00
 0.000000000000000E+00
 0.000000000000000E+00
 0.000000000000000E+00
 0.000000000000000E+00
 0.000000000000000E+00
 0.000000000000000E+00
 0.000000000000000E+00
 0.000000000000000E+00
 0.000000000000000E+00
 0.000000000000000E+00
 0.000000000000000E+00
 0.000000000000000E+00
 0.000000000000000E+00
 0.000000000000000E+00
 0.000000000000000E+00
 0.000000000000000E+00
 0.000000000000000E+00
 0.000000000000000E+00
 0.000000000000000E+00
 0.000000000000000E+00
 0.000000000000000E+00
 0.000000000000000E+00
 0.000000000000000E+00
 0.000000000000000E+00
 0.000000000000000E+00
 0.000000000000000E+00
 0.000000000000000E+00
 0.000000000000000E+00
 0.000000000000000E+00
 0.000000000000000E+00
 0.000000000000000E+00
 0.000000000000000E+00
 0.000000000000000E+00
 0.000000000000000E+00
 0.000000000000000E+00
 0.000000000000000E+00
 0.000000000000000E+00
 0.000000000000000E+00
 0.000000000000000E+00
 0.000000000000000E+00
 0.000000000000000E+00
 0.000000000000000E+00
 0.000000000000000E+00
 0.000000000000000E+00
 0.000000000000000E+00
 0.000000000000000E+00
 0.000000000000000E+00
 0.000000000000000E+00
 0.000000000000000E+00
 0.000000000000000E+00
 0.000000000000000E+00
 0.000000000000000E+00
 0.000000000000000E+00
 0.000000000000000E+00
 0.000000000000000E+00
 0.000000000000000E+00
 0.000000000000000E+00
 0.000000000000000E+00
 0.000000000000000E+00
 0.000000000000000E+00
 0.000000000000000E+00
 0.000000000000000E+00
 0.000000000000000E+00
 0.000000000000000E+00
 0.000000000000000E+00
 0.000000000000000E+00
 0.000000000000000E+00
 0.000000000000000E+00
 0.000000000000000E+00
 0.000000000000000E+00
 0.000000000000000E+00
 0.000000000000000E+00
 0.000000000000000E+00
 0.000000000000000E+00
 0.000000000000000E+00
 0.000000000000000E+00
 0.000000000000000E+00
 0.000000000000000E+00
 0.000000000000000E+00
 0.000000000000000E+00
 0.000000000000000E+00
 0.000000000000000E+00
