 0.129384946021255E-10
 0.103743950204722E-08
 0.790618989356498E-08
 0.299321003734781E-07
 0.804370757329737E-07
 0.176163015490481E-06
 0.336607449354351E-06
 0.583313109131866E-06
 0.941321522365307E-06
 0.143451251323273E-05
 0.208705556150271E-05
 0.292271773892699E-05
 0.396405068407211E-05
 0.523186474949920E-05
 0.674480226688784E-05
 0.851903529882260E-05
 0.105681111909455E-04
 0.129029534580819E-04
 0.155320047583879E-04
 0.184614917508894E-04
 0.216958073330587E-04
 0.252380279765423E-04
 0.290905840549938E-04
 0.342607684036454E-04
 0.406838424332372E-04
 0.479467963189424E-04
 0.561648411332876E-04
 0.653625646997097E-04
 0.755817056184746E-04
 0.869252719955832E-04
 0.994748577032735E-04
 0.113200344746914E-03
 0.128136578565405E-03
 0.144534256469671E-03
 0.162210554158810E-03
 0.181383951623088E-03
 0.202011679244203E-03
 0.223938913870754E-03
 0.247599087304802E-03
 0.272618317040170E-03
 0.299453491138850E-03
 0.327645042540724E-03
 0.357371941226304E-03
 0.388739885511133E-03
 0.421821922215403E-03
 0.456342698831715E-03
 0.492328446414730E-03
 0.529894304331851E-03
 0.569306616466660E-03
 0.609773932319648E-03
 0.652070355238689E-03
 0.695335625199285E-03
 0.740918576506668E-03
 0.786979099679290E-03
 0.835069045259191E-03
 0.884299948167454E-03
 0.934561131036239E-03
 0.986675090009170E-03
 0.103890858816985E-02
 0.109377555158218E-02
 0.114898153910849E-02
 0.120540990600958E-02
 0.126300765631813E-02
 0.132076242816898E-02
 0.138144727835080E-02
 0.144098397530972E-02
 0.150241461398995E-02
 0.156563804444234E-02
 0.162742546447412E-02
 0.169173982638155E-02
 0.175644097509599E-02
 0.182185799525161E-02
 0.188267021611451E-02
 0.193794998608361E-02
 0.198672278118632E-02
 0.202875319875206E-02
 0.207331196531013E-02
 0.210952000353945E-02
 0.213631937206467E-02
 0.215263003287505E-02
 0.223609277658942E-02
 0.242283223259527E-02
 0.261911219387650E-02
 0.282140612037376E-02
 0.303343793485220E-02
 0.325057539273871E-02
 0.347494804097538E-02
 0.370584944349604E-02
 0.394483295485103E-02
 0.418834022301984E-02
 0.443724282820257E-02
 0.469187487008602E-02
 0.495389507906490E-02
 0.521815489990880E-02
 0.548764361973819E-02
 0.575974670529415E-02
 0.604080866589612E-02
 0.631895200992514E-02
 0.660541401865605E-02
 0.688765446743328E-02
 0.718406451480173E-02
 0.746969688024918E-02
 0.776838704433001E-02
 0.806230448986233E-02
 0.836118183703538E-02
 0.865751379475593E-02
 0.895465005686345E-02
 0.925746854499426E-02
 0.955071437797370E-02
 0.985551207426760E-02
 0.101491264976822E-01
 0.104524500832141E-01
 0.107472299098147E-01
 0.110432301453676E-01
 0.113409802718981E-01
 0.116276844453188E-01
 0.119273237160329E-01
 0.122102550427534E-01
 0.125041088661188E-01
 0.127890720957145E-01
 0.130709383912676E-01
 0.133555171300909E-01
 0.136238035595943E-01
 0.139110315400289E-01
 0.141762947800113E-01
 0.144504564705127E-01
 0.147176806295238E-01
 0.149760224207378E-01
 0.151950996075557E-01
 0.153730522400324E-01
 0.155081697280700E-01
 0.155989221110097E-01
 0.156588108598433E-01
 0.157223711736201E-01
 0.157395092822462E-01
 0.157092599157890E-01
 0.156309035179568E-01
 0.155039582065418E-01
 0.153281618742634E-01
 0.151034648190877E-01
 0.148300439903206E-01
 0.145083305266180E-01
 0.141390292202397E-01
 0.137231136111705E-01
 0.132618000225012E-01
 0.127565212979696E-01
 0.122089205833598E-01
 0.116208667864524E-01
 0.109944725643672E-01
 0.103320916751046E-01
 0.963628945129437E-02
 0.890980297982679E-02
 0.815551545422292E-02
 0.737645478240470E-02
 0.706441267214574E-02
 0.726078152535573E-02
 0.745482340469360E-02
 0.764960805252533E-02
 0.782834340931425E-02
 0.802054900705820E-02
 0.819833340628289E-02
 0.836987344303295E-02
 0.854854991775991E-02
 0.870734601625438E-02
 0.887754633795991E-02
 0.903606139428835E-02
 0.918423898616571E-02
 0.934435972755415E-02
 0.948126037119919E-02
 0.963001265448757E-02
 0.976883205922001E-02
 0.989560518289305E-02
 0.100342068811869E-01
 0.101499888910785E-01
 0.102799811385484E-01
 0.103961623920754E-01
 0.105045243984387E-01
 0.106216993957912E-01
 0.107137478335638E-01
 0.108287249613502E-01
 0.109200587126054E-01
 0.110135931554124E-01
 0.110572995372058E-01
 0.110519754666674E-01
 0.109986620580866E-01
 0.109658637883949E-01
 0.108909346064579E-01
 0.107704569769133E-01
 0.106061048594448E-01
 0.103998094232424E-01
 0.101537658885108E-01
 0.987041928898456E-02
 0.955242857537162E-02
 0.920262487967701E-02
 0.882398393746503E-02
 0.841962016801350E-02
 0.799279100003581E-02
 0.754689154619691E-02
 0.746053187346594E-02
 0.801386114049674E-02
 0.857512441614327E-02
 0.916626137952181E-02
 0.977032440066408E-02
 0.103782511143970E-01
 0.110008008001857E-01
 0.116458245648432E-01
 0.122899357923479E-01
 0.129315449601383E-01
 0.136057318673819E-01
 0.142736811224724E-01
 0.149327876121798E-01
 0.156140807184447E-01
 0.162924787055054E-01
 0.169562523090071E-01
 0.176294101647830E-01
 0.183040533193830E-01
 0.189580718148437E-01
 0.196179106422022E-01
 0.202746096384495E-01
 0.209045490894346E-01
 0.215366375908665E-01
 0.221606840927954E-01
 0.227519352541648E-01
 0.233577494080742E-01
 0.239354666477780E-01
 0.244813624845833E-01
 0.250415819920678E-01
 0.255600360802745E-01
 0.260758665405547E-01
 0.265700438744061E-01
 0.270256121217511E-01
 0.274925862678074E-01
 0.279096417602458E-01
 0.283367286652749E-01
 0.287210195879775E-01
 0.290929523020887E-01
 0.294426052658572E-01
 0.297707141394123E-01
 0.300837447934794E-01
 0.303647110830275E-01
 0.306400430822170E-01
 0.308821429068241E-01
 0.311182262258064E-01
 0.313229905676557E-01
 0.315195582759811E-01
 0.316908356509925E-01
 0.318468137051211E-01
 0.319914991085206E-01
 0.321070216217843E-01
 0.322224488736645E-01
 0.322971169464119E-01
 0.323970899261517E-01
 0.324414692082127E-01
 0.325064055969150E-01
 0.325440886577211E-01
 0.325707271389375E-01
 0.325858143099834E-01
 0.325744904991634E-01
 0.325928629536462E-01
 0.325553058432704E-01
 0.325433810096928E-01
 0.325153462064084E-01
 0.324683165799647E-01
 0.324229001198391E-01
 0.323526356174489E-01
 0.323120620520799E-01
 0.322273751308353E-01
 0.321552923313179E-01
 0.320884975097693E-01
 0.319852557693425E-01
 0.318079241969109E-01
 0.315562829840011E-01
 0.312303729405004E-01
 0.308304964269400E-01
 0.303697576960776E-01
 0.299443414612650E-01
 0.294472738442250E-01
 0.288795247468533E-01
 0.282423178886821E-01
 0.275371396037026E-01
 0.267657381392302E-01
 0.259301096361983E-01
 0.250324784089516E-01
 0.240752829860688E-01
 0.230611724085469E-01
 0.219930069261162E-01
 0.208738536016738E-01
 0.197069729700684E-01
 0.184958009681481E-01
 0.172439325873773E-01
 0.159551089208321E-01
 0.146332035857311E-01
 0.139327239784298E-01
 0.143728831025102E-01
 0.147982951381617E-01
 0.152064319662770E-01
 0.156191998276997E-01
 0.159941154532217E-01
 0.163905828987581E-01
 0.167505466379380E-01
 0.171125472060493E-01
 0.174586468952855E-01
 0.177860912420581E-01
 0.181153771121756E-01
 0.184099484852457E-01
 0.187267308245912E-01
 0.190034913326028E-01
 0.192855128236978E-01
 0.195556521645229E-01
 0.198032932606467E-01
 0.200556304049442E-01
 0.202765697259486E-01
 0.205179321574845E-01
 0.207218640169813E-01
 0.209301353824158E-01
 0.211328085645837E-01
 0.213086673851638E-01
 0.214971196968116E-01
 0.216541551941788E-01
 0.218301793224299E-01
 0.219759170539201E-01
 0.221218463082284E-01
 0.222674520785224E-01
 0.223833867101058E-01
 0.225223378318141E-01
 0.226244892307037E-01
 0.227472273292280E-01
 0.228067800495540E-01
 0.228044674794144E-01
 0.227418232435027E-01
 0.226205833647242E-01
 0.224426763862495E-01
 0.222857685138691E-01
 0.220844257026710E-01
 0.218302744783954E-01
 0.215256203271340E-01
 0.211729359036003E-01
 0.207748454566921E-01
 0.203341098747209E-01
 0.198536129447396E-01
 0.193363452090243E-01
 0.187853831436281E-01
 0.182038671430336E-01
 0.175949852366846E-01
 0.169619659085803E-01
 0.163080757045617E-01
 0.156366129770644E-01
 0.149508922892081E-01
 0.142542213823347E-01
 0.135498773037052E-01
 0.128410868508271E-01
 0.121310115829205E-01
 0.114227343474461E-01
 0.107192448768400E-01
 0.100234248007448E-01
 0.933803437821799E-02
 0.866570296328711E-02
 0.800892324403154E-02
 0.737004703717506E-02
 0.675127931715721E-02
 0.615466832279031E-02
 0.558209287144155E-02
 0.503525115859890E-02
 0.451565513423054E-02
 0.402463015853494E-02
 0.356331450972536E-02
 0.313265274835130E-02
 0.273338263103441E-02
 0.236602261543144E-02
 0.209706057397043E-02
 0.210244264820312E-02
 0.210119384799636E-02
 0.209938097238441E-02
 0.209588380531718E-02
 0.209062811913368E-02
 0.226790544756191E-02
 0.256326731738118E-02
 0.287546650696906E-02
 0.319580542678791E-02
 0.354568998384023E-02
 0.390306575502238E-02
 0.427631184019427E-02
 0.466968560568103E-02
 0.506839324751057E-02
 0.548387255998701E-02
 0.591592955787982E-02
 0.635059896269419E-02
 0.680394172488503E-02
 0.726771005359260E-02
 0.773072961959696E-02
 0.821013749757586E-02
 0.869762964503709E-02
 0.918042842958245E-02
 0.967829878138113E-02
 0.101794281388165E-01
 0.106715634128357E-01
 0.111785402030763E-01
 0.116830624293477E-01
 0.121739057256601E-01
 0.126802594878713E-01
 0.131765847335292E-01
 0.136583558087067E-01
 0.141566715082385E-01
 0.146336398989514E-01
 0.151010697134675E-01
 0.155731628021367E-01
 0.160189328035300E-01
 0.164756270141773E-01
 0.169102728689970E-01
 0.173255766926443E-01
 0.177455661397973E-01
 0.181314621677594E-01
 0.185339346163487E-01
 0.188996095161396E-01
 0.192583905384312E-01
 0.196012299984933E-01
 0.199333559854929E-01
 0.202511976455297E-01
 0.205411816185020E-01
 0.208319420753634E-01
 0.210991678554714E-01
 0.213611957680664E-01
 0.215901531545464E-01
 0.218223057773950E-01
 0.220329282863075E-01
 0.222338085762428E-01
 0.224116521922353E-01
 0.225809957609444E-01
 0.227449194340607E-01
 0.228816379620887E-01
 0.230198564857397E-01
 0.231243810642161E-01
 0.232518387733857E-01
 0.233370628651380E-01
 0.234331935805753E-01
 0.235090330487565E-01
 0.235732457535777E-01
 0.236380898875616E-01
 0.236714968175018E-01
 0.237282826688140E-01
 0.237525789988862E-01
 0.237845439215938E-01
 0.238006289314103E-01
 0.238031293136729E-01
 0.238229373668660E-01
 0.238016978542608E-01
 0.238086305144893E-01
 0.237965506590238E-01
 0.237771310177347E-01
 0.237560170070034E-01
 0.237135858958211E-01
 0.237038927337164E-01
 0.236331702005079E-01
 0.235006437594730E-01
 0.233057909531167E-01
 0.230483405598499E-01
 0.227314133728456E-01
 0.224515389065338E-01
 0.221102115930845E-01
 0.217077455534069E-01
 0.212447074725196E-01
 0.207219192586009E-01
 0.201404532266039E-01
 0.195016185772224E-01
 0.188069447618528E-01
 0.180581714766777E-01
 0.172572516625546E-01
 0.164063643099196E-01
 0.155079255239776E-01
 0.145645864592867E-01
 0.135792155417843E-01
 0.125962415646564E-01
 0.129526871570679E-01
 0.132678787107447E-01
 0.135937236041624E-01
 0.139045933516105E-01
 0.141933577692206E-01
 0.144860310459303E-01
 0.147503215010813E-01
 0.150266912867944E-01
 0.152743101463534E-01
 0.155127783862961E-01
 0.157583428829772E-01
 0.159620244292641E-01
 0.161916258807954E-01
 0.163935308209842E-01
 0.165855831765769E-01
 0.167780829337503E-01
 0.169365990313142E-01
 0.171248445217137E-01
 0.172772519734943E-01
 0.174298535155550E-01
 0.175816342848110E-01
 0.176987723805369E-01
 0.178483425752111E-01
 0.179603196418245E-01
 0.180813188804614E-01
 0.181930465640684E-01
 0.182810748383080E-01
 0.183949105915304E-01
 0.184684648844555E-01
 0.185665145095528E-01
 0.186435108638671E-01
 0.187115845709377E-01
 0.187904199479481E-01
 0.188289889909640E-01
 0.187936437511628E-01
 0.186845967550367E-01
 0.185090443570801E-01
 0.183706698922865E-01
 0.181605530669706E-01
 0.178795447346566E-01
 0.175287546470211E-01
 0.171095513659785E-01
 0.166235647732592E-01
 0.160726878749052E-01
 0.154590730723599E-01
 0.149590646507688E-01
 0.153223318555579E-01
 0.156968516360235E-01
 0.160351372648169E-01
 0.163822941197580E-01
 0.166901687348692E-01
 0.170079228673341E-01
 0.172916620474298E-01
 0.175782047977674E-01
 0.178349436304629E-01
 0.180890283443869E-01
 0.183238902441091E-01
 0.185443571849341E-01
 0.187571476446916E-01
 0.189434337247054E-01
 0.191369377328420E-01
 0.192911770325863E-01
 0.194659083947451E-01
 0.196034149256661E-01
 0.197438230485432E-01
 0.198703395911045E-01
 0.199768241478156E-01
 0.200898769698243E-01
 0.201700762376573E-01
 0.202703564736396E-01
 0.203397948168209E-01
 0.204077041721237E-01
 0.204756270530038E-01
 0.205116891561486E-01
 0.205722954836230E-01
 0.206029615483660E-01
 0.206398052689117E-01
 0.206662897318950E-01
 0.206737809515612E-01
 0.207032693391162E-01
 0.206983623513029E-01
 0.207124965307934E-01
 0.207103427676886E-01
 0.206974003706299E-01
 0.207010986188915E-01
 0.206674572967618E-01
 0.206666465505844E-01
 0.206024196523737E-01
 0.204757855418927E-01
 0.202880395426073E-01
 0.200407536645010E-01
 0.197841799668155E-01
 0.195161776442128E-01
 0.191922504150202E-01
 0.188144814948385E-01
 0.183851457429115E-01
 0.179067032506861E-01
 0.173818062737972E-01
 0.168133050846080E-01
 0.162042369470114E-01
 0.155577940566259E-01
 0.148772826720159E-01
 0.141660935687958E-01
 0.134276957837574E-01
 0.126656469850714E-01
 0.118836002019129E-01
 0.110852902532949E-01
 0.102745011654229E-01
 0.945503188288938E-02
 0.863067682140923E-02
 0.780522123589930E-02
 0.698243527519536E-02
 0.616605107043799E-02
 0.535972445636491E-02
 0.537398399794287E-02
 0.566572412793577E-02
 0.597028979465050E-02
 0.626726465567515E-02
 0.656737859691162E-02
 0.687317788205332E-02
 0.716711735844623E-02
 0.746450249300927E-02
 0.776101446948121E-02
 0.804166093696992E-02
 0.833771603008842E-02
 0.861485182958142E-02
 0.888329800622904E-02
 0.915376718787625E-02
 0.940256184191214E-02
 0.966326865320518E-02
 0.989787517971477E-02
 0.101285052986384E-01
 0.103477261452270E-01
 0.105594434595681E-01
 0.107612374732348E-01
 0.109427154031003E-01
 0.111253246400910E-01
 0.112912343026158E-01
 0.114529228631273E-01
 0.115913521340171E-01
 0.117302163264453E-01
 0.118554550131754E-01
 0.119693324656831E-01
 0.120710893471124E-01
 0.121589086147497E-01
 0.122498018021439E-01
 0.123105650780258E-01
 0.123847894603690E-01
 0.124334892481641E-01
 0.124848350487760E-01
 0.125226130057990E-01
 0.125475553248334E-01
 0.125786384469647E-01
 0.125858557498188E-01
 0.126057764073975E-01
 0.126050383918936E-01
 0.125987581368485E-01
 0.126048417178268E-01
 0.125749470769723E-01
 0.125676897447692E-01
 0.125490287730518E-01
 0.125168656537099E-01
 0.124894246832727E-01
 0.124477592862535E-01
 0.124200071737361E-01
 0.123707601038393E-01
 0.123214060535518E-01
 0.122943423360676E-01
 0.122282475559527E-01
 0.121879057356117E-01
 0.121431362861448E-01
 0.120837330352379E-01
 0.120330381547879E-01
 0.119704352719236E-01
 0.119246586991994E-01
 0.118271074931178E-01
 0.116773146761137E-01
 0.114768158208858E-01
 0.113084333397264E-01
 0.110884503562504E-01
 0.108171577761114E-01
 0.105352973256942E-01
 0.109392139003551E-01
 0.113514876645203E-01
 0.117372119870576E-01
 0.121270120457187E-01
 0.124901714814727E-01
 0.128638697453701E-01
 0.132027851060959E-01
 0.135489469053885E-01
 0.138689395162299E-01
 0.142002036293683E-01
 0.144957489946896E-01
 0.147988686558442E-01
 0.150785717558793E-01
 0.153524486457346E-01
 0.156084407905304E-01
 0.158540063991382E-01
 0.160983397988692E-01
 0.163131350981940E-01
 0.165370379493342E-01
 0.167300480015393E-01
 0.169343153176565E-01
 0.171136845826221E-01
 0.172878242194688E-01
 0.174542715817699E-01
 0.175980504632335E-01
 0.177563997573507E-01
 0.178788058620235E-01
 0.180170959164028E-01
 0.181363566273825E-01
 0.182455448317586E-01
 0.183524222300936E-01
 0.184346689542715E-01
 0.185429264709869E-01
 0.186122248534694E-01
 0.186930698796522E-01
 0.187680907862368E-01
 0.188227986178178E-01
 0.188867487070731E-01
 0.189277353159901E-01
 0.189875456360070E-01
 0.190198087931093E-01
 0.190554758467790E-01
 0.190963753542940E-01
 0.191079564016202E-01
 0.190632909275987E-01
 0.189628364970937E-01
 0.188072262482760E-01
 0.185973642352835E-01
 0.184197979318265E-01
 0.181892338740539E-01
 0.179068465844659E-01
 0.175739689992613E-01
 0.171920971100166E-01
 0.167629175512684E-01
 0.162883371581319E-01
 0.157704896733028E-01
 0.152117091902317E-01
 0.146144822960084E-01
 0.139814040449929E-01
 0.133151569265925E-01
 0.126185127063703E-01
 0.118943408730439E-01
 0.111456070216806E-01
 0.103753578291571E-01
 0.958670243884186E-02
 0.878280073960524E-02
 0.796685780445640E-02
 0.714211295899923E-02
 0.688269859272433E-02
 0.701748864851089E-02
 0.714663497520183E-02
 0.726322319670325E-02
 0.738777067085142E-02
 0.749594192209099E-02
 0.760749799237250E-02
 0.771459881749779E-02
 0.780896762589954E-02
 0.791087036662286E-02
 0.799933038207652E-02
 0.809135656727592E-02
 0.817453065219897E-02
 0.824971414722992E-02
 0.833610001523722E-02
 0.840073828889349E-02
 0.847600420598628E-02
 0.854566213701855E-02
 0.860503516002113E-02
 0.866924631321195E-02
 0.872187010782525E-02
 0.878401728893051E-02
 0.883203447167397E-02
 0.887985561560697E-02
 0.893308982008571E-02
 0.896686675294570E-02
 0.901878989020670E-02
 0.905395830353113E-02
 0.909390844259292E-02
 0.910160056635088E-02
 0.907867057395297E-02
 0.902697213556033E-02
 0.894856878654975E-02
 0.888374033304268E-02
 0.917027349146266E-02
 0.967014718709292E-02
 0.101845692120434E-01
 0.107120509309232E-01
 0.112508877685269E-01
 0.118122532940762E-01
 0.123878336452023E-01
 0.129715008414337E-01
 0.135612743448046E-01
 0.141550520189287E-01
 0.147705853329057E-01
 0.153939031208028E-01
 0.160165692105523E-01
 0.166361402508654E-01
 0.172676994694838E-01
 0.179082098129110E-01
 0.185408596677934E-01
 0.191630008925573E-01
 0.197993768270627E-01
 0.204322818355349E-01
 0.210490194773579E-01
 0.216564690804640E-01
 0.222769886142673E-01
 0.228754559311893E-01
 0.234490931365993E-01
 0.240431489401582E-01
 0.246096279970320E-01
 0.251454161160431E-01
 0.256974430357453E-01
 0.262186189962649E-01
 0.267132484151266E-01
 0.272167826888108E-01
 0.276806091338140E-01
 0.281306629637200E-01
 0.285702545757390E-01
 0.289685850808529E-01
 0.293816235208835E-01
 0.297463004334463E-01
 0.301028560789283E-01
 0.304352835599701E-01
 0.307479488772658E-01
 0.310460741665649E-01
 0.313038002434657E-01
 0.315656401556129E-01
 0.317869386582570E-01
 0.320113218681894E-01
 0.321865861493660E-01
 0.323727413569672E-01
 0.325190911688209E-01
 0.326663181169202E-01
 0.327776288259701E-01
 0.328860269735672E-01
 0.329744948001784E-01
 0.330433311676091E-01
 0.331074621346499E-01
 0.331373248777590E-01
 0.331838646521498E-01
 0.331842614262255E-01
 0.332065205297450E-01
 0.331927259675689E-01
 0.331773232636087E-01
 0.331559652949196E-01
 0.331042504568375E-01
 0.330729858465466E-01
 0.330046835892129E-01
 0.329543880028332E-01
 0.328775146228811E-01
 0.327933415434134E-01
 0.327221936644869E-01
 0.326050645497689E-01
 0.325281600051617E-01
 0.324213369460371E-01
 0.323159121967561E-01
 0.321371582389300E-01
 0.318841222018042E-01
 0.315561033182782E-01
 0.311526187427134E-01
 0.306733853497204E-01
 0.302326082866902E-01
 0.297293166392721E-01
 0.291511492620031E-01
 0.284983997013428E-01
 0.277716909258775E-01
 0.269719982127551E-01
 0.261006467466740E-01
 0.251592841622630E-01
 0.241498428658743E-01
 0.230745089467891E-01
 0.219357033726431E-01
 0.207360681048123E-01
 0.194784468835063E-01
 0.191365415192992E-01
 0.197766201930004E-01
 0.204418576289616E-01
 0.210479220245730E-01
 0.216794431741648E-01
 0.222611036057598E-01
 0.228543579158106E-01
 0.234004089895304E-01
 0.239528977261900E-01
 0.244744553014069E-01
 0.249846378552480E-01
 0.254729782694869E-01
 0.259390744918128E-01
 0.264017181360783E-01
 0.268226925690883E-01
 0.272574992125606E-01
 0.276377250248611E-01
 0.280421066088036E-01
 0.283971627845008E-01
 0.287555845467666E-01
 0.290892010395629E-01
 0.294019278129030E-01
 0.297170642056680E-01
 0.299846405790364E-01
 0.302798903021911E-01
 0.305270732351619E-01
 0.307853042292762E-01
 0.310140091327677E-01
 0.312282239717601E-01
 0.314463382235836E-01
 0.316173071383002E-01
 0.318213773742575E-01
 0.319806988407344E-01
 0.321511784044181E-01
 0.322981520164562E-01
 0.324286673132130E-01
 0.325724014044905E-01
 0.326635146208362E-01
 0.328000639156607E-01
 0.328900781055757E-01
 0.329901504918683E-01
 0.330068525926985E-01
 0.329410185587824E-01
 0.327937879126148E-01
 0.325666022283563E-01
 0.322611852283670E-01
 0.319665596703896E-01
 0.316299961566880E-01
 0.312197614971685E-01
 0.307381245085304E-01
 0.301874951237576E-01
 0.295704368649648E-01
 0.288897012714520E-01
 0.281482661448797E-01
 0.273493592851753E-01
 0.264964583105161E-01
 0.255932679890278E-01
 0.246436822031748E-01
 0.236517366565330E-01
 0.226215552664047E-01
 0.215572938680497E-01
 0.204630906390716E-01
 0.193430378968012E-01
 0.182011867505792E-01
 0.170415823737872E-01
 0.158683108228163E-01
 0.146855303973540E-01
 0.134974680277309E-01
 0.123083791214584E-01
 0.111224853643932E-01
 0.994390995171968E-02
 0.877662442507448E-02
 0.762441357324670E-02
 0.696427140238154E-02
 0.709499992343583E-02
 0.721607695641461E-02
 0.735361081384002E-02
 0.746668450966020E-02
 0.758524886021320E-02
 0.770443496734553E-02
 0.780137658348141E-02
 0.791582250038397E-02
 0.801636225478284E-02
 0.811358646856382E-02
 0.821174578945747E-02
 0.829229616974700E-02
 0.839175421709791E-02
 0.847208644959272E-02
 0.855240706589294E-02
 0.863522293534059E-02
 0.869887070661441E-02
 0.878627776658911E-02
 0.884823769543805E-02
 0.891770599899986E-02
 0.899004834601481E-02
 0.904273917637899E-02
 0.910923550087300E-02
 0.914540252451789E-02
 0.914068380567775E-02
 0.909738943892781E-02
 0.904044496308663E-02
 0.898266652176951E-02
 0.889039210591137E-02
 0.876605212087932E-02
 0.861217354795747E-02
 0.843139411539441E-02
 0.822647867866808E-02
 0.800032540866405E-02
 0.775595236767986E-02
 0.749646208363957E-02
 0.781332325892447E-02
 0.821914692277569E-02
 0.864200085106895E-02
 0.906523896122488E-02
 0.948715514325709E-02
 0.991742765287114E-02
 0.103561948481756E-01
 0.107899051098557E-01
 0.112165697779967E-01
 0.116600231640781E-01
 0.120950331402655E-01
 0.125189152702582E-01
 0.129555741514889E-01
 0.133838159873921E-01
 0.137966526558887E-01
 0.142136244141037E-01
 0.146237827508504E-01
 0.150141664462301E-01
 0.154185177166596E-01
 0.158020271606172E-01
 0.161634972403635E-01
 0.165369156857372E-01
 0.168836665424075E-01
 0.172316774526943E-01
 0.175630060152984E-01
 0.178650555744232E-01
 0.181793495489823E-01
 0.184607705680997E-01
 0.187516030747268E-01
 0.190111649957282E-01
 0.192587613584031E-01
 0.194947319978913E-01
 0.197193659524639E-01
 0.199303460152610E-01
 0.201184672024512E-01
 0.203043063753021E-01
 0.204724468195152E-01
 0.206314932295389E-01
 0.207693743231669E-01
 0.209020202046015E-01
 0.210237067391493E-01
 0.211288121092855E-01
 0.212278719755686E-01
 0.213055002784262E-01
 0.213906449031125E-01
 0.214419154816910E-01
 0.215126988140080E-01
 0.215505830156305E-01
 0.215942931413239E-01
 0.216243608402671E-01
 0.216419370867206E-01
 0.216588959029871E-01
 0.216535201903817E-01
 0.216689751117451E-01
 0.216490035594861E-01
 0.216397659148090E-01
 0.216284941568747E-01
 0.215960687291732E-01
 0.215705732549093E-01
 0.215316664535616E-01
 0.215039281868395E-01
 0.214506281655040E-01
 0.214017239064009E-01
 0.213683734011434E-01
 0.212982896999477E-01
 0.211770958067438E-01
 0.210045117623746E-01
 0.207804438792015E-01
 0.205049904043873E-01
 0.202166936598800E-01
 0.199238141232228E-01
 0.195808481918801E-01
 0.191885473737375E-01
 0.187479513745245E-01
 0.182603520768521E-01
 0.177272480351753E-01
 0.171503046424007E-01
 0.165313296272088E-01
 0.158722642452013E-01
 0.151751839599737E-01
 0.144423018807503E-01
 0.136759720905446E-01
 0.128786940432039E-01
 0.120531199513484E-01
 0.112020636758031E-01
 0.103285043158539E-01
 0.943557515924189E-02
 0.852653317140319E-02
 0.760471525904024E-02
 0.692587781868838E-02
 0.712526663556556E-02
 0.731669472063606E-02
 0.752184878870848E-02
 0.769901329996125E-02
 0.788497989617178E-02
 0.806695175226437E-02
 0.822541603429515E-02
 0.840482816133177E-02
 0.856225830107776E-02
 0.871908790034666E-02
 0.887664389149384E-02
 0.900873431051283E-02
 0.916719917272308E-02
 0.929970447578461E-02
 0.943292183454438E-02
 0.956621825466646E-02
 0.967453442236934E-02
 0.981034519098702E-02
 0.991488978464342E-02
 0.100297903745122E-01
 0.101404334178347E-01
 0.102326843101796E-01
 0.103406526334413E-01
 0.104214458399606E-01
 0.105243458707342E-01
 0.105726276881993E-01
 0.105665820497586E-01
 0.105205123615146E-01
 0.104925226029809E-01
 0.104116168204846E-01
 0.102785388091281E-01
 0.100943123234751E-01
 0.986022110922826E-02
 0.957777414746516E-02
 0.924867726989166E-02
 0.918466127909933E-02
 0.931056714793267E-02
 0.943535075742337E-02
 0.953748634288038E-02
 0.965255589519454E-02
 0.973636766518212E-02
 0.982635259698679E-02
 0.990724795137496E-02
 0.997109264669483E-02
 0.100393847462949E-01
 0.100877070768141E-01
 0.101434167716037E-01
 0.101853066223543E-01
 0.102157326167841E-01
 0.102553143680913E-01
 0.102701977487352E-01
 0.102957512526025E-01
 0.103110913870015E-01
 0.103114901999444E-01
 0.103255157597152E-01
 0.103179423897036E-01
 0.103181335399524E-01
 0.103141727031194E-01
 0.102913412523517E-01
 0.102904826396382E-01
 0.102677688648445E-01
 0.102501194882668E-01
 0.102323648364267E-01
 0.101947178723497E-01
 0.101857310943991E-01
 0.101519208171902E-01
 0.101228734401878E-01
 0.100961697780015E-01
 0.100471153308817E-01
 0.100284095481030E-01
 0.998516932216289E-02
 0.995053674440693E-02
 0.986566010914232E-02
 0.973080070926788E-02
 0.958022545512797E-02
 0.942772041007778E-02
 0.922690707480824E-02
 0.897869522378398E-02
 0.868415541432409E-02
 0.834454140414320E-02
 0.796132863650379E-02
 0.753625153598194E-02
 0.754438789969155E-02
 0.773469927152929E-02
 0.791159258711238E-02
 0.809825248795933E-02
 0.826110745342572E-02
 0.842794964911128E-02
 0.858744447059544E-02
 0.872521630866793E-02
 0.888207746789710E-02
 0.901471419954073E-02
 0.914521195677618E-02
 0.927706609960625E-02
 0.938180908375440E-02
 0.950771458803868E-02
 0.961498988593827E-02
 0.971382591704014E-02
 0.981789535541001E-02
 0.990040254263242E-02
 0.999925886101695E-02
 0.100766583492322E-01
 0.101491727220427E-01
 0.102360599790341E-01
 0.102868809054270E-01
 0.103649060186816E-01
 0.104278013918271E-01
 0.104814546815210E-01
 0.105388768177460E-01
 0.105772420819331E-01
 0.106411607303822E-01
 0.106735910222143E-01
 0.108629928383584E-01
 0.113560266626698E-01
 0.118544262786399E-01
 0.123244843965600E-01
 0.128156281392333E-01
 0.132773437617780E-01
 0.137463222921308E-01
 0.141958179013284E-01
 0.146312407765384E-01
 0.150633135868830E-01
 0.154730926498835E-01
 0.158844867744601E-01
 0.162565157369785E-01
 0.166439298156779E-01
 0.169922204944173E-01
 0.173525732675926E-01
 0.176637928703852E-01
 0.179944697891394E-01
 0.182826137937196E-01
 0.185808443645239E-01
 0.188350806336224E-01
 0.191004179416200E-01
 0.193360649975463E-01
 0.195660447711738E-01
 0.197747242929072E-01
 0.199685196154777E-01
 0.201592698201644E-01
 0.203154307780891E-01
 0.204876670730665E-01
 0.206186861452052E-01
 0.207634756377708E-01
 0.208813273065435E-01
 0.209893843500291E-01
 0.210940913156878E-01
 0.211650727113877E-01
 0.212653850708713E-01
 0.213235782211446E-01
 0.213900293884804E-01
 0.214488288149673E-01
 0.214804166033790E-01
 0.215300787048452E-01
 0.215509654145628E-01
 0.215842053934329E-01
 0.215963104487461E-01
 0.215973105323244E-01
 0.216208154962855E-01
 0.215972694324048E-01
 0.216067966843635E-01
 0.215968436609275E-01
 0.215759334278987E-01
 0.215610147605144E-01
 0.215200298978417E-01
 0.215142586890989E-01
 0.214373025545684E-01
 0.212889370535994E-01
 0.210692369877442E-01
 0.207785672005454E-01
 0.205286291182129E-01
 0.202141307709873E-01
 0.198309053773786E-01
 0.193798391506123E-01
 0.188621228795165E-01
 0.182792680174458E-01
 0.176330972075424E-01
 0.169257112373404E-01
 0.161594459838825E-01
 0.153368353862897E-01
 0.144605892723756E-01
 0.145998017579270E-01
 0.149984596010598E-01
 0.153949287857108E-01
 0.157610914181561E-01
 0.161447749280793E-01
 0.164802895859505E-01
 0.168330025627230E-01
 0.171546901156928E-01
 0.174712631751054E-01
 0.177701744582757E-01
 0.180498470624250E-01
 0.183352485796996E-01
 0.185770381410617E-01
 0.188441806582304E-01
 0.190724752914755E-01
 0.193021932946712E-01
 0.195182170940535E-01
 0.197107947455418E-01
 0.199136398232153E-01
 0.200800581139543E-01
 0.202651136835979E-01
 0.204187372233267E-01
 0.205671105245388E-01
 0.207179502468364E-01
 0.208308484502778E-01
 0.209705543898962E-01
 0.210789378600866E-01
 0.211915465432041E-01
 0.212898618531647E-01
 0.213691075765240E-01
 0.214732209903761E-01
 0.215324330368969E-01
 0.216181797480230E-01
 0.216837407049645E-01
 0.217381656069372E-01
 0.218007722013774E-01
 0.218272311889466E-01
 0.218936057858095E-01
 0.218887593949130E-01
 0.218131176460990E-01
 0.216674483213232E-01
 0.214528502661140E-01
 0.212411737607675E-01
 0.210009658360261E-01
 0.206950137981354E-01
 0.203248751381688E-01
 0.198923837402042E-01
 0.193996394025352E-01
 0.188489779500437E-01
 0.182429243604457E-01
 0.175841401724082E-01
 0.168753813924820E-01
 0.161194793186692E-01
 0.153193462734426E-01
 0.144779982657579E-01
 0.135985824183538E-01
 0.126843982546672E-01
 0.117389050010330E-01
 0.119554791708848E-01
 0.122317713977091E-01
 0.124811687298539E-01
 0.127376656098613E-01
 0.129715470528656E-01
 0.132080164634413E-01
 0.134193656589324E-01
 0.136347865939433E-01
 0.138324204211089E-01
 0.140270488022892E-01
 0.142048468189128E-01
 0.143790513145591E-01
 0.145486624729930E-01
 0.147029820880793E-01
 0.148523878321437E-01
 0.149859074154825E-01
 0.151305442654042E-01
 0.152442377255227E-01
 0.153680092473551E-01
 0.154765789508557E-01
 0.155841040347018E-01
 0.156745293762836E-01
 0.157628537389613E-01
 0.158538629104550E-01
 0.159233393842131E-01
 0.159982498160708E-01
 0.160584609604817E-01
 0.161252694322171E-01
 0.161742703174171E-01
 0.162238297702911E-01
 0.162730137577155E-01
 0.163054253799434E-01
 0.163489517957576E-01
 0.163728337752693E-01
 0.164056395421183E-01
 0.164289355726523E-01
 0.164461670949204E-01
 0.164633084339504E-01
 0.164659403386314E-01
 0.164373995313757E-01
 0.163797334592392E-01
 0.162951167999497E-01
 0.161858633964069E-01
 0.160544197743306E-01
 0.159033425382824E-01
 0.157352669713045E-01
 0.155528731584315E-01
 0.153624460206475E-01
 0.151748342516586E-01
 0.153246445468417E-01
 0.156526576777606E-01
 0.159830786464557E-01
 0.163135000609946E-01
 0.166419421747420E-01
 0.169664058752708E-01
 0.172848619776689E-01
 0.175983328717715E-01
 0.179173007436891E-01
 0.182262070507976E-01
 0.185228627552816E-01
 0.188097224881225E-01
 0.191015749932678E-01
 0.193768425619112E-01
 0.196331887481238E-01
 0.198886050868689E-01
 0.201332006422804E-01
 0.203542879426174E-01
 0.205821915031077E-01
 0.207871847436709E-01
 0.209638273016787E-01
 0.211493129052373E-01
 0.213054987194094E-01
 0.214642079144543E-01
 0.215994381104087E-01
 0.217128758513277E-01
 0.218262814924731E-01
 0.219199608748916E-01
 0.220097696647727E-01
 0.220650012182329E-01
 0.221306645893573E-01
 0.221710965337976E-01
 0.222115028552939E-01
 0.222218833046794E-01
 0.222383321809182E-01
 0.222400665484620E-01
 0.222312576053096E-01
 0.222125593153369E-01
 0.221786531920153E-01
 0.221520969938826E-01
 0.220920424668603E-01
 0.220531670478532E-01
 0.219868466727234E-01
 0.219237976782315E-01
 0.218545414098329E-01
 0.217693297833960E-01
 0.216946108435573E-01
 0.215985649108588E-01
 0.215158891427883E-01
 0.214139976251266E-01
 0.213094856879269E-01
 0.212189714576553E-01
 0.210939468737965E-01
 0.209958778382228E-01
 0.208867704193450E-01
 0.207708683751357E-01
 0.206059276609254E-01
 0.203905464010422E-01
 0.201235379727659E-01
 0.198039114619473E-01
 0.194618970519316E-01
 0.191263472799914E-01
 0.187378143005029E-01
 0.182957303719973E-01
 0.177997336368131E-01
 0.172496601900962E-01
 0.166455484076977E-01
 0.159876553262999E-01
 0.154688332050782E-01
 0.161226591865595E-01
 0.167579070887915E-01
 0.173920795520162E-01
 0.179953153285671E-01
 0.186067768159097E-01
 0.191907497308077E-01
 0.197739937420372E-01
 0.203206561733532E-01
 0.208728633163902E-01
 0.213955514057087E-01
 0.219127509863887E-01
 0.223970399548007E-01
 0.228786497909306E-01
 0.233400280705853E-01
 0.237834087034018E-01
 0.242104860810635E-01
 0.246139919779360E-01
 0.250172171606043E-01
 0.253792624704359E-01
 0.257520175564903E-01
 0.260772260644148E-01
 0.264244750881825E-01
 0.267236196677396E-01
 0.270297473002552E-01
 0.273093273669310E-01
 0.275736937939021E-01
 0.278324111742847E-01
 0.280553669733081E-01
 0.282983401886233E-01
 0.284940078526725E-01
 0.287084677664999E-01
 0.288888513816040E-01
 0.290633852779149E-01
 0.292325299472811E-01
 0.293680996474349E-01
 0.295268913829014E-01
 0.296416493698043E-01
 0.297767054313308E-01
 0.298819509429651E-01
 0.299805889418091E-01
 0.300833386277097E-01
 0.301459709946317E-01
 0.302428815359641E-01
 0.302999018840033E-01
 0.303712253363500E-01
 0.303657122277600E-01
 0.302836551516335E-01
 0.301256430632696E-01
 0.298925287320727E-01
 0.295853996026785E-01
 0.293009658058980E-01
 0.289657512168091E-01
 0.285594555290582E-01
 0.280836112960965E-01
 0.275400348399374E-01
 0.269308251248592E-01
 0.262583483477013E-01
 0.255252111738125E-01
 0.247342273036161E-01
 0.238883840857826E-01
 0.229908172525203E-01
 0.220447998004896E-01
 0.210537448601755E-01
 0.200212155009052E-01
 0.189509315446035E-01
 0.178467660083957E-01
 0.167127288894162E-01
 0.155529401677848E-01
 0.143715964468871E-01
 0.131729376237859E-01
 0.119612207843125E-01
 0.107407055971492E-01
 0.961509661495304E-02
 0.979200575257753E-02
 0.998240793017178E-02
 0.101538494215751E-01
 0.103148575777104E-01
 0.104849789275538E-01
 0.106305248432589E-01
 0.107862438550875E-01
 0.109303866055557E-01
 0.110582764552872E-01
 0.112030064723354E-01
 0.113206036722246E-01
 0.114465904959988E-01
 0.115674775637186E-01
 0.116668864245554E-01
 0.117863539240977E-01
 0.118795468898304E-01
 0.119812874246519E-01
 0.120761886703334E-01
 0.121535717806409E-01
 0.122515917705261E-01
 0.123229487785685E-01
 0.124076105835313E-01
 0.124787815141010E-01
 0.125400043515861E-01
 0.126208972938328E-01
 0.126655364308071E-01
 0.127387675352711E-01
 0.127566672229985E-01
 0.127207825818964E-01
 0.126328602646092E-01
 0.125398231089295E-01
 0.124317579390960E-01
 0.122754669839577E-01
 0.120731206763915E-01
 0.118270204429443E-01
 0.115396282728564E-01
 0.112135999401286E-01
 0.108518089717359E-01
 0.104573521784274E-01
 0.100335314075474E-01
 0.958381191169424E-02
 0.911176584745414E-02
 0.862101585586542E-02
 0.811519328396806E-02
 0.759791823240069E-02
 0.774324647218221E-02
 0.826853818136641E-02
 0.881400603336405E-02
 0.936237889350604E-02
 0.991346056989362E-02
 0.104949831200327E-01
 0.110750422102836E-01
 0.116514163589208E-01
 0.122456076196760E-01
 0.128457241194198E-01
 0.134374873751516E-01
 0.140411022382232E-01
 0.146500437271240E-01
 0.152452781980386E-01
 0.158407211645306E-01
 0.164464769491552E-01
 0.170333110644986E-01
 0.176203690493182E-01
 0.182098200547725E-01
 0.187746681354752E-01
 0.193381624299829E-01
 0.198972258176527E-01
 0.204260291809434E-01
 0.209673869313788E-01
 0.214838891517815E-01
 0.219724471757415E-01
 0.224740382748059E-01
 0.229373317011749E-01
 0.234013153376843E-01
 0.238425560658031E-01
 0.242543544240805E-01
 0.246707555700990E-01
 0.250413444614305E-01
 0.254264136299090E-01
 0.257669381314389E-01
 0.261029637811298E-01
 0.264117097643887E-01
 0.267084158973203E-01
 0.269841732208237E-01
 0.272400535946458E-01
 0.274820588382708E-01
 0.277040335101584E-01
 0.279103564144883E-01
 0.280983208831514E-01
 0.282679714652645E-01
 0.284251154779754E-01
 0.285578168673003E-01
 0.286934402677006E-01
 0.287896474646138E-01
 0.288972855225354E-01
 0.289664578172099E-01
 0.290523526350239E-01
 0.290964039531524E-01
 0.291470565094488E-01
 0.291872529173400E-01
 0.292030844064970E-01
 0.292213969845522E-01
 0.292136081257372E-01
 0.292268101135937E-01
 0.291969015940587E-01
 0.291774830704315E-01
 0.291604352788054E-01
 0.291094860766405E-01
 0.290731060923712E-01
 0.290187526325564E-01
 0.289732993660826E-01
 0.289018957070171E-01
 0.288275937496626E-01
 0.287740270643191E-01
 0.286714718150135E-01
 0.285026103379999E-01
 0.282675741123092E-01
 0.279666455557170E-01
 0.276002610714840E-01
 0.271939437869500E-01
 0.268044904277066E-01
 0.263518437630996E-01
 0.258370842744810E-01
 0.252614703940600E-01
 0.246264622708646E-01
 0.239337567804488E-01
 0.231853202714870E-01
 0.223834026955031E-01
 0.215305218136296E-01
 0.206294191701522E-01
 0.196830033022837E-01
 0.186943010199449E-01
 0.176664312774428E-01
 0.166026034032339E-01
 0.155061307857160E-01
 0.143804472815011E-01
 0.132291155959777E-01
 0.120558214321775E-01
 0.108643524788992E-01
 0.103472723404079E-01
 0.106677407718645E-01
 0.109847287987900E-01
 0.112767110450334E-01
 0.115846079213645E-01
 0.118658796623640E-01
 0.121479108517250E-01
 0.124194288863413E-01
 0.126723595728038E-01
 0.129400208658113E-01
 0.131749862368489E-01
 0.134212800342516E-01
 0.136548511212517E-01
 0.138725876412499E-01
 0.140925671528414E-01
 0.142878773211146E-01
 0.145017010881824E-01
 0.146858760173843E-01
 0.148723571302093E-01
 0.150585462711215E-01
 0.152177205098401E-01
 0.153921225919766E-01
 0.155427904393987E-01
 0.157038743829630E-01
 0.158453347748802E-01
 0.159817622725754E-01
 0.161267979410489E-01
 0.162388005141038E-01
 0.163768332830895E-01
 0.164872223604084E-01
 0.166064160241430E-01
 0.166714788685841E-01
 0.166835555150326E-01
 0.166440451232524E-01
 0.165545932873065E-01
 0.164658807065964E-01
 0.163546979385941E-01
 0.161970828377086E-01
 0.159951361386631E-01
 0.157511261570822E-01
 0.154674650112836E-01
 0.151466860614021E-01
 0.147914260264873E-01
 0.144044127618253E-01
 0.139884572380081E-01
 0.135464468608360E-01
 0.130813366910454E-01
 0.125961352657794E-01
 0.120938834027759E-01
 0.115776280205456E-01
 0.110503969287818E-01
 0.105151814606537E-01
 0.997492994445625E-02
 0.943254839767625E-02
 0.889090014992329E-02
 0.835279681398472E-02
 0.782097861347402E-02
 0.729808884335596E-02
 0.678665129918856E-02
 0.628905900488361E-02
 0.580757784792558E-02
 0.534436163026142E-02
 0.490146845338052E-02
 0.448086564914405E-02
 0.429584539038757E-02
 0.440706753485629E-02
 0.452317634522125E-02
 0.462943614555953E-02
 0.473329938507315E-02
 0.482787569147353E-02
 0.491830263887755E-02
 0.500992935551493E-02
 0.508549214366261E-02
 0.516447188187749E-02
 0.523562261738711E-02
 0.530456922025838E-02
 0.536604724721961E-02
 0.541893019595678E-02
 0.548075861651521E-02
 0.552218571571598E-02
 0.556908404741550E-02
 0.561265534902307E-02
 0.564269569311530E-02
 0.568095787496965E-02
 0.570714039628487E-02
 0.573435822339113E-02
 0.575764122919353E-02
 0.576915109794979E-02
 0.579428443128210E-02
 0.580464245569225E-02
 0.581713832806650E-02
 0.582805820640246E-02
 0.609766813436624E-02
 0.659281345620877E-02
 0.708955353508232E-02
 0.759736182203346E-02
 0.812127727366035E-02
 0.863825477875200E-02
 0.917170407233224E-02
 0.971026505520723E-02
 0.102391907901711E-01
 0.107953047281096E-01
 0.113370054611911E-01
 0.118768533690136E-01
 0.124282306967754E-01
 0.129597813621009E-01
 0.134984062785776E-01
 0.140311532920396E-01
 0.145474014228051E-01
 0.150784826169844E-01
 0.155815450051406E-01
 0.160843312294457E-01
 0.165766343179013E-01
 0.170494922095233E-01
 0.175279776424169E-01
 0.179695142610014E-01
 0.184186957995194E-01
 0.188397484931563E-01
 0.192597017110635E-01
 0.196567179059861E-01
 0.200310791324914E-01
 0.204014133883342E-01
 0.207514670254079E-01
 0.210928602947987E-01
 0.213999943373056E-01
 0.217107372634925E-01
 0.219957526047178E-01
 0.222732160631738E-01
 0.225204795220696E-01
 0.227638881355662E-01
 0.229925592324313E-01
 0.232006008429250E-01
 0.233988209816563E-01
 0.235715606001885E-01
 0.237543127370644E-01
 0.238900023777573E-01
 0.240493394390883E-01
 0.241703718059994E-01
 0.242961218676300E-01
 0.244016969710048E-01
 0.244921338849716E-01
 0.245862435884652E-01
 0.246414732995866E-01
 0.247276925277112E-01
 0.247743054534702E-01
 0.248268975006194E-01
 0.248713513725180E-01
 0.248910615925235E-01
 0.249272885511080E-01
 0.249321799369837E-01
 0.249550441118668E-01
 0.249517524883577E-01
 0.249437913279625E-01
 0.249494487093406E-01
 0.249113873617547E-01
 0.249093697131492E-01
 0.248815149553959E-01
 0.248551008476340E-01
 0.247601347983841E-01
 0.245960644888908E-01
 0.243625876322154E-01
 0.240596675980090E-01
 0.237554906582448E-01
 0.234285888371422E-01
 0.230338142864353E-01
 0.225717241547378E-01
 0.220431497390764E-01
 0.214491979195162E-01
 0.207912488760466E-01
 0.200709530387100E-01
 0.192902278213972E-01
 0.184512511527770E-01
 0.175564477602412E-01
 0.166084672667510E-01
 0.156101585649501E-01
 0.145645484873360E-01
 0.147010756837567E-01
 0.150737853025538E-01
 0.154622361547285E-01
 0.158141274536768E-01
 0.161649892217574E-01
 0.165051519433070E-01
 0.168162201746458E-01
 0.171362005267037E-01
 0.174203155117344E-01
 0.177175872001399E-01
 0.179862242531994E-01
 0.182435700749934E-01
 0.185025340170320E-01
 0.187187940288601E-01
 0.189652470031342E-01
 0.191723047215736E-01
 0.193785484620321E-01
 0.195769035591462E-01
 0.197432816258688E-01
 0.199354365733159E-01
 0.200876563588011E-01
 0.202507202329699E-01
 0.203978098449046E-01
 0.205232472875254E-01
 0.206693275109971E-01
 0.207721165059570E-01
 0.209007829212748E-01
 0.210044002320449E-01
 0.210977893443168E-01
 0.212011871064468E-01
 0.212623985848315E-01
 0.213659262198149E-01
 0.214291547947560E-01
 0.215005631795005E-01
 0.215669432360352E-01
 0.216070185483945E-01
 0.215688308818511E-01
 0.214526843857499E-01
 0.212591906879111E-01
 0.210718692401619E-01
 0.208492019266063E-01
 0.205517595910659E-01
 0.201807431621493E-01
 0.197376342669877E-01
 0.192241866758468E-01
 0.186424136595028E-01
 0.179945759083115E-01
 0.172831734738025E-01
 0.165109418166202E-01
 0.156808481467580E-01
 0.157438018319276E-01
 0.161171996880919E-01
 0.164921268969513E-01
 0.168385942669140E-01
 0.171834014661421E-01
 0.175002309338286E-01
 0.178196916399283E-01
 0.181061708228155E-01
 0.183991360576280E-01
 0.186546186182304E-01
 0.189239783597040E-01
 0.191497677845288E-01
 0.193913203974133E-01
 0.195952913482143E-01
 0.198039639265421E-01
 0.199904108389288E-01
 0.201663714382380E-01
 0.203335278813489E-01
 0.204766117813188E-01
 0.206331829595914E-01
 0.207489283839511E-01
 0.208839941370997E-01
 0.209931107948581E-01
 0.210968295172894E-01
 0.211917388939741E-01
 0.212639696312496E-01
 0.213574416543474E-01
 0.214112575755545E-01
 0.214806488844073E-01
 0.215349790069448E-01
 0.215744605513843E-01
 0.216202562641733E-01
 0.216370262468606E-01
 0.216787911933600E-01
 0.216925296716020E-01
 0.217073738618854E-01
 0.217226299853652E-01
 0.217117195000875E-01
 0.217303094737012E-01
 0.217145557448451E-01
 0.217135427709608E-01
 0.216534173072932E-01
 0.215356885645748E-01
 0.213620803152886E-01
 0.211345213234079E-01
 0.208589131130307E-01
 0.206114300637113E-01
 0.203138354586845E-01
 0.199685204048488E-01
 0.195780372932208E-01
 0.191450833290200E-01
 0.186724846982928E-01
 0.181631822175737E-01
 0.176202201921039E-01
 0.170467395865779E-01
 0.164459742824058E-01
 0.158212468341038E-01
 0.151759598377063E-01
 0.145135810816904E-01
 0.138376231889293E-01
 0.131516194948258E-01
 0.124590975034667E-01
 0.117635511674141E-01
 0.110684144378498E-01
 0.103770397714895E-01
 0.969268445976502E-02
 0.901850451061796E-02
 0.835755262703799E-02
 0.806780959212846E-02
 0.829914367574637E-02
 0.852121129508762E-02
 0.875285624784845E-02
 0.897281750224439E-02
 0.918267174858062E-02
 0.940071120616551E-02
 0.960297716683165E-02
 0.978834230670827E-02
 0.998309862393321E-02
 0.101580439813758E-01
 0.103336438636714E-01
 0.104964378286657E-01
 0.106350717003387E-01
 0.107826373864868E-01
 0.109045032818812E-01
 0.110356451439890E-01
 0.111382545816089E-01
 0.112397108442025E-01
 0.113238742930395E-01
 0.114104991044270E-01
 0.114726983436173E-01
 0.115337689881370E-01
 0.115751387428730E-01
 0.116258155533103E-01
 0.116448921474652E-01
 0.116769922472012E-01
 0.116867757868070E-01
 0.116958969218833E-01
 0.116925627522035E-01
 0.116795633076926E-01
 0.116712350553630E-01
 0.116391919449710E-01
 0.116221570382192E-01
 0.115870943255227E-01
 0.115483586587498E-01
 0.115138812689741E-01
 0.114546809502429E-01
 0.114154242915321E-01
 0.113617806852321E-01
 0.113025909973947E-01
 0.112437424047710E-01
 0.111738911099625E-01
 0.111184072252690E-01
 0.110411192896162E-01
 0.109665941251847E-01
 0.109081769183936E-01
 0.108157121972607E-01
 0.107490625255799E-01
 0.106774065338449E-01
 0.105946475004440E-01
 0.105143969997654E-01
 0.104305834257164E-01
 0.103604691694194E-01
 0.102458203104710E-01
 0.100859121344340E-01
 0.988533620725205E-02
 0.980192890883478E-02
 0.102725375788458E-01
 0.107309131986251E-01
 0.111804635811593E-01
 0.116255557628695E-01
 0.120662944489863E-01
 0.124957251586350E-01
 0.129091658956026E-01
 0.133194275124994E-01
 0.137234805470536E-01
 0.141127859039809E-01
 0.144873623513068E-01
 0.148525845088325E-01
 0.152144134523155E-01
 0.155529852306343E-01
 0.158824725748951E-01
 0.161923946458083E-01
 0.165099667925556E-01
 0.167902428162397E-01
 0.170791513903683E-01
 0.173383224678306E-01
 0.176067889943806E-01
 0.178407957137694E-01
 0.180790746160672E-01
 0.183013308759671E-01
 0.185080673902307E-01
 0.187107708977693E-01
 0.188858547674634E-01
 0.190770261854560E-01
 0.192313066795140E-01
 0.193981285454658E-01
 0.195410480080258E-01
 0.196771383608427E-01
 0.198121542203812E-01
 0.199187983604557E-01
 0.200440254316386E-01
 0.201399422447190E-01
 0.202446021492750E-01
 0.203296336722188E-01
 0.204062379103823E-01
 0.204936618130261E-01
 0.205425369750213E-01
 0.206202639437374E-01
 0.206725230317913E-01
 0.207259618850927E-01
 0.207698644767819E-01
 0.207983062309603E-01
 0.208495654207774E-01
 0.208535515208027E-01
 0.207997848675695E-01
 0.206884253672130E-01
 0.205198572089377E-01
 0.202947193513104E-01
 0.200982775755549E-01
 0.198517193101644E-01
 0.195511191903188E-01
 0.191976953954821E-01
 0.187928620456655E-01
 0.183382312664043E-01
 0.178356148467114E-01
 0.172870236008164E-01
 0.166946640915024E-01
 0.160609320185503E-01
 0.153884000189406E-01
 0.146797975605265E-01
 0.139379837280098E-01
 0.131659183726189E-01
 0.123666394451800E-01
 0.115432518116148E-01
 0.106989267673262E-01
 0.983690591480192E-02
 0.896050145801531E-02
 0.807308757037359E-02
 0.717808197320580E-02
 0.728576111881138E-02
 0.742785843315298E-02
 0.755607579642854E-02
 0.767626879050145E-02
 0.780460860899105E-02
 0.791259522402876E-02
 0.802853728837318E-02
 0.813713325798612E-02
 0.823215682033326E-02
 0.833984994366520E-02
 0.842902965140929E-02
 0.852337623045460E-02
 0.861483718862694E-02
 0.868911613551030E-02
 0.877883724506568E-02
 0.885060945664216E-02
 0.892644201885603E-02
 0.899726190586340E-02
 0.905424869476447E-02
 0.912938848373820E-02
 0.918018000096740E-02
 0.924249097143065E-02
 0.929795756347929E-02
 0.934292720801631E-02
 0.940000798352248E-02
 0.943579750239942E-02
 0.949007488878693E-02
 0.950287113578414E-02
 0.947553706352586E-02
 0.940961777161224E-02
 0.934435733426246E-02
 0.926354781205339E-02
 0.914715509364694E-02
 0.899719469056181E-02
 0.881583864471617E-02
 0.860539587107739E-02
 0.836830725122555E-02
 0.810715279424653E-02
 0.809668241879986E-02
 0.864015602402199E-02
 0.920503644005209E-02
 0.978040072388171E-02
 0.103645389237925E-01
 0.109649071108568E-01
 0.115910186262487E-01
 0.122228980711283E-01
 0.128583743058927E-01
 0.135124260867953E-01
 0.141802839803183E-01
 0.148466629638741E-01
 0.155093038740979E-01
 0.161964693155795E-01
 0.168845016399308E-01
 0.175633986563296E-01
 0.182443839397718E-01
 0.189409340490983E-01
 0.196218539136734E-01
 0.202843355392768E-01
 0.209732391058020E-01
 0.216404681838506E-01
 0.222834502543750E-01
 0.229429701675144E-01
 0.235832311788156E-01
 0.241933454981370E-01
 0.248222107462565E-01
 0.254227575883351E-01
 0.259913007793093E-01
 0.265766682400423E-01
 0.271222377667036E-01
 0.276550777903865E-01
 0.281794030607945E-01
 0.286581030598112E-01
 0.291451323921851E-01
 0.295947338210199E-01
 0.300321688760421E-01
 0.304509475897022E-01
 0.308271880769000E-01
 0.312110457661030E-01
 0.315405632973968E-01
 0.318884349179373E-01
 0.321765130124019E-01
 0.324749527195536E-01
 0.327230696018636E-01
 0.329829478804585E-01
 0.331891857670892E-01
 0.334063278361026E-01
 0.335700571649356E-01
 0.337539364520609E-01
 0.338770849901772E-01
 0.340243898544615E-01
 0.341220167898789E-01
 0.342278774349421E-01
 0.343028285776321E-01
 0.343680211072445E-01
 0.344215472705074E-01
 0.344457523271240E-01
 0.344891383336565E-01
 0.344789278993999E-01
 0.344982289321340E-01
 0.344846592795676E-01
 0.344652739673763E-01
 0.344353005699579E-01
 0.343776492410197E-01
 0.343530930700367E-01
 0.342758229177937E-01
 0.342223150187140E-01
 0.341556285774525E-01
 0.340674978653840E-01
 0.339911484865651E-01
 0.338853053738484E-01
 0.338088007833788E-01
 0.336548485455747E-01
 0.334226735535602E-01
 0.331117824303739E-01
 0.327219565860624E-01
 0.322532484911094E-01
 0.317840492742349E-01
 0.312898054691374E-01
 0.307187413862408E-01
 0.300715139205513E-01
 0.293490357725007E-01
 0.285525062930810E-01
 0.276834406786829E-01
 0.267436842140355E-01
 0.257353987523901E-01
 0.246610244686892E-01
 0.235232334245089E-01
 0.223248928102305E-01
 0.210690470835846E-01
 0.197589169670247E-01
 0.183979069373047E-01
 0.179735668801532E-01
 0.185461628164768E-01
 0.191321395194778E-01
 0.196734337002816E-01
 0.202332450408366E-01
 0.207412268512462E-01
 0.212611033230792E-01
 0.217490326915479E-01
 0.222275843884286E-01
 0.226863283856016E-01
 0.231217602353040E-01
 0.235553795785817E-01
 0.239456299510106E-01
 0.243525694526598E-01
 0.247075590456471E-01
 0.250781248513348E-01
 0.254093636125572E-01
 0.257340743297814E-01
 0.260400345382902E-01
 0.263177840685624E-01
 0.266055496825612E-01
 0.268382449449350E-01
 0.270987676644869E-01
 0.273160859755022E-01
 0.275305312514151E-01
 0.277233862190831E-01
 0.278918142849303E-01
 0.280727945003988E-01
 0.282001124202158E-01
 0.283574180818980E-01
 0.284746243571195E-01
 0.285874982809219E-01
 0.286866773451338E-01
 0.287561712923040E-01
 0.288438164078001E-01
 0.288826135959563E-01
 0.289461170091160E-01
 0.289725522333074E-01
 0.289948173810797E-01
 0.289392392852717E-01
 0.288075122279482E-01
 0.286015207677432E-01
 0.283233418427286E-01
 0.279752800282686E-01
 0.276439428640356E-01
 0.272648062806931E-01
 0.268213758400442E-01
 0.263166565217358E-01
 0.257538815544489E-01
 0.251365050918784E-01
 0.244681816209917E-01
 0.237527330199645E-01
 0.229941066727307E-01
 0.221963304540248E-01
 0.213634731533502E-01
 0.204996198227887E-01
 0.196088675622597E-01
 0.186953381723757E-01
 0.177631942671007E-01
 0.168166413503822E-01
 0.158599037646192E-01
 0.148971750619665E-01
 0.139325561861286E-01
 0.129700007044778E-01
 0.120132824070054E-01
 0.110659897510073E-01
 0.101315400195761E-01
 0.921319918002710E-02
 0.831409335972474E-02
 0.743720306479691E-02
 0.658533850690545E-02
 0.576110100200096E-02
 0.496684020153836E-02
 0.420461948278448E-02
 0.347620124105992E-02
 0.316860644195103E-02
 0.320209554968330E-02
 0.324178621412400E-02
 0.326534856661687E-02
 0.329455532175378E-02
 0.332113338348037E-02
 0.333586789488984E-02
 0.335769132060321E-02
 0.337021213296982E-02
 0.338214795559589E-02
 0.339307903236391E-02
 0.339318198088494E-02
 0.340310709663596E-02
 0.340282657197525E-02
 0.340239699575884E-02
 0.339863193178363E-02
 0.338684636843844E-02
 0.338644410156006E-02
 0.336720769630274E-02
 0.335632589531630E-02
 0.332526142602186E-02
 0.327610077529724E-02
 0.321556404526243E-02
 0.337471197055046E-02
 0.353790347577744E-02
 0.369797912044896E-02
 0.386317800347606E-02
 0.402384962551146E-02
 0.417903574264716E-02
 0.432898713946233E-02
 0.448117096396521E-02
 0.462578016371412E-02
 0.476199815442263E-02
 0.489544637449527E-02
 0.502460673704528E-02
 0.514341564300413E-02
 0.525201045747646E-02
 0.536071492581233E-02
 0.545717558387054E-02
 0.554076780966771E-02
 0.562333640484773E-02
 0.569328615746404E-02
 0.574927610743816E-02
 0.580165621556625E-02
 0.584317129985957E-02
 0.587135661342877E-02
 0.589801341737792E-02
 0.590985759236847E-02
 0.590987192194916E-02
 0.590598595239079E-02
 0.588712868690207E-02
 0.586553856994106E-02
 0.583176438291344E-02
 0.578710844034669E-02
 0.573892213008319E-02
 0.567776860008046E-02
 0.561610717441619E-02
 0.554077897627911E-02
 0.546241524100693E-02
 0.537570433207321E-02
 0.528716844578873E-02
 0.518999279987863E-02
 0.508839622474767E-02
 0.498217804520981E-02
 0.487457410080640E-02
 0.476060093221648E-02
 0.464480043279399E-02
 0.452469000992677E-02
 0.440627207187450E-02
 0.428108960803550E-02
 0.415881469275123E-02
 0.403169879318639E-02
 0.390792113838166E-02
 0.378040157188904E-02
 0.365474621040528E-02
 0.352861295126191E-02
 0.340218931927577E-02
 0.327879373529565E-02
 0.315289579872429E-02
 0.303251970915118E-02
 0.291137568309037E-02
 0.279296920243745E-02
 0.267541621469098E-02
 0.255943871510088E-02
 0.244872225230527E-02
 0.233622727272045E-02
 0.222939638946523E-02
 0.212451740243064E-02
 0.202144765336358E-02
 0.192135786100428E-02
 0.182339211194773E-02
 0.173030507631385E-02
 0.163625247072746E-02
 0.154178852428095E-02
 0.144745055654234E-02
 0.135375307693531E-02
 0.126118203481574E-02
 0.117444317783471E-02
 0.108997052820798E-02
 0.100730871057114E-02
 0.926826424117299E-03
 0.848860784054044E-03
 0.773714227775646E-03
 0.701651851874340E-03
 0.632899562122863E-03
 0.567643255828864E-03
 0.506029037021311E-03
 0.448164253944124E-03
 0.394119031315080E-03
 0.343927999901017E-03
 0.297592077030252E-03
 0.255080324515566E-03
 0.216331996882400E-03
 0.181258852519906E-03
 0.152312332005832E-03
 0.142520810060418E-03
 0.133130348028077E-03
 0.123806719924161E-03
 0.114457003974911E-03
 0.105524085592355E-03
 0.967656489349871E-04
 0.883632638132355E-04
 0.802790644150860E-04
 0.724901266832452E-04
 0.653002644995855E-04
 0.583636932453323E-04
 0.519072953289134E-04
 0.459176271537950E-04
 0.402668630067569E-04
 0.351711919580149E-04
 0.304385833467215E-04
 0.261499391771028E-04
 0.222814647726233E-04
 0.187777906384134E-04
 0.157090320441465E-04
 0.129694833625915E-04
 0.105889799761534E-04
 0.852682651300792E-05
 0.675560860065701E-05
 0.527257446427466E-05
 0.402610581202556E-05
 0.301261016570686E-05
 0.219390919134398E-05
 0.154909847385803E-05
 0.104970760956992E-05
 0.677124643264615E-06
 0.411819676228741E-06
 0.233375903073105E-06
 0.119605587902976E-06
 0.533293368056716E-07
 0.193223132870702E-07
 0.495435526593243E-08
 0.631633202861313E-09
 0.806221683031185E-11
 0.000000000000000E+00
 0.000000000000000E+00
 0.000000000000000E+00
 0.000000000000000E+00
 0.000000000000000E+00
 0.000000000000000E+00
 0.000000000000000E+00
 0.000000000000000E+00
 0.000000000000000E+00
 0.000000000000000E+00
 0.000000000000000E+00
 0.000000000000000E+00
 0.000000000000000E+00
 0.000000000000000E+00
 0.000000000000000E+00
 0.000000000000000E+00
 0.000000000000000E+00
 0.000000000000000E+00
 0.000000000000000E+00
 0.000000000000000E+00
 0.000000000000000E+00
 0.000000000000000E+00
 0.000000000000000E+00
 0.000000000000000E+00
 0.000000000000000E+00
 0.000000000000000E+00
 0.000000000000000E+00
 0.000000000000000E+00
 0.000000000000000E+00
 0.000000000000000E+00
 0.000000000000000E+00
 0.000000000000000E+00
 0.000000000000000E+00
 0.000000000000000E+00
 0.000000000000000E+00
 0.000000000000000E+00
 0.000000000000000E+00
 0.000000000000000E+00
 0.000000000000000E+00
 0.000000000000000E+00
 0.000000000000000E+00
 0.000000000000000E+00
 0.000000000000000E+00
 0.000000000000000E+00
 0.000000000000000E+00
 0.000000000000000E+00
 0.000000000000000E+00
 0.000000000000000E+00
 0.000000000000000E+00
 0.000000000000000E+00
 0.000000000000000E+00
 0.000000000000000E+00
 0.000000000000000E+00
 0.000000000000000E+00
 0.000000000000000E+00
 0.000000000000000E+00
 0.000000000000000E+00
 0.000000000000000E+00
 0.000000000000000E+00
 0.000000000000000E+00
 0.000000000000000E+00
 0.000000000000000E+00
 0.000000000000000E+00
 0.000000000000000E+00
 0.000000000000000E+00
 0.000000000000000E+00
 0.000000000000000E+00
 0.000000000000000E+00
 0.000000000000000E+00
 0.000000000000000E+00
 0.000000000000000E+00
 0.000000000000000E+00
 0.000000000000000E+00
 0.000000000000000E+00
 0.000000000000000E+00
 0.000000000000000E+00
 0.000000000000000E+00
 0.000000000000000E+00
 0.000000000000000E+00
 0.000000000000000E+00
 0.000000000000000E+00
 0.000000000000000E+00
 0.000000000000000E+00
 0.000000000000000E+00
 0.000000000000000E+00
 0.000000000000000E+00
 0.000000000000000E+00
 0.000000000000000E+00
 0.000000000000000E+00
 0.000000000000000E+00
 0.000000000000000E+00
 0.000000000000000E+00
 0.000000000000000E+00
 0.000000000000000E+00
 0.000000000000000E+00
 0.000000000000000E+00
 0.000000000000000E+00
 0.000000000000000E+00
 0.000000000000000E+00
 0.000000000000000E+00
 0.000000000000000E+00
 0.000000000000000E+00
 0.000000000000000E+00
 0.000000000000000E+00
 0.000000000000000E+00
 0.000000000000000E+00
 0.000000000000000E+00
 0.000000000000000E+00
 0.000000000000000E+00
 0.000000000000000E+00
 0.000000000000000E+00
 0.000000000000000E+00
 0.000000000000000E+00
 0.000000000000000E+00
 0.000000000000000E+00
 0.000000000000000E+00
 0.000000000000000E+00
 0.000000000000000E+00
 0.000000000000000E+00
 0.000000000000000E+00
 0.000000000000000E+00
 0.000000000000000E+00
 0.000000000000000E+00
 0.000000000000000E+00
 0.000000000000000E+00
 0.000000000000000E+00
 0.000000000000000E+00
 0.000000000000000E+00
 0.000000000000000E+00
 0.000000000000000E+00
 0.000000000000000E+00
 0.000000000000000E+00
 0.000000000000000E+00
 0.000000000000000E+00
 0.000000000000000E+00
 0.000000000000000E+00
 0.000000000000000E+00
 0.000000000000000E+00
 0.000000000000000E+00
 0.000000000000000E+00
 0.000000000000000E+00
 0.000000000000000E+00
 0.000000000000000E+00
 0.000000000000000E+00
 0.000000000000000E+00
 0.000000000000000E+00
 0.000000000000000E+00
 0.000000000000000E+00
 0.000000000000000E+00
 0.000000000000000E+00
 0.000000000000000E+00
 0.000000000000000E+00
 0.000000000000000E+00
 0.000000000000000E+00
 0.000000000000000E+00
 0.000000000000000E+00
 0.000000000000000E+00
 0.000000000000000E+00
 0.000000000000000E+00
 0.000000000000000E+00
 0.000000000000000E+00
 0.000000000000000E+00
 0.000000000000000E+00
 0.000000000000000E+00
 0.000000000000000E+00
 0.000000000000000E+00
 0.000000000000000E+00
 0.000000000000000E+00
 0.000000000000000E+00
 0.000000000000000E+00
 0.000000000000000E+00
 0.000000000000000E+00
 0.000000000000000E+00
 0.000000000000000E+00
 0.000000000000000E+00
 0.000000000000000E+00
 0.000000000000000E+00
 0.000000000000000E+00
 0.000000000000000E+00
 0.000000000000000E+00
 0.000000000000000E+00
 0.000000000000000E+00
 0.000000000000000E+00
 0.000000000000000E+00
 0.000000000000000E+00
 0.000000000000000E+00
 0.000000000000000E+00
 0.000000000000000E+00
 0.000000000000000E+00
 0.000000000000000E+00
 0.000000000000000E+00
 0.000000000000000E+00
 0.000000000000000E+00
 0.000000000000000E+00
 0.000000000000000E+00
 0.000000000000000E+00
 0.000000000000000E+00
 0.000000000000000E+00
 0.000000000000000E+00
 0.000000000000000E+00
 0.000000000000000E+00
 0.000000000000000E+00
 0.000000000000000E+00
 0.000000000000000E+00
 0.000000000000000E+00
 0.000000000000000E+00
 0.000000000000000E+00
 0.000000000000000E+00
 0.000000000000000E+00
 0.000000000000000E+00
 0.000000000000000E+00
 0.000000000000000E+00
 0.000000000000000E+00
 0.000000000000000E+00
 0.000000000000000E+00
 0.000000000000000E+00
 0.000000000000000E+00
 0.000000000000000E+00
 0.000000000000000E+00
 0.000000000000000E+00
 0.000000000000000E+00
 0.000000000000000E+00
 0.000000000000000E+00
 0.000000000000000E+00
 0.000000000000000E+00
 0.000000000000000E+00
 0.000000000000000E+00
 0.000000000000000E+00
 0.000000000000000E+00
 0.000000000000000E+00
 0.000000000000000E+00
 0.000000000000000E+00
 0.000000000000000E+00
 0.000000000000000E+00
 0.000000000000000E+00
 0.000000000000000E+00
 0.000000000000000E+00
 0.000000000000000E+00
 0.000000000000000E+00
 0.000000000000000E+00
 0.000000000000000E+00
 0.000000000000000E+00
 0.000000000000000E+00
 0.000000000000000E+00
 0.000000000000000E+00
 0.000000000000000E+00
 0.000000000000000E+00
 0.000000000000000E+00
 0.000000000000000E+00
 0.000000000000000E+00
 0.000000000000000E+00
 0.000000000000000E+00
 0.000000000000000E+00
 0.000000000000000E+00
 0.000000000000000E+00
 0.000000000000000E+00
 0.000000000000000E+00
 0.000000000000000E+00
 0.000000000000000E+00
 0.000000000000000E+00
 0.000000000000000E+00
 0.000000000000000E+00
 0.000000000000000E+00
 0.000000000000000E+00
 0.000000000000000E+00
 0.000000000000000E+00
 0.000000000000000E+00
 0.000000000000000E+00
 0.000000000000000E+00
 0.000000000000000E+00
 0.000000000000000E+00
 0.000000000000000E+00
 0.000000000000000E+00
 0.000000000000000E+00
 0.000000000000000E+00
 0.000000000000000E+00
 0.000000000000000E+00
 0.000000000000000E+00
 0.000000000000000E+00
 0.000000000000000E+00
 0.000000000000000E+00
 0.000000000000000E+00
 0.000000000000000E+00
 0.000000000000000E+00
 0.000000000000000E+00
 0.000000000000000E+00
 0.000000000000000E+00
 0.000000000000000E+00
 0.000000000000000E+00
 0.000000000000000E+00
 0.000000000000000E+00
 0.000000000000000E+00
 0.000000000000000E+00
 0.000000000000000E+00
 0.000000000000000E+00
 0.000000000000000E+00
 0.000000000000000E+00
 0.000000000000000E+00
 0.000000000000000E+00
 0.000000000000000E+00
 0.000000000000000E+00
 0.000000000000000E+00
 0.000000000000000E+00
 0.000000000000000E+00
 0.000000000000000E+00
 0.000000000000000E+00
 0.000000000000000E+00
 0.000000000000000E+00
 0.000000000000000E+00
 0.000000000000000E+00
 0.000000000000000E+00
 0.000000000000000E+00
 0.000000000000000E+00
 0.000000000000000E+00
 0.000000000000000E+00
 0.000000000000000E+00
 0.000000000000000E+00
 0.000000000000000E+00
 0.000000000000000E+00
 0.000000000000000E+00
 0.000000000000000E+00
 0.000000000000000E+00
 0.000000000000000E+00
 0.000000000000000E+00
 0.000000000000000E+00
 0.000000000000000E+00
 0.000000000000000E+00
 0.000000000000000E+00
 0.000000000000000E+00
 0.000000000000000E+00
 0.000000000000000E+00
 0.000000000000000E+00
 0.000000000000000E+00
 0.000000000000000E+00
 0.000000000000000E+00
 0.000000000000000E+00
 0.000000000000000E+00
 0.000000000000000E+00
 0.000000000000000E+00
 0.000000000000000E+00
 0.000000000000000E+00
 0.000000000000000E+00
 0.000000000000000E+00
 0.000000000000000E+00
 0.000000000000000E+00
 0.000000000000000E+00
 0.000000000000000E+00
 0.000000000000000E+00
