 0.512882302961721E-11
 0.421736426433174E-09
 0.330631092577551E-08
 0.128740296141620E-07
 0.356165367311565E-07
 0.803971906975875E-07
 0.158237895590219E-06
 0.283416725420838E-06
 0.471112406764670E-06
 0.739974699701922E-06
 0.111234442048430E-05
 0.160685364642206E-05
 0.225580152231984E-05
 0.308012697733811E-05
 0.410958309010594E-05
 0.538356712582691E-05
 0.691475003776597E-05
 0.877031378628130E-05
 0.109550892064091E-04
 0.135186903690357E-04
 0.165104177140773E-04
 0.199191683203231E-04
 0.238934388914929E-04
 0.283451658498692E-04
 0.334129033082092E-04
 0.391024229516552E-04
 0.454068992298485E-04
 0.521629039422945E-04
 0.593087787715064E-04
 0.670452105112247E-04
 0.753451065765578E-04
 0.838870139929332E-04
 0.925478475559588E-04
 0.101184484353559E-03
 0.109633811149036E-03
 0.120136487395748E-03
 0.135440613807908E-03
 0.151762497573479E-03
 0.169698710872411E-03
 0.188576104520988E-03
 0.209154983179036E-03
 0.230913869992599E-03
 0.254190899816158E-03
 0.278773344631238E-03
 0.304727537565219E-03
 0.332494855479232E-03
 0.361068515635523E-03
 0.391882801469243E-03
 0.423682883295103E-03
 0.457167342456040E-03
 0.492096274044255E-03
 0.528010319044676E-03
 0.566403432520114E-03
 0.605295283255882E-03
 0.646241439515141E-03
 0.688565185346594E-03
 0.731551456674761E-03
 0.777301189949193E-03
 0.823234514998913E-03
 0.871266975273178E-03
 0.920696137401704E-03
 0.970231996336988E-03
 0.102309082970621E-02
 0.107567688926509E-02
 0.113030215980695E-02
 0.118621758000238E-02
 0.124167869238822E-02
 0.130132885740385E-02
 0.135966529351213E-02
 0.142033921322668E-02
 0.148227096826551E-02
 0.154308760395865E-02
 0.160855552581697E-02
 0.167181280687515E-02
 0.173811113180200E-02
 0.179769896874306E-02
 0.184965109814917E-02
 0.189305326471606E-02
 0.194106449869113E-02
 0.197990374493895E-02
 0.200845513397882E-02
 0.202585535241018E-02
 0.203128215113894E-02
 0.202395806463517E-02
 0.200315700740098E-02
 0.196821576973304E-02
 0.191854872827231E-02
 0.185366136727961E-02
 0.177315853187366E-02
 0.181531649329364E-02
 0.191277028668761E-02
 0.201743533258361E-02
 0.212116052918938E-02
 0.222479633621028E-02
 0.233448091963529E-02
 0.244045843173895E-02
 0.255134067957749E-02
 0.266365087652177E-02
 0.277153918471916E-02
 0.288855576047504E-02
 0.300175919660464E-02
 0.311653150250494E-02
 0.323314206421748E-02
 0.334536065610045E-02
 0.346760132223419E-02
 0.358185170046502E-02
 0.369867930761455E-02
 0.382152815277138E-02
 0.393197682166666E-02
 0.405601180778001E-02
 0.417470632966289E-02
 0.429281436116545E-02
 0.441156880172722E-02
 0.452354404702726E-02
 0.465051678377766E-02
 0.476177807225215E-02
 0.496519150575009E-02
 0.528796088187698E-02
 0.560952528392090E-02
 0.593679140964784E-02
 0.627111618945002E-02
 0.660365848913779E-02
 0.694786777226741E-02
 0.728084136232634E-02
 0.762952424898843E-02
 0.796633057370766E-02
 0.831539900322819E-02
 0.865261442327513E-02
 0.899436732238841E-02
 0.932860339721098E-02
 0.966731782459993E-02
 0.999501763259645E-02
 0.103233105463079E-01
 0.106411640773446E-01
 0.109642516590598E-01
 0.112688618150578E-01
 0.115800789111883E-01
 0.118686042547448E-01
 0.121730040566366E-01
 0.124492167041456E-01
 0.127353109704053E-01
 0.130037573789734E-01
 0.132682662424854E-01
 0.135267977318678E-01
 0.137676478575511E-01
 0.140174457422013E-01
 0.142409077956153E-01
 0.144755339442747E-01
 0.146891325952864E-01
 0.148966420699284E-01
 0.151067496212250E-01
 0.152859810977066E-01
 0.154856555524482E-01
 0.156621145515774E-01
 0.158355910246769E-01
 0.160007431684761E-01
 0.161444074427171E-01
 0.163133681588831E-01
 0.164438602650983E-01
 0.165847476800211E-01
 0.167213537795005E-01
 0.168324253351777E-01
 0.169581723971758E-01
 0.170613921534463E-01
 0.171735998691758E-01
 0.172666757419508E-01
 0.173500001932456E-01
 0.174520325719807E-01
 0.175059438225894E-01
 0.174956848920489E-01
 0.174202561350959E-01
 0.172789129048246E-01
 0.171601945925334E-01
 0.169874322250287E-01
 0.167490376015888E-01
 0.164450718943210E-01
 0.160759280767700E-01
 0.156423412311854E-01
 0.151453637413086E-01
 0.145863257417073E-01
 0.139668151113549E-01
 0.132886927588948E-01
 0.130178061659025E-01
 0.134564275546304E-01
 0.138582106062841E-01
 0.142751819386250E-01
 0.146586964760668E-01
 0.150512216147481E-01
 0.154122113755698E-01
 0.157731071901025E-01
 0.161189104166238E-01
 0.164454911278985E-01
 0.167708343488910E-01
 0.170618880430572E-01
 0.173709967969583E-01
 0.176405828158261E-01
 0.179170223620116E-01
 0.181700120551371E-01
 0.184088143642798E-01
 0.186490427017266E-01
 0.188501725131630E-01
 0.190740172749963E-01
 0.192637373613825E-01
 0.194535256651963E-01
 0.196269657161917E-01
 0.197796032150972E-01
 0.199500467404374E-01
 0.200752682937205E-01
 0.202219123711124E-01
 0.203473983659457E-01
 0.204591224272834E-01
 0.205715884384984E-01
 0.206531366797961E-01
 0.207650228614230E-01
 0.208361860633644E-01
 0.209159885245814E-01
 0.209912140353033E-01
 0.210394176665846E-01
 0.211095086538494E-01
 0.211446570982095E-01
 0.212015592167645E-01
 0.211901791018126E-01
 0.211111003580436E-01
 0.209651613468783E-01
 0.207534179346137E-01
 0.205539422958554E-01
 0.203163994894413E-01
 0.200161881926411E-01
 0.196548907608776E-01
 0.192342766313763E-01
 0.187563421520120E-01
 0.182233305553649E-01
 0.176377075853630E-01
 0.170021064182837E-01
 0.163192794632936E-01
 0.155920848023706E-01
 0.148235027601718E-01
 0.140166529958955E-01
 0.131747852754360E-01
 0.123012428113434E-01
 0.113994218264961E-01
 0.106386699251600E-01
 0.108877327797344E-01
 0.111190522534324E-01
 0.113503257177809E-01
 0.115664411032923E-01
 0.117799430560559E-01
 0.119788936391086E-01
 0.121738362832331E-01
 0.123608459292722E-01
 0.125374454428110E-01
 0.127062517325443E-01
 0.128640424382683E-01
 0.130248769481925E-01
 0.131643329327615E-01
 0.133063899436992E-01
 0.134322359205504E-01
 0.135652045817421E-01
 0.136725572804431E-01
 0.137876056476098E-01
 0.138936250235001E-01
 0.139911334373951E-01
 0.140799545390584E-01
 0.141604604146657E-01
 0.142498608672133E-01
 0.143137158588543E-01
 0.143884401452515E-01
 0.144512215011683E-01
 0.145120408747428E-01
 0.145636803103229E-01
 0.146093831364937E-01
 0.146609318335830E-01
 0.146918531043747E-01
 0.147371276941105E-01
 0.147660788132485E-01
 0.147966251297172E-01
 0.148250573674791E-01
 0.148425019485660E-01
 0.148648013263185E-01
 0.148686700407815E-01
 0.148459064532764E-01
 0.147986886606300E-01
 0.147292978990334E-01
 0.146401047732117E-01
 0.145335425219056E-01
 0.145938586898593E-01
 0.149606718070723E-01
 0.153344885784958E-01
 0.157136166333950E-01
 0.160962539055017E-01
 0.164805003020990E-01
 0.168643771980124E-01
 0.172458446552196E-01
 0.176320215314547E-01
 0.180203328961989E-01
 0.184021456117356E-01
 0.187752423294389E-01
 0.191374051817174E-01
 0.195053580064563E-01
 0.198651403461085E-01
 0.202093997859403E-01
 0.205410103410932E-01
 0.208784761378178E-01
 0.211957527279981E-01
 0.214904596534325E-01
 0.217891092146455E-01
 0.220694996278186E-01
 0.223271225847388E-01
 0.225914578322319E-01
 0.228260768468514E-01
 0.230426520873865E-01
 0.232568422629458E-01
 0.234400808147352E-01
 0.236324080025942E-01
 0.237882779085134E-01
 0.239373346727970E-01
 0.240679087173730E-01
 0.241921169280990E-01
 0.242963165818362E-01
 0.243808735391789E-01
 0.244581025980351E-01
 0.245249073715519E-01
 0.245742881912383E-01
 0.246095070341089E-01
 0.246311145274925E-01
 0.246542650930136E-01
 0.246474209624524E-01
 0.246478453028446E-01
 0.246189385570959E-01
 0.246055790436488E-01
 0.245613234364042E-01
 0.245216001679504E-01
 0.244712158010149E-01
 0.244047259685591E-01
 0.243483710718860E-01
 0.242610042629150E-01
 0.241948774428901E-01
 0.241084431140933E-01
 0.240184189509314E-01
 0.239265969278867E-01
 0.238142620734934E-01
 0.237298647783696E-01
 0.236113024711428E-01
 0.235048285890107E-01
 0.234006970224069E-01
 0.232730521977381E-01
 0.230916340028426E-01
 0.228550446382454E-01
 0.225620860526864E-01
 0.222117355902677E-01
 0.218392103278307E-01
 0.214709944564820E-01
 0.210454593763970E-01
 0.205620870829233E-01
 0.200205835553700E-01
 0.194209275533102E-01
 0.187633909975075E-01
 0.180485129226251E-01
 0.172770480559432E-01
 0.164967679245767E-01
 0.171506432464896E-01
 0.178289864338935E-01
 0.184577345530248E-01
 0.191060680797512E-01
 0.197076723058633E-01
 0.203337932052067E-01
 0.209041072684177E-01
 0.214929753435634E-01
 0.220338896148045E-01
 0.225939003762497E-01
 0.230956771101025E-01
 0.236186531052177E-01
 0.240966857503944E-01
 0.245803372803661E-01
 0.250205413479886E-01
 0.254633463865989E-01
 0.258813091371399E-01
 0.262816794613515E-01
 0.266655600052849E-01
 0.270228591257228E-01
 0.273867166433236E-01
 0.276999545057947E-01
 0.280351531269193E-01
 0.283228055689010E-01
 0.286221299323824E-01
 0.288860106705060E-01
 0.291424291716225E-01
 0.293907304445728E-01
 0.296040229398381E-01
 0.298352001039186E-01
 0.300178499488992E-01
 0.302243535373599E-01
 0.303947006226958E-01
 0.305606729329517E-01
 0.307197263940689E-01
 0.308457163638167E-01
 0.309981063245522E-01
 0.311013783197159E-01
 0.312292305601312E-01
 0.313291290729449E-01
 0.314199722273227E-01
 0.315138158895906E-01
 0.315689435089627E-01
 0.316622392460099E-01
 0.316822909539009E-01
 0.316228784476974E-01
 0.314844647197551E-01
 0.312678397391921E-01
 0.309741034365534E-01
 0.306651322619010E-01
 0.303411149640380E-01
 0.299432337239085E-01
 0.294731930654209E-01
 0.289328956388312E-01
 0.283244371064880E-01
 0.276501433306139E-01
 0.269126121810838E-01
 0.261147173095642E-01
 0.252595624480598E-01
 0.243504148740330E-01
 0.233906620607822E-01
 0.223838143815580E-01
 0.213335376735731E-01
 0.202436752893320E-01
 0.191182297625916E-01
 0.179613098631522E-01
 0.167770785601085E-01
 0.155697350209080E-01
 0.143435311485737E-01
 0.131027897794283E-01
 0.118518887242597E-01
 0.105952062000375E-01
 0.966545243169931E-02
 0.985245254741569E-02
 0.100235351807085E-01
 0.102078801588511E-01
 0.103672751198423E-01
 0.105315455345370E-01
 0.106902749298397E-01
 0.108261154127312E-01
 0.109822283845913E-01
 0.111150015692924E-01
 0.112476593872117E-01
 0.113782959225760E-01
 0.114846370562783E-01
 0.116173454354311E-01
 0.117224862969937E-01
 0.118291970471935E-01
 0.119375560445634E-01
 0.120186360720923E-01
 0.121285297115154E-01
 0.122103063711080E-01
 0.122972388709251E-01
 0.123836101208304E-01
 0.124472096933511E-01
 0.125335548894078E-01
 0.125962264139947E-01
 0.126702394622554E-01
 0.127291477461736E-01
 0.127812604593852E-01
 0.127786185968163E-01
 0.127229013098610E-01
 0.126160613841308E-01
 0.125359083412556E-01
 0.124098102787774E-01
 0.122364626282552E-01
 0.120182867405161E-01
 0.117578861384372E-01
 0.114580214395684E-01
 0.111216053072119E-01
 0.107517076235607E-01
 0.103515496683347E-01
 0.992447474900410E-02
 0.947390408012072E-02
 0.900330225372025E-02
 0.851617185311974E-02
 0.801607370161305E-02
 0.750664633970512E-02
 0.794619808189100E-02
 0.845990800037530E-02
 0.897623062001003E-02
 0.950356433546463E-02
 0.100507977780693E-01
 0.105965618942881E-01
 0.111387256421551E-01
 0.117090372760887E-01
 0.122736252705536E-01
 0.128299175919160E-01
 0.134068904983942E-01
 0.139790523015637E-01
 0.145379562018998E-01
 0.151069825182327E-01
 0.156744876275962E-01
 0.162235473014118E-01
 0.167837534536912E-01
 0.173345127849320E-01
 0.178615883157077E-01
 0.183974213136328E-01
 0.189189327169058E-01
 0.194162301346687E-01
 0.199285319983427E-01
 0.204090371444899E-01
 0.208738708877417E-01
 0.213387232515672E-01
 0.217669225518192E-01
 0.222094606588236E-01
 0.226161940188147E-01
 0.230065678123767E-01
 0.233892618890271E-01
 0.237408606503114E-01
 0.240970480440359E-01
 0.244071976182581E-01
 0.247284861276138E-01
 0.250082383985898E-01
 0.252939430839592E-01
 0.255414247808825E-01
 0.257870649720468E-01
 0.260015553750146E-01
 0.262151502833330E-01
 0.263952514567011E-01
 0.265780473202253E-01
 0.267237520831018E-01
 0.268777876890583E-01
 0.269882774938939E-01
 0.271215980012936E-01
 0.272057361152981E-01
 0.273046872867057E-01
 0.273767267718162E-01
 0.274421717518425E-01
 0.274902189877228E-01
 0.275217786784681E-01
 0.275675727884088E-01
 0.275662697694866E-01
 0.275902555116427E-01
 0.275906546340717E-01
 0.275866238514334E-01
 0.275664547866028E-01
 0.275317551899644E-01
 0.275239874948108E-01
 0.274646884416451E-01
 0.274334602440230E-01
 0.273910371453742E-01
 0.273315395537594E-01
 0.272731291225649E-01
 0.271981036533084E-01
 0.271480460572503E-01
 0.270349859399797E-01
 0.268588626206886E-01
 0.266198764417231E-01
 0.263184369089823E-01
 0.259551345314957E-01
 0.255832325015952E-01
 0.251989090154958E-01
 0.247550654284260E-01
 0.242528727508705E-01
 0.236937046292455E-01
 0.230791496163679E-01
 0.224110158102452E-01
 0.216913277582301E-01
 0.209223228830931E-01
 0.201064495563871E-01
 0.192463595266765E-01
 0.183448859202912E-01
 0.174050072873023E-01
 0.164298099400746E-01
 0.154224650126592E-01
 0.143862297228348E-01
 0.133244681774189E-01
 0.122406735258203E-01
 0.111384687258387E-01
 0.100215730398865E-01
 0.889374266451963E-02
 0.909594572228320E-02
 0.936375092130932E-02
 0.964099839650446E-02
 0.990251814428915E-02
 0.101525617409255E-01
 0.104090096728847E-01
 0.106411495320563E-01
 0.108842190691772E-01
 0.111087810417680E-01
 0.113243769472408E-01
 0.115482169722663E-01
 0.117396001572770E-01
 0.119511331226331E-01
 0.121444132727146E-01
 0.123298229264602E-01
 0.125121355307979E-01
 0.126733048336038E-01
 0.128584432255725E-01
 0.130084541970219E-01
 0.131685893212455E-01
 0.133240008069659E-01
 0.134599726323037E-01
 0.136055872127553E-01
 0.137281846236688E-01
 0.138690044729616E-01
 0.139840823041756E-01
 0.141025914368827E-01
 0.142216778672429E-01
 0.143180831692903E-01
 0.143634092186721E-01
 0.143588634787884E-01
 0.143058488164040E-01
 0.142395811900564E-01
 0.141654699649954E-01
 0.140459968295779E-01
 0.138829660456315E-01
 0.136783575314572E-01
 0.134343574454005E-01
 0.131533608709900E-01
 0.128379294011460E-01
 0.124907195591852E-01
 0.121144184052909E-01
 0.117117150631898E-01
 0.112853114944018E-01
 0.108379546778197E-01
 0.103724678632460E-01
 0.989176673096807E-02
 0.939885638740386E-02
 0.889681105092115E-02
 0.838874016379956E-02
 0.787774457451783E-02
 0.736686654793376E-02
 0.685904046094088E-02
 0.635705764784652E-02
 0.586356252099055E-02
 0.538108730713099E-02
 0.491210794973400E-02
 0.445908059179254E-02
 0.413456243425712E-02
 0.430788193969971E-02
 0.448086962071656E-02
 0.464490381022141E-02
 0.480849251533459E-02
 0.496655781582554E-02
 0.511876623339835E-02
 0.526517019891283E-02
 0.540383922867669E-02
 0.554546864087718E-02
 0.566883166556292E-02
 0.579800474274716E-02
 0.591445088170450E-02
 0.603062733874862E-02
 0.613467073678767E-02
 0.623324349761740E-02
 0.633587518289647E-02
 0.641561906435909E-02
 0.650703042047082E-02
 0.658696614943250E-02
 0.665957378704547E-02
 0.673001957550440E-02
 0.678781104742653E-02
 0.685535007808743E-02
 0.690611717073707E-02
 0.695489508545711E-02
 0.700712464568606E-02
 0.704011794558217E-02
 0.708692514764577E-02
 0.711995190026202E-02
 0.714847633298908E-02
 0.718266673151242E-02
 0.719628996762343E-02
 0.722627226205970E-02
 0.724583810001446E-02
 0.725879569019306E-02
 0.727399212183897E-02
 0.776682662758862E-02
 0.830709313378609E-02
 0.883863807048213E-02
 0.938390607533145E-02
 0.993534939457510E-02
 0.104730194649789E-01
 0.110384938015118E-01
 0.115881946744082E-01
 0.121380345034216E-01
 0.126952801048287E-01
 0.132301796991084E-01
 0.137818070237737E-01
 0.143160163836764E-01
 0.148419757212824E-01
 0.153711516310502E-01
 0.158689690083432E-01
 0.163821868998637E-01
 0.168671578313279E-01
 0.173497768569310E-01
 0.178180882639381E-01
 0.182601638455937E-01
 0.187080315481783E-01
 0.191192578573752E-01
 0.195434890863268E-01
 0.199216825640497E-01
 0.203108311620435E-01
 0.206596205660878E-01
 0.210203302522630E-01
 0.213373447293573E-01
 0.216587669867379E-01
 0.219422330398789E-01
 0.222393596587945E-01
 0.224873744580442E-01
 0.227496080050775E-01
 0.229697607194285E-01
 0.232040458868498E-01
 0.233941722009915E-01
 0.235921728535293E-01
 0.237665151634708E-01
 0.239272320608787E-01
 0.240789958156553E-01
 0.242026693948635E-01
 0.243421837081672E-01
 0.244375309899004E-01
 0.245530666565491E-01
 0.246383538447934E-01
 0.247176835795552E-01
 0.247943457560874E-01
 0.248384208082007E-01
 0.249071087631654E-01
 0.249402042355396E-01
 0.249838211729564E-01
 0.250094660101584E-01
 0.250199552670835E-01
 0.250498719370552E-01
 0.250350680954903E-01
 0.250518722186446E-01
 0.250463041144132E-01
 0.250325829743082E-01
 0.250212768677822E-01
 0.249813286482076E-01
 0.249801157627138E-01
 0.249082149568873E-01
 0.247650337937483E-01
 0.245502607394523E-01
 0.242638703351731E-01
 0.239493805117819E-01
 0.236374579642267E-01
 0.232556049855350E-01
 0.228044665125634E-01
 0.222849250466236E-01
 0.216980850489123E-01
 0.210452909873239E-01
 0.203281682123051E-01
 0.195486515413879E-01
 0.187089721966264E-01
 0.178116071480581E-01
 0.168592260064813E-01
 0.158546705984498E-01
 0.148152630461733E-01
 0.152248899410082E-01
 0.156160041754308E-01
 0.160135346392002E-01
 0.163666072443228E-01
 0.167407656844223E-01
 0.170788251355011E-01
 0.174168017498034E-01
 0.177332618228749E-01
 0.180307321392751E-01
 0.183366018513409E-01
 0.185968194100726E-01
 0.188809997669664E-01
 0.191313072449304E-01
 0.193744490478634E-01
 0.196113219413628E-01
 0.198132226461326E-01
 0.200418331946187E-01
 0.202286702552358E-01
 0.204231125551536E-01
 0.206024230665872E-01
 0.207571107065395E-01
 0.209319319035979E-01
 0.210638615726219E-01
 0.212172056038227E-01
 0.213476183158813E-01
 0.214636305431986E-01
 0.215905057298447E-01
 0.216765686102260E-01
 0.217980570790289E-01
 0.218830432311413E-01
 0.219698726048561E-01
 0.220569446213413E-01
 0.221098353461995E-01
 0.221998152140556E-01
 0.222447666875416E-01
 0.223119536979700E-01
 0.223002495743300E-01
 0.222098759360784E-01
 0.220413717375087E-01
 0.218198002140393E-01
 0.216210186824716E-01
 0.213467255339835E-01
 0.209981239566498E-01
 0.205767127655536E-01
 0.200842568958990E-01
 0.195227526529613E-01
 0.188944119762655E-01
 0.182016715750921E-01
 0.174472087761726E-01
 0.166339392737052E-01
 0.157649892162284E-01
 0.154639483348975E-01
 0.158296396540087E-01
 0.162066276920953E-01
 0.165458760113541E-01
 0.168946232683414E-01
 0.172057570076454E-01
 0.175283730764268E-01
 0.178096597502000E-01
 0.181073828411865E-01
 0.183608692476458E-01
 0.186301182757077E-01
 0.188629008524056E-01
 0.191012007709012E-01
 0.193098954798929E-01
 0.195162992591456E-01
 0.197099933867594E-01
 0.198849207104448E-01
 0.200566717826911E-01
 0.201996399147840E-01
 0.203619690909870E-01
 0.204820561347546E-01
 0.206165348123941E-01
 0.207314197609824E-01
 0.208354044208564E-01
 0.209338860311833E-01
 0.210078560301345E-01
 0.211048998142838E-01
 0.211629156535059E-01
 0.212341852236518E-01
 0.212932397077163E-01
 0.213363429514546E-01
 0.213872348177709E-01
 0.214102740266231E-01
 0.214558531052810E-01
 0.214754664583876E-01
 0.214955770635055E-01
 0.215150914129498E-01
 0.215096522406000E-01
 0.215330847772085E-01
 0.215201098904817E-01
 0.215232228368678E-01
 0.214704617260388E-01
 0.213634630795019E-01
 0.212041074567510E-01
 0.209944804704482E-01
 0.207368241769924E-01
 0.204870074114967E-01
 0.202124046712771E-01
 0.198938349380589E-01
 0.195338514296343E-01
 0.191351374840371E-01
 0.187005181434702E-01
 0.182329606050327E-01
 0.177355503032239E-01
 0.172114510715440E-01
 0.166638716401245E-01
 0.160960541141222E-01
 0.155112797185829E-01
 0.149128718750167E-01
 0.143041797986225E-01
 0.136885434185330E-01
 0.130692564289376E-01
 0.124495452767660E-01
 0.118325681288518E-01
 0.112214216465272E-01
 0.106191380742898E-01
 0.100286644913862E-01
 0.948038668415390E-02
 0.970078108372196E-02
 0.991231116053312E-02
 0.101129997464106E-01
 0.103063476192993E-01
 0.105034474360859E-01
 0.106856590194014E-01
 0.108632333001100E-01
 0.110377188343322E-01
 0.111931221469599E-01
 0.113420544163410E-01
 0.114855563731733E-01
 0.116136360455648E-01
 0.117433146990226E-01
 0.118478272889997E-01
 0.119501527237253E-01
 0.120374299861281E-01
 0.121243704079915E-01
 0.121928282986222E-01
 0.122491640208813E-01
 0.122981468659735E-01
 0.123440415873687E-01
 0.123720894836496E-01
 0.123934072142317E-01
 0.124003097962958E-01
 0.124151439975169E-01
 0.123999160093583E-01
 0.123972400259688E-01
 0.123757351925146E-01
 0.123541074538889E-01
 0.123216483383506E-01
 0.122790712865486E-01
 0.122440581869063E-01
 0.121869213157797E-01
 0.121421723160322E-01
 0.120824224837385E-01
 0.120172861175364E-01
 0.119613214426769E-01
 0.118800050804509E-01
 0.118170611109365E-01
 0.117452602917550E-01
 0.116642657144699E-01
 0.115873312079740E-01
 0.115022018546839E-01
 0.114276955751682E-01
 0.113354364502672E-01
 0.112441335626726E-01
 0.111725608080254E-01
 0.110665015473070E-01
 0.109859050232076E-01
 0.109041136622602E-01
 0.108087099806933E-01
 0.106703672874122E-01
 0.104881807328672E-01
 0.102783386389575E-01
 0.100935745968968E-01
 0.105828077567792E-01
 0.110849173161142E-01
 0.115561754299599E-01
 0.120458556391836E-01
 0.125054165925757E-01
 0.129815705599371E-01
 0.134215191449595E-01
 0.138726298103993E-01
 0.142920950594548E-01
 0.147293815214804E-01
 0.151254863798887E-01
 0.155313615714341E-01
 0.159054166691990E-01
 0.162931631897651E-01
 0.166354093425476E-01
 0.169950552446573E-01
 0.173230565968377E-01
 0.176537491900300E-01
 0.179506708726254E-01
 0.182509552844729E-01
 0.185355747018650E-01
 0.188040389278076E-01
 0.190614660791831E-01
 0.192977577173770E-01
 0.195437821180764E-01
 0.197470568249214E-01
 0.199712065224050E-01
 0.201624505449695E-01
 0.203557778190892E-01
 0.205304061863195E-01
 0.206918645617764E-01
 0.208559785211398E-01
 0.209852745890692E-01
 0.211394530667484E-01
 0.212565456563150E-01
 0.213815182192411E-01
 0.214935566900619E-01
 0.215886111668940E-01
 0.216902954536196E-01
 0.217621493707686E-01
 0.218580919600443E-01
 0.219199236633429E-01
 0.219878554442404E-01
 0.220536739132014E-01
 0.220943412798453E-01
 0.221515407500521E-01
 0.221818414127618E-01
 0.222302230436435E-01
 0.222186031517258E-01
 0.221469974230014E-01
 0.220156461977725E-01
 0.218250424474147E-01
 0.215868901468761E-01
 0.213730252121961E-01
 0.211020295147784E-01
 0.207749572526600E-01
 0.203930901152028E-01
 0.199579122811590E-01
 0.194710946556137E-01
 0.189344984872321E-01
 0.183501901223144E-01
 0.177204466252619E-01
 0.170477378659352E-01
 0.163346901715189E-01
 0.155840527079897E-01
 0.147986857450049E-01
 0.139815712261046E-01
 0.131358270378191E-01
 0.122647036277978E-01
 0.113715569431516E-01
 0.104598109211761E-01
 0.953292924557085E-02
 0.859440534234210E-02
 0.764776242731758E-02
 0.775676920721575E-02
 0.790948468672195E-02
 0.804500974798008E-02
 0.817437364757444E-02
 0.831057557681039E-02
 0.842517978092606E-02
 0.855008890893972E-02
 0.866480736699303E-02
 0.876664599474653E-02
 0.888117713338426E-02
 0.897416664675361E-02
 0.907482097284490E-02
 0.916996331546486E-02
 0.924904630121255E-02
 0.934344393548184E-02
 0.941830364338418E-02
 0.949992330955791E-02
 0.957429323242229E-02
 0.963575694162905E-02
 0.971491185540692E-02
 0.976905795481372E-02
 0.983680216227168E-02
 0.989522539563791E-02
 0.994431806932362E-02
 0.100056529927032E-01
 0.100422028130925E-01
 0.101010809249155E-01
 0.101147634903538E-01
 0.100845710133615E-01
 0.100120195836763E-01
 0.994286066885298E-02
 0.985397570324434E-02
 0.972587557169140E-02
 0.956053158096163E-02
 0.936009571771702E-02
 0.912691334873580E-02
 0.886351486241028E-02
 0.857258206155477E-02
 0.825690724311839E-02
 0.791937031815169E-02
 0.789042339809652E-02
 0.843660219997412E-02
 0.900215232592632E-02
 0.959420744357030E-02
 0.101944824880778E-01
 0.108009555079219E-01
 0.114302942385633E-01
 0.120765167187065E-01
 0.127247528813517E-01
 0.133727033374089E-01
 0.140542755174642E-01
 0.147332782577227E-01
 0.154069730739882E-01
 0.160927648942078E-01
 0.167904830216020E-01
 0.174773640029156E-01
 0.181561306203943E-01
 0.188588949964793E-01
 0.195448878744229E-01
 0.202113693168036E-01
 0.209026421846875E-01
 0.215736249867146E-01
 0.222189144651069E-01
 0.228814980283572E-01
 0.235227361013447E-01
 0.241323551873749E-01
 0.247651034890792E-01
 0.253623867684580E-01
 0.259331789002389E-01
 0.265141290281674E-01
 0.270535030197365E-01
 0.275911269359405E-01
 0.281070581312288E-01
 0.285813097293172E-01
 0.290705418589232E-01
 0.295092533169973E-01
 0.299523958593827E-01
 0.303583642578131E-01
 0.307426366511327E-01
 0.311135905659696E-01
 0.314512772777504E-01
 0.317849137185631E-01
 0.320713806108941E-01
 0.323663176606838E-01
 0.326123569396653E-01
 0.328669394723572E-01
 0.330713685561858E-01
 0.332852369864611E-01
 0.334552241975957E-01
 0.336271173746972E-01
 0.337662725014772E-01
 0.338964067250595E-01
 0.340067858716470E-01
 0.340945554256436E-01
 0.341849106565439E-01
 0.342309822813282E-01
 0.342980544152289E-01
 0.343224023613165E-01
 0.343606398782942E-01
 0.343644695037431E-01
 0.343630587848450E-01
 0.343658383953060E-01
 0.343255723067584E-01
 0.343113768080158E-01
 0.342643277422433E-01
 0.342257556258457E-01
 0.341646280923693E-01
 0.340906329470651E-01
 0.340420346584648E-01
 0.339390298967246E-01
 0.338743882301292E-01
 0.337863909841116E-01
 0.336893581902970E-01
 0.335145722584245E-01
 0.332614507084417E-01
 0.329297325824500E-01
 0.325194808854177E-01
 0.320310509595741E-01
 0.315816883860312E-01
 0.310677909400492E-01
 0.304779303050904E-01
 0.298131029757693E-01
 0.290745482938380E-01
 0.282637442427876E-01
 0.273824252930230E-01
 0.264325985931741E-01
 0.254165387816457E-01
 0.243367637348591E-01
 0.231960114457105E-01
 0.219972350254730E-01
 0.207436126979432E-01
 0.194385525639943E-01
 0.180856740942618E-01
 0.168160908452881E-01
 0.173608178203157E-01
 0.179051573816739E-01
 0.184329122672113E-01
 0.189418552251863E-01
 0.194443043308335E-01
 0.199160892080047E-01
 0.203987108595408E-01
 0.208328275246491E-01
 0.212903876525598E-01
 0.217031418424670E-01
 0.221207060862165E-01
 0.225124049870813E-01
 0.228896678698157E-01
 0.232596929613459E-01
 0.235956816501593E-01
 0.239494048766219E-01
 0.242530453028532E-01
 0.245767509982896E-01
 0.248677775445601E-01
 0.251512681976806E-01
 0.254220998971748E-01
 0.256656436746974E-01
 0.259288693371850E-01
 0.261404880644952E-01
 0.263777810957835E-01
 0.265848084775367E-01
 0.267839136851049E-01
 0.269750485641736E-01
 0.271371969019116E-01
 0.273264523563096E-01
 0.274660780655014E-01
 0.276297490160741E-01
 0.277676636228640E-01
 0.278965364009878E-01
 0.280275909262850E-01
 0.281232798265135E-01
 0.282521429615556E-01
 0.283148337247600E-01
 0.283047975437140E-01
 0.282234426567526E-01
 0.280723841086027E-01
 0.278534545544561E-01
 0.276132769012014E-01
 0.273663936759439E-01
 0.270556851829371E-01
 0.266834637052671E-01
 0.262522636643282E-01
 0.257648131460997E-01
 0.252239902847062E-01
 0.246327933538047E-01
 0.239943403010302E-01
 0.233118861418596E-01
 0.225888296589215E-01
 0.218286892164871E-01
 0.210350538834573E-01
 0.202115375489157E-01
 0.193617616096951E-01
 0.184893677227103E-01
 0.175980367959814E-01
 0.166914858990071E-01
 0.157734349336027E-01
 0.148475614640639E-01
 0.139174709512856E-01
 0.129866930929941E-01
 0.120586892498736E-01
 0.111368458715653E-01
 0.102244439786115E-01
 0.932462009116958E-02
 0.844034467343035E-02
 0.757442974739997E-02
 0.672955156709252E-02
 0.590826119387992E-02
 0.511296682589402E-02
 0.434589586324980E-02
 0.360906041960197E-02
 0.297764186735690E-02
 0.267249635727939E-02
 0.273843723628856E-02
 0.280567206170010E-02
 0.285905248138157E-02
 0.292462370227623E-02
 0.298359240180452E-02
 0.303984049293456E-02
 0.309960185767107E-02
 0.314827113773998E-02
 0.320911068097262E-02
 0.326215686183595E-02
 0.331244709065672E-02
 0.336531836487038E-02
 0.354580134535137E-02
 0.384827372367153E-02
 0.416453377672628E-02
 0.449974347740469E-02
 0.484416414501678E-02
 0.519669058512733E-02
 0.556711210894595E-02
 0.594985085012243E-02
 0.633847639302194E-02
 0.673161009574193E-02
 0.714561252117730E-02
 0.756487194203712E-02
 0.798579000015388E-02
 0.841520904988270E-02
 0.885771386094106E-02
 0.929842991867408E-02
 0.973558407463783E-02
 0.101927924314043E-01
 0.106451625271094E-01
 0.110899466316509E-01
 0.115444159922619E-01
 0.119984221414113E-01
 0.124405953031137E-01
 0.128898588574652E-01
 0.133359001700782E-01
 0.137655797269123E-01
 0.141980139549645E-01
 0.146254985187088E-01
 0.150320761233254E-01
 0.154524748861801E-01
 0.158512433192020E-01
 0.162307599642905E-01
 0.166186401446583E-01
 0.169785626477016E-01
 0.173445573092361E-01
 0.176885214621345E-01
 0.180112307896909E-01
 0.183368324826803E-01
 0.186341103231244E-01
 0.189392784833737E-01
 0.192076448222883E-01
 0.194771152955606E-01
 0.197212303287627E-01
 0.199695698366591E-01
 0.201877665558816E-01
 0.203980583053994E-01
 0.205893993405068E-01
 0.207830727941349E-01
 0.209463525320569E-01
 0.211082409480401E-01
 0.212431462815062E-01
 0.213915141321386E-01
 0.214970431173692E-01
 0.216204284952323E-01
 0.217130814864335E-01
 0.218093296510416E-01
 0.218833211692614E-01
 0.219515846911972E-01
 0.220159750074968E-01
 0.220556380922265E-01
 0.221102576141556E-01
 0.221313558286188E-01
 0.221680038774102E-01
 0.221860339575143E-01
 0.221964666279039E-01
 0.222046820373277E-01
 0.221896574558815E-01
 0.222016889264452E-01
 0.221757137026283E-01
 0.221631234272147E-01
 0.221479847259015E-01
 0.221118048101008E-01
 0.220850319996389E-01
 0.220437703069266E-01
 0.220156957476195E-01
 0.219336050721064E-01
 0.217968227704833E-01
 0.216048779813268E-01
 0.213575143600130E-01
 0.210546978576217E-01
 0.207870539343947E-01
 0.204655415537662E-01
 0.200899857388698E-01
 0.196609196570720E-01
 0.191790739870426E-01
 0.186453840971819E-01
 0.180610108718871E-01
 0.174273591083968E-01
 0.167460787238953E-01
 0.160190473386224E-01
 0.152483459026764E-01
 0.144362411893946E-01
 0.135851802018247E-01
 0.126977907649967E-01
 0.117768785575443E-01
 0.108254152915179E-01
 0.101531578834131E-01
 0.104238085476286E-01
 0.106771484631351E-01
 0.109330399705171E-01
 0.111699132587724E-01
 0.114125498467163E-01
 0.116359783600967E-01
 0.118449766556046E-01
 0.120717034023385E-01
 0.122610777597543E-01
 0.124625218304716E-01
 0.126552311619426E-01
 0.128232834891645E-01
 0.130081548255122E-01
 0.131662356142421E-01
 0.133316090719759E-01
 0.134850007563013E-01
 0.136188028835756E-01
 0.137744475871841E-01
 0.138947262066586E-01
 0.140308885016902E-01
 0.141530407269239E-01
 0.142591894480928E-01
 0.143823936104469E-01
 0.144708520471723E-01
 0.145850256362515E-01
 0.146758080276677E-01
 0.147625520773187E-01
 0.148559017269122E-01
 0.149158957435719E-01
 0.150131308855432E-01
 0.150469654760572E-01
 0.150146153505312E-01
 0.149162410576927E-01
 0.148184223553708E-01
 0.146939363320334E-01
 0.145052836102076E-01
 0.142532844784914E-01
 0.139390129056813E-01
 0.135638111721719E-01
 0.131292870916898E-01
 0.133032461101949E-01
 0.136007267140368E-01
 0.139109596490896E-01
 0.141873093974107E-01
 0.144712181947776E-01
 0.147189456889082E-01
 0.149745376954927E-01
 0.152032047427843E-01
 0.154288451167913E-01
 0.156324489953473E-01
 0.158268933602486E-01
 0.160142604932999E-01
 0.161763946346395E-01
 0.163434650375647E-01
 0.164759456859663E-01
 0.166266409901312E-01
 0.167434646790680E-01
 0.168617117215839E-01
 0.169681724077507E-01
 0.170538490729191E-01
 0.171509923439208E-01
 0.172145275840575E-01
 0.172941538168536E-01
 0.173529117392131E-01
 0.174014131739356E-01
 0.174545881574507E-01
 0.174785007647892E-01
 0.175257754936684E-01
 0.175456339012235E-01
 0.175637469590691E-01
 0.175867545302639E-01
 0.175764265630525E-01
 0.175988446698037E-01
 0.175926755274565E-01
 0.175885491762356E-01
 0.175847240899428E-01
 0.175547210734067E-01
 0.175560238631679E-01
 0.175272811399237E-01
 0.175090422504858E-01
 0.174840151142658E-01
 0.174419586979553E-01
 0.173386609279717E-01
 0.171748979420010E-01
 0.169517345704244E-01
 0.167276238800149E-01
 0.164841571701628E-01
 0.161842328657885E-01
 0.158295176700249E-01
 0.154218892905461E-01
 0.149634140124555E-01
 0.144563469242553E-01
 0.139031473728052E-01
 0.133064894429334E-01
 0.126692519670360E-01
 0.119944897843226E-01
 0.112854018734960E-01
 0.105453111187962E-01
 0.977765759981356E-02
 0.898599519790618E-02
 0.817398015288032E-02
 0.734534918625736E-02
 0.650389470524004E-02
 0.606049189591041E-02
 0.620906127143274E-02
 0.635170412828005E-02
 0.647224934485699E-02
 0.661195104769401E-02
 0.673666162690184E-02
 0.685518134357419E-02
 0.697468576049015E-02
 0.707922934998856E-02
 0.719913852696790E-02
 0.729681741393129E-02
 0.739094080190792E-02
 0.750416745674850E-02
 0.757856906719919E-02
 0.767902306373417E-02
 0.777839344913844E-02
 0.816139096259119E-02
 0.854375012756549E-02
 0.892875511797842E-02
 0.929642478998357E-02
 0.967938538461550E-02
 0.100373432898490E-01
 0.103983255554491E-01
 0.107472857045594E-01
 0.110887127171298E-01
 0.114248327820144E-01
 0.117351511730994E-01
 0.120551570106373E-01
 0.123449231140473E-01
 0.126456401567407E-01
 0.129081002781038E-01
 0.131818755263784E-01
 0.134200169232254E-01
 0.136743067248232E-01
 0.138854386700602E-01
 0.141101838066618E-01
 0.143009030174210E-01
 0.145004886225334E-01
 0.146653939763500E-01
 0.148354938168966E-01
 0.149860170902637E-01
 0.151252046913828E-01
 0.152566479396112E-01
 0.153643184488196E-01
 0.154835294299272E-01
 0.155686703213317E-01
 0.156664413028896E-01
 0.157404900022192E-01
 0.158066366351126E-01
 0.158753180736339E-01
 0.159102434078506E-01
 0.159694536130319E-01
 0.160035087639952E-01
 0.160343789594144E-01
 0.160591139046635E-01
 0.160623548735053E-01
 0.160931432985183E-01
 0.160868259058433E-01
 0.160894005427189E-01
 0.160963191980530E-01
 0.160713810320993E-01
 0.160694286043304E-01
 0.160509747380348E-01
 0.160331134944724E-01
 0.160064360968715E-01
 0.159635060376319E-01
 0.159561467996543E-01
 0.159059816596363E-01
 0.158760420785301E-01
 0.158455773795661E-01
 0.157925852947506E-01
 0.156782068884954E-01
 0.155024249560471E-01
 0.152690282328538E-01
 0.150715158289898E-01
 0.148141154758147E-01
 0.144974380417939E-01
 0.141223295215795E-01
 0.136898700299309E-01
 0.132013765841263E-01
 0.126584048952607E-01
 0.121282418878973E-01
 0.125256014111071E-01
 0.128930871566571E-01
 0.132779754839654E-01
 0.136199071021500E-01
 0.139785582809144E-01
 0.143075037249150E-01
 0.146374879998324E-01
 0.149423897928579E-01
 0.152425921875445E-01
 0.155334856197002E-01
 0.158021480446547E-01
 0.160720299421583E-01
 0.163088089091565E-01
 0.165649175970898E-01
 0.167838923629178E-01
 0.170089950557970E-01
 0.172139954668096E-01
 0.174063730958802E-01
 0.176008239303999E-01
 0.177609056660389E-01
 0.179408558023555E-01
 0.180906202667762E-01
 0.182433110384843E-01
 0.183790807481759E-01
 0.185001842395586E-01
 0.186354116017352E-01
 0.187293167475191E-01
 0.188482722447955E-01
 0.189456746379896E-01
 0.190351622357961E-01
 0.191201295091946E-01
 0.191806697808446E-01
 0.192723039539996E-01
 0.193216137881374E-01
 0.193866015850379E-01
 0.194442538226427E-01
 0.194824219013859E-01
 0.195329098002528E-01
 0.195564995818521E-01
 0.196042898278426E-01
 0.195915146837846E-01
 0.195186831407339E-01
 0.193865551146868E-01
 0.191961194025330E-01
 0.190006521128990E-01
 0.187879700456362E-01
 0.185196507606274E-01
 0.181971435057485E-01
 0.178220803900068E-01
 0.173962700122002E-01
 0.169216987759762E-01
 0.164005340170028E-01
 0.158351217175126E-01
 0.152279752110844E-01
 0.145817565842416E-01
 0.138992556419436E-01
 0.131833709257748E-01
 0.124370945691006E-01
 0.116634998431543E-01
 0.108657286306043E-01
 0.100469763818942E-01
 0.921047410185196E-02
 0.835946936583845E-02
 0.825716882706725E-02
 0.842772020775614E-02
 0.859069020650033E-02
 0.874500111660883E-02
 0.890013619705993E-02
 0.903862815997040E-02
 0.918293695473687E-02
 0.931150708668105E-02
 0.944442858608265E-02
 0.956146661315804E-02
 0.967827503085071E-02
 0.979328585566692E-02
 0.989470954054288E-02
 0.999728610941384E-02
 0.100893013224037E-01
 0.101869001418543E-01
 0.102663933455343E-01
 0.103491534070757E-01
 0.104311107897960E-01
 0.104992962325571E-01
 0.105700034865624E-01
 0.106321091702031E-01
 0.106988300785111E-01
 0.107509191030865E-01
 0.108043342158043E-01
 0.108596536953761E-01
 0.108998234961876E-01
 0.109488038260817E-01
 0.109855287151245E-01
 0.110270804435395E-01
 0.110618770608085E-01
 0.110918521258230E-01
 0.111247031510913E-01
 0.111428638563962E-01
 0.113591293832463E-01
 0.117909193899585E-01
 0.122361407152572E-01
 0.126934063750093E-01
 0.131612294473159E-01
 0.136453172262511E-01
 0.141404740524760E-01
 0.146433758641624E-01
 0.151521655191359E-01
 0.156649109823101E-01
 0.161796036659628E-01
 0.166942028142706E-01
 0.172275953429394E-01
 0.177588720602084E-01
 0.182857389922495E-01
 0.188058413001388E-01
 0.193278504144207E-01
 0.198563742168406E-01
 0.203732755365007E-01
 0.208760732053780E-01
 0.213800394344852E-01
 0.218830572950083E-01
 0.223666733527157E-01
 0.228287882744441E-01
 0.233062748686752E-01
 0.237590397047266E-01
 0.241844035925097E-01
 0.246247270741976E-01
 0.250352206263705E-01
 0.254151285748340E-01
 0.258075855617786E-01
 0.261644236086983E-01
 0.265111108860048E-01
 0.268448124760370E-01
 0.271377292801994E-01
 0.274420500692283E-01
 0.277070994438414E-01
 0.279713463572530E-01
 0.282066746705438E-01
 0.284195020300601E-01
 0.286236696693261E-01
 0.288042456112494E-01
 0.289760151463116E-01
 0.291126804823341E-01
 0.292514159478544E-01
 0.293635723411059E-01
 0.294682512768945E-01
 0.295457325448394E-01
 0.296161293648426E-01
 0.296752874138490E-01
 0.297110066080598E-01
 0.297455508698762E-01
 0.297470282669397E-01
 0.297681560216214E-01
 0.297470416282025E-01
 0.297418556398854E-01
 0.297094350708899E-01
 0.296714540424572E-01
 0.296325240855800E-01
 0.295628716437099E-01
 0.295150902366160E-01
 0.294366063568211E-01
 0.293687639395836E-01
 0.292821062198979E-01
 0.291847387096940E-01
 0.291067818989171E-01
 0.289860589985376E-01
 0.288972346555687E-01
 0.287901677504780E-01
 0.286751001384049E-01
 0.284951639215241E-01
 0.282490612266563E-01
 0.279357395579577E-01
 0.275543919358085E-01
 0.271044574164292E-01
 0.266993104530416E-01
 0.262279971245147E-01
 0.256890093843302E-01
 0.250824344193886E-01
 0.244086135728471E-01
 0.236681276581333E-01
 0.228617849102033E-01
 0.219906205432538E-01
 0.210559120738485E-01
 0.200592041435165E-01
 0.190023278934844E-01
 0.186489622615860E-01
 0.193166598832936E-01
 0.200035299270615E-01
 0.206493512401508E-01
 0.213050041250210E-01
 0.219146344382543E-01
 0.225354881670295E-01
 0.231196413248034E-01
 0.237025489455782E-01
 0.242487113479247E-01
 0.247910705669228E-01
 0.253113415889922E-01
 0.258110717822746E-01
 0.262951703268720E-01
 0.267508071577084E-01
 0.272097241714153E-01
 0.276196925190055E-01
 0.280462026415729E-01
 0.284201912549629E-01
 0.288133866727629E-01
 0.291594176734490E-01
 0.295066375136733E-01
 0.298311493461478E-01
 0.301320269389334E-01
 0.304346988047231E-01
 0.306896598300494E-01
 0.309739315638568E-01
 0.312068725238549E-01
 0.314523309300177E-01
 0.316687230610738E-01
 0.318701440755885E-01
 0.320758200909568E-01
 0.322339603491248E-01
 0.324265780101560E-01
 0.325717944540319E-01
 0.327295031519846E-01
 0.328643401842319E-01
 0.329818197312901E-01
 0.331132731728541E-01
 0.331932682262264E-01
 0.333176734314992E-01
 0.333950895482515E-01
 0.334822072581178E-01
 0.334852337827072E-01
 0.334047717902760E-01
 0.332417274977515E-01
 0.329972955905712E-01
 0.326729357805896E-01
 0.323676049902884E-01
 0.320120329951738E-01
 0.315803204100221E-01
 0.310745331315403E-01
 0.304969689671965E-01
 0.298501455417882E-01
 0.291367943062109E-01
 0.283598568317976E-01
 0.275224804518831E-01
 0.266280116607055E-01
 0.256799859939999E-01
 0.246821129731267E-01
 0.236382553070279E-01
 0.225524033396114E-01
 0.214286481568799E-01
 0.202711586056962E-01
 0.190841670609822E-01
 0.178719649054302E-01
 0.166389023973055E-01
 0.153893829373190E-01
 0.141278432672657E-01
 0.128587193990268E-01
 0.115864076854295E-01
 0.103152338632358E-01
 0.904943722527029E-02
 0.899986374551951E-02
 0.916976953625500E-02
 0.931906506147659E-02
 0.948486385755122E-02
 0.963168912803986E-02
 0.977595035530957E-02
 0.991849095021738E-02
 0.100414252661003E-01
 0.101831500626408E-01
 0.103022200123789E-01
 0.104187216288273E-01
 0.105419990077060E-01
 0.106373594920568E-01
 0.107552958388822E-01
 0.108545426135791E-01
 0.109488106649121E-01
 0.110494423200585E-01
 0.111237603369716E-01
 0.112237625086623E-01
 0.113027004980917E-01
 0.113809405681983E-01
 0.114578906892352E-01
 0.115145429848451E-01
 0.116025462597217E-01
 0.116537897801830E-01
 0.117213748336566E-01
 0.117380208101330E-01
 0.117055960985545E-01
 0.116261660965760E-01
 0.115488459737261E-01
 0.114513515392706E-01
 0.113108268747913E-01
 0.111297129547092E-01
 0.109106267024196E-01
 0.106563687500568E-01
 0.103699123691707E-01
 0.100543705292505E-01
 0.971295006968354E-02
 0.934890873440389E-02
 0.896552842551700E-02
 0.856610890775237E-02
 0.815397622798368E-02
 0.773249423637294E-02
 0.805882707699708E-02
 0.851963604442919E-02
 0.898145114775741E-02
 0.944240924704200E-02
 0.992592303431921E-02
 0.104080819510618E-01
 0.108852978769621E-01
 0.113747834047717E-01
 0.118676907406733E-01
 0.123513139253835E-01
 0.128335307889143E-01
 0.133265879475847E-01
 0.138057337583333E-01
 0.142812973319780E-01
 0.147638226870251E-01
 0.152277548958610E-01
 0.156818095965981E-01
 0.161429878899513E-01
 0.165808419507922E-01
 0.170199989759097E-01
 0.174491171384550E-01
 0.178503972200256E-01
 0.182591326609443E-01
 0.186458092345490E-01
 0.190211468862152E-01
 0.193907881801363E-01
 0.197259029245248E-01
 0.200694016698007E-01
 0.203828622410437E-01
 0.206946801297128E-01
 0.209843884752581E-01
 0.212527714549264E-01
 0.215170938092049E-01
 0.217567903378603E-01
 0.219939837211167E-01
 0.221961838063322E-01
 0.224054873285958E-01
 0.225820519794492E-01
 0.227623616735666E-01
 0.229096880446450E-01
 0.230608804598885E-01
 0.231850129209267E-01
 0.233059653502738E-01
 0.234096086088892E-01
 0.235008830040414E-01
 0.235839364858803E-01
 0.236448069165689E-01
 0.237174316327887E-01
 0.237486509433344E-01
 0.238012658608445E-01
 0.238286193562302E-01
 0.238542737960318E-01
 0.238618291053824E-01
 0.238591473058599E-01
 0.238736359798187E-01
 0.238436511070319E-01
 0.238387826161977E-01
 0.238191458554113E-01
 0.237905716209231E-01
 0.237523016112164E-01
 0.237013798327293E-01
 0.236776420379157E-01
 0.236095323089565E-01
 0.235621578179540E-01
 0.235142943450280E-01
 0.234438041326493E-01
 0.233180366902072E-01
 0.231369576215114E-01
 0.229007789281851E-01
 0.226099383746394E-01
 0.222753464655775E-01
 0.219659410214980E-01
 0.216036561253505E-01
 0.211894005874607E-01
 0.207243502174268E-01
 0.202099351247567E-01
 0.196478042264581E-01
 0.190397816495816E-01
 0.183878352855439E-01
 0.176940698825509E-01
 0.169607414566463E-01
 0.161902776347949E-01
 0.153852873727632E-01
 0.145485521823492E-01
 0.136830021406128E-01
 0.127916863640776E-01
 0.118777471068130E-01
 0.109444018814157E-01
 0.999493320763510E-02
 0.903268313244018E-02
 0.806104912635737E-02
 0.708347768736466E-02
 0.676747773872219E-02
 0.698025171978693E-02
 0.719570286088581E-02
 0.738737951995742E-02
 0.759470679903015E-02
 0.778691298406148E-02
 0.796852369985875E-02
 0.816018443515957E-02
 0.832694927429360E-02
 0.850625587308385E-02
 0.867455656824498E-02
 0.882963399704595E-02
 0.899431831707027E-02
 0.913860474342741E-02
 0.929535098067373E-02
 0.943350572522288E-02
 0.956720102427180E-02
 0.971213730969441E-02
 0.982308307019920E-02
 0.996175829412950E-02
 0.100796676289932E-01
 0.101970787751733E-01
 0.103092496891591E-01
 0.104059623615711E-01
 0.105253946098774E-01
 0.106017196685454E-01
 0.106281246417674E-01
 0.106055356166492E-01
 0.105854226329690E-01
 0.105423121206835E-01
 0.104524377044093E-01
 0.103171938356009E-01
 0.101381953694221E-01
 0.991724313171738E-02
 0.965629387134349E-02
 0.935744458425485E-02
 0.902292927296483E-02
 0.865511905777500E-02
 0.825651892832488E-02
 0.782976163380889E-02
 0.737760243030365E-02
 0.690291402032705E-02
 0.640867455057529E-02
 0.589794184687018E-02
 0.537381658824450E-02
 0.483940817651049E-02
 0.445899187636761E-02
 0.444472380001675E-02
 0.442740058973036E-02
 0.439823289903003E-02
 0.438359228161175E-02
 0.435914631327766E-02
 0.432657103741721E-02
 0.430871762907235E-02
 0.427787515007237E-02
 0.424901027278083E-02
 0.422375262479808E-02
 0.418564999279882E-02
 0.416331472600498E-02
 0.417203082073385E-02
 0.442149626658602E-02
 0.466589941395098E-02
 0.491120114698590E-02
 0.514456715045860E-02
 0.538703792826826E-02
 0.560962560103166E-02
 0.584063321661922E-02
 0.605854857219490E-02
 0.627278701457710E-02
 0.647989910024493E-02
 0.667467782382610E-02
 0.687738125251308E-02
 0.705533564418160E-02
 0.724131406488226E-02
 0.741554048363805E-02
 0.757872393304160E-02
 0.774135038515955E-02
 0.788686200328332E-02
 0.804085296740516E-02
 0.817563896825564E-02
 0.830527657065865E-02
 0.843854558439813E-02
 0.854632812961742E-02
 0.866841031709140E-02
 0.877496141110318E-02
 0.887195524760420E-02
 0.897371173695415E-02
 0.905365632380897E-02
 0.914649088260391E-02
 0.922540700035698E-02
 0.929411124038105E-02
 0.937078419498338E-02
 0.942700044942586E-02
 0.949566866698020E-02
 0.954831569149820E-02
 0.959401951993774E-02
 0.965434693759032E-02
 0.968277869974156E-02
 0.973279947030184E-02
 0.977260041203291E-02
 0.980127230077297E-02
 0.983428336817193E-02
 0.985289326203016E-02
 0.101200471098172E-01
 0.106575534592475E-01
 0.112169197460305E-01
 0.117544753698723E-01
 0.123050126741034E-01
 0.128449592419263E-01
 0.133707088868367E-01
 0.139078299307850E-01
 0.144139030903117E-01
 0.149392531669816E-01
 0.154346663173850E-01
 0.159253057938430E-01
 0.164054674628174E-01
 0.168671555060048E-01
 0.173282175682627E-01
 0.177509613475469E-01
 0.181891127010137E-01
 0.185827338055597E-01
 0.189947551572681E-01
 0.193573859876866E-01
 0.197322838449323E-01
 0.200631154456316E-01
 0.204110991047395E-01
 0.207077133773481E-01
 0.210196867862670E-01
 0.212862777984034E-01
 0.215689602250239E-01
 0.218035632264135E-01
 0.220497216411731E-01
 0.222645863645462E-01
 0.224728762084137E-01
 0.226626740818242E-01
 0.228327675482022E-01
 0.230064530891566E-01
 0.231374697443307E-01
 0.232939648180660E-01
 0.234084750113023E-01
 0.235300783718637E-01
 0.236335005361669E-01
 0.237178250707082E-01
 0.238103859063239E-01
 0.238658518701361E-01
 0.239466361461102E-01
 0.239921002312134E-01
 0.240372532389951E-01
 0.240853320368500E-01
 0.240959868868788E-01
 0.241362672121736E-01
 0.241462680207818E-01
 0.241621292573528E-01
 0.241645216386767E-01
 0.241483402732176E-01
 0.241626989817478E-01
 0.241294438350620E-01
 0.241250990929555E-01
 0.241057338357283E-01
 0.240720213113478E-01
 0.239647485609102E-01
 0.237836763896871E-01
 0.235288235202928E-01
 0.232129131527368E-01
 0.229314122705227E-01
 0.225779271942910E-01
 0.221531336553752E-01
 0.216579715366689E-01
 0.210936621186833E-01
 0.204617167746724E-01
 0.197639237698878E-01
 0.190023178525374E-01
 0.181791527785937E-01
 0.172968954600093E-01
 0.163582423538490E-01
 0.153661393305746E-01
 0.153603395173995E-01
 0.157710952581872E-01
 0.161739564309477E-01
 0.165695262224846E-01
 0.169355631367402E-01
 0.173070645725795E-01
 0.176393074320371E-01
 0.179911246026221E-01
 0.183019546646405E-01
 0.186144988113234E-01
 0.189106219066763E-01
 0.191828088562608E-01
 0.194622284576116E-01
 0.196995891525719E-01
 0.199595103947807E-01
 0.201841672901668E-01
 0.204038522487541E-01
 0.206160156791325E-01
 0.207953666244070E-01
 0.210002287949211E-01
 0.211609036739805E-01
 0.213343578135966E-01
 0.214919292002610E-01
 0.216271243287662E-01
 0.217755620261917E-01
 0.218868800053732E-01
 0.220224369407051E-01
 0.221266784442253E-01
 0.222266630044418E-01
 0.223339755358496E-01
 0.223987064501246E-01
 0.225027064982171E-01
 0.225671415311210E-01
 0.226406985544815E-01
 0.227059163233656E-01
 0.227477787902365E-01
 0.228155251605209E-01
 0.228258438067779E-01
 0.227596132151019E-01
 0.226174619409043E-01
 0.224003147294068E-01
 0.221861526548368E-01
 0.219406279219647E-01
 0.216230525216333E-01
 0.212349170048864E-01
 0.207779532080045E-01
 0.202541232327796E-01
 0.196656171951554E-01
 0.190148535074943E-01
 0.183044725627864E-01
 0.175373205275627E-01
 0.167164289632774E-01
 0.158449991436569E-01
 0.149263936284690E-01
 0.139641279391219E-01
 0.143075485411471E-01
 0.146365852899973E-01
 0.149575721959147E-01
 0.152631499021258E-01
 0.155606451382159E-01
 0.158413990712775E-01
 0.161174553414854E-01
 0.163727519836975E-01
 0.166246563828800E-01
 0.168535358507500E-01
 0.170883341408610E-01
 0.172907270496589E-01
 0.175015013937242E-01
 0.176832619792014E-01
 0.178755842593420E-01
 0.180341605474874E-01
 0.181996771396031E-01
 0.183507444471892E-01
 0.184901012276466E-01
 0.186198345073088E-01
 0.187331256381690E-01
 0.188596663723818E-01
 0.189478547122469E-01
 0.190553759517788E-01
 0.191431426122077E-01
 0.192257432059533E-01
 0.192977993317184E-01
 0.193565719390811E-01
 0.194299977952854E-01
 0.194698141443158E-01
 0.195276026756941E-01
 0.195684402681124E-01
 0.196036252624634E-01
 0.196388434968849E-01
 0.196529469999210E-01
 0.196874547483599E-01
 0.196979755708295E-01
 0.197161801631919E-01
 0.197219121048992E-01
 0.197198665043299E-01
 0.196735603797402E-01
 0.195849908785816E-01
 0.194562908199136E-01
 0.192897163389282E-01
 0.190876446173335E-01
 0.188525701696286E-01
 0.186302678874192E-01
 0.183831579948080E-01
 0.181071521458837E-01
 0.178049586330607E-01
 0.174793338718111E-01
 0.171330514712466E-01
 0.167688932742137E-01
 0.163896653859358E-01
 0.159982208595141E-01
 0.155974626135794E-01
 0.151903139691215E-01
 0.147796689808434E-01
 0.143683492278876E-01
 0.139590856971094E-01
 0.135545219394767E-01
 0.135547107851133E-01
 0.137663906762788E-01
 0.139686048323564E-01
 0.141748823940407E-01
 0.143718374377639E-01
 0.145551541083578E-01
 0.147330224006724E-01
 0.149069758084709E-01
 0.150629129342466E-01
 0.152004273843674E-01
 0.153427747437867E-01
 0.154629922977108E-01
 0.155788600925962E-01
 0.156817430348409E-01
 0.157583692590773E-01
 0.158382600280343E-01
 0.158941902601984E-01
 0.159524001332505E-01
 0.159862381483750E-01
 0.160062722164577E-01
 0.160172811957793E-01
 0.160216307488936E-01
 0.160089352342950E-01
 0.159818326685268E-01
 0.159452318940281E-01
 0.159071627232490E-01
 0.158461080959683E-01
 0.157843659587422E-01
 0.157017765905368E-01
 0.156301011532226E-01
 0.155303418517066E-01
 0.154358935299917E-01
 0.153300102894262E-01
 0.152126167159822E-01
 0.150981163450236E-01
 0.149608934713318E-01
 0.148388525231276E-01
 0.147000705731698E-01
 0.145579627703512E-01
 0.144125286491181E-01
 0.142534673024131E-01
 0.141113998992863E-01
 0.139443727467752E-01
 0.137842805063606E-01
 0.136294231995924E-01
 0.134525252424184E-01
 0.132881838890964E-01
 0.131188616300474E-01
 0.129478519831718E-01
 0.127396488332034E-01
 0.124938093932343E-01
 0.122100625392140E-01
 0.118929006450687E-01
 0.115995629446614E-01
 0.112696537326916E-01
 0.109035024147692E-01
 0.105016328872921E-01
 0.104320940134188E-01
 0.108142929254834E-01
 0.111895688762125E-01
 0.115423271630215E-01
 0.118879891606405E-01
 0.122081304764385E-01
 0.125116999026941E-01
 0.127965186075116E-01
 0.130683092895568E-01
 0.133156998795067E-01
 0.135426937345287E-01
 0.137512073036105E-01
 0.139466791204635E-01
 0.141153636515142E-01
 0.142668530551539E-01
 0.143953969653204E-01
 0.145177367700383E-01
 0.146060573848356E-01
 0.146881688616866E-01
 0.147370078857666E-01
 0.147932786626335E-01
 0.148058942384001E-01
 0.148243803610731E-01
 0.148146350007899E-01
 0.147962975026381E-01
 0.147569075790963E-01
 0.147036909500194E-01
 0.146453611621620E-01
 0.145587491414914E-01
 0.144775089670491E-01
 0.143685083702236E-01
 0.142628827585177E-01
 0.141359722600988E-01
 0.140021557275379E-01
 0.138626001432184E-01
 0.137026433449150E-01
 0.135515465313604E-01
 0.133757792957728E-01
 0.132070382042507E-01
 0.130243465665756E-01
 0.128348222761179E-01
 0.126446851728060E-01
 0.124366672353505E-01
 0.122437225904736E-01
 0.120296119629330E-01
 0.118219049859977E-01
 0.116075508343478E-01
 0.113858992596159E-01
 0.111356184332786E-01
 0.108586812088927E-01
 0.105571306743898E-01
 0.102330803449267E-01
 0.989807949301636E-02
 0.957503339824345E-02
 0.923398198459685E-02
 0.887708419337640E-02
 0.850652774143331E-02
 0.812450471007852E-02
 0.773318524964109E-02
 0.733470031436898E-02
 0.693113687214741E-02
 0.652453895037901E-02
 0.611690374449599E-02
 0.571016715198486E-02
 0.530618288400711E-02
 0.490670524468391E-02
 0.451338274645323E-02
 0.412776075871758E-02
 0.375128440693787E-02
 0.338529398835917E-02
 0.303101294522516E-02
 0.268953570330157E-02
 0.236182303440831E-02
 0.204870619458684E-02
 0.188099283838323E-02
 0.185272124814937E-02
 0.182225681903146E-02
 0.179052311580449E-02
 0.175386064263314E-02
 0.171918424775456E-02
 0.168049853763629E-02
 0.163990634365899E-02
 0.160016780288981E-02
 0.155635559440664E-02
 0.151437828900670E-02
 0.147027494466760E-02
 0.142459319293495E-02
 0.138091308308869E-02
 0.133408306140525E-02
 0.128933052989099E-02
 0.124368554723088E-02
 0.119712541480629E-02
 0.115264863442359E-02
 0.110629580084033E-02
 0.106231297428278E-02
 0.101774099978217E-02
 0.973375871069168E-03
 0.930807354253883E-03
 0.887106113182821E-03
 0.846390839468727E-03
 0.804920274197339E-03
 0.764801683648917E-03
 0.722604182324162E-03
 0.678959240553454E-03
 0.634449429860236E-03
 0.593244141417850E-03
 0.551883403024669E-03
 0.510555342760248E-03
 0.469679498421596E-03
 0.429628117008553E-03
 0.390726966911588E-03
 0.353255643780312E-03
 0.317447719059013E-03
 0.283491518395840E-03
 0.251532071654848E-03
 0.221674086693098E-03
 0.193985272549693E-03
 0.168499401085761E-03
 0.152906910329426E-03
 0.150433707528500E-03
 0.147081162894666E-03
 0.143295914295488E-03
 0.138844051594318E-03
 0.133692277100792E-03
 0.128081817815695E-03
 0.122167535230413E-03
 0.115775455318140E-03
 0.109010351147162E-03
 0.102249381951881E-03
 0.952488564282103E-04
 0.881038927071584E-04
 0.810804779928051E-04
 0.740975674209218E-04
 0.671854051892303E-04
 0.605123953707750E-04
 0.540940060940247E-04
 0.479182564737112E-04
 0.421037703187617E-04
 0.366564957312799E-04
 0.315652871624641E-04
 0.269017159816102E-04
 0.226591663266954E-04
 0.188214691670553E-04
 0.154296715292545E-04
 0.124411987959917E-04
 0.984691991787176E-05
 0.764686724462755E-05
 0.579663271220651E-05
 0.428040296296918E-05
 0.306250024236526E-05
 0.210891832498940E-05
 0.138910311519718E-05
 0.863545912490627E-06
 0.499713513651794E-06
 0.262294236456379E-06
 0.120277396438141E-06
 0.449976732571972E-07
 0.119639208516431E-07
 0.158267122200904E-08
 0.199206673446869E-10
 0.000000000000000E+00
 0.000000000000000E+00
 0.000000000000000E+00
 0.000000000000000E+00
 0.000000000000000E+00
 0.000000000000000E+00
 0.000000000000000E+00
 0.000000000000000E+00
 0.000000000000000E+00
 0.000000000000000E+00
 0.000000000000000E+00
 0.000000000000000E+00
 0.000000000000000E+00
 0.000000000000000E+00
 0.000000000000000E+00
 0.000000000000000E+00
 0.000000000000000E+00
 0.000000000000000E+00
 0.000000000000000E+00
 0.000000000000000E+00
 0.000000000000000E+00
 0.000000000000000E+00
 0.000000000000000E+00
 0.000000000000000E+00
 0.000000000000000E+00
 0.000000000000000E+00
 0.000000000000000E+00
 0.000000000000000E+00
 0.000000000000000E+00
 0.000000000000000E+00
 0.000000000000000E+00
 0.000000000000000E+00
 0.000000000000000E+00
 0.000000000000000E+00
 0.000000000000000E+00
 0.000000000000000E+00
 0.000000000000000E+00
 0.000000000000000E+00
 0.000000000000000E+00
 0.000000000000000E+00
 0.000000000000000E+00
 0.000000000000000E+00
 0.000000000000000E+00
 0.000000000000000E+00
 0.000000000000000E+00
 0.000000000000000E+00
 0.000000000000000E+00
 0.000000000000000E+00
 0.000000000000000E+00
 0.000000000000000E+00
 0.000000000000000E+00
 0.000000000000000E+00
 0.000000000000000E+00
 0.000000000000000E+00
 0.000000000000000E+00
 0.000000000000000E+00
 0.000000000000000E+00
 0.000000000000000E+00
 0.000000000000000E+00
 0.000000000000000E+00
 0.000000000000000E+00
 0.000000000000000E+00
 0.000000000000000E+00
 0.000000000000000E+00
 0.000000000000000E+00
 0.000000000000000E+00
 0.000000000000000E+00
 0.000000000000000E+00
 0.000000000000000E+00
 0.000000000000000E+00
 0.000000000000000E+00
 0.000000000000000E+00
 0.000000000000000E+00
 0.000000000000000E+00
 0.000000000000000E+00
 0.000000000000000E+00
 0.000000000000000E+00
 0.000000000000000E+00
 0.000000000000000E+00
 0.000000000000000E+00
 0.000000000000000E+00
 0.000000000000000E+00
 0.000000000000000E+00
 0.000000000000000E+00
 0.000000000000000E+00
 0.000000000000000E+00
 0.000000000000000E+00
 0.000000000000000E+00
 0.000000000000000E+00
 0.000000000000000E+00
 0.000000000000000E+00
 0.000000000000000E+00
 0.000000000000000E+00
 0.000000000000000E+00
 0.000000000000000E+00
 0.000000000000000E+00
 0.000000000000000E+00
 0.000000000000000E+00
 0.000000000000000E+00
 0.000000000000000E+00
 0.000000000000000E+00
 0.000000000000000E+00
 0.000000000000000E+00
 0.000000000000000E+00
 0.000000000000000E+00
 0.000000000000000E+00
 0.000000000000000E+00
 0.000000000000000E+00
 0.000000000000000E+00
 0.000000000000000E+00
 0.000000000000000E+00
 0.000000000000000E+00
 0.000000000000000E+00
 0.000000000000000E+00
 0.000000000000000E+00
 0.000000000000000E+00
 0.000000000000000E+00
 0.000000000000000E+00
 0.000000000000000E+00
 0.000000000000000E+00
 0.000000000000000E+00
 0.000000000000000E+00
 0.000000000000000E+00
 0.000000000000000E+00
 0.000000000000000E+00
 0.000000000000000E+00
 0.000000000000000E+00
 0.000000000000000E+00
 0.000000000000000E+00
 0.000000000000000E+00
 0.000000000000000E+00
 0.000000000000000E+00
 0.000000000000000E+00
 0.000000000000000E+00
 0.000000000000000E+00
 0.000000000000000E+00
 0.000000000000000E+00
 0.000000000000000E+00
 0.000000000000000E+00
 0.000000000000000E+00
 0.000000000000000E+00
 0.000000000000000E+00
 0.000000000000000E+00
 0.000000000000000E+00
 0.000000000000000E+00
 0.000000000000000E+00
 0.000000000000000E+00
 0.000000000000000E+00
 0.000000000000000E+00
 0.000000000000000E+00
 0.000000000000000E+00
 0.000000000000000E+00
 0.000000000000000E+00
 0.000000000000000E+00
 0.000000000000000E+00
 0.000000000000000E+00
 0.000000000000000E+00
 0.000000000000000E+00
 0.000000000000000E+00
 0.000000000000000E+00
 0.000000000000000E+00
 0.000000000000000E+00
 0.000000000000000E+00
 0.000000000000000E+00
 0.000000000000000E+00
 0.000000000000000E+00
 0.000000000000000E+00
 0.000000000000000E+00
 0.000000000000000E+00
 0.000000000000000E+00
 0.000000000000000E+00
 0.000000000000000E+00
 0.000000000000000E+00
 0.000000000000000E+00
 0.000000000000000E+00
 0.000000000000000E+00
 0.000000000000000E+00
 0.000000000000000E+00
 0.000000000000000E+00
 0.000000000000000E+00
 0.000000000000000E+00
 0.000000000000000E+00
 0.000000000000000E+00
 0.000000000000000E+00
 0.000000000000000E+00
 0.000000000000000E+00
 0.000000000000000E+00
 0.000000000000000E+00
 0.000000000000000E+00
 0.000000000000000E+00
 0.000000000000000E+00
 0.000000000000000E+00
 0.000000000000000E+00
 0.000000000000000E+00
 0.000000000000000E+00
 0.000000000000000E+00
 0.000000000000000E+00
 0.000000000000000E+00
 0.000000000000000E+00
 0.000000000000000E+00
 0.000000000000000E+00
 0.000000000000000E+00
 0.000000000000000E+00
 0.000000000000000E+00
 0.000000000000000E+00
 0.000000000000000E+00
 0.000000000000000E+00
 0.000000000000000E+00
 0.000000000000000E+00
 0.000000000000000E+00
 0.000000000000000E+00
 0.000000000000000E+00
 0.000000000000000E+00
 0.000000000000000E+00
 0.000000000000000E+00
 0.000000000000000E+00
 0.000000000000000E+00
 0.000000000000000E+00
 0.000000000000000E+00
 0.000000000000000E+00
 0.000000000000000E+00
 0.000000000000000E+00
 0.000000000000000E+00
 0.000000000000000E+00
 0.000000000000000E+00
 0.000000000000000E+00
 0.000000000000000E+00
 0.000000000000000E+00
 0.000000000000000E+00
 0.000000000000000E+00
 0.000000000000000E+00
 0.000000000000000E+00
 0.000000000000000E+00
 0.000000000000000E+00
 0.000000000000000E+00
 0.000000000000000E+00
 0.000000000000000E+00
 0.000000000000000E+00
 0.000000000000000E+00
 0.000000000000000E+00
 0.000000000000000E+00
 0.000000000000000E+00
 0.000000000000000E+00
 0.000000000000000E+00
 0.000000000000000E+00
 0.000000000000000E+00
 0.000000000000000E+00
 0.000000000000000E+00
 0.000000000000000E+00
 0.000000000000000E+00
 0.000000000000000E+00
 0.000000000000000E+00
 0.000000000000000E+00
 0.000000000000000E+00
 0.000000000000000E+00
 0.000000000000000E+00
 0.000000000000000E+00
 0.000000000000000E+00
 0.000000000000000E+00
 0.000000000000000E+00
 0.000000000000000E+00
 0.000000000000000E+00
 0.000000000000000E+00
 0.000000000000000E+00
 0.000000000000000E+00
 0.000000000000000E+00
 0.000000000000000E+00
 0.000000000000000E+00
 0.000000000000000E+00
 0.000000000000000E+00
 0.000000000000000E+00
 0.000000000000000E+00
 0.000000000000000E+00
 0.000000000000000E+00
 0.000000000000000E+00
 0.000000000000000E+00
 0.000000000000000E+00
 0.000000000000000E+00
 0.000000000000000E+00
 0.000000000000000E+00
 0.000000000000000E+00
 0.000000000000000E+00
 0.000000000000000E+00
 0.000000000000000E+00
 0.000000000000000E+00
 0.000000000000000E+00
 0.000000000000000E+00
 0.000000000000000E+00
 0.000000000000000E+00
 0.000000000000000E+00
 0.000000000000000E+00
 0.000000000000000E+00
 0.000000000000000E+00
 0.000000000000000E+00
 0.000000000000000E+00
 0.000000000000000E+00
 0.000000000000000E+00
 0.000000000000000E+00
 0.000000000000000E+00
 0.000000000000000E+00
 0.000000000000000E+00
 0.000000000000000E+00
 0.000000000000000E+00
 0.000000000000000E+00
 0.000000000000000E+00
 0.000000000000000E+00
 0.000000000000000E+00
 0.000000000000000E+00
 0.000000000000000E+00
 0.000000000000000E+00
 0.000000000000000E+00
 0.000000000000000E+00
 0.000000000000000E+00
 0.000000000000000E+00
 0.000000000000000E+00
 0.000000000000000E+00
 0.000000000000000E+00
 0.000000000000000E+00
 0.000000000000000E+00
 0.000000000000000E+00
 0.000000000000000E+00
 0.000000000000000E+00
 0.000000000000000E+00
 0.000000000000000E+00
 0.000000000000000E+00
 0.000000000000000E+00
 0.000000000000000E+00
 0.000000000000000E+00
 0.000000000000000E+00
 0.000000000000000E+00
 0.000000000000000E+00
 0.000000000000000E+00
 0.000000000000000E+00
 0.000000000000000E+00
 0.000000000000000E+00
 0.000000000000000E+00
 0.000000000000000E+00
 0.000000000000000E+00
 0.000000000000000E+00
 0.000000000000000E+00
 0.000000000000000E+00
 0.000000000000000E+00
 0.000000000000000E+00
 0.000000000000000E+00
 0.000000000000000E+00
 0.000000000000000E+00
 0.000000000000000E+00
 0.000000000000000E+00
