 0.757941431407400E-11
 0.602696148823471E-09
 0.456491486432650E-08
 0.172401177539080E-07
 0.461382442189667E-07
 0.100427071980276E-06
 0.190269628962919E-06
 0.327372320077784E-06
 0.523403098564418E-06
 0.846786326731759E-06
 0.131002078149420E-05
 0.194522890540625E-05
 0.280200848623854E-05
 0.391830639006337E-05
 0.535804407133539E-05
 0.715901061153660E-05
 0.940480646798803E-05
 0.121333512227200E-04
 0.154530241026516E-04
 0.193820776844748E-04
 0.240567454538002E-04
 0.294915466819431E-04
 0.358507825877989E-04
 0.431010006546160E-04
 0.514661108747628E-04
 0.609007659774178E-04
 0.716072893693915E-04
 0.835259326154710E-04
 0.969083915183234E-04
 0.111745607236410E-03
 0.128124650078474E-03
 0.146138028797016E-03
 0.165811809121615E-03
 0.187469308171993E-03
 0.210727282282084E-03
 0.236261876531653E-03
 0.263594609851774E-03
 0.293218232428383E-03
 0.324879285711846E-03
 0.358768894047794E-03
 0.395145812241800E-03
 0.433431122261530E-03
 0.474775870046339E-03
 0.517936053337101E-03
 0.564066552741042E-03
 0.612557824538929E-03
 0.663494400784378E-03
 0.717454120869979E-03
 0.773196149364047E-03
 0.832958312562678E-03
 0.894390759877937E-03
 0.959133592878772E-03
 0.102676578916438E-02
 0.109642349031602E-02
 0.116985266070495E-02
 0.124480047331110E-02
 0.132409388673595E-02
 0.140284790787959E-02
 0.148045367549960E-02
 0.155627228367123E-02
 0.162963780617303E-02
 0.170014842615236E-02
 0.177409727626631E-02
 0.184417344671052E-02
 0.190963110657935E-02
 0.196971093470951E-02
 0.202364729298888E-02
 0.207067738107816E-02
 0.211005094884336E-02
 0.214103905656335E-02
 0.216294105764057E-02
 0.217508988022922E-02
 0.217685630007193E-02
 0.216765313312750E-02
 0.214694028443735E-02
 0.211423138232593E-02
 0.206910212851304E-02
 0.201119951545921E-02
 0.194025019514899E-02
 0.185606623449153E-02
 0.175854752362057E-02
 0.164768167902198E-02
 0.152354343450967E-02
 0.156074736874519E-02
 0.164736264112247E-02
 0.173236830490258E-02
 0.182179004642184E-02
 0.191277684225764E-02
 0.200246029355798E-02
 0.209833090454253E-02
 0.219268549445128E-02
 0.228955315446329E-02
 0.238904252223596E-02
 0.248505702933612E-02
 0.258921024275606E-02
 0.268986240943451E-02
 0.279254992048676E-02
 0.289819770407090E-02
 0.299910249255520E-02
 0.310954682739901E-02
 0.321543082314746E-02
 0.332315135729927E-02
 0.343372156751380E-02
 0.353797001800551E-02
 0.365270904352126E-02
 0.375985916707493E-02
 0.387133455012620E-02
 0.398284220812641E-02
 0.409001130186021E-02
 0.420574770214193E-02
 0.430809393099005E-02
 0.439193209341317E-02
 0.445657680340614E-02
 0.451590153028817E-02
 0.457047230142067E-02
 0.460483794561681E-02
 0.461878558459032E-02
 0.461228480268205E-02
 0.458548739867182E-02
 0.453871580017313E-02
 0.447244496424712E-02
 0.438728488683382E-02
 0.428397014919565E-02
 0.416336062213756E-02
 0.425386839377687E-02
 0.462841286659533E-02
 0.502085427100118E-02
 0.544133906268837E-02
 0.587692028105914E-02
 0.632637600509048E-02
 0.679761949601342E-02
 0.729176354492424E-02
 0.779748251879670E-02
 0.831330719096542E-02
 0.886079492411436E-02
 0.941882471750357E-02
 0.998377943144971E-02
 0.105675542137324E-01
 0.111688920440720E-01
 0.117727880070361E-01
 0.123841535513566E-01
 0.130178479948392E-01
 0.136489738363639E-01
 0.142763249295666E-01
 0.149313993961729E-01
 0.155788168234436E-01
 0.162162555632331E-01
 0.168788585958610E-01
 0.175271375000741E-01
 0.181652649306070E-01
 0.188211667032893E-01
 0.194560995817345E-01
 0.200844663568740E-01
 0.207183736939720E-01
 0.213242484770251E-01
 0.219431783331525E-01
 0.225382779508599E-01
 0.231134345394500E-01
 0.236938832178277E-01
 0.242352904322279E-01
 0.247951904432664E-01
 0.253122049396043E-01
 0.258280816810192E-01
 0.263162974879582E-01
 0.267918446622607E-01
 0.272474481402462E-01
 0.276776972048975E-01
 0.280980579820606E-01
 0.284932345869527E-01
 0.288749135685261E-01
 0.292274820093124E-01
 0.295688064106920E-01
 0.298888360631752E-01
 0.301870246094833E-01
 0.304750641015984E-01
 0.307291065092079E-01
 0.309829489393120E-01
 0.311906773379026E-01
 0.314203510791212E-01
 0.315956458736639E-01
 0.317836967772597E-01
 0.319440156251935E-01
 0.320873507586358E-01
 0.322201301878211E-01
 0.323174214437828E-01
 0.324415325071243E-01
 0.325094712619660E-01
 0.325926604858248E-01
 0.326578553213991E-01
 0.326972344179433E-01
 0.327386720690363E-01
 0.327498200145276E-01
 0.327835362737646E-01
 0.327720652895249E-01
 0.327659392491836E-01
 0.327629412797803E-01
 0.327176608028256E-01
 0.325929045076888E-01
 0.323877525854861E-01
 0.321015612514376E-01
 0.317340443519121E-01
 0.313054751061251E-01
 0.309019915042061E-01
 0.304197284642942E-01
 0.298595281777413E-01
 0.292224440681014E-01
 0.285097481414725E-01
 0.277229608682411E-01
 0.268638900184183E-01
 0.259346601211893E-01
 0.249377167580296E-01
 0.238758008683854E-01
 0.227519028952311E-01
 0.215692164774841E-01
 0.203311103125006E-01
 0.190411255168282E-01
 0.177029914175493E-01
 0.163206434606321E-01
 0.168357394228835E-01
 0.173538841737527E-01
 0.178796418809103E-01
 0.183613242360569E-01
 0.188656218952499E-01
 0.193257201908948E-01
 0.197935445889912E-01
 0.202317837668837E-01
 0.206600046910847E-01
 0.210741419369319E-01
 0.214625984740153E-01
 0.218572202929369E-01
 0.222065460275479E-01
 0.225808584147612E-01
 0.229141874870050E-01
 0.232497354588603E-01
 0.235594679493859E-01
 0.238545860272537E-01
 0.241535250425997E-01
 0.244086182208175E-01
 0.246882540642322E-01
 0.249284631905691E-01
 0.251760643557127E-01
 0.253990102490944E-01
 0.256092228736098E-01
 0.258273969223170E-01
 0.260004170328054E-01
 0.262038814782503E-01
 0.263663335221681E-01
 0.265379784618529E-01
 0.266918627987033E-01
 0.268292123807797E-01
 0.269802463445760E-01
 0.270888209779102E-01
 0.272322580634506E-01
 0.273364195097357E-01
 0.274472485669073E-01
 0.274857870939564E-01
 0.274532866077357E-01
 0.273513193193559E-01
 0.271817565264999E-01
 0.269467241393867E-01
 0.267292671321596E-01
 0.264681621426813E-01
 0.261459119748640E-01
 0.257650110819809E-01
 0.253280933242051E-01
 0.248378951421249E-01
 0.242972365883256E-01
 0.237090237073165E-01
 0.230762699713321E-01
 0.224021286739576E-01
 0.216899222461673E-01
 0.209431510824446E-01
 0.201654683632511E-01
 0.193606203852755E-01
 0.185323688573118E-01
 0.176844220760601E-01
 0.168203979494993E-01
 0.159438251092146E-01
 0.150581695528531E-01
 0.141668650315629E-01
 0.132733295449329E-01
 0.123809619818847E-01
 0.114931228429728E-01
 0.106131062057181E-01
 0.974410861196736E-02
 0.888919900051976E-02
 0.805129391891133E-02
 0.723314172263516E-02
 0.643731580453522E-02
 0.566621146835495E-02
 0.492203867377256E-02
 0.420680695653125E-02
 0.352230713333836E-02
 0.289794945638830E-02
 0.238580221647158E-02
 0.210464230584242E-02
 0.215863590855853E-02
 0.221414396601506E-02
 0.226207927074872E-02
 0.231992439300497E-02
 0.236903010941687E-02
 0.241735176689879E-02
 0.247495579924617E-02
 0.257536765288995E-02
 0.284216871907898E-02
 0.311932466064312E-02
 0.341531394592580E-02
 0.372605685500303E-02
 0.404653249520665E-02
 0.437844685431240E-02
 0.473158591004728E-02
 0.509266267193111E-02
 0.546047313912547E-02
 0.584991888015887E-02
 0.624658774390625E-02
 0.664768636562777E-02
 0.705542393617288E-02
 0.748394056616360E-02
 0.791469130485787E-02
 0.834593732900370E-02
 0.879888887924977E-02
 0.924953574303729E-02
 0.969617204317177E-02
 0.101499305332209E-01
 0.106121562398014E-01
 0.110667205127519E-01
 0.115206081422087E-01
 0.119835264740307E-01
 0.124345828802265E-01
 0.128815733867916E-01
 0.133378613159254E-01
 0.137780381088033E-01
 0.142114744283727E-01
 0.146503417939653E-01
 0.150679336563102E-01
 0.154897300714352E-01
 0.158996301712532E-01
 0.162839797894163E-01
 0.166801396084588E-01
 0.170523384382280E-01
 0.174211519754945E-01
 0.177775738589362E-01
 0.181013284213738E-01
 0.184380329246876E-01
 0.187424160449984E-01
 0.190580556358685E-01
 0.193397190113176E-01
 0.196136351551665E-01
 0.198697996432348E-01
 0.201212836358285E-01
 0.203501691982835E-01
 0.205604208725750E-01
 0.207631405622828E-01
 0.209600249620821E-01
 0.211343746723642E-01
 0.212982477689811E-01
 0.214433462641085E-01
 0.215926810654341E-01
 0.217077748686117E-01
 0.218310325021971E-01
 0.219227197053033E-01
 0.220281093075014E-01
 0.221011254208995E-01
 0.221792787771206E-01
 0.222432470749132E-01
 0.222925167770998E-01
 0.223482041192802E-01
 0.223697941425039E-01
 0.224137317369656E-01
 0.224316108398136E-01
 0.224511016118234E-01
 0.224558874118024E-01
 0.224484511708309E-01
 0.224608258009920E-01
 0.224318869220373E-01
 0.224281857308507E-01
 0.224123442286130E-01
 0.223842845810347E-01
 0.223555278187919E-01
 0.223128517866823E-01
 0.222939563240170E-01
 0.222198909556363E-01
 0.220898685504191E-01
 0.219033700054057E-01
 0.216601435904856E-01
 0.213601913623460E-01
 0.210879232335092E-01
 0.207689044000398E-01
 0.203946612455814E-01
 0.199657259865143E-01
 0.194828253787332E-01
 0.189468821232180E-01
 0.183590306252726E-01
 0.177206366833950E-01
 0.170333090089654E-01
 0.162988959394034E-01
 0.155194691178098E-01
 0.146973021555686E-01
 0.138348535374546E-01
 0.129347595413265E-01
 0.119998368917308E-01
 0.110330888556738E-01
 0.106861913186672E-01
 0.109584477976609E-01
 0.112356900627308E-01
 0.114927906412292E-01
 0.117354654992358E-01
 0.119931492588286E-01
 0.122149467235888E-01
 0.124474670242664E-01
 0.126705500103876E-01
 0.128680093861341E-01
 0.130788319134770E-01
 0.132648753490989E-01
 0.134563124902580E-01
 0.136365392891745E-01
 0.137946351149203E-01
 0.139732143597526E-01
 0.141158539250964E-01
 0.142717350056667E-01
 0.144152406726688E-01
 0.145389823806716E-01
 0.146814513768535E-01
 0.147887052954166E-01
 0.149168728453093E-01
 0.150269004606425E-01
 0.151254938476713E-01
 0.152353226913011E-01
 0.153084724843336E-01
 0.154171408866306E-01
 0.154945209951025E-01
 0.155768086894796E-01
 0.156580728367564E-01
 0.157135772258662E-01
 0.157014133910796E-01
 0.156216663141665E-01
 0.155003404711586E-01
 0.153937272091211E-01
 0.152206974688205E-01
 0.149820771389110E-01
 0.146790881946060E-01
 0.143132830754289E-01
 0.138864603159614E-01
 0.134554182783921E-01
 0.137914584054590E-01
 0.141069361706045E-01
 0.144178464915561E-01
 0.147114189735728E-01
 0.149944862106536E-01
 0.152579995222204E-01
 0.155125653363925E-01
 0.157586346934568E-01
 0.159822798157461E-01
 0.162027313902774E-01
 0.163956416845476E-01
 0.165993232554758E-01
 0.167624870883580E-01
 0.169425462597415E-01
 0.170881211499348E-01
 0.172338530411882E-01
 0.173634200742646E-01
 0.174764287379636E-01
 0.175946022773827E-01
 0.176790906316519E-01
 0.177835555709347E-01
 0.178575716140812E-01
 0.179298724582592E-01
 0.179976500702555E-01
 0.180391102046318E-01
 0.181044699987629E-01
 0.181406094176206E-01
 0.181810078525778E-01
 0.182118031781040E-01
 0.182211136295401E-01
 0.182525773530436E-01
 0.182519381116755E-01
 0.182651500838771E-01
 0.182667118003473E-01
 0.182520760385157E-01
 0.182580245860054E-01
 0.182327996266539E-01
 0.182296529772563E-01
 0.182119911386512E-01
 0.181844206849410E-01
 0.181701981428288E-01
 0.181175473303472E-01
 0.180027423155585E-01
 0.178266922794462E-01
 0.175906347417845E-01
 0.173635915002832E-01
 0.171072941055110E-01
 0.167941250432272E-01
 0.164258319316331E-01
 0.160044311507677E-01
 0.155321927127861E-01
 0.150116199004438E-01
 0.144454244100165E-01
 0.138364949763700E-01
 0.131878593886086E-01
 0.125026462271418E-01
 0.117840582804622E-01
 0.110353684600923E-01
 0.102599397829248E-01
 0.946125857258592E-02
 0.864296222751922E-02
 0.780884460169137E-02
 0.696283182094354E-02
 0.610893298511653E-02
 0.561470055545965E-02
 0.575902532166404E-02
 0.587612996115867E-02
 0.601510892846151E-02
 0.614163534140804E-02
 0.625387091847087E-02
 0.637654691556347E-02
 0.648417192827751E-02
 0.659756476377994E-02
 0.669895240367169E-02
 0.678686529514159E-02
 0.690446890976419E-02
 0.709243992811228E-02
 0.746959106094196E-02
 0.784347641305060E-02
 0.820257192717074E-02
 0.857987400358789E-02
 0.893686859657601E-02
 0.930362405563000E-02
 0.965634865792114E-02
 0.999580671667885E-02
 0.103388431894505E-01
 0.106567527230544E-01
 0.109869182475225E-01
 0.112854506381257E-01
 0.115881512059333E-01
 0.118698374066389E-01
 0.121534962199289E-01
 0.124147426144950E-01
 0.126650507142232E-01
 0.129029490381959E-01
 0.131380656284974E-01
 0.133499593572831E-01
 0.135507545479115E-01
 0.137360948519533E-01
 0.139267409887114E-01
 0.140831126791827E-01
 0.142501496292897E-01
 0.143832891556581E-01
 0.145283208481461E-01
 0.146407726430309E-01
 0.147561702025519E-01
 0.148567760765830E-01
 0.149404086492838E-01
 0.150287792073400E-01
 0.150830563040783E-01
 0.151579302593108E-01
 0.152093306595587E-01
 0.152550685791245E-01
 0.152959749722094E-01
 0.153144095900752E-01
 0.153567627788852E-01
 0.153649072284640E-01
 0.153784898323764E-01
 0.153960802497637E-01
 0.153817599755307E-01
 0.153911207891786E-01
 0.153835562860767E-01
 0.153725975391473E-01
 0.153562742200778E-01
 0.153244894898662E-01
 0.153217324734464E-01
 0.152816651200734E-01
 0.152546313224753E-01
 0.152300488625454E-01
 0.151786159958481E-01
 0.151516287368489E-01
 0.151074768465601E-01
 0.150716624314162E-01
 0.149761057787248E-01
 0.148204566929353E-01
 0.146046664562273E-01
 0.144049384228652E-01
 0.141688487545661E-01
 0.138749537869424E-01
 0.135238728350620E-01
 0.131164326988483E-01
 0.126537035763648E-01
 0.121370346903954E-01
 0.119973717491278E-01
 0.123910531192921E-01
 0.127563695077794E-01
 0.131361659238160E-01
 0.134745817141265E-01
 0.138304598739119E-01
 0.141526453897128E-01
 0.144799413643427E-01
 0.147786984227648E-01
 0.150773934589680E-01
 0.153637757790320E-01
 0.156317949691293E-01
 0.158995816861988E-01
 0.161363854116980E-01
 0.163875627545145E-01
 0.166047666594577E-01
 0.168301051436333E-01
 0.170292040422027E-01
 0.172217709731191E-01
 0.174121892877153E-01
 0.175731504172682E-01
 0.177458232194511E-01
 0.178924606057250E-01
 0.180470345084525E-01
 0.181776181911511E-01
 0.183017246190333E-01
 0.184356746764870E-01
 0.185293375054107E-01
 0.186463101348786E-01
 0.187401745565633E-01
 0.188317786597523E-01
 0.189118370308291E-01
 0.189747878809937E-01
 0.190592709276088E-01
 0.191057216032603E-01
 0.191739875195716E-01
 0.192271705476857E-01
 0.192703799230566E-01
 0.193209829062010E-01
 0.193461012110877E-01
 0.193976827249716E-01
 0.193889095510391E-01
 0.193205862919992E-01
 0.191938470557773E-01
 0.190100140801284E-01
 0.188134727386949E-01
 0.186094987564540E-01
 0.183506065336787E-01
 0.180380427765168E-01
 0.176733694023238E-01
 0.172584303840927E-01
 0.167952885886166E-01
 0.162861642777557E-01
 0.157333985869184E-01
 0.151394459775562E-01
 0.145068816292191E-01
 0.138384040006711E-01
 0.131368217091315E-01
 0.124050293818273E-01
 0.116459868291316E-01
 0.108627127568855E-01
 0.100582919494093E-01
 0.923588406352365E-02
 0.839872115467901E-02
 0.783688388161609E-02
 0.799547701441858E-02
 0.815677592401430E-02
 0.829947844853660E-02
 0.844932064125067E-02
 0.858261476072133E-02
 0.871901526726383E-02
 0.884405239190794E-02
 0.896631530172775E-02
 0.908798694351323E-02
 0.919360361321554E-02
 0.930729355576028E-02
 0.940329727807836E-02
 0.950435550791029E-02
 0.959948134485043E-02
 0.968603070711799E-02
 0.977266184032691E-02
 0.984386427502606E-02
 0.992837539421957E-02
 0.999493773286860E-02
 0.100649866962748E-01
 0.101341221714597E-01
 0.101905885980023E-01
 0.102514257810162E-01
 0.103012151864053E-01
 0.103576926914760E-01
 0.104026080653545E-01
 0.104457817997907E-01
 0.104889282773169E-01
 0.105202948710685E-01
 0.105643195866122E-01
 0.105909470723281E-01
 0.106255312234568E-01
 0.106338422263928E-01
 0.109348240664487E-01
 0.113843947674421E-01
 0.118484610348550E-01
 0.123253669087421E-01
 0.128134327577748E-01
 0.133110211862632E-01
 0.138165460083635E-01
 0.143288690464943E-01
 0.148617521774168E-01
 0.153987873047506E-01
 0.159380340574396E-01
 0.164776935569828E-01
 0.170160160565556E-01
 0.175615063536143E-01
 0.181173710462571E-01
 0.186682212342657E-01
 0.192115757092341E-01
 0.197528142633958E-01
 0.203030974293784E-01
 0.208400388275623E-01
 0.213611747781282E-01
 0.218800591364822E-01
 0.224004488610397E-01
 0.228995012807068E-01
 0.233778114474809E-01
 0.238684292851216E-01
 0.243319256081942E-01
 0.247699200446094E-01
 0.252203313067855E-01
 0.256387161428150E-01
 0.260349274799749E-01
 0.264330394609436E-01
 0.267934188492718E-01
 0.271537577216345E-01
 0.274906290492795E-01
 0.277967739842656E-01
 0.281071584563768E-01
 0.283715931002695E-01
 0.286498772349496E-01
 0.288829276616679E-01
 0.291097980365432E-01
 0.293104538478146E-01
 0.295048000673429E-01
 0.296721589635026E-01
 0.298240148512115E-01
 0.299565791853030E-01
 0.300826162074104E-01
 0.301793385308660E-01
 0.302687719996676E-01
 0.303285165096868E-01
 0.304000887014398E-01
 0.304239525743208E-01
 0.304706723932124E-01
 0.304770346183775E-01
 0.304921259530902E-01
 0.304827800422867E-01
 0.304647564136100E-01
 0.304459704988858E-01
 0.303947967061555E-01
 0.303709577398948E-01
 0.303051069153517E-01
 0.302523656930319E-01
 0.301844497060720E-01
 0.301004530272194E-01
 0.300259424386899E-01
 0.299222759740149E-01
 0.298439264054883E-01
 0.297338717314995E-01
 0.296273468192494E-01
 0.295310921975788E-01
 0.293981253515704E-01
 0.291982205044684E-01
 0.289303175262297E-01
 0.285935832041519E-01
 0.281873647879697E-01
 0.277423958179300E-01
 0.273128483413764E-01
 0.268142696806464E-01
 0.262467689901890E-01
 0.256106401155613E-01
 0.249063253754987E-01
 0.241344165049362E-01
 0.232956876643307E-01
 0.223911469973051E-01
 0.214220913674671E-01
 0.203901503138812E-01
 0.192973076199397E-01
 0.187869518880535E-01
 0.194621464561876E-01
 0.201383980070464E-01
 0.207931504618843E-01
 0.214374043474072E-01
 0.220580521231992E-01
 0.226655711581403E-01
 0.232582546017045E-01
 0.238263383571310E-01
 0.243813706432071E-01
 0.249091237359205E-01
 0.254388385201402E-01
 0.259239197470223E-01
 0.264214243079525E-01
 0.268616135255853E-01
 0.273293263100065E-01
 0.277392321585943E-01
 0.281621787941023E-01
 0.285467327820342E-01
 0.289239187673861E-01
 0.292811317669158E-01
 0.296108734863236E-01
 0.299469261010395E-01
 0.302304409272518E-01
 0.305474126006463E-01
 0.308095947045058E-01
 0.310818023220778E-01
 0.313290616683436E-01
 0.315564567565721E-01
 0.317860494524790E-01
 0.319687468978567E-01
 0.321862320690048E-01
 0.323506940869331E-01
 0.325293762646314E-01
 0.326880779865692E-01
 0.328259079130623E-01
 0.329747270740634E-01
 0.330732189132180E-01
 0.332147111840757E-01
 0.333078949173910E-01
 0.334111983233364E-01
 0.335023193166243E-01
 0.335688292354317E-01
 0.335513995875464E-01
 0.334508350094669E-01
 0.332682404006076E-01
 0.330050073022830E-01
 0.326700048518930E-01
 0.323747340665587E-01
 0.320021660356581E-01
 0.315540759918794E-01
 0.310325264871536E-01
 0.304398712903462E-01
 0.297787396283421E-01
 0.290520031466868E-01
 0.282627311642751E-01
 0.274141444606545E-01
 0.265095815861915E-01
 0.255524898270557E-01
 0.245464435268908E-01
 0.234951795527597E-01
 0.224026310961075E-01
 0.212729420358217E-01
 0.201104533412966E-01
 0.189196639141378E-01
 0.177051747966933E-01
 0.164716264574803E-01
 0.152236367206008E-01
 0.139657451319134E-01
 0.127023690959616E-01
 0.114377768026644E-01
 0.101760804520109E-01
 0.892125026914573E-02
 0.870921424604945E-02
 0.887771159704827E-02
 0.902319089981836E-02
 0.918358640819779E-02
 0.933360822926593E-02
 0.946834445854819E-02
 0.961563873227108E-02
 0.974407227788959E-02
 0.987664295191715E-02
 0.100007983644850E-01
 0.101082951468845E-01
 0.102328074240626E-01
 0.103327909098698E-01
 0.104410269604873E-01
 0.105420820818580E-01
 0.106268736824595E-01
 0.107314410233951E-01
 0.108097678274020E-01
 0.109002873596323E-01
 0.109852299703334E-01
 0.110548770813582E-01
 0.111353619484507E-01
 0.111985903488601E-01
 0.112782526681687E-01
 0.113361038595242E-01
 0.113947356474610E-01
 0.114032800989641E-01
 0.113637078082283E-01
 0.112783013278018E-01
 0.112065806117621E-01
 0.111046210574023E-01
 0.109612356316206E-01
 0.107789501117007E-01
 0.105604826211527E-01
 0.103087281947919E-01
 0.100267275588990E-01
 0.971762530545611E-02
 0.938462649010630E-02
 0.903096227043897E-02
 0.865987284339362E-02
 0.827460953320074E-02
 0.787844986570394E-02
 0.792603896392491E-02
 0.837328420568584E-02
 0.882156720479309E-02
 0.927288968869676E-02
 0.974521281269086E-02
 0.102148316140198E-01
 0.106796405594666E-01
 0.111593906888570E-01
 0.116389531557380E-01
 0.121091871091784E-01
 0.125798851798770E-01
 0.130576593602251E-01
 0.135225144263131E-01
 0.139860247379669E-01
 0.144556297222131E-01
 0.149076584091662E-01
 0.153539067278459E-01
 0.158018343602920E-01
 0.162271011330277E-01
 0.166566923956186E-01
 0.170738334779906E-01
 0.174639341659050E-01
 0.178650601076139E-01
 0.182419322511527E-01
 0.186111146620633E-01
 0.189709407753307E-01
 0.192969596607543E-01
 0.196325691223156E-01
 0.199375106575288E-01
 0.202440974433352E-01
 0.205251870861066E-01
 0.207870884156964E-01
 0.210435349532281E-01
 0.212797304682592E-01
 0.215091992159595E-01
 0.217046790659586E-01
 0.219073498005614E-01
 0.220830141677082E-01
 0.222572712912547E-01
 0.224046814863868E-01
 0.225517535644577E-01
 0.226765555115478E-01
 0.227936366120292E-01
 0.228973803962066E-01
 0.229851311282617E-01
 0.230678959774314E-01
 0.231254908150021E-01
 0.231979390508442E-01
 0.232283767887204E-01
 0.232791907681354E-01
 0.233079099793519E-01
 0.233310991793104E-01
 0.233384426819643E-01
 0.233335130229470E-01
 0.233503964672799E-01
 0.233193373685997E-01
 0.233140876218896E-01
 0.232986036846601E-01
 0.232683578791226E-01
 0.232319797240756E-01
 0.231829236627914E-01
 0.231564235091004E-01
 0.230896246229612E-01
 0.230397691851776E-01
 0.229945947946182E-01
 0.229223660831420E-01
 0.227959538291096E-01
 0.226153840205411E-01
 0.223809373296736E-01
 0.220931105005097E-01
 0.217700028286459E-01
 0.214640053610406E-01
 0.211063505714098E-01
 0.206978960748680E-01
 0.202396747887755E-01
 0.197329152203325E-01
 0.191790655438306E-01
 0.185798106842830E-01
 0.179370756358099E-01
 0.172530146803369E-01
 0.165299909810282E-01
 0.157705518879083E-01
 0.149774031638206E-01
 0.141533830544597E-01
 0.133014366170986E-01
 0.124245916094069E-01
 0.115259378994280E-01
 0.106086118861657E-01
 0.967578631866990E-02
 0.873066511135651E-02
 0.777648253392248E-02
 0.681650605914956E-02
 0.664741560214539E-02
 0.684698678107392E-02
 0.705780364625158E-02
 0.725106416409902E-02
 0.743650252673625E-02
 0.763356103850974E-02
 0.780838457109731E-02
 0.799106230776596E-02
 0.816435781798143E-02
 0.832163261021386E-02
 0.849519847052093E-02
 0.864195198234037E-02
 0.879882069319507E-02
 0.894778030423899E-02
 0.908163420685754E-02
 0.922820137759574E-02
 0.935433378773691E-02
 0.949261712804428E-02
 0.961231261879881E-02
 0.972832643885576E-02
 0.985401638897362E-02
 0.994864541234796E-02
 0.100699576954435E-01
 0.101710879210953E-01
 0.102763062239196E-01
 0.103309816413023E-01
 0.103357287421775E-01
 0.103041063862300E-01
 0.102870650829249E-01
 0.102223434128758E-01
 0.101111712921502E-01
 0.995493827661272E-02
 0.975515808362766E-02
 0.951345324065851E-02
 0.923156918856799E-02
 0.891141390656502E-02
 0.855510684979874E-02
 0.816501530316095E-02
 0.774375944201226E-02
 0.729417832831428E-02
 0.681926398264403E-02
 0.632208382509179E-02
 0.580571694449502E-02
 0.545413849900911E-02
 0.544644774349075E-02
 0.544571546570904E-02
 0.543383240070321E-02
 0.542309021459628E-02
 0.541230509783410E-02
 0.538873488717380E-02
 0.537772060631065E-02
 0.535747225339433E-02
 0.532752554116860E-02
 0.531473686938458E-02
 0.528588065590869E-02
 0.525875644320483E-02
 0.523429960842973E-02
 0.519971869359730E-02
 0.517896029808835E-02
 0.514560769675129E-02
 0.510775205743580E-02
 0.508995828142651E-02
 0.504715769214752E-02
 0.501957960627502E-02
 0.517901720914021E-02
 0.542988847197306E-02
 0.566347814969336E-02
 0.590452173360359E-02
 0.613117193044301E-02
 0.635387996609043E-02
 0.657108132332764E-02
 0.677282862763693E-02
 0.698139399736284E-02
 0.716448653401647E-02
 0.735488137646156E-02
 0.753375973102590E-02
 0.770019405177235E-02
 0.786842390767455E-02
 0.802063858403943E-02
 0.817853046973130E-02
 0.832047425130185E-02
 0.845402139483167E-02
 0.859586140501072E-02
 0.871169729931254E-02
 0.883774645468060E-02
 0.895224677322760E-02
 0.905230667645906E-02
 0.916133290750657E-02
 0.925033319587753E-02
 0.934641582766069E-02
 0.943272566073125E-02
 0.950421578826109E-02
 0.959058437329824E-02
 0.965448058160435E-02
 0.972620337237441E-02
 0.978707408904171E-02
 0.983394516700398E-02
 0.990201920866307E-02
 0.993790798407966E-02
 0.999027882330427E-02
 0.100392674002160E-01
 0.100701579590812E-01
 0.101108810478321E-01
 0.101384037938452E-01
 0.101777574293402E-01
 0.106816652309545E-01
 0.112327619957416E-01
 0.117609535799792E-01
 0.123081213357127E-01
 0.128368868802427E-01
 0.133613142342768E-01
 0.138856009643534E-01
 0.143828953606734E-01
 0.148985827649172E-01
 0.153790613453524E-01
 0.158666894317508E-01
 0.163315843272209E-01
 0.167915887095977E-01
 0.172375683773063E-01
 0.176604506004125E-01
 0.180820101486810E-01
 0.184754850786781E-01
 0.188704207374463E-01
 0.192254763761668E-01
 0.195901860606674E-01
 0.199182711105554E-01
 0.202508403361367E-01
 0.205406284424392E-01
 0.208386690968975E-01
 0.211083948297229E-01
 0.213710996223677E-01
 0.216093646908620E-01
 0.218354158818641E-01
 0.220561261796403E-01
 0.222436447491094E-01
 0.224393283035857E-01
 0.225930194331996E-01
 0.227677470729417E-01
 0.229018924062052E-01
 0.230381440205472E-01
 0.231577331406172E-01
 0.232557500724014E-01
 0.233656852563344E-01
 0.234332682448426E-01
 0.235265306231703E-01
 0.235918918222678E-01
 0.236491965578642E-01
 0.237025811193271E-01
 0.237228766704059E-01
 0.237789110903479E-01
 0.237892031660603E-01
 0.238131353120299E-01
 0.238344848286034E-01
 0.238244585784094E-01
 0.238367552741292E-01
 0.238199739222204E-01
 0.238216569118611E-01
 0.238023056727354E-01
 0.237745830575003E-01
 0.237645590625565E-01
 0.237062605208556E-01
 0.235750832146171E-01
 0.233707230263648E-01
 0.230930201212423E-01
 0.227997694473724E-01
 0.224952072356902E-01
 0.221187944980107E-01
 0.216714582096076E-01
 0.211544553249873E-01
 0.205693258377507E-01
 0.199178399168025E-01
 0.192019500811954E-01
 0.184237591916522E-01
 0.175855122460778E-01
 0.166896137886799E-01
 0.157386649188551E-01
 0.151058091208801E-01
 0.155185319359830E-01
 0.159329654229494E-01
 0.163139498683783E-01
 0.167131568693535E-01
 0.170684840100203E-01
 0.174314868158754E-01
 0.177735613963197E-01
 0.180973625619741E-01
 0.184163528230575E-01
 0.187007125882394E-01
 0.190052752229760E-01
 0.192684272917861E-01
 0.195395593682803E-01
 0.197852164552303E-01
 0.200152665375527E-01
 0.202485923412473E-01
 0.204377742766131E-01
 0.206577913026640E-01
 0.208413759541386E-01
 0.210229524006983E-01
 0.211937087325498E-01
 0.213367745494640E-01
 0.215087036133346E-01
 0.216326231562460E-01
 0.217734098308535E-01
 0.218997477966811E-01
 0.220032499337591E-01
 0.221201782269846E-01
 0.222008658248907E-01
 0.223089065585631E-01
 0.223842941061744E-01
 0.224591806145854E-01
 0.225364882228177E-01
 0.225782352071571E-01
 0.226588218799236E-01
 0.226999654981118E-01
 0.227559018399341E-01
 0.227360271432787E-01
 0.226407259097352E-01
 0.224706288929925E-01
 0.222277537906462E-01
 0.220281913685882E-01
 0.217565830435761E-01
 0.214141897864029E-01
 0.210025848975382E-01
 0.205236659071267E-01
 0.199796367911543E-01
 0.193729609651130E-01
 0.187062955702196E-01
 0.179824264814280E-01
 0.172042258935086E-01
 0.163746466709784E-01
 0.154967521769860E-01
 0.145737647616903E-01
 0.136389524186428E-01
 0.139788769181720E-01
 0.142910242219102E-01
 0.146086694477232E-01
 0.148995929526367E-01
 0.151953141359790E-01
 0.154624826262847E-01
 0.157379543225308E-01
 0.159792868414166E-01
 0.162293952227098E-01
 0.164494564274778E-01
 0.166809979296263E-01
 0.168743522348036E-01
 0.170790736370592E-01
 0.172607923564993E-01
 0.174402699100441E-01
 0.175981801304529E-01
 0.177518933660571E-01
 0.179059828409666E-01
 0.180335611950801E-01
 0.181628390728620E-01
 0.182729760414899E-01
 0.183946846177011E-01
 0.184858938518490E-01
 0.185843452571200E-01
 0.186775202614006E-01
 0.187524985783390E-01
 0.188289491954746E-01
 0.188876812367708E-01
 0.189602739916640E-01
 0.190058305306667E-01
 0.190558502612440E-01
 0.191010643229179E-01
 0.191290835531268E-01
 0.191677850553925E-01
 0.191824079003996E-01
 0.192127549506111E-01
 0.192274313523947E-01
 0.192389585998446E-01
 0.192534828188250E-01
 0.192465297414459E-01
 0.191973361576239E-01
 0.191079724407621E-01
 0.189807556862009E-01
 0.188181564300813E-01
 0.186227163799073E-01
 0.183969983964897E-01
 0.181765857750711E-01
 0.179385906027692E-01
 0.176745129504910E-01
 0.173873464658692E-01
 0.170800375654222E-01
 0.167554243455228E-01
 0.164162280549098E-01
 0.160650933243371E-01
 0.157046549273470E-01
 0.153375994660233E-01
 0.149666935810259E-01
 0.145947650451701E-01
 0.142246435235195E-01
 0.141006018681547E-01
 0.143316578984972E-01
 0.145572857025580E-01
 0.147883574812177E-01
 0.150104560576180E-01
 0.152217519287482E-01
 0.154242630256178E-01
 0.156312555624607E-01
 0.158234587030046E-01
 0.159985318661937E-01
 0.161736961507258E-01
 0.163354592073151E-01
 0.164792234560876E-01
 0.166274839213701E-01
 0.167523222248125E-01
 0.168649265404866E-01
 0.169738003342437E-01
 0.170622213031173E-01
 0.171533162126881E-01
 0.172149902824712E-01
 0.172800924452451E-01
 0.173214400268932E-01
 0.173707357952261E-01
 0.173900903808807E-01
 0.174088455024744E-01
 0.174063535125852E-01
 0.174170404851936E-01
 0.173915379383796E-01
 0.173801019892023E-01
 0.173477020364258E-01
 0.173161464553049E-01
 0.172696432681718E-01
 0.172177573234597E-01
 0.171687804871487E-01
 0.170961571789256E-01
 0.170411050648858E-01
 0.169627963229820E-01
 0.168888967685227E-01
 0.168081783374633E-01
 0.167145918362777E-01
 0.166293286132901E-01
 0.165283046751359E-01
 0.164379067917708E-01
 0.163323627110889E-01
 0.162250131496689E-01
 0.161355013905898E-01
 0.160145752027791E-01
 0.159159822163418E-01
 0.158125678036314E-01
 0.156975069130896E-01
 0.155397265887318E-01
 0.153379845763037E-01
 0.150911586156381E-01
 0.148043954054131E-01
 0.145441075285914E-01
 0.142375596790368E-01
 0.138840337704277E-01
 0.134830731140837E-01
 0.130344573720680E-01
 0.133757656360807E-01
 0.139539575032606E-01
 0.145362064482108E-01
 0.151005042348198E-01
 0.156657993776089E-01
 0.162027918048158E-01
 0.167487442141065E-01
 0.172679920942578E-01
 0.177899788138630E-01
 0.182760555621761E-01
 0.187700783462946E-01
 0.192352202418354E-01
 0.196985154294892E-01
 0.201268616824635E-01
 0.205566569677945E-01
 0.209631878650783E-01
 0.213589110992784E-01
 0.217320024268098E-01
 0.220925711135024E-01
 0.224467211623526E-01
 0.227704922605286E-01
 0.230939183329190E-01
 0.233803358797750E-01
 0.236878100209112E-01
 0.239427931673911E-01
 0.242152557020007E-01
 0.244563534359762E-01
 0.246918020494745E-01
 0.249116056443448E-01
 0.251098150318041E-01
 0.253187016782733E-01
 0.254810381283555E-01
 0.256719052856397E-01
 0.258252247300958E-01
 0.259809401705403E-01
 0.261240530942136E-01
 0.262447594820195E-01
 0.263785711139782E-01
 0.264726005683000E-01
 0.265936984748808E-01
 0.266808871928803E-01
 0.267691284167891E-01
 0.268518991914115E-01
 0.269085620926952E-01
 0.269896119277589E-01
 0.270304952239248E-01
 0.270953983569307E-01
 0.270912702711165E-01
 0.270179357887473E-01
 0.268754270512103E-01
 0.266640479954601E-01
 0.263844348771065E-01
 0.261295704612748E-01
 0.258236761781810E-01
 0.254522008025150E-01
 0.250166493771856E-01
 0.245188285642914E-01
 0.239607992447372E-01
 0.233448208110221E-01
 0.226732976977426E-01
 0.219487395028997E-01
 0.211737431439236E-01
 0.203510000576105E-01
 0.194833250693908E-01
 0.185736976129364E-01
 0.176253020075135E-01
 0.166415530500911E-01
 0.156260967854676E-01
 0.145827827682872E-01
 0.135156112068100E-01
 0.124286643445723E-01
 0.113260355423991E-01
 0.102117711147408E-01
 0.908983780060708E-02
 0.920988857741649E-02
 0.938926102299842E-02
 0.954602211667435E-02
 0.971127824337691E-02
 0.986451262197521E-02
 0.100014778076985E-01
 0.101531058571014E-01
 0.102816437571302E-01
 0.104151792438493E-01
 0.105437579570889E-01
 0.106510798805225E-01
 0.107807852656983E-01
 0.108847766195923E-01
 0.109918398168655E-01
 0.110977963889391E-01
 0.111802310369784E-01
 0.112869953292624E-01
 0.113680827774907E-01
 0.114543061453799E-01
 0.115358968277443E-01
 0.115988656070173E-01
 0.116866567728276E-01
 0.117439088788352E-01
 0.118167244921581E-01
 0.118828691471974E-01
 0.119343906511606E-01
 0.119977909592422E-01
 0.120280730771978E-01
 0.120061051027479E-01
 0.119335458586216E-01
 0.118418112973520E-01
 0.117499245802180E-01
 0.116103201417463E-01
 0.114251172928588E-01
 0.111966625030313E-01
 0.109275005182342E-01
 0.106203504413547E-01
 0.102780823396778E-01
 0.990369305257042E-02
 0.950028369679476E-02
 0.907104234508280E-02
 0.861923374271645E-02
 0.814819593077716E-02
 0.766134217810315E-02
 0.763657756275466E-02
 0.818781739867013E-02
 0.874556092165928E-02
 0.933694387240728E-02
 0.993442108045793E-02
 0.105338449252905E-01
 0.111534132999451E-01
 0.117870955098073E-01
 0.124179458411201E-01
 0.130500487198633E-01
 0.137070979333286E-01
 0.143565609733403E-01
 0.149970270606034E-01
 0.156679257524896E-01
 0.163264140233255E-01
 0.169700107531653E-01
 0.176372053501746E-01
 0.182926343980704E-01
 0.189270560553221E-01
 0.195810430550952E-01
 0.202172019663277E-01
 0.208258062725781E-01
 0.214544023655733E-01
 0.220562545509801E-01
 0.226344066814445E-01
 0.232247266605694E-01
 0.237784619424263E-01
 0.243203429415133E-01
 0.248552611390166E-01
 0.253483884860092E-01
 0.258598111159087E-01
 0.263289439054156E-01
 0.267824315745518E-01
 0.272233005263243E-01
 0.276302376440521E-01
 0.280420061014562E-01
 0.284015830698338E-01
 0.287766045005863E-01
 0.291009840131325E-01
 0.294322809777071E-01
 0.297204848210715E-01
 0.300054753684670E-01
 0.302556481293379E-01
 0.305038961812930E-01
 0.307149524236079E-01
 0.309250264203202E-01
 0.310964889127848E-01
 0.312766098565019E-01
 0.314076750285267E-01
 0.315603452357420E-01
 0.316596057029212E-01
 0.317765447233885E-01
 0.318551701351043E-01
 0.319335533186169E-01
 0.319898281107536E-01
 0.320286780397884E-01
 0.320748294808576E-01
 0.320753416479327E-01
 0.321028416909471E-01
 0.320974097569538E-01
 0.320948662568344E-01
 0.320720929230693E-01
 0.320337241346245E-01
 0.320174959318992E-01
 0.319488953109455E-01
 0.319150094129230E-01
 0.318589132517933E-01
 0.317930881700698E-01
 0.317263671107267E-01
 0.316333208409023E-01
 0.315778350700627E-01
 0.314498218439594E-01
 0.312490360290126E-01
 0.309754698875476E-01
 0.306293295162117E-01
 0.302110187604888E-01
 0.297750948976742E-01
 0.293316773248471E-01
 0.288176709439613E-01
 0.282343332377788E-01
 0.275832991119209E-01
 0.268664618315780E-01
 0.260858527361388E-01
 0.252435679923586E-01
 0.243417677676159E-01
 0.233827390280742E-01
 0.223689856027501E-01
 0.213033012814181E-01
 0.201887945222307E-01
 0.190288571637891E-01
 0.178270918519779E-01
 0.165872256297971E-01
 0.153130385640724E-01
 0.140083284831586E-01
 0.133347004705343E-01
 0.137336303930392E-01
 0.141521601444542E-01
 0.145426176259486E-01
 0.149290205067530E-01
 0.153040999919534E-01
 0.156571870708890E-01
 0.160185758745113E-01
 0.163453205151986E-01
 0.166868258228250E-01
 0.169982393131486E-01
 0.173063941061213E-01
 0.176093571530995E-01
 0.178840552256407E-01
 0.181704242587087E-01
 0.184258381054130E-01
 0.186925743774026E-01
 0.189315802956539E-01
 0.191659892029674E-01
 0.194022688877279E-01
 0.196026660998233E-01
 0.198226175413628E-01
 0.200131103055297E-01
 0.202093419873528E-01
 0.203847127628919E-01
 0.205490995167291E-01
 0.207231727716187E-01
 0.208587896518780E-01
 0.210215849230688E-01
 0.211554731736592E-01
 0.212946709302743E-01
 0.214179282127632E-01
 0.215298208077068E-01
 0.216552414394775E-01
 0.217392471594265E-01
 0.217624491136706E-01
 0.217264353159083E-01
 0.216329945187899E-01
 0.214840661575387E-01
 0.213339365155325E-01
 0.211608245896672E-01
 0.209359970156993E-01
 0.206619878543067E-01
 0.203413555338763E-01
 0.199766475782488E-01
 0.195704106409778E-01
 0.191252312528168E-01
 0.186437870808139E-01
 0.181288887830561E-01
 0.175834973387930E-01
 0.170107104869548E-01
 0.164137235041547E-01
 0.157957802095870E-01
 0.151601338758003E-01
 0.145100308151450E-01
 0.138487145806363E-01
 0.131794351350534E-01
 0.125054443016095E-01
 0.118299682634385E-01
 0.111561626027784E-01
 0.104870648745289E-01
 0.982555870740739E-02
 0.917435525086313E-02
 0.853599008479384E-02
 0.791283112769436E-02
 0.730709399364626E-02
 0.672086104726541E-02
 0.615609727414052E-02
 0.561465328505371E-02
 0.509824836051719E-02
 0.460843579546817E-02
 0.414656414938634E-02
 0.371375325061142E-02
 0.331089756018887E-02
 0.293869380971340E-02
 0.264746400313373E-02
 0.266741354930720E-02
 0.268615488660398E-02
 0.269455711832007E-02
 0.270450749961398E-02
 0.271058763887255E-02
 0.271349164778819E-02
 0.271201960345874E-02
 0.270942892757243E-02
 0.270990010147833E-02
 0.294751896500834E-02
 0.328254994056598E-02
 0.364655321280863E-02
 0.401933042980335E-02
 0.440088796080480E-02
 0.481033596606289E-02
 0.522460033875748E-02
 0.565618754445747E-02
 0.610361231152268E-02
 0.655220265232559E-02
 0.702053296783889E-02
 0.749771128774826E-02
 0.797193312885073E-02
 0.846441952836385E-02
 0.896001048185142E-02
 0.944910972692292E-02
 0.996480598181663E-02
 0.104731722216773E-01
 0.109702728192488E-01
 0.114891257113171E-01
 0.119965195496487E-01
 0.124965679271242E-01
 0.130112577750945E-01
 0.135079133819774E-01
 0.140013426588501E-01
 0.144989880447069E-01
 0.149738853559226E-01
 0.154552070833524E-01
 0.159238768741542E-01
 0.163749525244704E-01
 0.168345648934125E-01
 0.172628974463178E-01
 0.176893854101838E-01
 0.180993508264347E-01
 0.184964204321219E-01
 0.188883154765684E-01
 0.192454334767111E-01
 0.196125582632095E-01
 0.199388298352655E-01
 0.202815916499696E-01
 0.205805627292027E-01
 0.208812143745407E-01
 0.211527758136191E-01
 0.214343968709616E-01
 0.216760524409564E-01
 0.219170775359871E-01
 0.221284019563055E-01
 0.223565297486147E-01
 0.225350025913392E-01
 0.227285307901146E-01
 0.228877166021026E-01
 0.230537269077637E-01
 0.231851322685044E-01
 0.233185084530501E-01
 0.234392531914793E-01
 0.235393835531631E-01
 0.236409445606334E-01
 0.237077643426120E-01
 0.238006275831595E-01
 0.238535203252796E-01
 0.239154268767139E-01
 0.239622041655541E-01
 0.239922416557125E-01
 0.240348591447050E-01
 0.240392667846107E-01
 0.240699723485501E-01
 0.240771063497826E-01
 0.240789953831158E-01
 0.240779679505981E-01
 0.240515730323458E-01
 0.240583190230360E-01
 0.240225908769208E-01
 0.240049831811567E-01
 0.239820077641785E-01
 0.239391247619044E-01
 0.238335449035341E-01
 0.236645733301324E-01
 0.234317325178711E-01
 0.231347809833934E-01
 0.228376630187415E-01
 0.225172229566465E-01
 0.221343925095524E-01
 0.216898144993672E-01
 0.211842629948574E-01
 0.206186544749031E-01
 0.199940827573876E-01
 0.193118533040528E-01
 0.185735070799351E-01
 0.177808400542501E-01
 0.169359270501945E-01
 0.160411472141471E-01
 0.150991956090862E-01
 0.141130652083835E-01
 0.130859978909345E-01
 0.132669539704125E-01
 0.136073649730362E-01
 0.139412507473570E-01
 0.142472875128243E-01
 0.145735037783817E-01
 0.148574841488452E-01
 0.151474119497055E-01
 0.154299901171074E-01
 0.156808873863024E-01
 0.159464464176266E-01
 0.161797471924300E-01
 0.164192666151923E-01
 0.166404562948894E-01
 0.168415302916842E-01
 0.170589559078141E-01
 0.172353409726572E-01
 0.174307039830862E-01
 0.176053748048885E-01
 0.177631489149738E-01
 0.179306326816953E-01
 0.180602848567705E-01
 0.182165403301474E-01
 0.183447586723175E-01
 0.184669884547395E-01
 0.185950842666399E-01
 0.186861156665469E-01
 0.188147667404083E-01
 0.189053121695865E-01
 0.190019611915689E-01
 0.190953958724208E-01
 0.191606777857975E-01
 0.192558969858792E-01
 0.193078076458923E-01
 0.193862395848804E-01
 0.193897934830655E-01
 0.193184690347255E-01
 0.191725233934603E-01
 0.190043864926082E-01
 0.188297946702787E-01
 0.185828831873875E-01
 0.182646482137049E-01
 0.178763535996404E-01
 0.174195167441959E-01
 0.168959107159758E-01
 0.163075754075532E-01
 0.156568178670801E-01
 0.151535379208461E-01
 0.155313825487699E-01
 0.159051280274815E-01
 0.162565563022882E-01
 0.166025750239465E-01
 0.169231508548816E-01
 0.172392034909024E-01
 0.175331581499346E-01
 0.178170312791298E-01
 0.180831399058646E-01
 0.183344721843156E-01
 0.185785570686089E-01
 0.187965591189021E-01
 0.190208960009513E-01
 0.192050179113363E-01
 0.194094295533092E-01
 0.195740888775335E-01
 0.197453052968964E-01
 0.198920782892511E-01
 0.200284103244264E-01
 0.201650892312383E-01
 0.202676007921502E-01
 0.203875403531098E-01
 0.204752821282197E-01
 0.205710200621253E-01
 0.206471995943297E-01
 0.207102463754904E-01
 0.207864782642171E-01
 0.208210502910052E-01
 0.208819238245044E-01
 0.209184209297847E-01
 0.209498360752712E-01
 0.209833034163076E-01
 0.209865532109462E-01
 0.210227292868895E-01
 0.210241421311865E-01
 0.210317714047822E-01
 0.210376437451005E-01
 0.210176393549280E-01
 0.210251603852931E-01
 0.209960510196974E-01
 0.209885014943672E-01
 0.209187155705392E-01
 0.207878100968934E-01
 0.205970556719620E-01
 0.203478952886292E-01
 0.200932380853890E-01
 0.198223395829394E-01
 0.194960440217339E-01
 0.191166242804291E-01
 0.186865661910774E-01
 0.182085294394907E-01
 0.176853369103267E-01
 0.171199752031623E-01
 0.165155789950383E-01
 0.158753855060620E-01
 0.152026722750457E-01
 0.145007105164460E-01
 0.137727620623134E-01
 0.130221228146314E-01
 0.122521879759825E-01
 0.114665034683539E-01
 0.106687795864006E-01
 0.986286584964429E-02
 0.905270243833934E-02
 0.824226388496257E-02
 0.743550010409780E-02
 0.663627221254558E-02
 0.584828505294938E-02
 0.573683892521185E-02
 0.602195447515073E-02
 0.630023750482980E-02
 0.659660253892708E-02
 0.688418981264272E-02
 0.716282675104588E-02
 0.745468659382427E-02
 0.773302659081136E-02
 0.800787499551310E-02
 0.828578175676204E-02
 0.854564740296623E-02
 0.880720482002584E-02
 0.905903245524003E-02
 0.929692022597476E-02
 0.953944252266505E-02
 0.975754807184190E-02
 0.997973053620841E-02
 0.101836583151674E-01
 0.103881307257765E-01
 0.105761076566279E-01
 0.107490567383863E-01
 0.109181169979911E-01
 0.110763648104182E-01
 0.112247279528451E-01
 0.113495574687396E-01
 0.114749914141344E-01
 0.115924542193366E-01
 0.116942320364364E-01
 0.117853075561828E-01
 0.118625463773207E-01
 0.119464181598827E-01
 0.119959277054741E-01
 0.120582161261938E-01
 0.120998630480860E-01
 0.121390492686384E-01
 0.121670639303198E-01
 0.121804708975641E-01
 0.122042618215393E-01
 0.122027069722004E-01
 0.122112134592571E-01
 0.122082708632275E-01
 0.121914398111689E-01
 0.121872839291649E-01
 0.121554411783314E-01
 0.121374189017220E-01
 0.121128098567233E-01
 0.120718908692565E-01
 0.120419969353939E-01
 0.120010727977951E-01
 0.119646910101469E-01
 0.119126232589696E-01
 0.118541568481276E-01
 0.118249884563197E-01
 0.117555274285005E-01
 0.117074517987501E-01
 0.116663771892841E-01
 0.115986186587772E-01
 0.115439646254087E-01
 0.114819136606549E-01
 0.114263435865302E-01
 0.113198498295470E-01
 0.111623612190353E-01
 0.109694729046008E-01
 0.107954238774373E-01
 0.105710806829960E-01
 0.102968331451470E-01
 0.106878845387205E-01
 0.110867961964937E-01
 0.114998327238497E-01
 0.118769021399507E-01
 0.122655710058643E-01
 0.126292469040303E-01
 0.130013396187349E-01
 0.133380079821827E-01
 0.136874075789133E-01
 0.140141527031193E-01
 0.143383573460486E-01
 0.146368802140242E-01
 0.149326990542085E-01
 0.152172916956169E-01
 0.154844909329525E-01
 0.157476286170423E-01
 0.159872896140143E-01
 0.162369105477450E-01
 0.164509362778844E-01
 0.166789674596669E-01
 0.168783113859924E-01
 0.170768690770918E-01
 0.172624739182398E-01
 0.174296541594745E-01
 0.176008000125343E-01
 0.177409273591348E-01
 0.179012135567753E-01
 0.180290404905046E-01
 0.181596111946964E-01
 0.182829168249058E-01
 0.183836927039778E-01
 0.184952003517009E-01
 0.185805912584244E-01
 0.186808085623301E-01
 0.187560000430514E-01
 0.188295402895501E-01
 0.189099091421566E-01
 0.189571018023405E-01
 0.190264617663564E-01
 0.190737066577619E-01
 0.191246643428993E-01
 0.191605921319250E-01
 0.191873203733614E-01
 0.192317314969378E-01
 0.192337008259364E-01
 0.191797098816707E-01
 0.190703219610012E-01
 0.189062659914021E-01
 0.186981098540223E-01
 0.185133183097369E-01
 0.182758635082280E-01
 0.179868163507836E-01
 0.176474650682814E-01
 0.172593036535014E-01
 0.168240145894441E-01
 0.163434554981625E-01
 0.158196548976442E-01
 0.152548171808645E-01
 0.146513334233711E-01
 0.140117921236821E-01
 0.133389813642371E-01
 0.126358722526188E-01
 0.119055761831461E-01
 0.111512775835767E-01
 0.103761566934952E-01
 0.958332624686181E-02
 0.877580460457680E-02
 0.795653478025820E-02
 0.712844033550798E-02
 0.684147586719406E-02
 0.696595740109265E-02
 0.709712435470805E-02
 0.721423416165956E-02
 0.733240100457697E-02
 0.744350551050009E-02
 0.754295140139520E-02
 0.765496730792002E-02
 0.774564190915994E-02
 0.784090558731683E-02
 0.793530340422629E-02
 0.801335836654430E-02
 0.810179693711387E-02
 0.817768688369379E-02
 0.825636761643943E-02
 0.833010304359353E-02
 0.839349091431593E-02
 0.847304999098000E-02
 0.853064142977888E-02
 0.859689036813595E-02
 0.865674335659286E-02
 0.870562540423032E-02
 0.876443122803794E-02
 0.880428062820223E-02
 0.885749037528896E-02
 0.889957558368765E-02
 0.893957739736460E-02
 0.898333408635156E-02
 0.901076129697128E-02
 0.900519653428030E-02
 0.896810186281539E-02
 0.890121008718506E-02
 0.883320722448164E-02
 0.875616450586228E-02
 0.865305243314430E-02
 0.909789670208115E-02
 0.961644590614686E-02
 0.101492948753795E-01
 0.106948840240557E-01
 0.112515398319840E-01
 0.118174658420828E-01
 0.124086857580468E-01
 0.130106392874057E-01
 0.136181184920556E-01
 0.142290847892545E-01
 0.148496407748990E-01
 0.154910075487432E-01
 0.161316866088686E-01
 0.167691751127125E-01
 0.174122039702813E-01
 0.180706464705070E-01
 0.187195851903928E-01
 0.193562444244733E-01
 0.200016329621010E-01
 0.206477365777949E-01
 0.212764909569107E-01
 0.218951943950509E-01
 0.225285703971619E-01
 0.231380543981360E-01
 0.237205858964001E-01
 0.243233602940480E-01
 0.248965763233663E-01
 0.254387251367200E-01
 0.260007985735192E-01
 0.265270221389831E-01
 0.270314676908975E-01
 0.275382282297434E-01
 0.280036957210411E-01
 0.284656856822664E-01
 0.289060582148394E-01
 0.293129004333775E-01
 0.297253708375925E-01
 0.300880112981604E-01
 0.304563871518812E-01
 0.307868857262272E-01
 0.311091159263167E-01
 0.314045787662140E-01
 0.316741639575827E-01
 0.319307923699324E-01
 0.321610608945242E-01
 0.323794879545563E-01
 0.325639715193105E-01
 0.327436103687279E-01
 0.329001025895526E-01
 0.330401166023185E-01
 0.331615314144384E-01
 0.332606758877524E-01
 0.333590476698133E-01
 0.334173835769998E-01
 0.334916453963899E-01
 0.335179958801514E-01
 0.335673947803511E-01
 0.335797442830899E-01
 0.335907689099837E-01
 0.335860967638152E-01
 0.335585976360242E-01
 0.335494947149571E-01
 0.334892601170055E-01
 0.334605998631233E-01
 0.334047294098003E-01
 0.333421091447622E-01
 0.332740056779710E-01
 0.331797529577872E-01
 0.331233154675062E-01
 0.330148627741172E-01
 0.329256769210628E-01
 0.328355041390122E-01
 0.327156891349233E-01
 0.325208234332925E-01
 0.322500780153133E-01
 0.319028878513611E-01
 0.314789579300161E-01
 0.309865473483757E-01
 0.305376630235600E-01
 0.300138065563169E-01
 0.294148517991390E-01
 0.287409280319825E-01
 0.279925577889037E-01
 0.271707435305606E-01
 0.262769755479442E-01
 0.253131667774659E-01
 0.242815469576499E-01
 0.231845570256517E-01
 0.220247751231630E-01
 0.208048875633180E-01
 0.195277017547179E-01
 0.189855423490285E-01
 0.196266664935273E-01
 0.202777836303971E-01
 0.208868760219842E-01
 0.215019395892043E-01
 0.220860774840531E-01
 0.226625031905883E-01
 0.232114231622620E-01
 0.237472497240725E-01
 0.242721679865729E-01
 0.247653760061840E-01
 0.252588981106550E-01
 0.257074413641178E-01
 0.261752471682968E-01
 0.265864248547891E-01
 0.270172774343570E-01
 0.274037253143958E-01
 0.277884087373406E-01
 0.281484888245408E-01
 0.284869906007442E-01
 0.288270657365657E-01
 0.291206775333984E-01
 0.294414820083996E-01
 0.297089116191530E-01
 0.299907798133223E-01
 0.302414146574623E-01
 0.304792787864644E-01
 0.307163674679569E-01
 0.309109562486709E-01
 0.311380484236760E-01
 0.313131802509843E-01
 0.315055415270960E-01
 0.316736871274960E-01
 0.318262152362911E-01
 0.319858669410694E-01
 0.320990694030366E-01
 0.322548114664985E-01
 0.323622477989590E-01
 0.324822562092179E-01
 0.325865902159529E-01
 0.326682957189719E-01
 0.326672478005424E-01
 0.325846645834240E-01
 0.324220199326835E-01
 0.321809613073515E-01
 0.318632618112846E-01
 0.315853565262321E-01
 0.312376406531260E-01
 0.308171272014571E-01
 0.303260425759553E-01
 0.297669007573725E-01
 0.291425235951747E-01
 0.284560285979822E-01
 0.277107847326482E-01
 0.269103525273145E-01
 0.260584283407376E-01
 0.251588025064119E-01
 0.242153272971848E-01
 0.232318860569961E-01
 0.222123631814249E-01
 0.211606269749361E-01
 0.200805401491620E-01
 0.189760001930429E-01
 0.178509921292710E-01
 0.167096245902128E-01
 0.155561255353638E-01
 0.143947940415514E-01
 0.132299276525825E-01
 0.120657468550425E-01
 0.109063329122956E-01
 0.975558598321915E-02
 0.861720492146001E-02
 0.749469057499415E-02
 0.647363328593118E-02
 0.660147624764473E-02
 0.671753220803552E-02
 0.684209331119515E-02
 0.695388817528647E-02
 0.705830925118760E-02
 0.717639879467884E-02
 0.727108347918521E-02
 0.737476803947886E-02
 0.747559143228580E-02
 0.755935952449264E-02
 0.765897621703470E-02
 0.774020343950287E-02
 0.782434003954113E-02
 0.790455497688188E-02
 0.797020406067959E-02
 0.805455451612839E-02
 0.811743513154075E-02
 0.818853772038310E-02
 0.824825076314325E-02
 0.830097737678399E-02
 0.837152232557322E-02
 0.841300125202316E-02
 0.847316512948830E-02
 0.849206959169787E-02
 0.847202985838325E-02
 0.841565367179202E-02
 0.836373844515279E-02
 0.829339439788807E-02
 0.819090274355903E-02
 0.805886676826722E-02
 0.789996975196764E-02
 0.771695929098779E-02
 0.751264233957436E-02
 0.728988694796473E-02
 0.722924634772561E-02
 0.760024761748975E-02
 0.798206014249570E-02
 0.836995802385516E-02
 0.875426125388603E-02
 0.913305254346801E-02
 0.952322885578799E-02
 0.990977488857219E-02
 0.102875821531392E-01
 0.106629154257922E-01
 0.110436492090672E-01
 0.114114669225409E-01
 0.117665229073506E-01
 0.121316490626849E-01
 0.124796558420177E-01
 0.128084701533299E-01
 0.131459215980990E-01
 0.134629601326458E-01
 0.137601502386444E-01
 0.140609272228361E-01
 0.143354619236607E-01
 0.145922586030386E-01
 0.148455589671131E-01
 0.150693861736185E-01
 0.152949341291318E-01
 0.154947506849731E-01
 0.156758574551779E-01
 0.158504265924103E-01
 0.159938801381233E-01
 0.161399941477600E-01
 0.162502980966716E-01
 0.163536329149414E-01
 0.164332679043614E-01
 0.165073673879060E-01
 0.165564110055675E-01
 0.165891447817201E-01
 0.166074620747922E-01
 0.166161221444662E-01
 0.166032618456377E-01
 0.165775379501936E-01
 0.165350958242448E-01
 0.164902229791650E-01
 0.164186654171620E-01
 0.163486185351673E-01
 0.162503648081094E-01
 0.161611249956644E-01
 0.160448206988444E-01
 0.159293440939274E-01
 0.157973755120142E-01
 0.156561121533034E-01
 0.155130480775943E-01
 0.153480551914068E-01
 0.151921608814384E-01
 0.150182208291020E-01
 0.148471913121188E-01
 0.146624958227818E-01
 0.144714647010713E-01
 0.142880953657351E-01
 0.140786377661747E-01
 0.138833682114306E-01
 0.136777671775858E-01
 0.134682246043456E-01
 0.132517464631221E-01
 0.130288706041026E-01
 0.128228274088744E-01
 0.125865583415004E-01
 0.123212011835283E-01
 0.120279544509032E-01
 0.117080959132563E-01
 0.113630310781283E-01
 0.110243135182906E-01
 0.106783307411656E-01
 0.103111149743270E-01
 0.992453462631847E-02
 0.952054953896310E-02
 0.910118552940762E-02
 0.866849934461152E-02
 0.822454562177624E-02
 0.777135768924209E-02
 0.731094669732823E-02
 0.684531426713632E-02
 0.637646861078195E-02
 0.590643485318174E-02
 0.543725450147317E-02
 0.497097281058270E-02
 0.450961454952912E-02
 0.405514966523371E-02
 0.360945254120096E-02
 0.317426199833535E-02
 0.275115154823301E-02
 0.270872939079097E-02
 0.271758901880327E-02
 0.271852225845645E-02
 0.272268138799406E-02
 0.271567182750025E-02
 0.270549052286422E-02
 0.269584751474370E-02
 0.267487344637708E-02
 0.265684142328483E-02
 0.263249388945795E-02
 0.260257929918992E-02
 0.257366803472166E-02
 0.253674141158753E-02
 0.250251163500695E-02
 0.246242007480783E-02
 0.241907745693490E-02
 0.237762693839876E-02
 0.232857902258003E-02
 0.228424902970763E-02
 0.223430711586729E-02
 0.218368407518706E-02
 0.213384109234896E-02
 0.207795950147246E-02
 0.202797697262763E-02
 0.197260707973420E-02
 0.191915451755501E-02
 0.185628100235205E-02
 0.178509463576282E-02
 0.170991855802586E-02
 0.163835875048536E-02
 0.156073522687670E-02
 0.147809174262053E-02
 0.139144248930836E-02
 0.130176709805048E-02
 0.121000579715495E-02
 0.114774475816168E-02
 0.111600644046074E-02
 0.108326424328946E-02
 0.104834793195469E-02
 0.101279951899699E-02
 0.977502525582520E-03
 0.939950905725241E-03
 0.903277542798738E-03
 0.865389991036685E-03
 0.828435325040310E-03
 0.790651201631439E-03
 0.753296815017027E-03
 0.717152060171521E-03
 0.679875372726784E-03
 0.644761336185745E-03
 0.609753724555471E-03
 0.575455322211679E-03
 0.542432056916353E-03
 0.509649225351351E-03
 0.478739743464475E-03
 0.448257351821417E-03
 0.418816275584011E-03
 0.391018189469862E-03
 0.363606384390377E-03
 0.337999205826742E-03
 0.313282515073988E-03
 0.289504942429006E-03
 0.267346741192947E-03
 0.245810093481778E-03
 0.225809799367467E-03
 0.206734349254291E-03
 0.188613699997624E-03
 0.171901854841506E-03
 0.155926943797348E-03
 0.141248063658815E-03
 0.127444316027681E-03
 0.114524965514727E-03
 0.102726878549557E-03
 0.915137761401826E-04
 0.808269340221133E-04
 0.707505982795164E-04
 0.617246093476245E-04
 0.534298732277704E-04
 0.457827867266812E-04
 0.388100191120965E-04
 0.325227514508066E-04
 0.269183785416703E-04
 0.219822409386303E-04
 0.176893142763867E-04
 0.140058366323212E-04
 0.114123102796578E-04
 0.966725517407924E-05
 0.810900750957669E-05
 0.670260981818591E-05
 0.546408062928566E-05
 0.438401126831026E-05
 0.344820819147236E-05
 0.266663100401109E-05
 0.201093691198535E-05
 0.147713590343878E-05
 0.105329036874839E-05
 0.721537421531102E-06
 0.473663373162656E-06
 0.293611140653598E-06
 0.169109897069335E-06
 0.885743917746649E-07
 0.404630254083712E-07
 0.151104935251914E-07
 0.400654820707254E-08
 0.528368740467456E-09
 0.665159774759317E-11
 0.000000000000000E+00
 0.000000000000000E+00
 0.000000000000000E+00
 0.000000000000000E+00
 0.000000000000000E+00
 0.000000000000000E+00
 0.000000000000000E+00
 0.000000000000000E+00
 0.000000000000000E+00
 0.000000000000000E+00
 0.000000000000000E+00
 0.000000000000000E+00
 0.000000000000000E+00
 0.000000000000000E+00
 0.000000000000000E+00
 0.000000000000000E+00
 0.000000000000000E+00
 0.000000000000000E+00
 0.000000000000000E+00
 0.000000000000000E+00
 0.000000000000000E+00
 0.000000000000000E+00
 0.000000000000000E+00
 0.000000000000000E+00
 0.000000000000000E+00
 0.000000000000000E+00
 0.000000000000000E+00
 0.000000000000000E+00
 0.000000000000000E+00
 0.000000000000000E+00
 0.000000000000000E+00
 0.000000000000000E+00
 0.000000000000000E+00
 0.000000000000000E+00
 0.000000000000000E+00
 0.000000000000000E+00
 0.000000000000000E+00
 0.000000000000000E+00
 0.000000000000000E+00
 0.000000000000000E+00
 0.000000000000000E+00
 0.000000000000000E+00
 0.000000000000000E+00
 0.000000000000000E+00
 0.000000000000000E+00
 0.000000000000000E+00
 0.000000000000000E+00
 0.000000000000000E+00
 0.000000000000000E+00
 0.000000000000000E+00
 0.000000000000000E+00
 0.000000000000000E+00
 0.000000000000000E+00
 0.000000000000000E+00
 0.000000000000000E+00
 0.000000000000000E+00
 0.000000000000000E+00
 0.000000000000000E+00
 0.000000000000000E+00
 0.000000000000000E+00
 0.000000000000000E+00
 0.000000000000000E+00
 0.000000000000000E+00
 0.000000000000000E+00
 0.000000000000000E+00
 0.000000000000000E+00
 0.000000000000000E+00
 0.000000000000000E+00
 0.000000000000000E+00
 0.000000000000000E+00
 0.000000000000000E+00
 0.000000000000000E+00
 0.000000000000000E+00
 0.000000000000000E+00
 0.000000000000000E+00
 0.000000000000000E+00
 0.000000000000000E+00
 0.000000000000000E+00
 0.000000000000000E+00
 0.000000000000000E+00
 0.000000000000000E+00
 0.000000000000000E+00
 0.000000000000000E+00
 0.000000000000000E+00
 0.000000000000000E+00
 0.000000000000000E+00
 0.000000000000000E+00
 0.000000000000000E+00
 0.000000000000000E+00
 0.000000000000000E+00
 0.000000000000000E+00
 0.000000000000000E+00
 0.000000000000000E+00
 0.000000000000000E+00
 0.000000000000000E+00
 0.000000000000000E+00
 0.000000000000000E+00
 0.000000000000000E+00
 0.000000000000000E+00
 0.000000000000000E+00
 0.000000000000000E+00
 0.000000000000000E+00
 0.000000000000000E+00
 0.000000000000000E+00
 0.000000000000000E+00
 0.000000000000000E+00
 0.000000000000000E+00
 0.000000000000000E+00
 0.000000000000000E+00
 0.000000000000000E+00
 0.000000000000000E+00
 0.000000000000000E+00
 0.000000000000000E+00
 0.000000000000000E+00
 0.000000000000000E+00
 0.000000000000000E+00
 0.000000000000000E+00
 0.000000000000000E+00
 0.000000000000000E+00
 0.000000000000000E+00
 0.000000000000000E+00
 0.000000000000000E+00
 0.000000000000000E+00
 0.000000000000000E+00
 0.000000000000000E+00
 0.000000000000000E+00
 0.000000000000000E+00
 0.000000000000000E+00
 0.000000000000000E+00
 0.000000000000000E+00
 0.000000000000000E+00
 0.000000000000000E+00
 0.000000000000000E+00
 0.000000000000000E+00
 0.000000000000000E+00
 0.000000000000000E+00
 0.000000000000000E+00
 0.000000000000000E+00
 0.000000000000000E+00
 0.000000000000000E+00
 0.000000000000000E+00
 0.000000000000000E+00
 0.000000000000000E+00
 0.000000000000000E+00
 0.000000000000000E+00
 0.000000000000000E+00
 0.000000000000000E+00
 0.000000000000000E+00
 0.000000000000000E+00
 0.000000000000000E+00
 0.000000000000000E+00
 0.000000000000000E+00
 0.000000000000000E+00
 0.000000000000000E+00
 0.000000000000000E+00
 0.000000000000000E+00
 0.000000000000000E+00
 0.000000000000000E+00
 0.000000000000000E+00
 0.000000000000000E+00
 0.000000000000000E+00
 0.000000000000000E+00
 0.000000000000000E+00
 0.000000000000000E+00
 0.000000000000000E+00
 0.000000000000000E+00
 0.000000000000000E+00
 0.000000000000000E+00
 0.000000000000000E+00
 0.000000000000000E+00
 0.000000000000000E+00
 0.000000000000000E+00
 0.000000000000000E+00
 0.000000000000000E+00
 0.000000000000000E+00
 0.000000000000000E+00
 0.000000000000000E+00
 0.000000000000000E+00
 0.000000000000000E+00
 0.000000000000000E+00
 0.000000000000000E+00
 0.000000000000000E+00
 0.000000000000000E+00
 0.000000000000000E+00
 0.000000000000000E+00
 0.000000000000000E+00
 0.000000000000000E+00
 0.000000000000000E+00
 0.000000000000000E+00
 0.000000000000000E+00
 0.000000000000000E+00
 0.000000000000000E+00
 0.000000000000000E+00
 0.000000000000000E+00
 0.000000000000000E+00
 0.000000000000000E+00
 0.000000000000000E+00
 0.000000000000000E+00
 0.000000000000000E+00
 0.000000000000000E+00
 0.000000000000000E+00
 0.000000000000000E+00
 0.000000000000000E+00
 0.000000000000000E+00
 0.000000000000000E+00
 0.000000000000000E+00
 0.000000000000000E+00
 0.000000000000000E+00
 0.000000000000000E+00
 0.000000000000000E+00
 0.000000000000000E+00
 0.000000000000000E+00
 0.000000000000000E+00
 0.000000000000000E+00
 0.000000000000000E+00
 0.000000000000000E+00
 0.000000000000000E+00
 0.000000000000000E+00
 0.000000000000000E+00
 0.000000000000000E+00
 0.000000000000000E+00
 0.000000000000000E+00
 0.000000000000000E+00
 0.000000000000000E+00
 0.000000000000000E+00
 0.000000000000000E+00
 0.000000000000000E+00
 0.000000000000000E+00
 0.000000000000000E+00
 0.000000000000000E+00
 0.000000000000000E+00
 0.000000000000000E+00
 0.000000000000000E+00
 0.000000000000000E+00
 0.000000000000000E+00
 0.000000000000000E+00
 0.000000000000000E+00
 0.000000000000000E+00
 0.000000000000000E+00
 0.000000000000000E+00
 0.000000000000000E+00
 0.000000000000000E+00
 0.000000000000000E+00
 0.000000000000000E+00
 0.000000000000000E+00
 0.000000000000000E+00
 0.000000000000000E+00
 0.000000000000000E+00
 0.000000000000000E+00
 0.000000000000000E+00
 0.000000000000000E+00
 0.000000000000000E+00
 0.000000000000000E+00
 0.000000000000000E+00
 0.000000000000000E+00
 0.000000000000000E+00
 0.000000000000000E+00
 0.000000000000000E+00
 0.000000000000000E+00
 0.000000000000000E+00
 0.000000000000000E+00
 0.000000000000000E+00
 0.000000000000000E+00
 0.000000000000000E+00
 0.000000000000000E+00
 0.000000000000000E+00
 0.000000000000000E+00
 0.000000000000000E+00
 0.000000000000000E+00
 0.000000000000000E+00
 0.000000000000000E+00
 0.000000000000000E+00
 0.000000000000000E+00
 0.000000000000000E+00
 0.000000000000000E+00
 0.000000000000000E+00
 0.000000000000000E+00
 0.000000000000000E+00
 0.000000000000000E+00
 0.000000000000000E+00
 0.000000000000000E+00
 0.000000000000000E+00
 0.000000000000000E+00
 0.000000000000000E+00
 0.000000000000000E+00
 0.000000000000000E+00
 0.000000000000000E+00
 0.000000000000000E+00
 0.000000000000000E+00
 0.000000000000000E+00
 0.000000000000000E+00
 0.000000000000000E+00
 0.000000000000000E+00
 0.000000000000000E+00
 0.000000000000000E+00
 0.000000000000000E+00
 0.000000000000000E+00
 0.000000000000000E+00
 0.000000000000000E+00
 0.000000000000000E+00
 0.000000000000000E+00
 0.000000000000000E+00
 0.000000000000000E+00
 0.000000000000000E+00
 0.000000000000000E+00
 0.000000000000000E+00
 0.000000000000000E+00
 0.000000000000000E+00
 0.000000000000000E+00
 0.000000000000000E+00
 0.000000000000000E+00
 0.000000000000000E+00
 0.000000000000000E+00
 0.000000000000000E+00
 0.000000000000000E+00
 0.000000000000000E+00
 0.000000000000000E+00
 0.000000000000000E+00
 0.000000000000000E+00
 0.000000000000000E+00
 0.000000000000000E+00
 0.000000000000000E+00
 0.000000000000000E+00
 0.000000000000000E+00
 0.000000000000000E+00
 0.000000000000000E+00
 0.000000000000000E+00
 0.000000000000000E+00
 0.000000000000000E+00
 0.000000000000000E+00
 0.000000000000000E+00
 0.000000000000000E+00
 0.000000000000000E+00
 0.000000000000000E+00
 0.000000000000000E+00
 0.000000000000000E+00
 0.000000000000000E+00
 0.000000000000000E+00
 0.000000000000000E+00
 0.000000000000000E+00
 0.000000000000000E+00
 0.000000000000000E+00
 0.000000000000000E+00
 0.000000000000000E+00
 0.000000000000000E+00
 0.000000000000000E+00
 0.000000000000000E+00
 0.000000000000000E+00
