 0.192545422267157E-10
 0.150211472806433E-08
 0.111251106175841E-07
 0.408728627473856E-07
 0.106396447018979E-06
 0.225216398165564E-06
 0.414828322840867E-06
 0.690749458508856E-06
 0.106454440673389E-05
 0.154186857585235E-05
 0.212056836349277E-05
 0.295039510256836E-05
 0.420599148343390E-05
 0.584231982864918E-05
 0.791306963714083E-05
 0.105168546553507E-04
 0.137012480030105E-04
 0.175881829915315E-04
 0.222382552424334E-04
 0.277647873142634E-04
 0.342557242966508E-04
 0.418041442217340E-04
 0.505543281155716E-04
 0.605247647874555E-04
 0.719691981547260E-04
 0.848079185657686E-04
 0.993665315197346E-04
 0.115560809833800E-03
 0.133631373181002E-03
 0.153636981160693E-03
 0.175619646729295E-03
 0.199945217063971E-03
 0.226241065134644E-03
 0.255279784852082E-03
 0.286552392850175E-03
 0.320536709296066E-03
 0.357131716290069E-03
 0.396364782050919E-03
 0.438861231226842E-03
 0.483690396458540E-03
 0.532316627803768E-03
 0.583600057889037E-03
 0.638272898104982E-03
 0.696226502521707E-03
 0.757100425055777E-03
 0.822207400523448E-03
 0.889743534112680E-03
 0.961941641087058E-03
 0.103690808784159E-02
 0.111574928709788E-02
 0.119551333835067E-02
 0.127570847858890E-02
 0.135580683998280E-02
 0.143524709733610E-02
 0.151343946099875E-02
 0.159461975434367E-02
 0.167496681674749E-02
 0.175280033723335E-02
 0.182747110155793E-02
 0.189832508670707E-02
 0.196471031649240E-02
 0.202598323496560E-02
 0.208151424313259E-02
 0.213069223917965E-02
 0.217292830717941E-02
 0.220765917764616E-02
 0.223435154187294E-02
 0.225250831339827E-02
 0.226167718405333E-02
 0.226146051531276E-02
 0.225152446639519E-02
 0.223160509674088E-02
 0.220151027399666E-02
 0.216111805592594E-02
 0.211037378300331E-02
 0.204928854936903E-02
 0.197794081278921E-02
 0.189648119142807E-02
 0.180513885706321E-02
 0.170422707157549E-02
 0.159414553107262E-02
 0.147537804894148E-02
 0.134848536627465E-02
 0.121409427627681E-02
 0.107288558799543E-02
 0.925584325643088E-03
 0.880035713269367E-03
 0.927321279699399E-03
 0.978573800688771E-03
 0.102708763846426E-02
 0.107945599746497E-02
 0.113316175940888E-02
 0.118490856541313E-02
 0.124126829811484E-02
 0.129632814168330E-02
 0.135323225826910E-02
 0.141185513606197E-02
 0.146797684914039E-02
 0.153041073634048E-02
 0.159038346332179E-02
 0.165230711054203E-02
 0.171463809812427E-02
 0.177480156396961E-02
 0.184294405385076E-02
 0.190276221648234E-02
 0.196907364111692E-02
 0.202510733657482E-02
 0.207085366770627E-02
 0.210944865262219E-02
 0.229732301659318E-02
 0.249898103457039E-02
 0.271003715165346E-02
 0.293707864036272E-02
 0.317353258666320E-02
 0.341886525062210E-02
 0.367345884720780E-02
 0.394407948867033E-02
 0.422270391292329E-02
 0.450854630858809E-02
 0.480701402593164E-02
 0.511704203512592E-02
 0.543255721977588E-02
 0.575333868885802E-02
 0.609071904880491E-02
 0.643100791460343E-02
 0.677273452473648E-02
 0.713005443267343E-02
 0.748845384960260E-02
 0.784517031068401E-02
 0.821362763717262E-02
 0.858347737309289E-02
 0.895007479778497E-02
 0.933068648485793E-02
 0.970408883038446E-02
 0.100734963667427E-01
 0.104514800540397E-01
 0.108177088584041E-01
 0.111931826114171E-01
 0.115593026144061E-01
 0.119166952958927E-01
 0.122791497579805E-01
 0.126254045121204E-01
 0.129814538138709E-01
 0.133160268976421E-01
 0.136522732347647E-01
 0.139758317208836E-01
 0.143020486609975E-01
 0.146113639998780E-01
 0.149133540997718E-01
 0.152058640938746E-01
 0.154973957010478E-01
 0.157707578745137E-01
 0.160387722363472E-01
 0.162913410184492E-01
 0.165485607527500E-01
 0.167775138140535E-01
 0.170136441710690E-01
 0.172245280060840E-01
 0.174429757667862E-01
 0.176367926319115E-01
 0.178297256898514E-01
 0.180095917951096E-01
 0.181754595817852E-01
 0.183438744151722E-01
 0.184828181671128E-01
 0.186373537620706E-01
 0.187694074242537E-01
 0.188994580869509E-01
 0.190140467761387E-01
 0.191164535729188E-01
 0.192340873428229E-01
 0.193115795742166E-01
 0.194076702335678E-01
 0.194919189037816E-01
 0.195615080039575E-01
 0.196265536522223E-01
 0.196777704247351E-01
 0.197449883691015E-01
 0.197613296796287E-01
 0.197256434019113E-01
 0.196370318498905E-01
 0.194948389118590E-01
 0.192986255421979E-01
 0.191173731987863E-01
 0.188954657831049E-01
 0.186196699500259E-01
 0.182901060645731E-01
 0.179072037609374E-01
 0.174716892234178E-01
 0.169845623507294E-01
 0.164470705350385E-01
 0.158606862770454E-01
 0.152270939212866E-01
 0.145481866154803E-01
 0.138260698880026E-01
 0.130630655459548E-01
 0.122617106118693E-01
 0.114247500720081E-01
 0.105551263478852E-01
 0.965596938641351E-02
 0.888011198278537E-02
 0.911668000764558E-02
 0.936825649260189E-02
 0.961085604110151E-02
 0.983058112686910E-02
 0.100592598995819E-01
 0.102719838937186E-01
 0.104822478489577E-01
 0.106822692141805E-01
 0.108631325519679E-01
 0.110677854386529E-01
 0.112393937470177E-01
 0.114133099538991E-01
 0.115886905684256E-01
 0.117311674681756E-01
 0.119010481824320E-01
 0.120425259910246E-01
 0.121843522846415E-01
 0.123238185054420E-01
 0.124358522123198E-01
 0.125761393908613E-01
 0.126841658471145E-01
 0.128002646701716E-01
 0.129080827519258E-01
 0.129970308324451E-01
 0.131086479594225E-01
 0.131844918414307E-01
 0.132839923370831E-01
 0.133651162670645E-01
 0.134398730309352E-01
 0.134519153071658E-01
 0.134013864524148E-01
 0.133099346162319E-01
 0.132338018919459E-01
 0.130967209931974E-01
 0.128994133389591E-01
 0.126428591025746E-01
 0.123282909105442E-01
 0.120062140811684E-01
 0.122889553689606E-01
 0.125556182260778E-01
 0.128150391647942E-01
 0.130625667175435E-01
 0.132957903926125E-01
 0.135154728026497E-01
 0.137200265802741E-01
 0.139237058278835E-01
 0.140989117166673E-01
 0.142799543550838E-01
 0.144279971505297E-01
 0.145910772148768E-01
 0.147191037919469E-01
 0.148519281495244E-01
 0.149709920728152E-01
 0.150726780171113E-01
 0.151774093865912E-01
 0.152524981596131E-01
 0.153449505954986E-01
 0.154102972348429E-01
 0.154729990422299E-01
 0.155345029499601E-01
 0.155670874849138E-01
 0.156258103813051E-01
 0.156540512904877E-01
 0.156843272257811E-01
 0.157117249905467E-01
 0.157136589103245E-01
 0.157404464615917E-01
 0.157405615151751E-01
 0.157451501248074E-01
 0.157455632068625E-01
 0.157237532337238E-01
 0.157294424143266E-01
 0.157047103542831E-01
 0.156915244867766E-01
 0.156749338734208E-01
 0.156386648295642E-01
 0.156285303153067E-01
 0.155888878968524E-01
 0.155666885162267E-01
 0.154852944608171E-01
 0.153452363832166E-01
 0.151473222632019E-01
 0.149403066670189E-01
 0.147221784978784E-01
 0.144488038538278E-01
 0.141216821680171E-01
 0.137425330710015E-01
 0.133132668863994E-01
 0.128359627790334E-01
 0.123128598692855E-01
 0.117463614231497E-01
 0.111390467894287E-01
 0.104936832725617E-01
 0.981323139619656E-02
 0.910084035453487E-02
 0.835983365495777E-02
 0.759368700078932E-02
 0.686760611583869E-02
 0.702297155539411E-02
 0.718578926256736E-02
 0.732466227616117E-02
 0.747326957394229E-02
 0.761555076763680E-02
 0.773510917487370E-02
 0.787432235779528E-02
 0.799551541598216E-02
 0.811242811081693E-02
 0.822903064846976E-02
 0.832760475911033E-02
 0.844526024443821E-02
 0.853715441318673E-02
 0.862830570202866E-02
 0.873606407522653E-02
 0.880425247036468E-02
 0.890187205770929E-02
 0.898565550447919E-02
 0.905820166833611E-02
 0.913395064394670E-02
 0.919028005334940E-02
 0.945494850570340E-02
 0.985827237261635E-02
 0.102826891138563E-01
 0.106820239474967E-01
 0.110819702288273E-01
 0.114718081062030E-01
 0.118499006848534E-01
 0.122272968951660E-01
 0.125730267487397E-01
 0.129341452725245E-01
 0.132588060851703E-01
 0.136008619341461E-01
 0.139027803314526E-01
 0.142105498428490E-01
 0.144868130797400E-01
 0.147752932593463E-01
 0.150242627032189E-01
 0.152808707443926E-01
 0.154999878558603E-01
 0.157367810426469E-01
 0.159270181439256E-01
 0.161338691245934E-01
 0.163099152760382E-01
 0.164844603563094E-01
 0.166384260574773E-01
 0.167793448645951E-01
 0.169189803610865E-01
 0.170254883427310E-01
 0.171502812682268E-01
 0.172400350125738E-01
 0.173369942567286E-01
 0.174179578299779E-01
 0.174824936055856E-01
 0.175543993001203E-01
 0.175976983884456E-01
 0.176579199982752E-01
 0.176915530952470E-01
 0.177200672717679E-01
 0.177596428798079E-01
 0.177584865321851E-01
 0.177885076649176E-01
 0.177982052904515E-01
 0.177990974921900E-01
 0.178003643747996E-01
 0.177824321290140E-01
 0.177905943150160E-01
 0.177631601877013E-01
 0.177443730507777E-01
 0.177360585793297E-01
 0.176903650956653E-01
 0.176748244127145E-01
 0.176383008834362E-01
 0.176068296323130E-01
 0.175105032451630E-01
 0.173493071029676E-01
 0.171234766029937E-01
 0.168969407648595E-01
 0.166490361543275E-01
 0.163383064659720E-01
 0.159655326640234E-01
 0.155317430834476E-01
 0.150382252138734E-01
 0.144865308554417E-01
 0.138784695116192E-01
 0.132160910780486E-01
 0.129590485814160E-01
 0.133408361331409E-01
 0.137332590018349E-01
 0.140886533711900E-01
 0.144532864563405E-01
 0.147962560012566E-01
 0.151305571075258E-01
 0.154475831331850E-01
 0.157504679516098E-01
 0.160548380775141E-01
 0.163240782309458E-01
 0.166053103102706E-01
 0.168534318426265E-01
 0.171105845798816E-01
 0.173427724216600E-01
 0.175666006479668E-01
 0.177826673625904E-01
 0.179715223103790E-01
 0.181787034065652E-01
 0.183454501489524E-01
 0.185260907876218E-01
 0.186878005274205E-01
 0.188356280903011E-01
 0.189823188838163E-01
 0.191001262502422E-01
 0.192435390997026E-01
 0.193472714695266E-01
 0.194588627983285E-01
 0.195660887463010E-01
 0.196469074990897E-01
 0.197418745206060E-01
 0.198103540277505E-01
 0.198942683526507E-01
 0.199527091488987E-01
 0.200081909189058E-01
 0.200755035333100E-01
 0.201029998703065E-01
 0.201634376508920E-01
 0.201936447301659E-01
 0.202309588977757E-01
 0.202050380156572E-01
 0.201165090535228E-01
 0.199662297267827E-01
 0.197552761579529E-01
 0.195628938588681E-01
 0.193291663701027E-01
 0.190376164526855E-01
 0.186897827475626E-01
 0.182873890947806E-01
 0.178323440994708E-01
 0.173267417567322E-01
 0.167728610215870E-01
 0.161731614378151E-01
 0.155302717101526E-01
 0.148469699791961E-01
 0.141261582760556E-01
 0.133708368158865E-01
 0.125840839494840E-01
 0.117690444282198E-01
 0.109289243219413E-01
 0.100669881942335E-01
 0.918655409773178E-02
 0.926559977879621E-02
 0.945361472153696E-02
 0.965030520667243E-02
 0.982244110259137E-02
 0.100035047066913E-01
 0.101661749905981E-01
 0.103320144801796E-01
 0.104796364178715E-01
 0.106292815093275E-01
 0.107720671947545E-01
 0.109046634042534E-01
 0.110306135460960E-01
 0.111469808016315E-01
 0.112712050834376E-01
 0.113717212338878E-01
 0.114800527945401E-01
 0.115774091834272E-01
 0.116729430128968E-01
 0.117553558217244E-01
 0.118364103567538E-01
 0.119212691506099E-01
 0.119876238567678E-01
 0.120597646799659E-01
 0.121216309751464E-01
 0.121850827674676E-01
 0.122367171616614E-01
 0.122866813186395E-01
 0.123401458270759E-01
 0.123765028870702E-01
 0.124236866320486E-01
 0.124561023796484E-01
 0.124930490729074E-01
 0.125256533194286E-01
 0.125511277396420E-01
 0.125797469342161E-01
 0.125931738735446E-01
 0.125825663335845E-01
 0.128772345650533E-01
 0.132877675018185E-01
 0.137088886240483E-01
 0.141391332894493E-01
 0.145788205835851E-01
 0.150313396612860E-01
 0.154904523260542E-01
 0.159543381741106E-01
 0.164210241627116E-01
 0.168884154796148E-01
 0.173543373100429E-01
 0.178229162248557E-01
 0.183004649453986E-01
 0.187723980994066E-01
 0.192363110172654E-01
 0.196897417608187E-01
 0.201544571734974E-01
 0.206092192544443E-01
 0.210484613490976E-01
 0.214707478401776E-01
 0.219057515016819E-01
 0.223204638367897E-01
 0.227124832260132E-01
 0.231114159025637E-01
 0.234919883060957E-01
 0.238447338170213E-01
 0.242004983696433E-01
 0.245353333484599E-01
 0.248436519400414E-01
 0.251591403884183E-01
 0.254390020798237E-01
 0.257058912889732E-01
 0.259607065841214E-01
 0.261885962203322E-01
 0.264177202937876E-01
 0.266041301766422E-01
 0.267974661740664E-01
 0.269549194675513E-01
 0.271199700136196E-01
 0.272467295028218E-01
 0.273707788423868E-01
 0.274659693439438E-01
 0.275670060140289E-01
 0.276296931940746E-01
 0.276976569798755E-01
 0.277285933162118E-01
 0.277800318311556E-01
 0.277864809968552E-01
 0.278075947894454E-01
 0.278028701509719E-01
 0.277926520085950E-01
 0.277708393978999E-01
 0.277296281606185E-01
 0.276994892342889E-01
 0.276333709045448E-01
 0.275899808116559E-01
 0.275178743551530E-01
 0.274458644695073E-01
 0.273738052835761E-01
 0.272744384620869E-01
 0.271980766283356E-01
 0.270964416970147E-01
 0.270031655862795E-01
 0.268962440250392E-01
 0.267778507729173E-01
 0.266862416595432E-01
 0.265435975259095E-01
 0.263397200216304E-01
 0.260732742792663E-01
 0.257432200915224E-01
 0.253488024524266E-01
 0.249422789996816E-01
 0.245277484723025E-01
 0.240496690802899E-01
 0.235078571578619E-01
 0.229023482326146E-01
 0.222333931417272E-01
 0.215014634070129E-01
 0.207072654040165E-01
 0.198517584578058E-01
 0.189361697460274E-01
 0.179620000802142E-01
 0.182559208621848E-01
 0.189242235668651E-01
 0.195976340111333E-01
 0.202374477789810E-01
 0.208889569530019E-01
 0.214966816682660E-01
 0.221102628236634E-01
 0.226819746256285E-01
 0.232707204541723E-01
 0.238038913047980E-01
 0.243537115025730E-01
 0.248530198298937E-01
 0.253713693982185E-01
 0.258321805881889E-01
 0.263083091608849E-01
 0.267464933161296E-01
 0.271789239581769E-01
 0.275838781516545E-01
 0.279715247439375E-01
 0.283529264351044E-01
 0.286939780142804E-01
 0.290469166384966E-01
 0.293480675446085E-01
 0.296743061321912E-01
 0.299523142720556E-01
 0.302334237609570E-01
 0.304927317785586E-01
 0.307287799065415E-01
 0.309722932119736E-01
 0.311645779886162E-01
 0.313921748020149E-01
 0.315718397503751E-01
 0.317590546284617E-01
 0.319257224072446E-01
 0.320712406558795E-01
 0.322323068978832E-01
 0.323402441248177E-01
 0.324869703815841E-01
 0.325897833405807E-01
 0.326973620223705E-01
 0.327935686201332E-01
 0.328638268053966E-01
 0.329616353281047E-01
 0.329962478336475E-01
 0.329486658753692E-01
 0.328194594609367E-01
 0.326093799309184E-01
 0.323193885499304E-01
 0.319930910290599E-01
 0.316703303861825E-01
 0.312711787937126E-01
 0.307976999608841E-01
 0.302522442780106E-01
 0.296373429770472E-01
 0.289556140433278E-01
 0.282097151407802E-01
 0.274023612717612E-01
 0.265363983560625E-01
 0.256149002604587E-01
 0.246412467327328E-01
 0.236191474104544E-01
 0.225525990245769E-01
 0.214457900528447E-01
 0.203029884010790E-01
 0.191284538247081E-01
 0.179264038611861E-01
 0.167010349915708E-01
 0.154565730711072E-01
 0.141973142836290E-01
 0.129276275578471E-01
 0.116519151468551E-01
 0.103745533176673E-01
 0.934621739634816E-02
 0.953744141241296E-02
 0.970581767484196E-02
 0.986878995753728E-02
 0.100337952094167E-01
 0.101756389172141E-01
 0.103352541520407E-01
 0.104763675169865E-01
 0.106082574365884E-01
 0.107498453976271E-01
 0.108654575697863E-01
 0.109957280473749E-01
 0.111157944089226E-01
 0.112211654134681E-01
 0.113403546298656E-01
 0.114351658918380E-01
 0.115440097575882E-01
 0.116418298093004E-01
 0.117269001008162E-01
 0.118264520828632E-01
 0.118994780896835E-01
 0.119904498392959E-01
 0.120615823428779E-01
 0.121303783811175E-01
 0.122125989371056E-01
 0.122599591826489E-01
 0.123359898720519E-01
 0.123626237191233E-01
 0.123375995078630E-01
 0.122627236759746E-01
 0.121747088174740E-01
 0.120798485840214E-01
 0.119388333445377E-01
 0.117540687410935E-01
 0.115281370815879E-01
 0.112637968284158E-01
 0.109639717701522E-01
 0.106317241294275E-01
 0.102702172857943E-01
 0.988268207720145E-02
 0.947239952840198E-02
 0.904270312408721E-02
 0.859699214147709E-02
 0.813874147536639E-02
 0.767149592790886E-02
 0.799189769277027E-02
 0.846151704259785E-02
 0.895846038719840E-02
 0.945611083952622E-02
 0.995234214240629E-02
 0.104625386914565E-01
 0.109790719115234E-01
 0.114898577028841E-01
 0.120066959846827E-01
 0.125350555994075E-01
 0.130535871599997E-01
 0.135659704803299E-01
 0.140934723235450E-01
 0.146054569901973E-01
 0.151077199025131E-01
 0.156231006388937E-01
 0.161186597003833E-01
 0.166019225501910E-01
 0.170950051813309E-01
 0.175624403701047E-01
 0.180256414647941E-01
 0.184824911955495E-01
 0.189093358373105E-01
 0.193422002782863E-01
 0.197548701645605E-01
 0.201500326247353E-01
 0.205433454209845E-01
 0.208996295906109E-01
 0.212635359136320E-01
 0.215981363137667E-01
 0.219257680678626E-01
 0.222346793289125E-01
 0.225180578892914E-01
 0.228003721302882E-01
 0.230520664326100E-01
 0.233061866655909E-01
 0.235205944922149E-01
 0.237444714661722E-01
 0.239283409648764E-01
 0.241217551680938E-01
 0.242766315141612E-01
 0.244395880563495E-01
 0.245690811662820E-01
 0.247011705335845E-01
 0.248111321583649E-01
 0.249119167754831E-01
 0.249985379945045E-01
 0.250673353330298E-01
 0.251419255085080E-01
 0.251793387961362E-01
 0.252339368029069E-01
 0.252613893440632E-01
 0.252922456260452E-01
 0.252989065052823E-01
 0.253003030808312E-01
 0.253125514767757E-01
 0.252847103270769E-01
 0.252778838002946E-01
 0.252544146371901E-01
 0.252280838821369E-01
 0.251862647387111E-01
 0.251334698739210E-01
 0.251084652400182E-01
 0.250351221910931E-01
 0.249895404211305E-01
 0.249350000443430E-01
 0.248643076619170E-01
 0.247353934274092E-01
 0.245482069380812E-01
 0.243029579325788E-01
 0.240001234278456E-01
 0.236404434777677E-01
 0.233174978243707E-01
 0.229403830797308E-01
 0.225085566672882E-01
 0.220231014294101E-01
 0.214854123702990E-01
 0.208971900038473E-01
 0.202604039059077E-01
 0.195772393727837E-01
 0.188500435224249E-01
 0.180812841239523E-01
 0.172735274258001E-01
 0.164294339880554E-01
 0.155517670377146E-01
 0.146434068977810E-01
 0.137073660039637E-01
 0.127467998453789E-01
 0.117650093584997E-01
 0.107654310505924E-01
 0.975161337941003E-02
 0.872718091536260E-02
 0.769579003276818E-02
 0.744400282089247E-02
 0.767156502365679E-02
 0.789859830996062E-02
 0.812787055208122E-02
 0.833454465377683E-02
 0.855629145570569E-02
 0.875984861135409E-02
 0.895582886771425E-02
 0.915850184202579E-02
 0.933459274212835E-02
 0.952776075629913E-02
 0.970377954614424E-02
 0.987208207728788E-02
 0.100431570267732E-01
 0.101936972060960E-01
 0.103622459081067E-01
 0.105043025139361E-01
 0.106495117775608E-01
 0.107979170648819E-01
 0.109200118436070E-01
 0.110603128453422E-01
 0.111787199091197E-01
 0.113068047797060E-01
 0.114194271517965E-01
 0.115275268809920E-01
 0.116484437113887E-01
 0.117355576324287E-01
 0.117729973124772E-01
 0.117618369794950E-01
 0.117165129476921E-01
 0.116843335104480E-01
 0.116061391116951E-01
 0.114833630981549E-01
 0.113176449302258E-01
 0.111108409342706E-01
 0.108650272284938E-01
 0.105824838104241E-01
 0.102656559774400E-01
 0.991710283238307E-02
 0.953945180890470E-02
 0.913537501587225E-02
 0.870758990593578E-02
 0.825887353536387E-02
 0.779207576673176E-02
 0.731012294728490E-02
 0.681601254385592E-02
 0.631280274312058E-02
 0.580359733650531E-02
 0.529152094518814E-02
 0.477968025912244E-02
 0.427111551073376E-02
 0.376875689267650E-02
 0.327540346784161E-02
 0.314469584803569E-02
 0.337807412878813E-02
 0.360276583492768E-02
 0.383876481317461E-02
 0.406135138131399E-02
 0.429478010583848E-02
 0.451400282289544E-02
 0.474125887425666E-02
 0.495561337648071E-02
 0.517190442402283E-02
 0.537588164586120E-02
 0.557887536837998E-02
 0.577639478535502E-02
 0.596346565596540E-02
 0.614889070175721E-02
 0.631945887720462E-02
 0.650113233400758E-02
 0.666217136695604E-02
 0.682588667890943E-02
 0.698172673982259E-02
 0.712441586488609E-02
 0.726558808378243E-02
 0.739297818527132E-02
 0.752584581196894E-02
 0.763921848640768E-02
 0.774990412254215E-02
 0.786346487973700E-02
 0.795133164320670E-02
 0.805599141800198E-02
 0.814472761391070E-02
 0.822644697818158E-02
 0.831061605820615E-02
 0.837544605033557E-02
 0.845353187139134E-02
 0.851559046459610E-02
 0.857100317250941E-02
 0.863230322564848E-02
 0.867352005989689E-02
 0.873033010444178E-02
 0.877086450054345E-02
 0.880735762976622E-02
 0.885532692600117E-02
 0.887555311274291E-02
 0.891639877148533E-02
 0.894373645580930E-02
 0.896485680807204E-02
 0.902502384424511E-02
 0.957777947734062E-02
 0.101328282263548E-01
 0.106758327308705E-01
 0.112434003321244E-01
 0.117907213326023E-01
 0.123460599644770E-01
 0.128973840752736E-01
 0.134267243009292E-01
 0.139783238822094E-01
 0.145009859986129E-01
 0.150328722348215E-01
 0.155470764637092E-01
 0.160457080230817E-01
 0.165463180104428E-01
 0.170131241369636E-01
 0.174962795178428E-01
 0.179377826231663E-01
 0.183837284758739E-01
 0.188009960325951E-01
 0.192183478164240E-01
 0.196093942723882E-01
 0.199870012063062E-01
 0.203472123429238E-01
 0.206962711814134E-01
 0.210245482370094E-01
 0.213356538831507E-01
 0.216294681851488E-01
 0.219170549540217E-01
 0.221749799909714E-01
 0.224277305895897E-01
 0.226475906088969E-01
 0.228820546481475E-01
 0.230636036297846E-01
 0.232687657162447E-01
 0.234358513476870E-01
 0.236046047903570E-01
 0.237515053279237E-01
 0.238824718716570E-01
 0.240177070172052E-01
 0.241106980248426E-01
 0.242331050739510E-01
 0.243141414964091E-01
 0.244013840350006E-01
 0.244768631742962E-01
 0.245275515402840E-01
 0.245931695919187E-01
 0.246215220631612E-01
 0.246713911009000E-01
 0.246920910309721E-01
 0.247081865168041E-01
 0.247363158692318E-01
 0.247200632674567E-01
 0.247420246947547E-01
 0.247338337383698E-01
 0.247266317303178E-01
 0.247126071125746E-01
 0.246748093994048E-01
 0.246746264286058E-01
 0.246076332070001E-01
 0.244673510650342E-01
 0.242537255944663E-01
 0.239669381942278E-01
 0.236609645492782E-01
 0.233482278183675E-01
 0.229639447377729E-01
 0.225088470930624E-01
 0.219839240908422E-01
 0.213904378581299E-01
 0.207299295572594E-01
 0.200042061352628E-01
 0.192153143413119E-01
 0.183655193711597E-01
 0.174573012173487E-01
 0.164933668598855E-01
 0.154766642697939E-01
 0.153572299278990E-01
 0.157756717806953E-01
 0.161658108985912E-01
 0.165698508253802E-01
 0.169278968727867E-01
 0.173037684036770E-01
 0.176455036233168E-01
 0.179814389278335E-01
 0.183031260381364E-01
 0.185995261971182E-01
 0.189070176733547E-01
 0.191690187973081E-01
 0.194512548759189E-01
 0.197007651089929E-01
 0.199418911232883E-01
 0.201804388986298E-01
 0.203812640768158E-01
 0.206074805364158E-01
 0.207927303602687E-01
 0.209853576636523E-01
 0.211605553960693E-01
 0.213131542676585E-01
 0.214850565675461E-01
 0.216121318721507E-01
 0.217631930448397E-01
 0.218893645568400E-01
 0.220041417715073E-01
 0.221259174542507E-01
 0.222083881968194E-01
 0.223281152156658E-01
 0.224068868067766E-01
 0.224922240807059E-01
 0.225728668937754E-01
 0.226241938277306E-01
 0.227081671640062E-01
 0.227472582799273E-01
 0.228132440687104E-01
 0.228010823300626E-01
 0.227109616903692E-01
 0.225433689664675E-01
 0.223031733882316E-01
 0.221045382638552E-01
 0.218313053487376E-01
 0.214848134485931E-01
 0.210666506941736E-01
 0.205786392501867E-01
 0.200228324563788E-01
 0.194015115779886E-01
 0.187171704418369E-01
 0.179724908490649E-01
 0.171703251008563E-01
 0.163137003477125E-01
 0.154058428361000E-01
 0.147162393571381E-01
 0.150711318771950E-01
 0.154271792369634E-01
 0.157575190917633E-01
 0.160893859067020E-01
 0.163943591084716E-01
 0.166995055711807E-01
 0.169795364357841E-01
 0.172565490560362E-01
 0.175125369154730E-01
 0.177613948834733E-01
 0.179991228625262E-01
 0.182185833268229E-01
 0.184307489282529E-01
 0.186206306997044E-01
 0.188186025178122E-01
 0.189797604807876E-01
 0.191555980321579E-01
 0.193027959674285E-01
 0.194546540330466E-01
 0.195823121918588E-01
 0.197062742293565E-01
 0.198289599001606E-01
 0.199256803984141E-01
 0.200331736283609E-01
 0.201155324047627E-01
 0.202072818720504E-01
 0.202753412241505E-01
 0.203402827646161E-01
 0.204074516374573E-01
 0.204472885757303E-01
 0.205056209728524E-01
 0.205402646736305E-01
 0.205812511011843E-01
 0.206111584836949E-01
 0.206285919218552E-01
 0.206570224622476E-01
 0.206612167544741E-01
 0.206838476033294E-01
 0.206799165233467E-01
 0.206805307334241E-01
 0.206313771978728E-01
 0.205343413310272E-01
 0.203915513607616E-01
 0.202053362287348E-01
 0.199781680348590E-01
 0.197332550492444E-01
 0.194909064051935E-01
 0.192112443957169E-01
 0.188970501413246E-01
 0.185512008291298E-01
 0.181766017157327E-01
 0.177761454059482E-01
 0.173527105415960E-01
 0.169091944567583E-01
 0.164485592129951E-01
 0.159738657368177E-01
 0.154882779981245E-01
 0.149950328795346E-01
 0.144973837307932E-01
 0.139985315832717E-01
 0.135015578200340E-01
 0.130093694040240E-01
 0.125246657163069E-01
 0.120499344388226E-01
 0.119483620570997E-01
 0.121539300071512E-01
 0.123563431614237E-01
 0.125482143299308E-01
 0.127274264396941E-01
 0.129081941196877E-01
 0.130810389891664E-01
 0.132370783211219E-01
 0.133997603919397E-01
 0.135445972618583E-01
 0.136680093415123E-01
 0.137975715554968E-01
 0.139061713081110E-01
 0.140135937656224E-01
 0.141056102386369E-01
 0.141759928003127E-01
 0.142506050181220E-01
 0.143067141109701E-01
 0.143628334441516E-01
 0.143882714831979E-01
 0.144228194516320E-01
 0.144393235170177E-01
 0.144572104720976E-01
 0.144506089115599E-01
 0.144500020341721E-01
 0.144372739496439E-01
 0.144153014481892E-01
 0.143864064792484E-01
 0.143433905211558E-01
 0.143101104668314E-01
 0.142486281443858E-01
 0.142018188330968E-01
 0.141392474055288E-01
 0.140723290220966E-01
 0.140090754185814E-01
 0.139230268300243E-01
 0.138555148507087E-01
 0.137717529053128E-01
 0.136881198533646E-01
 0.136004398608518E-01
 0.135024387282073E-01
 0.134245731137589E-01
 0.133199969864177E-01
 0.132254098434647E-01
 0.131372951606343E-01
 0.130256362397490E-01
 0.129296571065788E-01
 0.128271228324590E-01
 0.127254897819300E-01
 0.125832611082257E-01
 0.123991836693407E-01
 0.121719614320000E-01
 0.119399126028756E-01
 0.116981529501190E-01
 0.114124492599241E-01
 0.115553706913695E-01
 0.121073513139305E-01
 0.126263289662831E-01
 0.131661256362019E-01
 0.136733278642568E-01
 0.141983588001121E-01
 0.146847976039379E-01
 0.151831000971041E-01
 0.156481151586560E-01
 0.161320427488937E-01
 0.165729133318046E-01
 0.170223345091774E-01
 0.174373311768429E-01
 0.178700125403052E-01
 0.182541509708035E-01
 0.186519319878815E-01
 0.190156538312104E-01
 0.193872596770353E-01
 0.197162460917191E-01
 0.200559524141765E-01
 0.203728265432244E-01
 0.206781239232118E-01
 0.209607290742112E-01
 0.212310599771558E-01
 0.215032369207145E-01
 0.217379801155110E-01
 0.219836704792444E-01
 0.221959358710793E-01
 0.224200405109374E-01
 0.226081510547247E-01
 0.227988014093573E-01
 0.229806913276790E-01
 0.231371175825780E-01
 0.233033715991221E-01
 0.234321733867817E-01
 0.235831959315578E-01
 0.237019365730169E-01
 0.238208866317988E-01
 0.239315585031620E-01
 0.240185340712833E-01
 0.241269272149901E-01
 0.241937414859373E-01
 0.242830847765431E-01
 0.243512630053579E-01
 0.244116314658504E-01
 0.244726450703753E-01
 0.245048037845161E-01
 0.245722989489876E-01
 0.245757945620810E-01
 0.245150119936702E-01
 0.243901262452233E-01
 0.242014708690150E-01
 0.239495844028341E-01
 0.237135011392780E-01
 0.234365235524981E-01
 0.230986773869597E-01
 0.227012557777244E-01
 0.222458502438211E-01
 0.217343351392718E-01
 0.211688212093498E-01
 0.205515929544106E-01
 0.198850510912552E-01
 0.191716769414673E-01
 0.184140253522391E-01
 0.176147434987713E-01
 0.167766075890193E-01
 0.159025666838869E-01
 0.149957802855593E-01
 0.140596345421170E-01
 0.130977243355720E-01
 0.121137980192409E-01
 0.111116763000354E-01
 0.100951695673195E-01
 0.906802062476252E-02
 0.842046032601630E-02
 0.857676443049316E-02
 0.873447074303473E-02
 0.888595906357600E-02
 0.901800605407382E-02
 0.916967776302396E-02
 0.929885353251691E-02
 0.942588821158542E-02
 0.955547448201797E-02
 0.966160900298111E-02
 0.978721741414014E-02
 0.989447423560471E-02
 0.999566420628859E-02
 0.101039712391350E-01
 0.101865657726002E-01
 0.102891544692195E-01
 0.103736493274420E-01
 0.104538378135069E-01
 0.105396274210097E-01
 0.106032035297322E-01
 0.106898989346343E-01
 0.107545282809019E-01
 0.108203079906185E-01
 0.108881569775960E-01
 0.109332964261810E-01
 0.110070113628417E-01
 0.110518398957520E-01
 0.111083246344297E-01
 0.111154086394222E-01
 0.110743262208862E-01
 0.109865175172700E-01
 0.109151965450184E-01
 0.108091413727462E-01
 0.106596041302421E-01
 0.104686341534643E-01
 0.102384478061105E-01
 0.997144041931346E-02
 0.967020846281913E-02
 0.933756291242216E-02
 0.897651795982702E-02
 0.859025154319222E-02
 0.818204891052244E-02
 0.775524910386664E-02
 0.770448557130635E-02
 0.826043406298835E-02
 0.882452813247769E-02
 0.941897480365212E-02
 0.100250087908773E-01
 0.106351186561318E-01
 0.112586354504511E-01
 0.119065675289288E-01
 0.125547476217335E-01
 0.132010543617801E-01
 0.138776489753386E-01
 0.145537603166947E-01
 0.152224828984213E-01
 0.159054022454442E-01
 0.165954141004967E-01
 0.172722422423840E-01
 0.179436734925538E-01
 0.186341784726755E-01
 0.193059421219493E-01
 0.199689428987116E-01
 0.206465766021597E-01
 0.212992753991905E-01
 0.219348415560778E-01
 0.225850734109711E-01
 0.232038699439504E-01
 0.238142043064195E-01
 0.244214182972923E-01
 0.249909433342140E-01
 0.255612303714010E-01
 0.261116511557200E-01
 0.266288743464439E-01
 0.271566012980987E-01
 0.276379497487151E-01
 0.281157415356771E-01
 0.285692639763555E-01
 0.289968865492102E-01
 0.294188354328282E-01
 0.297891945299528E-01
 0.301774571737281E-01
 0.305085991401421E-01
 0.308548710545849E-01
 0.311473120393924E-01
 0.314468771347534E-01
 0.316995433327436E-01
 0.319562480965112E-01
 0.321675073290077E-01
 0.323893270338485E-01
 0.325590028674589E-01
 0.327435657809456E-01
 0.328749171522581E-01
 0.330283113946141E-01
 0.331285388003720E-01
 0.332412073076828E-01
 0.333258261682013E-01
 0.333988643931901E-01
 0.334573701107043E-01
 0.334898006087803E-01
 0.335413554876842E-01
 0.335362491715158E-01
 0.335628659489893E-01
 0.335598202785189E-01
 0.335490588971687E-01
 0.335256572495263E-01
 0.334777049586538E-01
 0.334629204584732E-01
 0.333921503644881E-01
 0.333484989712674E-01
 0.332892478404200E-01
 0.332113688560476E-01
 0.331422152759529E-01
 0.330466575331730E-01
 0.329811476242158E-01
 0.328397717682873E-01
 0.326219677355112E-01
 0.323274453933758E-01
 0.319562164816370E-01
 0.315086230809837E-01
 0.310536524885857E-01
 0.305810600712104E-01
 0.300347493522413E-01
 0.294156860590591E-01
 0.287250684004877E-01
 0.279643290827186E-01
 0.271351537230438E-01
 0.262395096880784E-01
 0.252796678738495E-01
 0.242581991774998E-01
 0.231779406250419E-01
 0.220419448538483E-01
 0.208534369392251E-01
 0.196157963587450E-01
 0.183325637064382E-01
 0.170074548846271E-01
 0.156443614792316E-01
 0.154478000674825E-01
 0.159313889951179E-01
 0.163994759871108E-01
 0.168618528202742E-01
 0.172960875172615E-01
 0.177426167344830E-01
 0.181457395622004E-01
 0.185662178760889E-01
 0.189510627718022E-01
 0.193342299201574E-01
 0.197025698770105E-01
 0.200487765090808E-01
 0.203978998685746E-01
 0.207089327893974E-01
 0.210440356660197E-01
 0.213351196709960E-01
 0.216322788160545E-01
 0.219145951483235E-01
 0.221747774735328E-01
 0.224375733805068E-01
 0.226664487790047E-01
 0.229200826560131E-01
 0.231298233080359E-01
 0.233475152222572E-01
 0.235548898803168E-01
 0.237375712499343E-01
 0.239292870820756E-01
 0.240872221701390E-01
 0.242691473357177E-01
 0.244133314597637E-01
 0.245631458403559E-01
 0.247087265492117E-01
 0.248265839719958E-01
 0.249641326528817E-01
 0.250638965292421E-01
 0.251893537885939E-01
 0.252471679811064E-01
 0.252386205789124E-01
 0.251651935491565E-01
 0.250285476483738E-01
 0.248305149741891E-01
 0.246377374712111E-01
 0.244142959443975E-01
 0.241334844835846E-01
 0.237975502086039E-01
 0.234089473158271E-01
 0.229703508467866E-01
 0.224846489849679E-01
 0.219549104676241E-01
 0.213843354088775E-01
 0.207762050760711E-01
 0.201338445533911E-01
 0.194606033839011E-01
 0.187598492675298E-01
 0.180349648754533E-01
 0.172893401469168E-01
 0.165263593558088E-01
 0.157493881536810E-01
 0.149617663080658E-01
 0.141668071065355E-01
 0.133677988811231E-01
 0.125680026287282E-01
 0.117706428363816E-01
 0.109788921985912E-01
 0.101958506093644E-01
 0.942451545138555E-02
 0.866773980067342E-02
 0.792818254021257E-02
 0.720826638874352E-02
 0.651016587320329E-02
 0.583583806517588E-02
 0.518708629096789E-02
 0.456562487147325E-02
 0.397310735712734E-02
 0.341109739941516E-02
 0.288099087903245E-02
 0.238392249646485E-02
 0.196551466950125E-02
 0.159828549677121E-02
 0.129104001128090E-02
 0.148088683077665E-02
 0.170363924095859E-02
 0.193662717408765E-02
 0.218898040518828E-02
 0.245793699528886E-02
 0.273670857149496E-02
 0.303882751801912E-02
 0.335347539191866E-02
 0.367649442532118E-02
 0.402541038672076E-02
 0.438248734804680E-02
 0.474617150463318E-02
 0.513386398638319E-02
 0.553014352440299E-02
 0.593113749170364E-02
 0.635564700878893E-02
 0.678629931875380E-02
 0.721850998125043E-02
 0.766566712571572E-02
 0.812343815414304E-02
 0.857977687270991E-02
 0.904441734165563E-02
 0.952138994759557E-02
 0.999291213615302E-02
 0.104670166798589E-01
 0.109538846351797E-01
 0.114312089984615E-01
 0.119042609670604E-01
 0.123913315125170E-01
 0.128644074835206E-01
 0.133361835809914E-01
 0.138122388196590E-01
 0.142691837257238E-01
 0.147254774264415E-01
 0.151781997721839E-01
 0.156066053621973E-01
 0.160482766864102E-01
 0.164661464541533E-01
 0.168680226813439E-01
 0.172728252154362E-01
 0.176460939632379E-01
 0.180330530276480E-01
 0.183880359874724E-01
 0.187364916115884E-01
 0.190711256285568E-01
 0.193893531516834E-01
 0.197006706058528E-01
 0.199780536147416E-01
 0.202644244520027E-01
 0.205179941410114E-01
 0.207781759999954E-01
 0.209950298934408E-01
 0.212282195991220E-01
 0.214256578644751E-01
 0.216293872389868E-01
 0.217938823749510E-01
 0.219683711989965E-01
 0.221193782581674E-01
 0.222631579651360E-01
 0.223889830434425E-01
 0.225015637406476E-01
 0.226140556065455E-01
 0.226948619359872E-01
 0.227893394082646E-01
 0.228512632429422E-01
 0.229260125530515E-01
 0.229753296895463E-01
 0.230210753558703E-01
 0.230641254539496E-01
 0.230805114011233E-01
 0.231189836644796E-01
 0.231209041939023E-01
 0.231372869070660E-01
 0.231413076323437E-01
 0.231316137936259E-01
 0.231266134601805E-01
 0.230995657264758E-01
 0.230957264638956E-01
 0.230603640770139E-01
 0.230319650479305E-01
 0.230117080355926E-01
 0.229593544186168E-01
 0.228484390867699E-01
 0.226783158244835E-01
 0.224486156649754E-01
 0.221592579788257E-01
 0.218708845962133E-01
 0.215614230934768E-01
 0.211935117971446E-01
 0.207676246827944E-01
 0.202845749490033E-01
 0.197454796569666E-01
 0.191516927112789E-01
 0.185047269559983E-01
 0.178061936014993E-01
 0.170577841568913E-01
 0.162613045229691E-01
 0.154187480178033E-01
 0.145323751609514E-01
 0.136047640107387E-01
 0.126388087182680E-01
 0.116376680769491E-01
 0.119090165414769E-01
 0.122213419617179E-01
 0.125143963947944E-01
 0.127916177888403E-01
 0.130678272271162E-01
 0.133182957721760E-01
 0.135832131755590E-01
 0.138183988946025E-01
 0.140474271014969E-01
 0.142833580614917E-01
 0.144781865337734E-01
 0.146991510103998E-01
 0.148955190736405E-01
 0.150806243519116E-01
 0.152662959511152E-01
 0.154222677694510E-01
 0.156040661812438E-01
 0.157534491122840E-01
 0.159016524555328E-01
 0.160545124117698E-01
 0.161692124886087E-01
 0.163194997682126E-01
 0.164353003516340E-01
 0.165546146243253E-01
 0.166698016698720E-01
 0.167569605639797E-01
 0.168735804623549E-01
 0.169539958431725E-01
 0.170519997755784E-01
 0.171342664470863E-01
 0.172031519845196E-01
 0.172887215847671E-01
 0.173295337008028E-01
 0.172992637292744E-01
 0.171980681297667E-01
 0.170538211602702E-01
 0.169240314690929E-01
 0.167251754111667E-01
 0.164580935613854E-01
 0.161238777284349E-01
 0.157238630764854E-01
 0.152596238844137E-01
 0.147329751964383E-01
 0.143505165526051E-01
 0.146968512971835E-01
 0.150508885002086E-01
 0.153701525543582E-01
 0.157000000157042E-01
 0.159905676428525E-01
 0.162889272238842E-01
 0.165486977332798E-01
 0.168273003368326E-01
 0.170583889814361E-01
 0.173059063333739E-01
 0.175184082304313E-01
 0.177336317279915E-01
 0.179256525368090E-01
 0.181075925208151E-01
 0.182813006853959E-01
 0.184292597951433E-01
 0.185847168309347E-01
 0.187041998681034E-01
 0.188416618385096E-01
 0.189509982972282E-01
 0.190548006873297E-01
 0.191526832018156E-01
 0.192233897363210E-01
 0.193147427789050E-01
 0.193709434124673E-01
 0.194381002768815E-01
 0.194917137176775E-01
 0.195266532313871E-01
 0.195748313192859E-01
 0.195923041808641E-01
 0.196290233400069E-01
 0.196453625096262E-01
 0.196540121165689E-01
 0.196703474063931E-01
 0.196552203841706E-01
 0.196712718561309E-01
 0.196588739925068E-01
 0.196483021089322E-01
 0.196442823416881E-01
 0.196084939422565E-01
 0.196015793165258E-01
 0.195393220017658E-01
 0.194146487148593E-01
 0.192287146615349E-01
 0.189828565117203E-01
 0.187391926104575E-01
 0.184730927282916E-01
 0.181502876204093E-01
 0.177725812890261E-01
 0.173420470633044E-01
 0.168610353952983E-01
 0.163321490396907E-01
 0.157581986728524E-01
 0.151421582794816E-01
 0.144871338105087E-01
 0.137963476890272E-01
 0.130731341892076E-01
 0.123209396469307E-01
 0.115433234497095E-01
 0.107439558403572E-01
 0.992660622451284E-02
 0.909511554243167E-02
 0.825335275678061E-02
 0.740516669282164E-02
 0.655435197772885E-02
 0.570464373535128E-02
 0.485974028586360E-02
 0.438501234261010E-02
 0.470074593339117E-02
 0.501322657583861E-02
 0.534861215505656E-02
 0.567758183246735E-02
 0.600456533773200E-02
 0.634656519879572E-02
 0.667736927167814E-02
 0.701720529857633E-02
 0.735403756990744E-02
 0.767502438280482E-02
 0.801205212593875E-02
 0.833457558739438E-02
 0.865760087144105E-02
 0.897649450131241E-02
 0.927218069039568E-02
 0.958304724312692E-02
 0.986933469954748E-02
 0.101614352772292E-01
 0.104346082809759E-01
 0.106948507471788E-01
 0.109522750586918E-01
 0.111934409961000E-01
 0.114323448218444E-01
 0.116450288821420E-01
 0.118639694611247E-01
 0.120579722978180E-01
 0.122531959190850E-01
 0.124197356811844E-01
 0.125909781262211E-01
 0.127417325429631E-01
 0.128862761527070E-01
 0.130162820017674E-01
 0.131324444041599E-01
 0.132469769624830E-01
 0.133335176682433E-01
 0.134315144676114E-01
 0.135000889310564E-01
 0.135762711547712E-01
 0.136339407348834E-01
 0.136821567233628E-01
 0.137317709828380E-01
 0.137548835885886E-01
 0.137980216798423E-01
 0.138154406592367E-01
 0.138312804836065E-01
 0.138523949897159E-01
 0.138415335077128E-01
 0.138546163861551E-01
 0.138486740806649E-01
 0.138372240552203E-01
 0.138227627019294E-01
 0.137922978462597E-01
 0.137856400493144E-01
 0.137480325432607E-01
 0.137174767022743E-01
 0.136980606975126E-01
 0.136444066830046E-01
 0.136185892095864E-01
 0.135806552840198E-01
 0.135381416178527E-01
 0.134937797998547E-01
 0.134335714602858E-01
 0.134039185639034E-01
 0.133180970904156E-01
 0.131759197644433E-01
 0.129774368981447E-01
 0.127876555883833E-01
 0.125708655298676E-01
 0.122995359100389E-01
 0.119742817140276E-01
 0.115959029854608E-01
 0.111653891560742E-01
 0.115248298462523E-01
 0.119001934764862E-01
 0.122852476676241E-01
 0.126497187591041E-01
 0.130119435059373E-01
 0.133495726197537E-01
 0.136873861403892E-01
 0.140148781829569E-01
 0.143253230425323E-01
 0.146274497659785E-01
 0.149086810539317E-01
 0.151961859664553E-01
 0.154466166929502E-01
 0.157127016296251E-01
 0.159478960705162E-01
 0.161876029056651E-01
 0.164024551394241E-01
 0.166112341621770E-01
 0.168165599344909E-01
 0.169944797809147E-01
 0.171879847079460E-01
 0.173450446525389E-01
 0.175146616857692E-01
 0.176654472312429E-01
 0.178051104364432E-01
 0.179403087324247E-01
 0.180497366519779E-01
 0.181845541273460E-01
 0.182787781784639E-01
 0.183847027970915E-01
 0.184825436779269E-01
 0.185603709673088E-01
 0.186443260692349E-01
 0.187057640822834E-01
 0.187857003329828E-01
 0.188354689880099E-01
 0.188895668436762E-01
 0.189490919395002E-01
 0.189779761338732E-01
 0.190294957800014E-01
 0.190566914777417E-01
 0.190933782443071E-01
 0.190721688861430E-01
 0.189935779591509E-01
 0.188583626938311E-01
 0.186674875751076E-01
 0.184788541948251E-01
 0.182668553866329E-01
 0.180015584286195E-01
 0.176843919198364E-01
 0.173169962270452E-01
 0.169012145983699E-01
 0.164390821803718E-01
 0.159328048298933E-01
 0.153847273809740E-01
 0.147973004305854E-01
 0.141730574550564E-01
 0.135146081237912E-01
 0.128246445426854E-01
 0.121059522038669E-01
 0.113614191238510E-01
 0.105940411658443E-01
 0.980692326224487E-02
 0.900327352059226E-02
 0.818638370975026E-02
 0.735959071175042E-02
 0.725700283303098E-02
 0.739005637145731E-02
 0.753249172135390E-02
 0.766188939299121E-02
 0.778689622023051E-02
 0.791256207543145E-02
 0.802142854183505E-02
 0.813917386738773E-02
 0.824543660806037E-02
 0.835053946678561E-02
 0.844741797781435E-02
 0.853571328189082E-02
 0.863361474650622E-02
 0.870934942925807E-02
 0.879497914926735E-02
 0.887309635157916E-02
 0.894318768082318E-02
 0.901296022961867E-02
 0.907344957377168E-02
 0.914403102718453E-02
 0.919692435019885E-02
 0.925329936125607E-02
 0.931119139347100E-02
 0.935332996019905E-02
 0.940674237860953E-02
 0.944699643052885E-02
 0.949258099707530E-02
 0.953257382552261E-02
 0.956662392531107E-02
 0.960622888405769E-02
 0.962764758656610E-02
 0.962146534483410E-02
 0.958954519580766E-02
 0.989216569635361E-02
 0.103653246310271E-01
 0.108537318631713E-01
 0.113558650528794E-01
 0.118700480430645E-01
 0.123945160576227E-01
 0.129274761677028E-01
 0.134810999130604E-01
 0.140453745785871E-01
 0.146149147464226E-01
 0.151877790350530E-01
 0.157619379869377E-01
 0.163529022656931E-01
 0.169499703831071E-01
 0.175437749603565E-01
 0.181317570457506E-01
 0.187241868837067E-01
 0.193260001607657E-01
 0.199167296598404E-01
 0.204938641051041E-01
 0.210759063286064E-01
 0.216581376851078E-01
 0.222213616087851E-01
 0.227723557839197E-01
 0.233335963904420E-01
 0.238700806340293E-01
 0.243793611516167E-01
 0.249055623342775E-01
 0.254008841518712E-01
 0.258736197045356E-01
 0.263532287925238E-01
 0.267967612561989E-01
 0.272225346809622E-01
 0.276455226089405E-01
 0.280268494909879E-01
 0.284216841195061E-01
 0.287751357019955E-01
 0.291087135433026E-01
 0.294322494893274E-01
 0.297227346804680E-01
 0.300137640044983E-01
 0.302518904343949E-01
 0.305067802201642E-01
 0.307081426669620E-01
 0.309267010265830E-01
 0.310909979893233E-01
 0.312699982254653E-01
 0.313968532293448E-01
 0.315450752709119E-01
 0.316358264646141E-01
 0.317484585363814E-01
 0.318171306087571E-01
 0.318925926119193E-01
 0.319366277097480E-01
 0.319753523981056E-01
 0.320023797986536E-01
 0.320038022724912E-01
 0.320162188413992E-01
 0.319846922690649E-01
 0.319811819412821E-01
 0.319426776545645E-01
 0.319054303063510E-01
 0.318574628985170E-01
 0.317868312943143E-01
 0.317407709646486E-01
 0.316491315978343E-01
 0.315825964967007E-01
 0.314986013206081E-01
 0.314017823474601E-01
 0.313112929283815E-01
 0.311926703856322E-01
 0.311061066441113E-01
 0.309491593511140E-01
 0.307207247209989E-01
 0.304199481371378E-01
 0.300461818460182E-01
 0.295989741205620E-01
 0.291512703748812E-01
 0.286801551463588E-01
 0.281368555154243E-01
 0.275215837470424E-01
 0.268347649876576E-01
 0.260770339964820E-01
 0.252492506634762E-01
 0.243525407101524E-01
 0.233883500488590E-01
 0.223584857488268E-01
 0.212651176222548E-01
 0.201107337132778E-01
 0.188980674878575E-01
 0.194402745499238E-01
 0.201021197523476E-01
 0.207659434958804E-01
 0.213939745479878E-01
 0.220242742031134E-01
 0.226167164289395E-01
 0.232216532343437E-01
 0.237740944443181E-01
 0.243434662190902E-01
 0.248592157533727E-01
 0.253951650092070E-01
 0.258758129575888E-01
 0.263679608390004E-01
 0.268222666310604E-01
 0.272680650098102E-01
 0.276908404974438E-01
 0.280898107332054E-01
 0.284877991533611E-01
 0.288399233739560E-01
 0.292155195686404E-01
 0.295352218816488E-01
 0.298741328205743E-01
 0.301756500152030E-01
 0.304691210968394E-01
 0.307485062684132E-01
 0.309959446920424E-01
 0.312627456763908E-01
 0.314719168213985E-01
 0.317120455464064E-01
 0.319122679792917E-01
 0.321087774006094E-01
 0.322937273300502E-01
 0.324481696733745E-01
 0.326300965057796E-01
 0.327568972503354E-01
 0.329134087062794E-01
 0.330345577270733E-01
 0.331509843495049E-01
 0.332675373653755E-01
 0.333457682292933E-01
 0.334583655873280E-01
 0.334994920982301E-01
 0.334568787582523E-01
 0.333315916432389E-01
 0.331249203945955E-01
 0.328383360295907E-01
 0.325206948733842E-01
 0.322017871604163E-01
 0.318068057362315E-01
 0.313377091139128E-01
 0.307966577475155E-01
 0.301860838916367E-01
 0.295087358565184E-01
 0.287676709049579E-01
 0.279662039485403E-01
 0.271078425991832E-01
 0.261962382867069E-01
 0.252351628914447E-01
 0.242284993798785E-01
 0.231802296081102E-01
 0.220944136448374E-01
 0.209751689740443E-01
 0.198266601167112E-01
 0.186530978099389E-01
 0.174587344384664E-01
 0.162478432842764E-01
 0.150246848751197E-01
 0.137934803173668E-01
 0.125584120014281E-01
 0.113236526945121E-01
 0.100933989731337E-01
 0.887187482131397E-02
 0.787012707639589E-02
 0.803362344766392E-02
 0.817312599064329E-02
 0.831422551878926E-02
 0.845708026229682E-02
 0.857387145164201E-02
 0.871107801278517E-02
 0.883304130476211E-02
 0.894683458231378E-02
 0.906505120153320E-02
 0.916485342005855E-02
 0.927987432700550E-02
 0.937963334348191E-02
 0.947323160124301E-02
 0.957774552463533E-02
 0.965712735849829E-02
 0.975411130307197E-02
 0.983417367377632E-02
 0.990999670552328E-02
 0.999675347842427E-02
 0.100561132792111E-01
 0.101401000359174E-01
 0.102084239367439E-01
 0.102743447372085E-01
 0.103368635614737E-01
 0.103852264297394E-01
 0.103881993649599E-01
 0.103476898828994E-01
 0.102691707375072E-01
 0.102109446441194E-01
 0.101135218375773E-01
 0.997935703327109E-02
 0.981095950867042E-02
 0.961091596566811E-02
 0.938193018339252E-02
 0.912685162742281E-02
 0.884867576580886E-02
 0.855051822655122E-02
 0.823557799149337E-02
 0.790710321908067E-02
 0.778120119362463E-02
 0.820118796265547E-02
 0.862244569108901E-02
 0.906624600545779E-02
 0.950981467948436E-02
 0.995081933486093E-02
 0.104017795185695E-01
 0.108588563299376E-01
 0.113087212549198E-01
 0.117493950311399E-01
 0.122084061475937E-01
 0.126579907496688E-01
 0.130971685577308E-01
 0.135521480386631E-01
 0.139917730194151E-01
 0.144139947286733E-01
 0.148520209169778E-01
 0.152707538778008E-01
 0.156760488990796E-01
 0.160873445495468E-01
 0.164740265072279E-01
 0.168527884304047E-01
 0.172277687425878E-01
 0.175736671811364E-01
 0.179324580914106E-01
 0.182614507122402E-01
 0.185772673804249E-01
 0.188878849793348E-01
 0.191746292422594E-01
 0.194644098604505E-01
 0.197172236465324E-01
 0.199741689596268E-01
 0.202018241119536E-01
 0.204349900875165E-01
 0.206371562638176E-01
 0.208311240504708E-01
 0.210062181199333E-01
 0.211821721905771E-01
 0.213302503414408E-01
 0.214782336838203E-01
 0.215980930672606E-01
 0.217254277214898E-01
 0.218156801489296E-01
 0.219209835226568E-01
 0.219907428274578E-01
 0.220718712043246E-01
 0.221290062689608E-01
 0.221829345965457E-01
 0.222254676960856E-01
 0.222522698214759E-01
 0.222917917269589E-01
 0.222920922916462E-01
 0.223154149570264E-01
 0.223195275992654E-01
 0.223174601133352E-01
 0.223038919317283E-01
 0.222761300924661E-01
 0.222747786827930E-01
 0.222274731992170E-01
 0.222021012124558E-01
 0.221719783930597E-01
 0.221226293316322E-01
 0.220728535448522E-01
 0.220156387169795E-01
 0.219752272153455E-01
 0.218830779725687E-01
 0.217388470541111E-01
 0.215424092197353E-01
 0.212938543539141E-01
 0.209934751604904E-01
 0.207030510681658E-01
 0.203851866146723E-01
 0.200172905680605E-01
 0.196001378453654E-01
 0.191347099024929E-01
 0.186222341176378E-01
 0.180642154830557E-01
 0.174624429853240E-01
 0.168189629250065E-01
 0.161360266853872E-01
 0.154160329132253E-01
 0.146614863995454E-01
 0.138749858574049E-01
 0.130592355040074E-01
 0.122170617910172E-01
 0.113514163744214E-01
 0.104653596629563E-01
 0.956203536807164E-02
 0.864465221163017E-02
 0.771648025810817E-02
 0.678085505638152E-02
 0.663058624894240E-02
 0.682104065073122E-02
 0.702459680024579E-02
 0.720960969480780E-02
 0.738757667572567E-02
 0.757723977670162E-02
 0.774264058251907E-02
 0.791828754786817E-02
 0.808522950591372E-02
 0.823560225594722E-02
 0.840486194519439E-02
 0.854517698831585E-02
 0.869650194892065E-02
 0.884053159455388E-02
 0.896741558350027E-02
 0.910806410615958E-02
 0.922614402889537E-02
 0.935709806096217E-02
 0.947243519626203E-02
 0.958111470939006E-02
 0.969945225857458E-02
 0.978795432361368E-02
 0.990680783035950E-02
 0.999953282181269E-02
 0.100966275362480E-01
 0.101417112558988E-01
 0.101352956375124E-01
 0.101038058288823E-01
 0.100761049981785E-01
 0.999838145437595E-02
 0.987152672210156E-02
 0.969671040252378E-02
 0.947537918661135E-02
 0.920923987600531E-02
 0.890022352833367E-02
 0.855043598467245E-02
 0.816211156740999E-02
 0.773758966784647E-02
 0.757750254204800E-02
 0.763156339606461E-02
 0.767559660861948E-02
 0.772818894293506E-02
 0.775514199382913E-02
 0.779031374576582E-02
 0.781807533833812E-02
 0.782906634734378E-02
 0.785288868761843E-02
 0.786003735094398E-02
 0.786632062141734E-02
 0.787228725641981E-02
 0.786115055584347E-02
 0.786548108939755E-02
 0.785624422203884E-02
 0.783887621187142E-02
 0.783226774710067E-02
 0.780741935902294E-02
 0.779256449178578E-02
 0.777237558999297E-02
 0.773801765237592E-02
 0.772855871565056E-02
 0.769634760295579E-02
 0.766856664436019E-02
 0.764606681835448E-02
 0.759973366598283E-02
 0.758153424346086E-02
 0.754522129951637E-02
 0.750975508726267E-02
 0.747837165576538E-02
 0.743019149324207E-02
 0.740944348160047E-02
 0.734223473973304E-02
 0.722890132514572E-02
 0.711417958206319E-02
 0.698481497832287E-02
 0.681055814432248E-02
 0.698016018896082E-02
 0.717990919134491E-02
 0.739322518129534E-02
 0.758653175080365E-02
 0.777445204462495E-02
 0.795676173613572E-02
 0.811873993475451E-02
 0.829542712220395E-02
 0.844827274477735E-02
 0.859747590718324E-02
 0.874820657212024E-02
 0.887238881254383E-02
 0.901223124975942E-02
 0.913401396644009E-02
 0.924632769838734E-02
 0.936613739878605E-02
 0.945863887772969E-02
 0.956475016520743E-02
 0.965673858979897E-02
 0.973491462747726E-02
 0.982386416111067E-02
 0.989142351639277E-02
 0.996699050795857E-02
 0.100275567836867E-01
 0.100761742745752E-01
 0.101430484066267E-01
 0.101754359381215E-01
 0.102273137907046E-01
 0.102707982328878E-01
 0.102977562654785E-01
 0.103322375403388E-01
 0.103496518520392E-01
 0.103829353418492E-01
 0.103909688108679E-01
 0.108422570934083E-01
 0.113215481142237E-01
 0.118187063496568E-01
 0.122856594145335E-01
 0.127519506046925E-01
 0.132049062333795E-01
 0.136432139906411E-01
 0.140776816568673E-01
 0.144755578881148E-01
 0.148868160391818E-01
 0.152548342522162E-01
 0.156312763741991E-01
 0.159685983841292E-01
 0.162991182583583E-01
 0.166046215639216E-01
 0.169021483022880E-01
 0.171710265297742E-01
 0.174249585339041E-01
 0.176553904887964E-01
 0.178735978092932E-01
 0.180619156711308E-01
 0.182407815981846E-01
 0.183874938778043E-01
 0.185343475768077E-01
 0.186374856827385E-01
 0.187525581467357E-01
 0.188216240679039E-01
 0.188979316537826E-01
 0.189401178360615E-01
 0.189743675450453E-01
 0.189918583663594E-01
 0.189837757885424E-01
 0.189821940706006E-01
 0.189381437465697E-01
 0.189099071032428E-01
 0.188525146954434E-01
 0.187856863378455E-01
 0.187101617172510E-01
 0.186057093452146E-01
 0.185240380091558E-01
 0.184018562162575E-01
 0.182871853065134E-01
 0.181641497292461E-01
 0.180163573245640E-01
 0.178794514888423E-01
 0.177181555597024E-01
 0.175661728424614E-01
 0.173927781692722E-01
 0.172122159754647E-01
 0.170458223263549E-01
 0.168409066514598E-01
 0.166630751563405E-01
 0.164658339395754E-01
 0.162639066898065E-01
 0.160090205216045E-01
 0.157028471084080E-01
 0.153472903740770E-01
 0.149587792231910E-01
 0.145904293147314E-01
 0.141780659472344E-01
 0.137241575941777E-01
 0.132313109219886E-01
 0.127022631766903E-01
 0.121398747005948E-01
 0.115471200919652E-01
 0.109270801635182E-01
 0.102829366820117E-01
 0.961796745482661E-02
 0.893553443490282E-02
 0.859568325300000E-02
 0.869486245660442E-02
 0.878393959277714E-02
 0.884931984983810E-02
 0.891621464278027E-02
 0.895025678185490E-02
 0.898763656035775E-02
 0.900116281968215E-02
 0.900620698852784E-02
 0.899550248615351E-02
 0.897034855647463E-02
 0.894368140631293E-02
 0.889089617201226E-02
 0.884469749286713E-02
 0.877679691119983E-02
 0.870420789662411E-02
 0.862232538344131E-02
 0.852616254143947E-02
 0.843293554807311E-02
 0.832082610202707E-02
 0.821297572678774E-02
 0.809165330825791E-02
 0.796482150820896E-02
 0.783895158514471E-02
 0.769547013891724E-02
 0.756325433754676E-02
 0.741809381371896E-02
 0.727211193658626E-02
 0.712289681137719E-02
 0.696540550257196E-02
 0.681735328361883E-02
 0.665592982374637E-02
 0.650142265226098E-02
 0.634230917977187E-02
 0.617990127340845E-02
 0.602282224530732E-02
 0.585637589244023E-02
 0.570099532792682E-02
 0.552861039061491E-02
 0.534109992603086E-02
 0.514033126173890E-02
 0.492814204925758E-02
 0.472507478560170E-02
 0.451813699725068E-02
 0.430325965889692E-02
 0.408210217456854E-02
 0.385626368865861E-02
 0.362728495635478E-02
 0.339665003662050E-02
 0.316578425348282E-02
 0.293604673074748E-02
 0.270871845206975E-02
 0.248498912442329E-02
 0.226594692835298E-02
 0.205257403121438E-02
 0.184574821843077E-02
 0.164624861520583E-02
 0.160342560271056E-02
 0.156943867486188E-02
 0.153382275618405E-02
 0.149533419872393E-02
 0.145533521441783E-02
 0.141288692446230E-02
 0.136944896653684E-02
 0.132443111280057E-02
 0.127850812848584E-02
 0.123190471781299E-02
 0.118451674566667E-02
 0.113705583499644E-02
 0.108891553113778E-02
 0.104167709685058E-02
 0.993515391738830E-03
 0.946698858989394E-03
 0.899595088006773E-03
 0.854044688164271E-03
 0.808331339630987E-03
 0.764092887323877E-03
 0.720795857559087E-03
 0.678327677301997E-03
 0.637229894667703E-03
 0.596975884492375E-03
 0.558811433442327E-03
 0.521200608102925E-03
 0.485489267307131E-03
 0.451053849085981E-03
 0.417960548496564E-03
 0.386421796645648E-03
 0.356092890873607E-03
 0.327644334609553E-03
 0.300323810401670E-03
 0.274689609059920E-03
 0.250431401712674E-03
 0.227552949818908E-03
 0.206241924645196E-03
 0.186053183544563E-03
 0.167447184624572E-03
 0.149858414650322E-03
 0.133342648496397E-03
 0.117944727062747E-03
 0.103689278715589E-03
 0.905830088871943E-04
 0.786168509088012E-04
 0.677679857109752E-04
 0.580223763538927E-04
 0.493825431480084E-04
 0.416917546063931E-04
 0.348997215691956E-04
 0.289503708063081E-04
 0.237834314526091E-04
 0.193359213347587E-04
 0.155435341804936E-04
 0.123971184940478E-04
 0.100851364572327E-04
 0.807997601014580E-05
 0.636206613823333E-05
 0.491149441480714E-05
 0.370911661578156E-05
 0.272778858446165E-05
 0.194427584530483E-05
 0.133541051292267E-05
 0.877065189883357E-06
 0.544194426728754E-06
 0.313903671019684E-06
 0.164485398345904E-06
 0.752968772525575E-07
 0.281120563697466E-07
 0.746815548508398E-08
 0.986364666731604E-09
 0.123943074275761E-10
 0.000000000000000E+00
 0.000000000000000E+00
 0.000000000000000E+00
 0.000000000000000E+00
 0.000000000000000E+00
 0.000000000000000E+00
 0.000000000000000E+00
 0.000000000000000E+00
 0.000000000000000E+00
 0.000000000000000E+00
 0.000000000000000E+00
 0.000000000000000E+00
 0.000000000000000E+00
 0.000000000000000E+00
 0.000000000000000E+00
 0.000000000000000E+00
 0.000000000000000E+00
 0.000000000000000E+00
 0.000000000000000E+00
 0.000000000000000E+00
 0.000000000000000E+00
 0.000000000000000E+00
 0.000000000000000E+00
 0.000000000000000E+00
 0.000000000000000E+00
 0.000000000000000E+00
 0.000000000000000E+00
 0.000000000000000E+00
 0.000000000000000E+00
 0.000000000000000E+00
 0.000000000000000E+00
 0.000000000000000E+00
 0.000000000000000E+00
 0.000000000000000E+00
 0.000000000000000E+00
 0.000000000000000E+00
 0.000000000000000E+00
 0.000000000000000E+00
 0.000000000000000E+00
 0.000000000000000E+00
 0.000000000000000E+00
 0.000000000000000E+00
 0.000000000000000E+00
 0.000000000000000E+00
 0.000000000000000E+00
 0.000000000000000E+00
 0.000000000000000E+00
 0.000000000000000E+00
 0.000000000000000E+00
 0.000000000000000E+00
 0.000000000000000E+00
 0.000000000000000E+00
 0.000000000000000E+00
 0.000000000000000E+00
 0.000000000000000E+00
 0.000000000000000E+00
 0.000000000000000E+00
 0.000000000000000E+00
 0.000000000000000E+00
 0.000000000000000E+00
 0.000000000000000E+00
 0.000000000000000E+00
 0.000000000000000E+00
 0.000000000000000E+00
 0.000000000000000E+00
 0.000000000000000E+00
 0.000000000000000E+00
 0.000000000000000E+00
 0.000000000000000E+00
 0.000000000000000E+00
 0.000000000000000E+00
 0.000000000000000E+00
 0.000000000000000E+00
 0.000000000000000E+00
 0.000000000000000E+00
 0.000000000000000E+00
 0.000000000000000E+00
 0.000000000000000E+00
 0.000000000000000E+00
 0.000000000000000E+00
 0.000000000000000E+00
 0.000000000000000E+00
 0.000000000000000E+00
 0.000000000000000E+00
 0.000000000000000E+00
 0.000000000000000E+00
 0.000000000000000E+00
 0.000000000000000E+00
 0.000000000000000E+00
 0.000000000000000E+00
 0.000000000000000E+00
 0.000000000000000E+00
 0.000000000000000E+00
 0.000000000000000E+00
 0.000000000000000E+00
 0.000000000000000E+00
 0.000000000000000E+00
 0.000000000000000E+00
 0.000000000000000E+00
 0.000000000000000E+00
 0.000000000000000E+00
 0.000000000000000E+00
 0.000000000000000E+00
 0.000000000000000E+00
 0.000000000000000E+00
 0.000000000000000E+00
 0.000000000000000E+00
 0.000000000000000E+00
 0.000000000000000E+00
 0.000000000000000E+00
 0.000000000000000E+00
 0.000000000000000E+00
 0.000000000000000E+00
 0.000000000000000E+00
 0.000000000000000E+00
 0.000000000000000E+00
 0.000000000000000E+00
 0.000000000000000E+00
 0.000000000000000E+00
 0.000000000000000E+00
 0.000000000000000E+00
 0.000000000000000E+00
 0.000000000000000E+00
 0.000000000000000E+00
 0.000000000000000E+00
 0.000000000000000E+00
 0.000000000000000E+00
 0.000000000000000E+00
 0.000000000000000E+00
 0.000000000000000E+00
 0.000000000000000E+00
 0.000000000000000E+00
 0.000000000000000E+00
 0.000000000000000E+00
 0.000000000000000E+00
 0.000000000000000E+00
 0.000000000000000E+00
 0.000000000000000E+00
 0.000000000000000E+00
 0.000000000000000E+00
 0.000000000000000E+00
 0.000000000000000E+00
 0.000000000000000E+00
 0.000000000000000E+00
 0.000000000000000E+00
 0.000000000000000E+00
 0.000000000000000E+00
 0.000000000000000E+00
 0.000000000000000E+00
 0.000000000000000E+00
 0.000000000000000E+00
 0.000000000000000E+00
 0.000000000000000E+00
 0.000000000000000E+00
 0.000000000000000E+00
 0.000000000000000E+00
 0.000000000000000E+00
 0.000000000000000E+00
 0.000000000000000E+00
 0.000000000000000E+00
 0.000000000000000E+00
 0.000000000000000E+00
 0.000000000000000E+00
 0.000000000000000E+00
 0.000000000000000E+00
 0.000000000000000E+00
 0.000000000000000E+00
 0.000000000000000E+00
 0.000000000000000E+00
 0.000000000000000E+00
 0.000000000000000E+00
 0.000000000000000E+00
 0.000000000000000E+00
 0.000000000000000E+00
 0.000000000000000E+00
 0.000000000000000E+00
 0.000000000000000E+00
 0.000000000000000E+00
 0.000000000000000E+00
 0.000000000000000E+00
 0.000000000000000E+00
 0.000000000000000E+00
 0.000000000000000E+00
 0.000000000000000E+00
 0.000000000000000E+00
 0.000000000000000E+00
 0.000000000000000E+00
 0.000000000000000E+00
 0.000000000000000E+00
 0.000000000000000E+00
 0.000000000000000E+00
 0.000000000000000E+00
 0.000000000000000E+00
 0.000000000000000E+00
 0.000000000000000E+00
 0.000000000000000E+00
 0.000000000000000E+00
 0.000000000000000E+00
 0.000000000000000E+00
 0.000000000000000E+00
 0.000000000000000E+00
 0.000000000000000E+00
 0.000000000000000E+00
 0.000000000000000E+00
 0.000000000000000E+00
 0.000000000000000E+00
 0.000000000000000E+00
 0.000000000000000E+00
 0.000000000000000E+00
 0.000000000000000E+00
 0.000000000000000E+00
 0.000000000000000E+00
 0.000000000000000E+00
 0.000000000000000E+00
 0.000000000000000E+00
 0.000000000000000E+00
 0.000000000000000E+00
 0.000000000000000E+00
 0.000000000000000E+00
 0.000000000000000E+00
 0.000000000000000E+00
 0.000000000000000E+00
 0.000000000000000E+00
 0.000000000000000E+00
 0.000000000000000E+00
 0.000000000000000E+00
 0.000000000000000E+00
 0.000000000000000E+00
 0.000000000000000E+00
 0.000000000000000E+00
 0.000000000000000E+00
 0.000000000000000E+00
 0.000000000000000E+00
 0.000000000000000E+00
 0.000000000000000E+00
 0.000000000000000E+00
 0.000000000000000E+00
 0.000000000000000E+00
 0.000000000000000E+00
 0.000000000000000E+00
 0.000000000000000E+00
 0.000000000000000E+00
 0.000000000000000E+00
 0.000000000000000E+00
 0.000000000000000E+00
 0.000000000000000E+00
 0.000000000000000E+00
 0.000000000000000E+00
 0.000000000000000E+00
 0.000000000000000E+00
 0.000000000000000E+00
 0.000000000000000E+00
 0.000000000000000E+00
 0.000000000000000E+00
 0.000000000000000E+00
 0.000000000000000E+00
 0.000000000000000E+00
 0.000000000000000E+00
 0.000000000000000E+00
 0.000000000000000E+00
 0.000000000000000E+00
 0.000000000000000E+00
 0.000000000000000E+00
 0.000000000000000E+00
 0.000000000000000E+00
 0.000000000000000E+00
 0.000000000000000E+00
 0.000000000000000E+00
 0.000000000000000E+00
 0.000000000000000E+00
 0.000000000000000E+00
 0.000000000000000E+00
 0.000000000000000E+00
 0.000000000000000E+00
 0.000000000000000E+00
 0.000000000000000E+00
 0.000000000000000E+00
 0.000000000000000E+00
 0.000000000000000E+00
 0.000000000000000E+00
 0.000000000000000E+00
 0.000000000000000E+00
 0.000000000000000E+00
 0.000000000000000E+00
 0.000000000000000E+00
 0.000000000000000E+00
 0.000000000000000E+00
 0.000000000000000E+00
 0.000000000000000E+00
 0.000000000000000E+00
 0.000000000000000E+00
 0.000000000000000E+00
 0.000000000000000E+00
 0.000000000000000E+00
 0.000000000000000E+00
 0.000000000000000E+00
 0.000000000000000E+00
 0.000000000000000E+00
 0.000000000000000E+00
 0.000000000000000E+00
 0.000000000000000E+00
 0.000000000000000E+00
 0.000000000000000E+00
 0.000000000000000E+00
 0.000000000000000E+00
 0.000000000000000E+00
 0.000000000000000E+00
 0.000000000000000E+00
 0.000000000000000E+00
 0.000000000000000E+00
 0.000000000000000E+00
 0.000000000000000E+00
 0.000000000000000E+00
 0.000000000000000E+00
 0.000000000000000E+00
 0.000000000000000E+00
 0.000000000000000E+00
 0.000000000000000E+00
 0.000000000000000E+00
 0.000000000000000E+00
 0.000000000000000E+00
 0.000000000000000E+00
 0.000000000000000E+00
 0.000000000000000E+00
 0.000000000000000E+00
 0.000000000000000E+00
 0.000000000000000E+00
 0.000000000000000E+00
 0.000000000000000E+00
 0.000000000000000E+00
 0.000000000000000E+00
 0.000000000000000E+00
 0.000000000000000E+00
 0.000000000000000E+00
 0.000000000000000E+00
 0.000000000000000E+00
 0.000000000000000E+00
 0.000000000000000E+00
 0.000000000000000E+00
 0.000000000000000E+00
 0.000000000000000E+00
 0.000000000000000E+00
 0.000000000000000E+00
 0.000000000000000E+00
 0.000000000000000E+00
 0.000000000000000E+00
 0.000000000000000E+00
 0.000000000000000E+00
