 0.109624103074036E-10
 0.818389987850214E-09
 0.578481835167904E-08
 0.202195409119456E-07
 0.498827550271228E-07
 0.996019049744010E-07
 0.172038142085437E-06
 0.266622988247033E-06
 0.378680198481389E-06
 0.505163909126548E-06
 0.760895341425174E-06
 0.110269565635401E-05
 0.155168411274473E-05
 0.212348643659661E-05
 0.283900072943945E-05
 0.373015514417705E-05
 0.480313525874789E-05
 0.610075440715993E-05
 0.764374732049237E-05
 0.944250197244272E-05
 0.115648408691757E-04
 0.139942883931237E-04
 0.167925230127233E-04
 0.199794840103547E-04
 0.235543603105914E-04
 0.276470047982041E-04
 0.321635440703499E-04
 0.372411550619923E-04
 0.428313473294239E-04
 0.489760143358040E-04
 0.558635099966411E-04
 0.632251309055946E-04
 0.714270962163155E-04
 0.799982392246759E-04
 0.888736559986989E-04
 0.979830686846231E-04
 0.107741393562662E-03
 0.117855705957330E-03
 0.128048159325485E-03
 0.138226273855397E-03
 0.148295773824444E-03
 0.158162504005844E-03
 0.167734719260336E-03
 0.176925770541393E-03
 0.190333595771854E-03
 0.216648856328904E-03
 0.245891403736343E-03
 0.278151682823643E-03
 0.313309101115267E-03
 0.351448906557048E-03
 0.393415563174628E-03
 0.438843304004297E-03
 0.487665476370109E-03
 0.540328838983278E-03
 0.597452268200385E-03
 0.658261763534390E-03
 0.722856242417819E-03
 0.792813862163037E-03
 0.866607442698492E-03
 0.944115556445289E-03
 0.102750671539976E-02
 0.111474289116566E-02
 0.120583802652549E-02
 0.130292117609842E-02
 0.140338201735351E-02
 0.150793522178450E-02
 0.161808842577948E-02
 0.173104935948544E-02
 0.185031173186090E-02
 0.197266135480943E-02
 0.209878868536710E-02
 0.223027158891398E-02
 0.236358177296623E-02
 0.250351997934093E-02
 0.264411728654462E-02
 0.278968824154430E-02
 0.293729092533964E-02
 0.308994602110506E-02
 0.324389175308929E-02
 0.340045130696337E-02
 0.355976718913363E-02
 0.372267300227135E-02
 0.388628069938236E-02
 0.405221290063999E-02
 0.421923222269980E-02
 0.439073887195932E-02
 0.456005256444104E-02
 0.473453137987983E-02
 0.490537629642792E-02
 0.508334450919609E-02
 0.525706088990425E-02
 0.543504927248305E-02
 0.561126703605590E-02
 0.578773741599772E-02
 0.596698367724108E-02
 0.614091508100416E-02
 0.632143553502631E-02
 0.649726440155444E-02
 0.667692797885451E-02
 0.685282966802535E-02
 0.702778190062619E-02
 0.720846303908671E-02
 0.737759721220830E-02
 0.755549778036780E-02
 0.772911591403460E-02
 0.790147527034468E-02
 0.807040576566132E-02
 0.823566987927209E-02
 0.841192886215689E-02
 0.856825424805196E-02
 0.870302095339034E-02
 0.881459909821904E-02
 0.890137560195299E-02
 0.896180343844782E-02
 0.901898062632328E-02
 0.906133635209161E-02
 0.907527461071903E-02
 0.905974121495000E-02
 0.901382929763576E-02
 0.893677984512301E-02
 0.882796960024832E-02
 0.868689559587296E-02
 0.851316904649742E-02
 0.830652682160052E-02
 0.806685977999574E-02
 0.779424992882554E-02
 0.748900634326614E-02
 0.715169205915380E-02
 0.678313714283882E-02
 0.638443460293741E-02
 0.595691681961751E-02
 0.550211345516248E-02
 0.502169822808474E-02
 0.451743863411833E-02
 0.461708409877406E-02
 0.480915932649687E-02
 0.499533539711841E-02
 0.519568145450440E-02
 0.538280876838341E-02
 0.557109073023794E-02
 0.576810672943171E-02
 0.594799852864040E-02
 0.614120478046899E-02
 0.632661212258642E-02
 0.650465446876817E-02
 0.669105835008164E-02
 0.686200931195789E-02
 0.704531004626304E-02
 0.721699743809097E-02
 0.738314903821549E-02
 0.755902459001305E-02
 0.771403788716300E-02
 0.788764780073416E-02
 0.804471888343371E-02
 0.820122497966216E-02
 0.836248518056778E-02
 0.850089897526919E-02
 0.866407634909423E-02
 0.880471643894071E-02
 0.895347481241265E-02
 0.905589038740686E-02
 0.911089602338822E-02
 0.913486955692415E-02
 0.916612925124788E-02
 0.914929869139428E-02
 0.908410211379141E-02
 0.897051903707743E-02
 0.880879484353239E-02
 0.859944957355380E-02
 0.857250820404678E-02
 0.876594531322075E-02
 0.895441290257142E-02
 0.912623302413252E-02
 0.929218375311545E-02
 0.945927214402716E-02
 0.960154131413552E-02
 0.974803389821943E-02
 0.987520382484156E-02
 0.100051696600914E-01
 0.101155919979032E-01
 0.102197021390815E-01
 0.103274106087367E-01
 0.104034626813668E-01
 0.104953081772218E-01
 0.105705432764322E-01
 0.106370450866964E-01
 0.107044205858439E-01
 0.107513419119023E-01
 0.108106995017470E-01
 0.108507587072502E-01
 0.108837187414821E-01
 0.109255536256552E-01
 0.109414048610405E-01
 0.109720386643434E-01
 0.109902481330321E-01
 0.109959702028227E-01
 0.110155095735327E-01
 0.110095472417953E-01
 0.110175609584461E-01
 0.110130927111586E-01
 0.109965539586266E-01
 0.109961078852053E-01
 0.109724313444520E-01
 0.109647909801775E-01
 0.109460465009471E-01
 0.109172838280140E-01
 0.109047875307691E-01
 0.108559829243300E-01
 0.107551710433084E-01
 0.106024525326147E-01
 0.104617452590642E-01
 0.102892628904731E-01
 0.100666608066164E-01
 0.979487247758618E-02
 0.947503270198845E-02
 0.910850335694573E-02
 0.869691288941859E-02
 0.824219266276371E-02
 0.774659073963266E-02
 0.755796071922516E-02
 0.773928961721697E-02
 0.793061629606928E-02
 0.810230823424768E-02
 0.827163597364357E-02
 0.843434440813353E-02
 0.857291776134759E-02
 0.873255109477659E-02
 0.886715142709843E-02
 0.899859172367145E-02
 0.913827562426892E-02
 0.924644176806894E-02
 0.937456046448927E-02
 0.948945694019251E-02
 0.958953707762353E-02
 0.969882859616865E-02
 0.978728262504953E-02
 0.988700668346986E-02
 0.996979209236823E-02
 0.100433419001922E-01
 0.101388014287627E-01
 0.101946487554516E-01
 0.102733884301576E-01
 0.103409891397077E-01
 0.103951298878852E-01
 0.104570531304030E-01
 0.104990618478393E-01
 0.105634914805425E-01
 0.106013613452366E-01
 0.108027453038252E-01
 0.112902411708674E-01
 0.117688842248430E-01
 0.122351194670994E-01
 0.127076783618325E-01
 0.131478941788260E-01
 0.136090784232247E-01
 0.140342751185207E-01
 0.144643551341049E-01
 0.148715555770793E-01
 0.152731027462825E-01
 0.156579678629660E-01
 0.160220647140407E-01
 0.163813730608201E-01
 0.167218613836379E-01
 0.170552446372624E-01
 0.173622191660020E-01
 0.176661511516745E-01
 0.179519715869470E-01
 0.182240773475486E-01
 0.184796066537830E-01
 0.187168721790628E-01
 0.189515459164105E-01
 0.191524679253850E-01
 0.193586524756448E-01
 0.195281061084240E-01
 0.197166110273471E-01
 0.198638495760831E-01
 0.200158237111129E-01
 0.201519265196342E-01
 0.202673204022760E-01
 0.203924085424518E-01
 0.204766325557746E-01
 0.205843450671222E-01
 0.206594668862460E-01
 0.207309440863818E-01
 0.207974111193970E-01
 0.208342221426573E-01
 0.209033867205458E-01
 0.209291070180778E-01
 0.209666070792641E-01
 0.210002940637037E-01
 0.210046123947721E-01
 0.210278374940424E-01
 0.210265325451131E-01
 0.210360490892769E-01
 0.210242144238696E-01
 0.210034136752730E-01
 0.210099427733767E-01
 0.209661487436900E-01
 0.209581713384999E-01
 0.209338778425342E-01
 0.208979950277414E-01
 0.207919669607335E-01
 0.206156487057691E-01
 0.203691005691074E-01
 0.201012790711944E-01
 0.198305100014471E-01
 0.194913999030138E-01
 0.190846813281710E-01
 0.186114092674402E-01
 0.180729823625666E-01
 0.174711320684741E-01
 0.168078809892283E-01
 0.160854838946359E-01
 0.153063684588484E-01
 0.144730889207499E-01
 0.142499694594883E-01
 0.146659761664139E-01
 0.150529548901859E-01
 0.154375702357308E-01
 0.158072871104506E-01
 0.161580766362554E-01
 0.165039278932103E-01
 0.168195613581553E-01
 0.171489704944410E-01
 0.174360029130528E-01
 0.177388539630232E-01
 0.180104277613384E-01
 0.182764417067810E-01
 0.185316738095770E-01
 0.187609579328767E-01
 0.190007510006800E-01
 0.192020788362615E-01
 0.194191720079240E-01
 0.196039432781677E-01
 0.197836471730438E-01
 0.199618556212929E-01
 0.201074480548940E-01
 0.202745301008287E-01
 0.204114080229924E-01
 0.205523046509034E-01
 0.206719201009836E-01
 0.207774831416132E-01
 0.209001214911077E-01
 0.209760577104231E-01
 0.210827686156748E-01
 0.211657823342637E-01
 0.212419615446012E-01
 0.213197794274564E-01
 0.213660618006322E-01
 0.214508979234935E-01
 0.214927269504004E-01
 0.215485537164836E-01
 0.215952129766765E-01
 0.216228783410362E-01
 0.215812135140316E-01
 0.214708178587273E-01
 0.212925868813845E-01
 0.210662425206575E-01
 0.208615219334553E-01
 0.205915005052493E-01
 0.202576743692018E-01
 0.198618051833980E-01
 0.194058894305248E-01
 0.188921253015386E-01
 0.183228800234536E-01
 0.177006629227812E-01
 0.170281098818736E-01
 0.163079806186181E-01
 0.155431635457060E-01
 0.147366790331322E-01
 0.138916741812539E-01
 0.130114091400986E-01
 0.120992411537918E-01
 0.112775158752678E-01
 0.115413532463576E-01
 0.117929746546089E-01
 0.120388662534873E-01
 0.122711024311831E-01
 0.125026556470374E-01
 0.127168349636120E-01
 0.129293994410303E-01
 0.131235008624721E-01
 0.133218251561492E-01
 0.134959551756816E-01
 0.136747713360438E-01
 0.138322229392850E-01
 0.139990844959349E-01
 0.141380610806931E-01
 0.142854027199138E-01
 0.144199455598763E-01
 0.145478243865499E-01
 0.146633602775301E-01
 0.147718251460209E-01
 0.148841665951088E-01
 0.149743661953249E-01
 0.150700921356082E-01
 0.151522501722649E-01
 0.152368786023775E-01
 0.153025995801030E-01
 0.153692284517885E-01
 0.154369455172757E-01
 0.154869949851819E-01
 0.155418961461989E-01
 0.155825208937157E-01
 0.156301618595130E-01
 0.156631876786722E-01
 0.156962469359590E-01
 0.157300189840243E-01
 0.157486487156708E-01
 0.157807122314967E-01
 0.157916706589430E-01
 0.158122267310187E-01
 0.158023395691543E-01
 0.157640319227389E-01
 0.156994710952320E-01
 0.156109687475031E-01
 0.155009697536839E-01
 0.153720305937468E-01
 0.152267879081710E-01
 0.150679195080631E-01
 0.149697337635329E-01
 0.153115425535184E-01
 0.156566445639794E-01
 0.160030040364816E-01
 0.163516302736071E-01
 0.167063729114224E-01
 0.170591671770545E-01
 0.174082583281421E-01
 0.177518075094336E-01
 0.180878161905535E-01
 0.184244905981093E-01
 0.187601425569719E-01
 0.190841489970629E-01
 0.193942051760003E-01
 0.197097605417889E-01
 0.200128915919856E-01
 0.202962144771101E-01
 0.205658768413992E-01
 0.208357045346752E-01
 0.210811282316156E-01
 0.213187156630254E-01
 0.215474406770586E-01
 0.217473438199274E-01
 0.219446265263150E-01
 0.221246900104356E-01
 0.222924909569263E-01
 0.224514515983817E-01
 0.225755301675145E-01
 0.227123460978996E-01
 0.228127681615716E-01
 0.229254462595087E-01
 0.229993401826572E-01
 0.230787258870432E-01
 0.231268774322834E-01
 0.231850491055900E-01
 0.232059299612588E-01
 0.232365282344282E-01
 0.232368841490365E-01
 0.232492789230400E-01
 0.232311319203590E-01
 0.232168793795968E-01
 0.231858815193127E-01
 0.231456168916132E-01
 0.231037751747914E-01
 0.230375781257319E-01
 0.229898489194272E-01
 0.229161213362570E-01
 0.228502424464728E-01
 0.227702584115428E-01
 0.226806985852750E-01
 0.226036435445900E-01
 0.224944523350262E-01
 0.224084397825670E-01
 0.223065738400794E-01
 0.221977365666334E-01
 0.220896405448986E-01
 0.219676025754703E-01
 0.218688033431672E-01
 0.217205692645350E-01
 0.215213350822650E-01
 0.212696264511912E-01
 0.209640935191778E-01
 0.206035505164618E-01
 0.202694197769352E-01
 0.198918663325012E-01
 0.194591924206336E-01
 0.189707712919412E-01
 0.184262120603278E-01
 0.178254059634630E-01
 0.171685626927637E-01
 0.164562227763807E-01
 0.159848105661132E-01
 0.166353628959284E-01
 0.172928710168353E-01
 0.179217461784915E-01
 0.185488723298898E-01
 0.191513555531181E-01
 0.197548782097210E-01
 0.203276759708245E-01
 0.208952457975003E-01
 0.214362969683632E-01
 0.219812233469599E-01
 0.224862801742871E-01
 0.229901393695976E-01
 0.234577615534053E-01
 0.239413215689626E-01
 0.243684726946906E-01
 0.248122733387590E-01
 0.252108752655194E-01
 0.256211590094797E-01
 0.259867677566965E-01
 0.263560541775858E-01
 0.267007527609541E-01
 0.270270076199814E-01
 0.273441173815186E-01
 0.276281941467824E-01
 0.279267694723813E-01
 0.281719933943475E-01
 0.284424069694773E-01
 0.286698440016318E-01
 0.288982675369577E-01
 0.291103037595863E-01
 0.292976461600972E-01
 0.294937886122607E-01
 0.296454565044980E-01
 0.298284822205540E-01
 0.299673392751141E-01
 0.301128355176434E-01
 0.302502484676281E-01
 0.303584977186999E-01
 0.304843948404299E-01
 0.305703466719603E-01
 0.306829519198754E-01
 0.307599902429895E-01
 0.308377125807615E-01
 0.309123216786271E-01
 0.309542630196630E-01
 0.309186679160786E-01
 0.308059886866711E-01
 0.306168246040080E-01
 0.303519310980966E-01
 0.300353990600681E-01
 0.297400108634395E-01
 0.293713408034780E-01
 0.289308790396980E-01
 0.284204370202350E-01
 0.278421150791225E-01
 0.271982598124618E-01
 0.264914262979922E-01
 0.257243557491562E-01
 0.248999684563961E-01
 0.240213619143623E-01
 0.230918025363134E-01
 0.221147076543352E-01
 0.210936254357335E-01
 0.200322240838451E-01
 0.189342946934483E-01
 0.178037605316251E-01
 0.166446793760121E-01
 0.154612295571920E-01
 0.142576801415923E-01
 0.130383529279837E-01
 0.118075844511337E-01
 0.105696927351763E-01
 0.967987357843165E-02
 0.986203232625548E-02
 0.100396530617191E-01
 0.102175517846833E-01
 0.103715292465227E-01
 0.105421934616222E-01
 0.106963878526794E-01
 0.108390241080241E-01
 0.109908109859403E-01
 0.111183674814751E-01
 0.112577470348306E-01
 0.113846382613908E-01
 0.114973794507456E-01
 0.116260920796932E-01
 0.117266411895637E-01
 0.118406426876838E-01
 0.119436677307175E-01
 0.120318039928645E-01
 0.121366326250320E-01
 0.122133934414217E-01
 0.123069485830329E-01
 0.123875987398834E-01
 0.124581618682014E-01
 0.125391127508320E-01
 0.125974067069313E-01
 0.126806560164493E-01
 0.127392558482827E-01
 0.128002026184424E-01
 0.128053965907673E-01
 0.127562926716913E-01
 0.126546841204473E-01
 0.125688026358955E-01
 0.124468579472301E-01
 0.122764808324961E-01
 0.120600488267246E-01
 0.118002003131185E-01
 0.114998223744405E-01
 0.111620184502128E-01
 0.107900586819358E-01
 0.103873198609189E-01
 0.995722478571033E-02
 0.950319347361656E-02
 0.902861907529008E-02
 0.853687640579679E-02
 0.803136041036223E-02
 0.751553953579271E-02
 0.784226075798610E-02
 0.837122953315361E-02
 0.890661726266001E-02
 0.944471089145582E-02
 0.100047384562966E-01
 0.105743824680050E-01
 0.111411716790061E-01
 0.117121164523307E-01
 0.123025948069513E-01
 0.128859043941700E-01
 0.134656169831043E-01
 0.140668061758755E-01
 0.146553765064873E-01
 0.152290095126912E-01
 0.158268801066323E-01
 0.164083161371184E-01
 0.169709199903781E-01
 0.175546153675634E-01
 0.181152336416757E-01
 0.186545299158862E-01
 0.192120459726726E-01
 0.197416126234729E-01
 0.202616257770671E-01
 0.207816105726219E-01
 0.212683160540520E-01
 0.217571737441063E-01
 0.222268730990204E-01
 0.226720507293084E-01
 0.231224843517870E-01
 0.235319708962200E-01
 0.239475853970949E-01
 0.243311574144814E-01
 0.246986745769226E-01
 0.250530486889850E-01
 0.253720421584663E-01
 0.256947858058331E-01
 0.259735878003814E-01
 0.262641376113797E-01
 0.265024106108298E-01
 0.267606433419106E-01
 0.269668751931348E-01
 0.271917478871062E-01
 0.273656081228137E-01
 0.275544633105661E-01
 0.276970310432569E-01
 0.278509813744484E-01
 0.279728640189031E-01
 0.280931192063198E-01
 0.281884129612418E-01
 0.282719122692929E-01
 0.283516693177264E-01
 0.283997473751579E-01
 0.284586321811973E-01
 0.284873319755268E-01
 0.285296418774382E-01
 0.285359067939655E-01
 0.285452418755137E-01
 0.285550692642811E-01
 0.285324051923097E-01
 0.285248138474053E-01
 0.284961707011959E-01
 0.284742671436773E-01
 0.284257442808744E-01
 0.283743276801000E-01
 0.283416067378014E-01
 0.282598300083520E-01
 0.282122405043163E-01
 0.281439147421686E-01
 0.280716785296652E-01
 0.279344468782618E-01
 0.277323290739967E-01
 0.274656449379182E-01
 0.271348416897270E-01
 0.267404466919697E-01
 0.263675058203641E-01
 0.259502220926812E-01
 0.254715143011411E-01
 0.249327764213795E-01
 0.243355343558473E-01
 0.236814454332433E-01
 0.229723420215664E-01
 0.222102918225008E-01
 0.213976403106954E-01
 0.205370101120665E-01
 0.196312533539552E-01
 0.186833753942134E-01
 0.176964608030882E-01
 0.166736300184241E-01
 0.156180406318174E-01
 0.145329283142095E-01
 0.134216662847545E-01
 0.122878138323600E-01
 0.111351264933048E-01
 0.996751380564764E-02
 0.982594981225672E-02
 0.101238062303271E-01
 0.104080778896450E-01
 0.107075235016054E-01
 0.109797104609895E-01
 0.112563003020720E-01
 0.115215164267727E-01
 0.117689538694002E-01
 0.120267288976322E-01
 0.122562415158739E-01
 0.124967189897538E-01
 0.127199167384855E-01
 0.129324364757109E-01
 0.131490482106054E-01
 0.133400115186795E-01
 0.135486470183167E-01
 0.137291574965227E-01
 0.139109855639871E-01
 0.140939514426302E-01
 0.142503061149927E-01
 0.144228175705976E-01
 0.145700383473998E-01
 0.147270551574816E-01
 0.148659145257945E-01
 0.149986276070267E-01
 0.151406888342747E-01
 0.152497144701712E-01
 0.153875464608347E-01
 0.154925692124363E-01
 0.156077142988575E-01
 0.156705875539268E-01
 0.156825032285102E-01
 0.156447981252496E-01
 0.155588391740438E-01
 0.154870629042386E-01
 0.153806353030505E-01
 0.152291399337863E-01
 0.150344264996176E-01
 0.147984630827505E-01
 0.145234016961610E-01
 0.142116331003303E-01
 0.138657996764712E-01
 0.134887563332754E-01
 0.130834916240805E-01
 0.126530347526814E-01
 0.122003765047277E-01
 0.117284255900473E-01
 0.112400096006196E-01
 0.107379149968632E-01
 0.102249474212103E-01
 0.970398695872401E-02
 0.917801552488901E-02
 0.865010408307590E-02
 0.812336120737917E-02
 0.760085644584939E-02
 0.708553875354151E-02
 0.658017091614236E-02
 0.608729566476377E-02
 0.560923935644288E-02
 0.514814730186658E-02
 0.470603493262304E-02
 0.428483463169533E-02
 0.441035237889162E-02
 0.454780415729874E-02
 0.468127551861971E-02
 0.480428593745481E-02
 0.492632927617154E-02
 0.504765134208385E-02
 0.515593069703622E-02
 0.526508694511359E-02
 0.536290495592505E-02
 0.546530710543577E-02
 0.555373672698994E-02
 0.564048055798639E-02
 0.572567346480337E-02
 0.579448092803349E-02
 0.587230982592402E-02
 0.593694923111534E-02
 0.600071518734270E-02
 0.605810837098545E-02
 0.610408871150207E-02
 0.616002197760368E-02
 0.619771045032987E-02
 0.624032402448258E-02
 0.627913500614551E-02
 0.630414824445166E-02
 0.634014332364729E-02
 0.636319020128669E-02
 0.638759120179100E-02
 0.641194173463668E-02
 0.642059072761424E-02
 0.644327210764954E-02
 0.645412739746433E-02
 0.670698176360497E-02
 0.721199947434654E-02
 0.772070947964822E-02
 0.825235903332554E-02
 0.877622337899098E-02
 0.932002776575373E-02
 0.986368173250172E-02
 0.103943687319743E-01
 0.109548793438569E-01
 0.115001604651685E-01
 0.120490594148650E-01
 0.126030638976601E-01
 0.131358231486747E-01
 0.136862246815658E-01
 0.142197562738639E-01
 0.147438465247630E-01
 0.152723936318085E-01
 0.157705568411509E-01
 0.162820720850449E-01
 0.167662474133776E-01
 0.172424381226512E-01
 0.177112861624715E-01
 0.181494200079906E-01
 0.186010892093553E-01
 0.190119360716361E-01
 0.194384275321005E-01
 0.198253108870511E-01
 0.202119033992839E-01
 0.205707649026272E-01
 0.209266873409394E-01
 0.212547373417797E-01
 0.215694489087543E-01
 0.218641299174056E-01
 0.221545897373873E-01
 0.224153795012017E-01
 0.226727438623351E-01
 0.228974546497392E-01
 0.231333620489043E-01
 0.233217444796994E-01
 0.235266293656180E-01
 0.236939151463703E-01
 0.238695257981957E-01
 0.240104967858218E-01
 0.241493753421233E-01
 0.242785474020855E-01
 0.243806334142568E-01
 0.244940818421427E-01
 0.245697397179106E-01
 0.246667692328967E-01
 0.247352725960650E-01
 0.247985782974495E-01
 0.248607514020880E-01
 0.248902526279860E-01
 0.249489800878221E-01
 0.249663716477678E-01
 0.249970559372009E-01
 0.250166546656682E-01
 0.250141049507606E-01
 0.250249976330777E-01
 0.250088520306096E-01
 0.250134800189858E-01
 0.249891019306877E-01
 0.249640467870609E-01
 0.249513010050778E-01
 0.248983818264426E-01
 0.247765541439385E-01
 0.245854125038091E-01
 0.243246449093174E-01
 0.239981852594672E-01
 0.237108382932716E-01
 0.233543612644490E-01
 0.229291586686185E-01
 0.224359493571683E-01
 0.218757705970943E-01
 0.212499680786570E-01
 0.205601712185145E-01
 0.198082575015769E-01
 0.189963145044979E-01
 0.181266112381908E-01
 0.172015890952720E-01
 0.162238758274973E-01
 0.151963153271606E-01
 0.147375089731405E-01
 0.151432727331925E-01
 0.155299541651849E-01
 0.158983450673191E-01
 0.162630238772601E-01
 0.165936003953195E-01
 0.169462641439533E-01
 0.172489227845817E-01
 0.175631524033881E-01
 0.178595795866799E-01
 0.181331844799949E-01
 0.184105432732733E-01
 0.186534144550344E-01
 0.189161086027247E-01
 0.191438143988913E-01
 0.193663966120507E-01
 0.195883431680066E-01
 0.197694719315170E-01
 0.199797244637238E-01
 0.201506458540006E-01
 0.203264007228888E-01
 0.204913836595321E-01
 0.206288890432722E-01
 0.207901347678622E-01
 0.209107039569101E-01
 0.210489075744110E-01
 0.211650626784086E-01
 0.212661159490707E-01
 0.213807184421583E-01
 0.214529206313808E-01
 0.215614094967652E-01
 0.216344264912581E-01
 0.217097095757675E-01
 0.217865391371175E-01
 0.218308157112064E-01
 0.219174700933394E-01
 0.219304948467798E-01
 0.218644477291787E-01
 0.217196647175162E-01
 0.214969156429537E-01
 0.213163893476504E-01
 0.210649243628475E-01
 0.207387063479864E-01
 0.203390692210974E-01
 0.198676997967447E-01
 0.193266156393003E-01
 0.187181090799437E-01
 0.180446758905068E-01
 0.173089528878669E-01
 0.165136852507411E-01
 0.156617329130648E-01
 0.156733944777506E-01
 0.160391088728158E-01
 0.164184781196464E-01
 0.167579752074600E-01
 0.171101014071496E-01
 0.174222316409075E-01
 0.177486589918046E-01
 0.180310292610696E-01
 0.183312304671600E-01
 0.185859719179264E-01
 0.188549449946825E-01
 0.190887694986009E-01
 0.193258431938674E-01
 0.195346716494069E-01
 0.197385780172281E-01
 0.199311002624974E-01
 0.201022829106371E-01
 0.202736672585295E-01
 0.204116116363141E-01
 0.205712298391570E-01
 0.206906454692367E-01
 0.208205398224349E-01
 0.209326704576947E-01
 0.210303979723724E-01
 0.211287729433106E-01
 0.211983524481357E-01
 0.212919191006802E-01
 0.213492553669265E-01
 0.214128496759630E-01
 0.214675625953724E-01
 0.215041577139842E-01
 0.215561045715526E-01
 0.215796051554197E-01
 0.216196540485820E-01
 0.216401316486563E-01
 0.216535825907328E-01
 0.216740906508757E-01
 0.216640749953894E-01
 0.216851821890682E-01
 0.216725687646755E-01
 0.216687810930862E-01
 0.216072663128290E-01
 0.214896482707081E-01
 0.213177406353367E-01
 0.210935344509167E-01
 0.208191971641295E-01
 0.205750190109183E-01
 0.202832142174098E-01
 0.199455212846787E-01
 0.195644401118527E-01
 0.191425687820155E-01
 0.186826332853823E-01
 0.181875143222356E-01
 0.176602539810790E-01
 0.171040359373551E-01
 0.165221462511728E-01
 0.159179303529285E-01
 0.152947610646351E-01
 0.146560241255398E-01
 0.140051176221617E-01
 0.133454557480252E-01
 0.126804674537418E-01
 0.120135848603754E-01
 0.113482214153235E-01
 0.106877433321147E-01
 0.100354392519736E-01
 0.939449262614105E-02
 0.876795955918756E-02
 0.871783870290099E-02
 0.894109653191263E-02
 0.915435288994366E-02
 0.936654384647091E-02
 0.957915466271548E-02
 0.977805162618557E-02
 0.996132576107054E-02
 0.101549197339537E-01
 0.103312298180398E-01
 0.105073147352247E-01
 0.106729900293168E-01
 0.108155201852077E-01
 0.109592302004802E-01
 0.110883090025850E-01
 0.112187298639565E-01
 0.113306314888096E-01
 0.114268939675754E-01
 0.115214876882229E-01
 0.116048805188984E-01
 0.116795392586375E-01
 0.117354635829176E-01
 0.117888229508353E-01
 0.118321508785833E-01
 0.118625321363738E-01
 0.118868672119018E-01
 0.118970269810002E-01
 0.119121878461576E-01
 0.118992861080263E-01
 0.119015614812807E-01
 0.118834164756064E-01
 0.118654362041013E-01
 0.118386296200206E-01
 0.117990522350227E-01
 0.117698758954979E-01
 0.117176253919837E-01
 0.116753096988935E-01
 0.116208259488970E-01
 0.115568726675919E-01
 0.115061065903987E-01
 0.114290061234338E-01
 0.113677566046256E-01
 0.113041464061102E-01
 0.112242263177343E-01
 0.111529445325332E-01
 0.110779601833955E-01
 0.110052394448139E-01
 0.109204918029931E-01
 0.108316586158849E-01
 0.107661025517724E-01
 0.106669576823004E-01
 0.105890526283211E-01
 0.105155176200714E-01
 0.104222061807487E-01
 0.102847714889846E-01
 0.101023535938296E-01
 0.990926895989236E-02
 0.100874848011173E-01
 0.105706165364446E-01
 0.110331991478000E-01
 0.114956944242606E-01
 0.119451740835487E-01
 0.123978024487480E-01
 0.128326468476530E-01
 0.132632357272851E-01
 0.136805074516187E-01
 0.140996673069728E-01
 0.144951029282058E-01
 0.148827410630752E-01
 0.152514857555699E-01
 0.156234709186409E-01
 0.159633396313043E-01
 0.163000201933158E-01
 0.166117029399579E-01
 0.169392114101033E-01
 0.172211726534263E-01
 0.175220266073138E-01
 0.177908968960785E-01
 0.180616346727770E-01
 0.183048457817565E-01
 0.185447572239132E-01
 0.187781150526104E-01
 0.189862857918143E-01
 0.191985022396604E-01
 0.193764423761556E-01
 0.195744469337390E-01
 0.197370043758781E-01
 0.199040422697574E-01
 0.200546631785207E-01
 0.201908162227258E-01
 0.203354187368150E-01
 0.204416309681243E-01
 0.205720382112781E-01
 0.206761272773884E-01
 0.207794613019553E-01
 0.208674700379085E-01
 0.209410031753495E-01
 0.210318137151234E-01
 0.210784417031538E-01
 0.211533001494997E-01
 0.212098671975812E-01
 0.212597284829552E-01
 0.213052736421418E-01
 0.213301911938989E-01
 0.213868445969742E-01
 0.213860729199028E-01
 0.213264372987727E-01
 0.212081901756629E-01
 0.210318375612019E-01
 0.207981320756145E-01
 0.205981696795802E-01
 0.203425160085306E-01
 0.200321042192439E-01
 0.196683233130615E-01
 0.192526980547970E-01
 0.187868800469598E-01
 0.182726651759645E-01
 0.177120263551000E-01
 0.171071439481720E-01
 0.164604169028637E-01
 0.157744454990280E-01
 0.150519883004963E-01
 0.142959066480248E-01
 0.135091159055099E-01
 0.126945613726486E-01
 0.118552279251291E-01
 0.109941783244775E-01
 0.101146012381213E-01
 0.921984343932192E-02
 0.831340609173354E-02
 0.739890076883366E-02
 0.746432486600920E-02
 0.761064631002898E-02
 0.774048305500187E-02
 0.786489407147697E-02
 0.799496412057796E-02
 0.810361343614189E-02
 0.822222087724534E-02
 0.832880910085764E-02
 0.842589852774688E-02
 0.853488876546220E-02
 0.862314156404179E-02
 0.872096082289181E-02
 0.881292752479042E-02
 0.888994768754761E-02
 0.897965159646559E-02
 0.905296693115176E-02
 0.913201525804897E-02
 0.920244195208447E-02
 0.926207875144716E-02
 0.933498651615374E-02
 0.938642393116830E-02
 0.945319500030942E-02
 0.951120573928232E-02
 0.955969104504226E-02
 0.961968440085695E-02
 0.965697051344073E-02
 0.971625898085673E-02
 0.973257111515231E-02
 0.970720007119940E-02
 0.964162292854978E-02
 0.957698695091667E-02
 0.949436164623218E-02
 0.937429993240159E-02
 0.921878556367603E-02
 0.902991637679985E-02
 0.880992386309699E-02
 0.856122224846632E-02
 0.828645926681068E-02
 0.798853570351174E-02
 0.805256257746493E-02
 0.859164832487087E-02
 0.916391635655664E-02
 0.974882421781998E-02
 0.103426534668896E-01
 0.109445213669964E-01
 0.115805030655632E-01
 0.122210544439133E-01
 0.128637525403639E-01
 0.135177175625048E-01
 0.141935230279165E-01
 0.148666412536650E-01
 0.155345351681082E-01
 0.162250075430966E-01
 0.169166221664652E-01
 0.175977741798762E-01
 0.182766688690532E-01
 0.189740588497587E-01
 0.196556963197856E-01
 0.203234247176085E-01
 0.210141908394090E-01
 0.216829624432073E-01
 0.223270090378108E-01
 0.229949267621190E-01
 0.236369088854607E-01
 0.242507696812960E-01
 0.248838998235594E-01
 0.254816163478108E-01
 0.260505910596638E-01
 0.266335282691873E-01
 0.271758094934413E-01
 0.277143677811662E-01
 0.282332198514913E-01
 0.287090728433704E-01
 0.291997636310337E-01
 0.296403059693321E-01
 0.300798040679882E-01
 0.304876458920368E-01
 0.308686454257898E-01
 0.312409966630209E-01
 0.315731362338270E-01
 0.319091229528145E-01
 0.321929582363087E-01
 0.324915759889632E-01
 0.327330384281648E-01
 0.329917564038247E-01
 0.331916742476999E-01
 0.334104612507805E-01
 0.335775537474939E-01
 0.337547455252939E-01
 0.338889121919260E-01
 0.340232435419175E-01
 0.341278047000616E-01
 0.342197758296752E-01
 0.343057640879117E-01
 0.343565633095218E-01
 0.344167041005332E-01
 0.344351091236819E-01
 0.344782158853239E-01
 0.344743476248007E-01
 0.344778879432831E-01
 0.344761641882671E-01
 0.344414453211089E-01
 0.344216095826850E-01
 0.343725879099512E-01
 0.343400646818781E-01
 0.342746652982468E-01
 0.342061073408959E-01
 0.341532825784329E-01
 0.340506478711479E-01
 0.339872178121583E-01
 0.338959971789275E-01
 0.338041394163646E-01
 0.336337196290024E-01
 0.333841650435274E-01
 0.330554116353854E-01
 0.326478308458854E-01
 0.321620924442010E-01
 0.317073627996706E-01
 0.311971238672298E-01
 0.306104909486750E-01
 0.299484886395567E-01
 0.292123956601368E-01
 0.284036654807970E-01
 0.275238655581532E-01
 0.265746618800855E-01
 0.255578624601349E-01
 0.244755108805238E-01
 0.233299980471167E-01
 0.221241485423629E-01
 0.208612442565998E-01
 0.195449702941738E-01
 0.181792968419363E-01
 0.175783711183184E-01
 0.181389843395212E-01
 0.187092133327626E-01
 0.192459353330457E-01
 0.197806935790974E-01
 0.202920964053643E-01
 0.207881161381998E-01
 0.212788809202150E-01
 0.217361552920667E-01
 0.222007340406261E-01
 0.226181823491268E-01
 0.230607812199955E-01
 0.234581652240189E-01
 0.238594646839789E-01
 0.242310527534174E-01
 0.245895940958021E-01
 0.249421447675155E-01
 0.252581831138389E-01
 0.255893827373004E-01
 0.258794611216686E-01
 0.261844041281350E-01
 0.264515711256761E-01
 0.267161066383009E-01
 0.269755160883388E-01
 0.271987422184932E-01
 0.274387056724946E-01
 0.276399578764400E-01
 0.278581833059854E-01
 0.280420123903613E-01
 0.282213643404772E-01
 0.283990107138077E-01
 0.285412235400407E-01
 0.287096793434396E-01
 0.288343080067112E-01
 0.289799506097106E-01
 0.290981376634644E-01
 0.292107617935890E-01
 0.293296821968826E-01
 0.294088792833051E-01
 0.294130214715198E-01
 0.293432914393923E-01
 0.292010971134336E-01
 0.289880987602241E-01
 0.287236916919840E-01
 0.284802649589993E-01
 0.281700591200356E-01
 0.277954852361606E-01
 0.273590953428235E-01
 0.268635673943457E-01
 0.263117144616512E-01
 0.257065022885661E-01
 0.250510582712910E-01
 0.243486618548812E-01
 0.236027161391207E-01
 0.228167087600612E-01
 0.219941749697731E-01
 0.211386762794512E-01
 0.202538027679862E-01
 0.193431964925481E-01
 0.184105818106207E-01
 0.174597830143001E-01
 0.164947147663033E-01
 0.155193433795092E-01
 0.145376287403488E-01
 0.135534612422117E-01
 0.125706058271064E-01
 0.115926610763547E-01
 0.106230385039291E-01
 0.966496432445452E-02
 0.872150014698651E-02
 0.779557128754889E-02
 0.688998705013624E-02
 0.600744098873362E-02
 0.515048964818962E-02
 0.432151921129069E-02
 0.355133683344873E-02
 0.351127383651289E-02
 0.358621842454717E-02
 0.365767606941226E-02
 0.372463192277930E-02
 0.380188415604762E-02
 0.386658878161731E-02
 0.393176849250273E-02
 0.400390910017560E-02
 0.406143873330802E-02
 0.413026931894714E-02
 0.419188756754538E-02
 0.424728240222873E-02
 0.431195083331646E-02
 0.435707299548718E-02
 0.441862764268032E-02
 0.447192592550622E-02
 0.452146948660374E-02
 0.456899086615119E-02
 0.460826178111328E-02
 0.490281331399899E-02
 0.524920379131853E-02
 0.561342051170576E-02
 0.598477600369669E-02
 0.636166801038664E-02
 0.675210700139700E-02
 0.715503981264646E-02
 0.756114287477715E-02
 0.797130205480121E-02
 0.840077505413973E-02
 0.882931542766670E-02
 0.925570916062798E-02
 0.968658944756872E-02
 0.101305357491403E-01
 0.105703039527902E-01
 0.110040949298857E-01
 0.114543877099720E-01
 0.118972791005024E-01
 0.123293375642443E-01
 0.127734282362634E-01
 0.132102635478911E-01
 0.136316361258404E-01
 0.140618412508614E-01
 0.144807190478233E-01
 0.148789132510227E-01
 0.152913750421469E-01
 0.156820433469649E-01
 0.160566875734889E-01
 0.164388563406178E-01
 0.167938918118743E-01
 0.171523813565290E-01
 0.174916061103610E-01
 0.178059210639249E-01
 0.181268945866881E-01
 0.184164644005633E-01
 0.187170320347866E-01
 0.189817754409978E-01
 0.192416667870575E-01
 0.194832584481270E-01
 0.197236036933779E-01
 0.199396699981761E-01
 0.201384210698539E-01
 0.203285585466644E-01
 0.205155066222376E-01
 0.206793677400841E-01
 0.208352198222169E-01
 0.209716920777335E-01
 0.211140699346510E-01
 0.212217832676754E-01
 0.213397460418909E-01
 0.214260084717558E-01
 0.215236336468659E-01
 0.215912751421479E-01
 0.216608860236782E-01
 0.217185321544091E-01
 0.217602201950299E-01
 0.218072179047512E-01
 0.218224507603488E-01
 0.218610361475092E-01
 0.218712888040615E-01
 0.218839259708827E-01
 0.218865535034635E-01
 0.218734361689686E-01
 0.218776038695001E-01
 0.218473299921046E-01
 0.218379844940060E-01
 0.218125967238516E-01
 0.217791061136619E-01
 0.217462557301261E-01
 0.216984697744274E-01
 0.216749514101093E-01
 0.215989273733895E-01
 0.214694224760559E-01
 0.212857615371847E-01
 0.210476141174107E-01
 0.207550058929348E-01
 0.204844744663232E-01
 0.201750209110106E-01
 0.198125238327106E-01
 0.193974003570672E-01
 0.189303905568050E-01
 0.184125395249538E-01
 0.178451589973309E-01
 0.172297849298707E-01
 0.165681446254509E-01
 0.158621369894424E-01
 0.151138200083127E-01
 0.143253984862389E-01
 0.134992130225822E-01
 0.126377396885258E-01
 0.117436085889326E-01
 0.108196367915449E-01
 0.986885695107505E-02
 0.959587114038484E-02
 0.983039011658426E-02
 0.100808830776893E-01
 0.103129268271288E-01
 0.105360099525183E-01
 0.107539210723358E-01
 0.109552153413022E-01
 0.111720021850633E-01
 0.113638379718390E-01
 0.115490644823515E-01
 0.117447283200744E-01
 0.119054961789230E-01
 0.120878802365840E-01
 0.122529857629968E-01
 0.124035030567473E-01
 0.125621295142027E-01
 0.126935256634057E-01
 0.128450270163057E-01
 0.129739071924173E-01
 0.130961553247180E-01
 0.132297115691540E-01
 0.133247354852917E-01
 0.134526445415720E-01
 0.135532541896293E-01
 0.136533570617245E-01
 0.137545558964125E-01
 0.138272932294540E-01
 0.139299830660422E-01
 0.139979242864228E-01
 0.140837745386667E-01
 0.141053949562215E-01
 0.140628599223531E-01
 0.139565572125371E-01
 0.138834782546646E-01
 0.137532981392259E-01
 0.135613921734322E-01
 0.133086888897372E-01
 0.129963317561754E-01
 0.126256535392608E-01
 0.126032650572946E-01
 0.128857391844884E-01
 0.131769082231986E-01
 0.134348008397679E-01
 0.137047153246990E-01
 0.139351657413989E-01
 0.141759019758078E-01
 0.143822801750155E-01
 0.146003341942037E-01
 0.147806938775677E-01
 0.149687283019808E-01
 0.151364775900912E-01
 0.152930297240258E-01
 0.154420855872634E-01
 0.155668609709604E-01
 0.157042449937144E-01
 0.158051704873974E-01
 0.159193203853894E-01
 0.160108946895930E-01
 0.160938569564150E-01
 0.161749969606807E-01
 0.162262098891115E-01
 0.163007548555990E-01
 0.163443618705878E-01
 0.163919515366684E-01
 0.164336430271962E-01
 0.164517473230406E-01
 0.164927627627002E-01
 0.165037138619064E-01
 0.165229581065049E-01
 0.165361239680890E-01
 0.165278186682545E-01
 0.165423247447836E-01
 0.165258367321919E-01
 0.165254536878823E-01
 0.165176110861132E-01
 0.164927146027492E-01
 0.164857734138915E-01
 0.164526110563781E-01
 0.164390936628164E-01
 0.164058341294952E-01
 0.163680675118670E-01
 0.162702027908929E-01
 0.161131589908740E-01
 0.158981082707185E-01
 0.156894585558052E-01
 0.154564140705129E-01
 0.151673345298887E-01
 0.148236520199105E-01
 0.144271838652366E-01
 0.139800580813660E-01
 0.134846135761796E-01
 0.129433174296355E-01
 0.123587299016188E-01
 0.117335237539997E-01
 0.110705398346883E-01
 0.103728459909635E-01
 0.964376603854191E-02
 0.888685855432526E-02
 0.810584611958240E-02
 0.730451618982000E-02
 0.653722934106808E-02
 0.670245183263801E-02
 0.684209744288123E-02
 0.698520614197115E-02
 0.713068125357849E-02
 0.724846245101026E-02
 0.738938620306433E-02
 0.751808067158792E-02
 0.763180315333358E-02
 0.775442763978358E-02
 0.786151122238653E-02
 0.797646975516468E-02
 0.807695714000398E-02
 0.816462181069028E-02
 0.827799470383658E-02
 0.835474706766741E-02
 0.844752924802949E-02
 0.853520151763341E-02
 0.860380441415976E-02
 0.868750719788776E-02
 0.902147094510029E-02
 0.941997492446690E-02
 0.981875499418363E-02
 0.102145304505977E-01
 0.105863154941136E-01
 0.109745802773510E-01
 0.113336202439344E-01
 0.117052268915476E-01
 0.120505194509932E-01
 0.123886445782717E-01
 0.127160690348298E-01
 0.130348628431123E-01
 0.133419050389943E-01
 0.136307066367258E-01
 0.139132462792195E-01
 0.141764178577109E-01
 0.144318153102253E-01
 0.146651284634417E-01
 0.148928103857028E-01
 0.151073915633715E-01
 0.153055935160687E-01
 0.154955445540193E-01
 0.156624712137469E-01
 0.158357722743554E-01
 0.159721613853897E-01
 0.161276555698757E-01
 0.162470313700665E-01
 0.163698275255122E-01
 0.164774181186222E-01
 0.165664092428639E-01
 0.166602253657363E-01
 0.167247793084449E-01
 0.168078049585227E-01
 0.168631562440774E-01
 0.169153819971075E-01
 0.169733091485838E-01
 0.169933819454273E-01
 0.170375369806764E-01
 0.170589676357234E-01
 0.170782377902643E-01
 0.170911366464403E-01
 0.170833213421716E-01
 0.171048879203175E-01
 0.170844930892078E-01
 0.170778512551842E-01
 0.170766657934112E-01
 0.170440709675012E-01
 0.170345836145013E-01
 0.170067047270876E-01
 0.169855023178828E-01
 0.169522676262922E-01
 0.169067682370616E-01
 0.168928672581748E-01
 0.168223302529838E-01
 0.166879771693526E-01
 0.164900976888693E-01
 0.162556045710292E-01
 0.160358698803982E-01
 0.157548133896223E-01
 0.154130600825843E-01
 0.150113313426367E-01
 0.145505187625723E-01
 0.140317847730645E-01
 0.134566496386623E-01
 0.128270303400413E-01
 0.127176783162700E-01
 0.130906479459682E-01
 0.134812489176106E-01
 0.138285176047980E-01
 0.141944439485226E-01
 0.145300453225091E-01
 0.148682185852859E-01
 0.151824613240008E-01
 0.154908452306402E-01
 0.157895758963659E-01
 0.160655389768788E-01
 0.163411004039990E-01
 0.165842151496935E-01
 0.168478547746489E-01
 0.170725573076909E-01
 0.173030407317988E-01
 0.175133759284970E-01
 0.177100545256897E-01
 0.179082956572497E-01
 0.180718368879762E-01
 0.182547984701257E-01
 0.184096936002810E-01
 0.185647169022582E-01
 0.187020508198098E-01
 0.188239364064749E-01
 0.189616483937265E-01
 0.190550295182815E-01
 0.191751132312061E-01
 0.192742049872566E-01
 0.193645054854405E-01
 0.194507953114746E-01
 0.195129364254456E-01
 0.196068091233054E-01
 0.196562745517537E-01
 0.197221713959701E-01
 0.197826964425583E-01
 0.198210721275196E-01
 0.198720719809800E-01
 0.198960708640194E-01
 0.199449801371358E-01
 0.199319538164749E-01
 0.198574930780127E-01
 0.197223449616804E-01
 0.195275035209422E-01
 0.193300381266973E-01
 0.191118582939370E-01
 0.188368901493808E-01
 0.185066587482575E-01
 0.181228100537457E-01
 0.176871134495705E-01
 0.172014892647129E-01
 0.166680480223392E-01
 0.160891212938365E-01
 0.154672676614864E-01
 0.148052492588662E-01
 0.141059871260987E-01
 0.133725098772426E-01
 0.126079077740154E-01
 0.118152971087345E-01
 0.109977943912739E-01
 0.101585003471269E-01
 0.930049842563641E-02
 0.872613182312120E-02
 0.890842427701196E-02
 0.909318771887337E-02
 0.926205337723791E-02
 0.943769544827952E-02
 0.959278172199111E-02
 0.975316601126874E-02
 0.989895144536043E-02
 0.100423938191868E-01
 0.101816251770250E-01
 0.103090359883135E-01
 0.104344866439769E-01
 0.105452886018426E-01
 0.106654142976574E-01
 0.107601678702906E-01
 0.108644470524271E-01
 0.109624779539767E-01
 0.110522785836020E-01
 0.111331925949066E-01
 0.112092970748987E-01
 0.112963480811405E-01
 0.113575746932497E-01
 0.114300884597358E-01
 0.114946917360523E-01
 0.115523838189949E-01
 0.116064177425083E-01
 0.116514043554144E-01
 0.117074505131959E-01
 0.117447407380478E-01
 0.117907349316495E-01
 0.118298021232087E-01
 0.118630093753394E-01
 0.118998757611501E-01
 0.119224975316781E-01
 0.119567571790666E-01
 0.119668569512886E-01
 0.122078231884146E-01
 0.126249424634118E-01
 0.130543383848787E-01
 0.134950618569906E-01
 0.139461003073436E-01
 0.144062260522847E-01
 0.148738948689383E-01
 0.153472345030709E-01
 0.158301281762011E-01
 0.163243934105606E-01
 0.168199969612650E-01
 0.173146472931281E-01
 0.178061039317037E-01
 0.182921590741471E-01
 0.187933544812838E-01
 0.192895442457170E-01
 0.197756461215394E-01
 0.202488252024091E-01
 0.207320337097585E-01
 0.212040645693979E-01
 0.216580276267421E-01
 0.220976067742220E-01
 0.225459514347769E-01
 0.229719090171239E-01
 0.233757004973689E-01
 0.237920718577097E-01
 0.241813522832321E-01
 0.245410252407976E-01
 0.249139502638058E-01
 0.252558820726475E-01
 0.255860907250332E-01
 0.259071658084054E-01
 0.261900770999885E-01
 0.264732413487107E-01
 0.267295556978789E-01
 0.269762971338587E-01
 0.272054226126257E-01
 0.273988857707731E-01
 0.275984295296690E-01
 0.277627201471617E-01
 0.279318538668633E-01
 0.280519401205771E-01
 0.281899262988153E-01
 0.282878242465273E-01
 0.283938408375399E-01
 0.284573160566817E-01
 0.285314194204304E-01
 0.285792427701988E-01
 0.286202849737780E-01
 0.286395668019098E-01
 0.286481749930698E-01
 0.286571983461709E-01
 0.286323995190551E-01
 0.286249697141525E-01
 0.285817938525119E-01
 0.285523024439783E-01
 0.285023672495651E-01
 0.284424172291592E-01
 0.283816801853910E-01
 0.282921350142905E-01
 0.282336431881659E-01
 0.281360525863482E-01
 0.280498304801066E-01
 0.279592657763087E-01
 0.278460577497684E-01
 0.277516574743929E-01
 0.276364847794898E-01
 0.275337260635033E-01
 0.273686336274170E-01
 0.271397181361161E-01
 0.268457924528875E-01
 0.264859880405587E-01
 0.260597571134399E-01
 0.256544859715989E-01
 0.252090632453913E-01
 0.246991087935220E-01
 0.241244020450008E-01
 0.234848035078800E-01
 0.227803421169529E-01
 0.220113289266947E-01
 0.211784549149392E-01
 0.202828371928761E-01
 0.193260023880895E-01
 0.183098238331623E-01
 0.185193450244047E-01
 0.191797608449402E-01
 0.198667617043928E-01
 0.205042367827263E-01
 0.211614402063750E-01
 0.217604474877119E-01
 0.223818617619586E-01
 0.229555482970830E-01
 0.235403559357224E-01
 0.240783910871227E-01
 0.246250141012866E-01
 0.251352043888450E-01
 0.256395606964542E-01
 0.261121601391441E-01
 0.265735691653901E-01
 0.270232781463287E-01
 0.274399409805453E-01
 0.278568629750095E-01
 0.282264063337609E-01
 0.286180307462683E-01
 0.289515605905991E-01
 0.293042915486728E-01
 0.296165675273454E-01
 0.299234197140549E-01
 0.302130657955232E-01
 0.304753005519921E-01
 0.307487828303536E-01
 0.309719964641471E-01
 0.312268914471694E-01
 0.314341403146915E-01
 0.316459506714766E-01
 0.318439513787819E-01
 0.320129691673200E-01
 0.321961819324212E-01
 0.323309908480715E-01
 0.324982339777117E-01
 0.326218456852431E-01
 0.327496527563138E-01
 0.328707937703338E-01
 0.329590503324115E-01
 0.330718144968184E-01
 0.331378117093951E-01
 0.332359984264424E-01
 0.332511629287643E-01
 0.331836873366483E-01
 0.330341623608546E-01
 0.328033976759830E-01
 0.324924476744864E-01
 0.321791294412764E-01
 0.318357113317615E-01
 0.314158093033237E-01
 0.309213298625475E-01
 0.303544348016472E-01
 0.297175369991104E-01
 0.290132991100906E-01
 0.282446326478651E-01
 0.274146930579098E-01
 0.265268663252490E-01
 0.255847449450620E-01
 0.245920947750003E-01
 0.235528174181200E-01
 0.224709139661823E-01
 0.213504553304265E-01
 0.201955629457401E-01
 0.190104015792720E-01
 0.177991827380084E-01
 0.165661730274833E-01
 0.153156989521848E-01
 0.140521406290858E-01
 0.127799117380864E-01
 0.115034284897422E-01
 0.102270728106052E-01
 0.918002262197529E-02
 0.936156835839358E-02
 0.953738636375012E-02
 0.969218194192750E-02
 0.985913434611629E-02
 0.100115088045439E-01
 0.101603294543734E-01
 0.103005494019744E-01
 0.104235037056222E-01
 0.105674020284580E-01
 0.106828484352318E-01
 0.108010717877120E-01
 0.109281010893697E-01
 0.110221342675929E-01
 0.111433334831934E-01
 0.112442594117813E-01
 0.113409907595812E-01
 0.114409917146659E-01
 0.115154973050128E-01
 0.116180406119801E-01
 0.116959975496310E-01
 0.117767590917896E-01
 0.118557202485765E-01
 0.119133480447095E-01
 0.120000951914274E-01
 0.120506309204328E-01
 0.121197799668931E-01
 0.121363078453593E-01
 0.121022367342227E-01
 0.120198594351882E-01
 0.119395882836691E-01
 0.118400618535557E-01
 0.116958169643899E-01
 0.115092045041865E-01
 0.112827714280011E-01
 0.110192361154888E-01
 0.107214641573193E-01
 0.103924560742622E-01
 0.100353492072448E-01
 0.965342422911846E-02
 0.925010056359830E-02
 0.882890907780317E-02
 0.839344213196786E-02
 0.794729291859941E-02
 0.775931553155773E-02
 0.821673599029559E-02
 0.869709254035177E-02
 0.917856400403397E-02
 0.965919640718508E-02
 0.101525225492800E-01
 0.106551982622986E-01
 0.111524753289469E-01
 0.116543981313503E-01
 0.121676915264505E-01
 0.126719208687293E-01
 0.131679240596705E-01
 0.136835445427794E-01
 0.141854618419393E-01
 0.146748445352996E-01
 0.151820905624030E-01
 0.156709769509634E-01
 0.161411029721548E-01
 0.166257899551922E-01
 0.170863567377562E-01
 0.175398157818572E-01
 0.179913750868560E-01
 0.184138161598432E-01
 0.188318340886140E-01
 0.192394191352406E-01
 0.196255516114341E-01
 0.200145315119281E-01
 0.203670507720313E-01
 0.207160289306860E-01
 0.210473921745623E-01
 0.213663523070499E-01
 0.216723076456607E-01
 0.219446073553056E-01
 0.222255046063082E-01
 0.224694088977367E-01
 0.227222227150140E-01
 0.229300101165573E-01
 0.231551843165502E-01
 0.233338545675775E-01
 0.235283938792350E-01
 0.236790939116122E-01
 0.238438398810960E-01
 0.239663182591537E-01
 0.240996520091427E-01
 0.242043502099201E-01
 0.243065921444484E-01
 0.243849030344286E-01
 0.244551636705931E-01
 0.245247999887769E-01
 0.245647999625029E-01
 0.246118141102726E-01
 0.246335990873663E-01
 0.246691722562446E-01
 0.246728518979080E-01
 0.246806257980429E-01
 0.246920475321903E-01
 0.246714239068265E-01
 0.246642165760471E-01
 0.246393965442807E-01
 0.246192230847182E-01
 0.245754824348289E-01
 0.245292167302926E-01
 0.244982838699642E-01
 0.244260988797393E-01
 0.243836634153364E-01
 0.243257603207794E-01
 0.242625447240215E-01
 0.241423504813422E-01
 0.239650084983044E-01
 0.237306338381166E-01
 0.234396437353546E-01
 0.230927523950051E-01
 0.227757196693225E-01
 0.224127376119805E-01
 0.219961004210669E-01
 0.215266983405628E-01
 0.210057604272581E-01
 0.204348854348097E-01
 0.198160223792453E-01
 0.191514080020141E-01
 0.184434814059788E-01
 0.176948003021080E-01
 0.169079788852539E-01
 0.160856583587530E-01
 0.152305118398836E-01
 0.143452777984426E-01
 0.134328101789960E-01
 0.124961287889364E-01
 0.115384517491510E-01
 0.105631949610748E-01
 0.957393249021862E-02
 0.857432452469170E-02
 0.756803165430856E-02
 0.707784194742443E-02
 0.730191277966134E-02
 0.751053235665148E-02
 0.773623060648215E-02
 0.794288519741439E-02
 0.814307413085033E-02
 0.834797720061296E-02
 0.852878414068360E-02
 0.872526762519344E-02
 0.890379142990421E-02
 0.907494486882496E-02
 0.925647580457302E-02
 0.940766781293498E-02
 0.957902841780867E-02
 0.973834388474632E-02
 0.988522315084337E-02
 0.100325356955524E-01
 0.101633320991152E-01
 0.103141594980195E-01
 0.104340133149624E-01
 0.105637313929842E-01
 0.106966581308600E-01
 0.108046934683889E-01
 0.109287911062351E-01
 0.110290002194510E-01
 0.111441923235583E-01
 0.112085602205414E-01
 0.112233124940577E-01
 0.111899106214646E-01
 0.111674534867386E-01
 0.111142430599658E-01
 0.110157205614705E-01
 0.108736954424398E-01
 0.106899878807498E-01
 0.104663864313690E-01
 0.102046727333333E-01
 0.990669882271501E-02
 0.957448607490859E-02
 0.921030894763314E-02
 0.881673144552823E-02
 0.839657889403968E-02
 0.795285012286013E-02
 0.748859935356491E-02
 0.700683260574310E-02
 0.651046064146878E-02
 0.600232748227848E-02
 0.548529949487378E-02
 0.496237109257788E-02
 0.443673338744583E-02
 0.391176606299132E-02
 0.339094345513512E-02
 0.299739670370059E-02
 0.297677824883246E-02
 0.296154990172363E-02
 0.319847321767691E-02
 0.344192676236782E-02
 0.367929395989888E-02
 0.392014350399986E-02
 0.415234103277653E-02
 0.439455392744341E-02
 0.461970541355134E-02
 0.485632220585807E-02
 0.508035847628947E-02
 0.530764103617229E-02
 0.551980536085801E-02
 0.573326735557205E-02
 0.594458912773202E-02
 0.614142141550157E-02
 0.633538818785508E-02
 0.651762292447691E-02
 0.670590906198315E-02
 0.687640547188162E-02
 0.704473162873097E-02
 0.720935748191623E-02
 0.735584920774942E-02
 0.750602842753255E-02
 0.764133442173856E-02
 0.777968142508339E-02
 0.790530735930931E-02
 0.802121709233027E-02
 0.814586276171915E-02
 0.824846840524152E-02
 0.835748857758779E-02
 0.845638073891380E-02
 0.854092718227828E-02
 0.863608055956031E-02
 0.870876809324363E-02
 0.878719096692170E-02
 0.885786924957007E-02
 0.891322483864155E-02
 0.898181657035081E-02
 0.902969773237343E-02
 0.908497368721275E-02
 0.913151106639132E-02
 0.916587322327244E-02
 0.921913125767477E-02
 0.924443396785915E-02
 0.928326644303211E-02
 0.931659252314193E-02
 0.933526723277359E-02
 0.936566166492086E-02
 0.964367462490642E-02
 0.101966856559709E-01
 0.107386473057382E-01
 0.113020391609615E-01
 0.118444819296942E-01
 0.124022412552681E-01
 0.129486384888825E-01
 0.134827129320811E-01
 0.140269739205456E-01
 0.145405627384589E-01
 0.150717592499500E-01
 0.155750561814947E-01
 0.160725790214253E-01
 0.165625149578784E-01
 0.170289213206839E-01
 0.174987247712688E-01
 0.179276131029199E-01
 0.183739476248814E-01
 0.187738770629457E-01
 0.191872199343625E-01
 0.195587365350198E-01
 0.199354108348386E-01
 0.202765242088852E-01
 0.206249376284208E-01
 0.209353171695756E-01
 0.212526018753108E-01
 0.215271725702410E-01
 0.218175761557805E-01
 0.220576618562948E-01
 0.223199333124997E-01
 0.225344835985976E-01
 0.227583793347990E-01
 0.229429116824430E-01
 0.231281854668054E-01
 0.232991242323519E-01
 0.234476237795647E-01
 0.236024796659910E-01
 0.237157159487178E-01
 0.238555911907201E-01
 0.239550593919733E-01
 0.240567563309900E-01
 0.241475968695164E-01
 0.242117123994551E-01
 0.242917109797194E-01
 0.243345050901194E-01
 0.243966137352971E-01
 0.244353746643141E-01
 0.244623904374552E-01
 0.244977404912026E-01
 0.244952117109289E-01
 0.245262319668697E-01
 0.245197515600946E-01
 0.245169109383021E-01
 0.245154597065666E-01
 0.244806064867741E-01
 0.244753294139751E-01
 0.244377242030960E-01
 0.244111889560323E-01
 0.243104186655773E-01
 0.241354224735632E-01
 0.238864237978826E-01
 0.235638055020969E-01
 0.232657386473834E-01
 0.229173343952559E-01
 0.224967323315407E-01
 0.220048018820656E-01
 0.214427710615962E-01
 0.208122217351584E-01
 0.201150805597670E-01
 0.193536123790170E-01
 0.185304112623823E-01
 0.176483762381344E-01
 0.167106632031260E-01
 0.157206203004331E-01
 0.149248417557094E-01
 0.152956509960579E-01
 0.156844757469487E-01
 0.160346099699411E-01
 0.163823017134741E-01
 0.167047667339369E-01
 0.170096123093484E-01
 0.173119052110298E-01
 0.175710493303636E-01
 0.178470021779828E-01
 0.180808543141797E-01
 0.183171977045134E-01
 0.185273474501898E-01
 0.187174186034064E-01
 0.189074680809708E-01
 0.190520037077744E-01
 0.192195658878746E-01
 0.193454480982548E-01
 0.194660269207918E-01
 0.195737755671927E-01
 0.196493131201476E-01
 0.197428738566101E-01
 0.197968623911889E-01
 0.198574482283959E-01
 0.198952513583505E-01
 0.199123598061380E-01
 0.199421720966486E-01
 0.199261908592569E-01
 0.199340610684194E-01
 0.199130833102292E-01
 0.198816715229896E-01
 0.198500980568921E-01
 0.197799495991053E-01
 0.197410247635124E-01
 0.196611304139209E-01
 0.195894584620842E-01
 0.195026967155231E-01
 0.193972644083629E-01
 0.192234887435060E-01
 0.189831820854920E-01
 0.186783779289379E-01
 0.183495654049738E-01
 0.180206372803112E-01
 0.176323617548546E-01
 0.171873437080589E-01
 0.166884433681483E-01
 0.161387854999515E-01
 0.155417400621851E-01
 0.149008794441320E-01
 0.142199311808347E-01
 0.135027427392063E-01
 0.127532597893689E-01
 0.119755052019988E-01
 0.111735449717734E-01
 0.105511919313058E-01
 0.106922050294214E-01
 0.108183720512292E-01
 0.109270543735129E-01
 0.110225302708110E-01
 0.111033267790778E-01
 0.111683584355843E-01
 0.112183903639540E-01
 0.112541609015140E-01
 0.112805109685938E-01
 0.112874536466194E-01
 0.112889552711826E-01
 0.112675375642108E-01
 0.112451955179777E-01
 0.111973204685827E-01
 0.111557200618389E-01
 0.110869032616266E-01
 0.110206299241585E-01
 0.109408886696492E-01
 0.108520024506178E-01
 0.107525317210543E-01
 0.106417293065436E-01
 0.105327163259090E-01
 0.104020691551859E-01
 0.102792716729721E-01
 0.101443818969692E-01
 0.100061354259640E-01
 0.985886674846292E-02
 0.970586818612301E-02
 0.955925856274284E-02
 0.939380358084305E-02
 0.923833963807285E-02
 0.907257514483139E-02
 0.890462761065377E-02
 0.873603525637660E-02
 0.855866020984968E-02
 0.839134235302544E-02
 0.821385497313860E-02
 0.804053708902353E-02
 0.786237803566548E-02
 0.768264331453378E-02
 0.748664052757313E-02
 0.727626118667130E-02
 0.705338833787752E-02
 0.681989856580835E-02
 0.657765290892639E-02
 0.633314094097004E-02
 0.609632036394753E-02
 0.585395735580535E-02
 0.560778231984088E-02
 0.535944514035518E-02
 0.511049821012704E-02
 0.486238567501296E-02
 0.461643527656722E-02
 0.437385164773643E-02
 0.413571321828972E-02
 0.390297521745121E-02
 0.367647822867512E-02
 0.345695837578270E-02
 0.324505475371887E-02
 0.304131258974104E-02
 0.284618426604154E-02
 0.266003169745948E-02
 0.248313173899494E-02
 0.240747517637480E-02
 0.236105018163295E-02
 0.231181544766392E-02
 0.225999474543566E-02
 0.220835801754707E-02
 0.215391571869633E-02
 0.209670600955200E-02
 0.204040737596200E-02
 0.198144326812044E-02
 0.191988432749426E-02
 0.185913945520088E-02
 0.179629816665886E-02
 0.173323561810291E-02
 0.166992047893577E-02
 0.160467311511381E-02
 0.154108129756838E-02
 0.147649115391707E-02
 0.141392922536146E-02
 0.135023941186940E-02
 0.128723651123071E-02
 0.122506195704701E-02
 0.116490685795633E-02
 0.110475778752757E-02
 0.104611917688496E-02
 0.988495850425972E-03
 0.933671454471360E-03
 0.878834765392148E-03
 0.826945946705443E-03
 0.776252399851422E-03
 0.727469077078498E-03
 0.680293680635309E-03
 0.634797532949165E-03
 0.591816593264008E-03
 0.549855145178804E-03
 0.510525588730668E-03
 0.472731158631769E-03
 0.436786148561296E-03
 0.402973575398791E-03
 0.370444772607827E-03
 0.340318379619934E-03
 0.311664099231501E-03
 0.284686485916010E-03
 0.259418991111774E-03
 0.235582468585624E-03
 0.213676441559328E-03
 0.192939415102182E-03
 0.173799549898784E-03
 0.156232522387763E-03
 0.139685509546017E-03
 0.124073819296004E-03
 0.109441539855718E-03
 0.958195623075497E-04
 0.836012497462918E-04
 0.724504543064908E-04
 0.622405272685136E-04
 0.532190356366274E-04
 0.486511331094101E-04
 0.440134261883866E-04
 0.395368605668720E-04
 0.351554571315517E-04
 0.310176557187037E-04
 0.270561730639395E-04
 0.233711005750653E-04
 0.199443746541892E-04
 0.168310791698345E-04
 0.140001314004442E-04
 0.114853571515764E-04
 0.926438083293370E-05
 0.734777388600847E-05
 0.570279961602529E-05
 0.432859224587004E-05
 0.319453364779965E-05
 0.228821328380146E-05
 0.157575215493486E-05
 0.103831460701078E-05
 0.645827368219857E-06
 0.373875196676568E-06
 0.196282055006855E-06
 0.900650384395539E-07
 0.337170142731081E-07
 0.896864939474888E-08
 0.118717177961106E-08
 0.149491247656200E-10
 0.000000000000000E+00
 0.000000000000000E+00
 0.000000000000000E+00
 0.000000000000000E+00
 0.000000000000000E+00
 0.000000000000000E+00
 0.000000000000000E+00
 0.000000000000000E+00
 0.000000000000000E+00
 0.000000000000000E+00
 0.000000000000000E+00
 0.000000000000000E+00
 0.000000000000000E+00
 0.000000000000000E+00
 0.000000000000000E+00
 0.000000000000000E+00
 0.000000000000000E+00
 0.000000000000000E+00
 0.000000000000000E+00
 0.000000000000000E+00
 0.000000000000000E+00
 0.000000000000000E+00
 0.000000000000000E+00
 0.000000000000000E+00
 0.000000000000000E+00
 0.000000000000000E+00
 0.000000000000000E+00
 0.000000000000000E+00
 0.000000000000000E+00
 0.000000000000000E+00
 0.000000000000000E+00
 0.000000000000000E+00
 0.000000000000000E+00
 0.000000000000000E+00
 0.000000000000000E+00
 0.000000000000000E+00
 0.000000000000000E+00
 0.000000000000000E+00
 0.000000000000000E+00
 0.000000000000000E+00
 0.000000000000000E+00
 0.000000000000000E+00
 0.000000000000000E+00
 0.000000000000000E+00
 0.000000000000000E+00
 0.000000000000000E+00
 0.000000000000000E+00
 0.000000000000000E+00
 0.000000000000000E+00
 0.000000000000000E+00
 0.000000000000000E+00
 0.000000000000000E+00
 0.000000000000000E+00
 0.000000000000000E+00
 0.000000000000000E+00
 0.000000000000000E+00
 0.000000000000000E+00
 0.000000000000000E+00
 0.000000000000000E+00
 0.000000000000000E+00
 0.000000000000000E+00
 0.000000000000000E+00
 0.000000000000000E+00
 0.000000000000000E+00
 0.000000000000000E+00
 0.000000000000000E+00
 0.000000000000000E+00
 0.000000000000000E+00
 0.000000000000000E+00
 0.000000000000000E+00
 0.000000000000000E+00
 0.000000000000000E+00
 0.000000000000000E+00
 0.000000000000000E+00
 0.000000000000000E+00
 0.000000000000000E+00
 0.000000000000000E+00
 0.000000000000000E+00
 0.000000000000000E+00
 0.000000000000000E+00
 0.000000000000000E+00
 0.000000000000000E+00
 0.000000000000000E+00
 0.000000000000000E+00
 0.000000000000000E+00
 0.000000000000000E+00
 0.000000000000000E+00
 0.000000000000000E+00
 0.000000000000000E+00
 0.000000000000000E+00
 0.000000000000000E+00
 0.000000000000000E+00
 0.000000000000000E+00
 0.000000000000000E+00
 0.000000000000000E+00
 0.000000000000000E+00
 0.000000000000000E+00
 0.000000000000000E+00
 0.000000000000000E+00
 0.000000000000000E+00
 0.000000000000000E+00
 0.000000000000000E+00
 0.000000000000000E+00
 0.000000000000000E+00
 0.000000000000000E+00
 0.000000000000000E+00
 0.000000000000000E+00
 0.000000000000000E+00
 0.000000000000000E+00
 0.000000000000000E+00
 0.000000000000000E+00
 0.000000000000000E+00
 0.000000000000000E+00
 0.000000000000000E+00
 0.000000000000000E+00
 0.000000000000000E+00
 0.000000000000000E+00
 0.000000000000000E+00
 0.000000000000000E+00
 0.000000000000000E+00
 0.000000000000000E+00
 0.000000000000000E+00
 0.000000000000000E+00
 0.000000000000000E+00
 0.000000000000000E+00
 0.000000000000000E+00
 0.000000000000000E+00
 0.000000000000000E+00
 0.000000000000000E+00
 0.000000000000000E+00
 0.000000000000000E+00
 0.000000000000000E+00
 0.000000000000000E+00
 0.000000000000000E+00
 0.000000000000000E+00
 0.000000000000000E+00
 0.000000000000000E+00
 0.000000000000000E+00
 0.000000000000000E+00
 0.000000000000000E+00
 0.000000000000000E+00
 0.000000000000000E+00
 0.000000000000000E+00
 0.000000000000000E+00
 0.000000000000000E+00
 0.000000000000000E+00
 0.000000000000000E+00
 0.000000000000000E+00
 0.000000000000000E+00
 0.000000000000000E+00
 0.000000000000000E+00
 0.000000000000000E+00
 0.000000000000000E+00
 0.000000000000000E+00
 0.000000000000000E+00
 0.000000000000000E+00
 0.000000000000000E+00
 0.000000000000000E+00
 0.000000000000000E+00
 0.000000000000000E+00
 0.000000000000000E+00
 0.000000000000000E+00
 0.000000000000000E+00
 0.000000000000000E+00
 0.000000000000000E+00
 0.000000000000000E+00
 0.000000000000000E+00
 0.000000000000000E+00
 0.000000000000000E+00
 0.000000000000000E+00
 0.000000000000000E+00
 0.000000000000000E+00
 0.000000000000000E+00
 0.000000000000000E+00
 0.000000000000000E+00
 0.000000000000000E+00
 0.000000000000000E+00
 0.000000000000000E+00
 0.000000000000000E+00
 0.000000000000000E+00
 0.000000000000000E+00
 0.000000000000000E+00
 0.000000000000000E+00
 0.000000000000000E+00
 0.000000000000000E+00
 0.000000000000000E+00
 0.000000000000000E+00
 0.000000000000000E+00
 0.000000000000000E+00
 0.000000000000000E+00
 0.000000000000000E+00
 0.000000000000000E+00
 0.000000000000000E+00
 0.000000000000000E+00
 0.000000000000000E+00
 0.000000000000000E+00
 0.000000000000000E+00
 0.000000000000000E+00
 0.000000000000000E+00
 0.000000000000000E+00
 0.000000000000000E+00
 0.000000000000000E+00
 0.000000000000000E+00
 0.000000000000000E+00
 0.000000000000000E+00
 0.000000000000000E+00
 0.000000000000000E+00
 0.000000000000000E+00
 0.000000000000000E+00
 0.000000000000000E+00
 0.000000000000000E+00
 0.000000000000000E+00
 0.000000000000000E+00
 0.000000000000000E+00
 0.000000000000000E+00
 0.000000000000000E+00
 0.000000000000000E+00
 0.000000000000000E+00
 0.000000000000000E+00
 0.000000000000000E+00
 0.000000000000000E+00
 0.000000000000000E+00
 0.000000000000000E+00
 0.000000000000000E+00
 0.000000000000000E+00
 0.000000000000000E+00
 0.000000000000000E+00
 0.000000000000000E+00
 0.000000000000000E+00
 0.000000000000000E+00
 0.000000000000000E+00
 0.000000000000000E+00
 0.000000000000000E+00
 0.000000000000000E+00
 0.000000000000000E+00
 0.000000000000000E+00
 0.000000000000000E+00
 0.000000000000000E+00
 0.000000000000000E+00
 0.000000000000000E+00
 0.000000000000000E+00
 0.000000000000000E+00
 0.000000000000000E+00
 0.000000000000000E+00
 0.000000000000000E+00
 0.000000000000000E+00
 0.000000000000000E+00
 0.000000000000000E+00
 0.000000000000000E+00
 0.000000000000000E+00
 0.000000000000000E+00
 0.000000000000000E+00
 0.000000000000000E+00
 0.000000000000000E+00
 0.000000000000000E+00
 0.000000000000000E+00
 0.000000000000000E+00
 0.000000000000000E+00
 0.000000000000000E+00
 0.000000000000000E+00
 0.000000000000000E+00
 0.000000000000000E+00
 0.000000000000000E+00
 0.000000000000000E+00
 0.000000000000000E+00
 0.000000000000000E+00
 0.000000000000000E+00
 0.000000000000000E+00
 0.000000000000000E+00
 0.000000000000000E+00
 0.000000000000000E+00
 0.000000000000000E+00
 0.000000000000000E+00
 0.000000000000000E+00
 0.000000000000000E+00
 0.000000000000000E+00
 0.000000000000000E+00
 0.000000000000000E+00
 0.000000000000000E+00
 0.000000000000000E+00
 0.000000000000000E+00
 0.000000000000000E+00
 0.000000000000000E+00
 0.000000000000000E+00
 0.000000000000000E+00
 0.000000000000000E+00
 0.000000000000000E+00
 0.000000000000000E+00
 0.000000000000000E+00
 0.000000000000000E+00
 0.000000000000000E+00
 0.000000000000000E+00
 0.000000000000000E+00
 0.000000000000000E+00
 0.000000000000000E+00
 0.000000000000000E+00
 0.000000000000000E+00
 0.000000000000000E+00
 0.000000000000000E+00
 0.000000000000000E+00
 0.000000000000000E+00
 0.000000000000000E+00
 0.000000000000000E+00
 0.000000000000000E+00
 0.000000000000000E+00
 0.000000000000000E+00
 0.000000000000000E+00
 0.000000000000000E+00
 0.000000000000000E+00
 0.000000000000000E+00
 0.000000000000000E+00
 0.000000000000000E+00
 0.000000000000000E+00
 0.000000000000000E+00
 0.000000000000000E+00
 0.000000000000000E+00
 0.000000000000000E+00
 0.000000000000000E+00
 0.000000000000000E+00
 0.000000000000000E+00
 0.000000000000000E+00
 0.000000000000000E+00
 0.000000000000000E+00
 0.000000000000000E+00
 0.000000000000000E+00
 0.000000000000000E+00
 0.000000000000000E+00
 0.000000000000000E+00
 0.000000000000000E+00
 0.000000000000000E+00
 0.000000000000000E+00
 0.000000000000000E+00
 0.000000000000000E+00
 0.000000000000000E+00
 0.000000000000000E+00
 0.000000000000000E+00
 0.000000000000000E+00
 0.000000000000000E+00
 0.000000000000000E+00
 0.000000000000000E+00
 0.000000000000000E+00
 0.000000000000000E+00
 0.000000000000000E+00
 0.000000000000000E+00
 0.000000000000000E+00
 0.000000000000000E+00
 0.000000000000000E+00
 0.000000000000000E+00
