 0.107065110459558E-10
 0.826569622760449E-09
 0.605416470045124E-08
 0.219812048933849E-07
 0.565038186813816E-07
 0.118009498560504E-06
 0.214256630295719E-06
 0.351278052181330E-06
 0.532335335159897E-06
 0.756951419574300E-06
 0.102005068457004E-05
 0.131123575667563E-05
 0.161422732623815E-05
 0.214964863320451E-05
 0.288894004409776E-05
 0.379484936899589E-05
 0.490587712023379E-05
 0.624522411179725E-05
 0.782609515215316E-05
 0.970510539059597E-05
 0.118832109292172E-04
 0.144075461157866E-04
 0.173094714475039E-04
 0.205843274563839E-04
 0.243520351921599E-04
 0.285474160978094E-04
 0.332570163053178E-04
 0.385110922503280E-04
 0.442846498135489E-04
 0.507702670858615E-04
 0.577753726489425E-04
 0.654970267694488E-04
 0.739162831563138E-04
 0.829619694051695E-04
 0.929793385553490E-04
 0.103643622687886E-03
 0.115220092312201E-03
 0.127650067713996E-03
 0.140813784473793E-03
 0.155169941822829E-03
 0.170002310910650E-03
 0.185023781089986E-03
 0.200093612134793E-03
 0.215445818722926E-03
 0.231538613358238E-03
 0.247361526508205E-03
 0.262755973793047E-03
 0.277565558791931E-03
 0.291637486490163E-03
 0.304823974900851E-03
 0.329672782506207E-03
 0.375315845591597E-03
 0.425555416022820E-03
 0.480620027892112E-03
 0.540787347270922E-03
 0.607574247241701E-03
 0.680167887841309E-03
 0.758792623474849E-03
 0.844038005660136E-03
 0.937321491395952E-03
 0.103740024326148E-02
 0.114436735751811E-02
 0.125861582103587E-02
 0.138262626869041E-02
 0.151405469917961E-02
 0.165283368503331E-02
 0.180092248195972E-02
 0.195847854570509E-02
 0.212355508116705E-02
 0.229654563690775E-02
 0.248127269492317E-02
 0.267321120160037E-02
 0.287191243072485E-02
 0.308377310412830E-02
 0.330224058812354E-02
 0.352661133191462E-02
 0.376446216441870E-02
 0.400779493357908E-02
 0.425712080922270E-02
 0.451855565344810E-02
 0.478360494132923E-02
 0.505729771615538E-02
 0.533891466144330E-02
 0.562193566265555E-02
 0.591727319060442E-02
 0.621395354333219E-02
 0.651791381828595E-02
 0.682673524545186E-02
 0.713471984679343E-02
 0.745366274824333E-02
 0.776818533993284E-02
 0.809547737271742E-02
 0.841562757319814E-02
 0.874458892897041E-02
 0.906832732936689E-02
 0.940214046158297E-02
 0.972762375489890E-02
 0.100618225224559E-01
 0.103867783564681E-01
 0.107228106059403E-01
 0.110442816126138E-01
 0.113787358204111E-01
 0.116997622046979E-01
 0.120289331321668E-01
 0.123490437010335E-01
 0.126711695067212E-01
 0.129907360283017E-01
 0.133027419539584E-01
 0.136223372184417E-01
 0.139218296804875E-01
 0.142362757985086E-01
 0.145353304781729E-01
 0.148358686044258E-01
 0.151299094409110E-01
 0.154145377222431E-01
 0.157123898894791E-01
 0.159839091206084E-01
 0.162699360567887E-01
 0.165476862508383E-01
 0.168151083140620E-01
 0.170827130490226E-01
 0.173322971728772E-01
 0.176009034889052E-01
 0.178271066076813E-01
 0.180081128168885E-01
 0.181412863003945E-01
 0.182241918723469E-01
 0.182546138096606E-01
 0.182714506443386E-01
 0.182677666390997E-01
 0.182087058462711E-01
 0.180926457393132E-01
 0.179181297521223E-01
 0.176838689005429E-01
 0.173887559755028E-01
 0.170318889591221E-01
 0.166126006261749E-01
 0.161304930125154E-01
 0.155854755495420E-01
 0.149778028183914E-01
 0.143081038073495E-01
 0.135773930126084E-01
 0.127870574345447E-01
 0.131350873438243E-01
 0.137080528990112E-01
 0.142949971708711E-01
 0.148582341630011E-01
 0.154426726857488E-01
 0.159966889243938E-01
 0.165713079744897E-01
 0.171163344859420E-01
 0.176707190612340E-01
 0.182057882143154E-01
 0.187367852743039E-01
 0.192576739624274E-01
 0.197606924612380E-01
 0.202669972545128E-01
 0.207406431057196E-01
 0.212351810895551E-01
 0.216903653133430E-01
 0.221574811988034E-01
 0.225964237575317E-01
 0.230288995547638E-01
 0.234553116722821E-01
 0.238520142311192E-01
 0.242621279373072E-01
 0.246332440810981E-01
 0.250214807841757E-01
 0.253755361231703E-01
 0.257249186155596E-01
 0.260688582185236E-01
 0.263784295328050E-01
 0.267058624873874E-01
 0.269899544333198E-01
 0.272927582694713E-01
 0.275617903122638E-01
 0.278245912060118E-01
 0.280881016153884E-01
 0.283113080069491E-01
 0.285594370405533E-01
 0.287633054753490E-01
 0.289839120543500E-01
 0.291271885851618E-01
 0.291934034849316E-01
 0.291830755158697E-01
 0.290969913916249E-01
 0.289362423117705E-01
 0.287730743729517E-01
 0.285745703073724E-01
 0.283047381321883E-01
 0.279651794327861E-01
 0.275577187383148E-01
 0.270844814929444E-01
 0.265479728987696E-01
 0.259511212679197E-01
 0.252972563700790E-01
 0.245900176475432E-01
 0.238332180798765E-01
 0.230307104681612E-01
 0.221863020261148E-01
 0.213037401477662E-01
 0.203867589209145E-01
 0.194391499575710E-01
 0.184648158295674E-01
 0.174677810286612E-01
 0.164521620596101E-01
 0.154221180042255E-01
 0.143818052650659E-01
 0.133353481661732E-01
 0.122868229793838E-01
 0.112402471995087E-01
 0.101995687965538E-01
 0.916865401589697E-02
 0.815127105890122E-02
 0.715106315390483E-02
 0.617150592777666E-02
 0.521585410048296E-02
 0.482561588414778E-02
 0.491139629811205E-02
 0.501101852199704E-02
 0.510893045878279E-02
 0.519274526589904E-02
 0.528466031415301E-02
 0.536770763778349E-02
 0.545260274899211E-02
 0.553601351888669E-02
 0.560488022529332E-02
 0.568882942228618E-02
 0.575479865824576E-02
 0.582419424909190E-02
 0.589340651677732E-02
 0.594657824734711E-02
 0.601614343808395E-02
 0.606825491646298E-02
 0.612931997728159E-02
 0.619223488162905E-02
 0.624307269684038E-02
 0.630764834047428E-02
 0.634644892741182E-02
 0.635334640790408E-02
 0.633025569669809E-02
 0.630775156799685E-02
 0.627115936532149E-02
 0.620820370668696E-02
 0.635651537603875E-02
 0.673926126195938E-02
 0.712797982023393E-02
 0.752107281769815E-02
 0.792037426437596E-02
 0.833863576968511E-02
 0.875768577086567E-02
 0.917554516939590E-02
 0.959927478853624E-02
 0.100334731258371E-01
 0.104630990070208E-01
 0.108870347600562E-01
 0.113275867492502E-01
 0.117594127875397E-01
 0.121807903471272E-01
 0.126130253303979E-01
 0.130394563876162E-01
 0.134513662436397E-01
 0.138632266452599E-01
 0.142726700122860E-01
 0.146637438857412E-01
 0.150656702486630E-01
 0.154509557930715E-01
 0.158125859520914E-01
 0.161855638542904E-01
 0.165344188327136E-01
 0.168819427283415E-01
 0.172159084540879E-01
 0.175199890493471E-01
 0.178381441880146E-01
 0.181247600937502E-01
 0.184190461399628E-01
 0.186842664491015E-01
 0.189333485489693E-01
 0.191759722151320E-01
 0.194063717404312E-01
 0.196246136601390E-01
 0.198134518671084E-01
 0.200066786977610E-01
 0.201837191059628E-01
 0.203516935873284E-01
 0.204975073809344E-01
 0.206397188253482E-01
 0.207701717726225E-01
 0.208838245490799E-01
 0.209877518211988E-01
 0.210749029192648E-01
 0.211668927808474E-01
 0.212259724970750E-01
 0.213031594893699E-01
 0.213468114564838E-01
 0.213987595715557E-01
 0.214344384244371E-01
 0.214600155467841E-01
 0.214827035574546E-01
 0.214846319508136E-01
 0.215087524645457E-01
 0.214942940301404E-01
 0.214945436362340E-01
 0.214936391409231E-01
 0.214697281482918E-01
 0.214502252985225E-01
 0.214165803576490E-01
 0.213962305282222E-01
 0.213485250247695E-01
 0.213071483550358E-01
 0.212779058244374E-01
 0.212146912703416E-01
 0.211003177660483E-01
 0.209342079869127E-01
 0.207158656609125E-01
 0.204449378509172E-01
 0.201624731190129E-01
 0.198731734952785E-01
 0.195323710609546E-01
 0.191402758289613E-01
 0.186974380867001E-01
 0.182048266158549E-01
 0.176638527069469E-01
 0.170763287508837E-01
 0.164443746907602E-01
 0.157703018617040E-01
 0.150565052311111E-01
 0.143053852285013E-01
 0.135193080309278E-01
 0.127006047980846E-01
 0.118516061669670E-01
 0.109747046713563E-01
 0.100724321333305E-01
 0.914753289797471E-02
 0.842606598013351E-02
 0.866408677711785E-02
 0.889169881679882E-02
 0.909861547064175E-02
 0.931178267822651E-02
 0.950985639489255E-02
 0.970837281176216E-02
 0.990222622488496E-02
 0.100724100956065E-01
 0.102667888061479E-01
 0.104286157941913E-01
 0.105914700582543E-01
 0.107542210582802E-01
 0.108875158031679E-01
 0.110465678031347E-01
 0.111809330407812E-01
 0.113157179678061E-01
 0.114538713196390E-01
 0.115633875653436E-01
 0.117024672455626E-01
 0.118118591233848E-01
 0.119266199432265E-01
 0.120355699421385E-01
 0.121246431905450E-01
 0.122406758388048E-01
 0.123202229283008E-01
 0.124195973121704E-01
 0.125021877557514E-01
 0.125772626934466E-01
 0.125914644613808E-01
 0.125451102908046E-01
 0.124691200364181E-01
 0.123990575925397E-01
 0.122706846118912E-01
 0.120848230545263E-01
 0.118424313988306E-01
 0.115445892236448E-01
 0.114383167940640E-01
 0.116749962540643E-01
 0.119254518879294E-01
 0.121428927334720E-01
 0.123707415256588E-01
 0.125655429474082E-01
 0.127660420036579E-01
 0.129408974297937E-01
 0.131127577377945E-01
 0.132690385861750E-01
 0.134118959519315E-01
 0.135535516675741E-01
 0.136652937375541E-01
 0.137912587612415E-01
 0.138872357590290E-01
 0.139898150083227E-01
 0.140748083107819E-01
 0.141480313616910E-01
 0.142264753917438E-01
 0.142751235398827E-01
 0.143422284425537E-01
 0.143863253974617E-01
 0.144235287921610E-01
 0.144629376309412E-01
 0.144753876788531E-01
 0.145110753550779E-01
 0.145237358083320E-01
 0.145317000480675E-01
 0.145430743643305E-01
 0.145310305659873E-01
 0.145432141038114E-01
 0.145310532237445E-01
 0.145179565509562E-01
 0.145099365703997E-01
 0.144730714982110E-01
 0.144685385504042E-01
 0.144425940536829E-01
 0.144167392910903E-01
 0.143944173076697E-01
 0.143458211666508E-01
 0.143317040937910E-01
 0.142611754894949E-01
 0.141333805472003E-01
 0.139490944425231E-01
 0.137537543303034E-01
 0.135504176609407E-01
 0.132931744400089E-01
 0.129833647934690E-01
 0.126225135760570E-01
 0.122123521845716E-01
 0.117548463262878E-01
 0.112522096186274E-01
 0.107068905153444E-01
 0.101215330207646E-01
 0.949892290324897E-02
 0.884193608664449E-02
 0.815350443141975E-02
 0.743660879489104E-02
 0.731894799650658E-02
 0.748156418699156E-02
 0.762769980910579E-02
 0.779200884330521E-02
 0.793181366831715E-02
 0.807227496164810E-02
 0.822062886044828E-02
 0.833611356144046E-02
 0.847297486557354E-02
 0.859669043220035E-02
 0.870584468884377E-02
 0.881969052801673E-02
 0.891768409054478E-02
 0.902619602605664E-02
 0.911559843196529E-02
 0.919764569740979E-02
 0.930463345976506E-02
 0.936947305110782E-02
 0.945822676422431E-02
 0.954168735827165E-02
 0.960563007691882E-02
 0.968219149559757E-02
 0.974139588243274E-02
 0.981767762367516E-02
 0.100245856454454E-01
 0.104616415028425E-01
 0.108938216413434E-01
 0.113075798894297E-01
 0.117318939924894E-01
 0.121257767306885E-01
 0.125399967953980E-01
 0.129202362036125E-01
 0.133021513593242E-01
 0.136643707560571E-01
 0.140231462062221E-01
 0.143629729033560E-01
 0.146855400065297E-01
 0.150013956479100E-01
 0.153021118000542E-01
 0.155906534629742E-01
 0.158570975547317E-01
 0.161156879829215E-01
 0.163650382089622E-01
 0.165932109214990E-01
 0.168145336962721E-01
 0.170085691399766E-01
 0.172105597923221E-01
 0.173695105268401E-01
 0.175472690660893E-01
 0.176895341958952E-01
 0.178364291419736E-01
 0.179618428234129E-01
 0.180755215027804E-01
 0.181902454678918E-01
 0.182698325669656E-01
 0.183747532970874E-01
 0.184428967948499E-01
 0.185130143694428E-01
 0.185793135478491E-01
 0.186154666525886E-01
 0.186698059171213E-01
 0.186997634151755E-01
 0.187341349363831E-01
 0.187535724069337E-01
 0.187570879938940E-01
 0.187899041072926E-01
 0.187791563826204E-01
 0.187886378769508E-01
 0.187906809347540E-01
 0.187710507582013E-01
 0.187665444205751E-01
 0.187385337514572E-01
 0.187282010478173E-01
 0.186956331321588E-01
 0.186589197080211E-01
 0.186431000781121E-01
 0.185818408285300E-01
 0.184541861898845E-01
 0.182602989321780E-01
 0.180005644024328E-01
 0.177820172581643E-01
 0.175010810830251E-01
 0.171561688809436E-01
 0.167479852194176E-01
 0.162774989022287E-01
 0.157459956880218E-01
 0.151550976201354E-01
 0.145067472808030E-01
 0.138031707809904E-01
 0.132758070078754E-01
 0.136643698059116E-01
 0.140568415122055E-01
 0.144246643926814E-01
 0.147884680790094E-01
 0.151377898611344E-01
 0.154698149711409E-01
 0.157961854768452E-01
 0.160964365641584E-01
 0.164091849253340E-01
 0.166843924413606E-01
 0.169725033017528E-01
 0.172267956285641E-01
 0.174801727713269E-01
 0.177210887189352E-01
 0.179402244459942E-01
 0.181635922190015E-01
 0.183543935954814E-01
 0.185621960551636E-01
 0.187351582353034E-01
 0.189090596966372E-01
 0.190779713158842E-01
 0.192181402455577E-01
 0.193732355482930E-01
 0.194986027874973E-01
 0.196343615570874E-01
 0.197470310631846E-01
 0.198504480889227E-01
 0.199635275056787E-01
 0.200363181181641E-01
 0.201417929767292E-01
 0.202204584373162E-01
 0.202969642330279E-01
 0.203683129424531E-01
 0.204157157799387E-01
 0.204916760414985E-01
 0.205257996087726E-01
 0.205811797094308E-01
 0.206191289743447E-01
 0.206462825527648E-01
 0.206083177608770E-01
 0.205060858206191E-01
 0.203406626740155E-01
 0.201145127523072E-01
 0.199246732514221E-01
 0.196746816200685E-01
 0.193660493460695E-01
 0.190003570515750E-01
 0.185792637015223E-01
 0.181045462600081E-01
 0.175781479277874E-01
 0.170022156242435E-01
 0.163791171468883E-01
 0.157114387693232E-01
 0.150019697187065E-01
 0.142536797313405E-01
 0.134696922517239E-01
 0.126532530000738E-01
 0.118076944723954E-01
 0.109364009005898E-01
 0.100427814918333E-01
 0.984396659512472E-02
 0.100616980835283E-01
 0.102623192974074E-01
 0.104675042195333E-01
 0.106503628898939E-01
 0.108396491078292E-01
 0.110044823842336E-01
 0.111800790210315E-01
 0.113338991528819E-01
 0.114939984262937E-01
 0.116429645534410E-01
 0.117868721422028E-01
 0.119186389756666E-01
 0.120461693673977E-01
 0.121724033013957E-01
 0.122830809737814E-01
 0.123941980343494E-01
 0.124935412089626E-01
 0.125990669804957E-01
 0.126829514562522E-01
 0.127727105705294E-01
 0.128574566436140E-01
 0.129314159947735E-01
 0.130029830659063E-01
 0.130625223104181E-01
 0.131330335788582E-01
 0.131811591735373E-01
 0.132387901424024E-01
 0.132874814323677E-01
 0.133304762226754E-01
 0.133742165644493E-01
 0.134032097076671E-01
 0.134392870764202E-01
 0.134645146035260E-01
 0.134929110336643E-01
 0.135110308168770E-01
 0.135272129588572E-01
 0.135187606552165E-01
 0.134878183786855E-01
 0.134448190995455E-01
 0.138344867509108E-01
 0.142351768414168E-01
 0.146452399639944E-01
 0.150628004865859E-01
 0.154858326514069E-01
 0.159122512382129E-01
 0.163399912467403E-01
 0.167760778382550E-01
 0.172154836810008E-01
 0.176526846024570E-01
 0.180859323859339E-01
 0.185134476660390E-01
 0.189386035407916E-01
 0.193728086193071E-01
 0.197971135157939E-01
 0.202089197962559E-01
 0.206084753972536E-01
 0.210167012929897E-01
 0.214077687975594E-01
 0.217794686492091E-01
 0.221560465931863E-01
 0.225187081094047E-01
 0.228563746740409E-01
 0.231909772863441E-01
 0.235112580904960E-01
 0.238009125673749E-01
 0.240974002783520E-01
 0.243656311814554E-01
 0.246061946838575E-01
 0.248516580444835E-01
 0.250595857985719E-01
 0.252784027625119E-01
 0.254605812897736E-01
 0.256322658989415E-01
 0.257874894453550E-01
 0.259315086811875E-01
 0.260578858463042E-01
 0.261575844237247E-01
 0.262549582058280E-01
 0.263391876242495E-01
 0.264069890510065E-01
 0.264554988654358E-01
 0.264928229695687E-01
 0.265283088154410E-01
 0.265353586470050E-01
 0.265468752548247E-01
 0.265282229500176E-01
 0.265293648117580E-01
 0.264925158800903E-01
 0.264647090196966E-01
 0.264213846094502E-01
 0.263645297885162E-01
 0.263150835007557E-01
 0.262315529253785E-01
 0.261753832647365E-01
 0.260909355690795E-01
 0.260095987548979E-01
 0.259244463097752E-01
 0.258177774511545E-01
 0.257344085912881E-01
 0.256186026337246E-01
 0.255180348397826E-01
 0.254102987421443E-01
 0.252870090287680E-01
 0.251060896213931E-01
 0.248659128229846E-01
 0.245650263214699E-01
 0.242022603284085E-01
 0.237949152708670E-01
 0.234126283392885E-01
 0.229695634848780E-01
 0.224651663425611E-01
 0.218991283173087E-01
 0.212714618570415E-01
 0.205825334652700E-01
 0.198330458862041E-01
 0.190239817085356E-01
 0.181565349107396E-01
 0.172644966024343E-01
 0.179544355933124E-01
 0.186206436623742E-01
 0.192785159013697E-01
 0.199178183258749E-01
 0.205542410596354E-01
 0.211628050052568E-01
 0.217616869180163E-01
 0.223345210868001E-01
 0.229079646061781E-01
 0.234439248266022E-01
 0.239757355496610E-01
 0.244720845899514E-01
 0.249846739415113E-01
 0.254404471659153E-01
 0.259135165276632E-01
 0.263382482708614E-01
 0.267760658631388E-01
 0.271632676207242E-01
 0.275564235564825E-01
 0.279236188268298E-01
 0.282723440761827E-01
 0.286112563028788E-01
 0.289154231636211E-01
 0.292358646780895E-01
 0.295021361556899E-01
 0.297929133842213E-01
 0.300386018073346E-01
 0.302848629579774E-01
 0.305161992519979E-01
 0.307190872100308E-01
 0.309332057442807E-01
 0.310987008297849E-01
 0.312965851386755E-01
 0.314507846480210E-01
 0.316094185252398E-01
 0.317593415975091E-01
 0.318787436259753E-01
 0.320194274669503E-01
 0.321075029175132E-01
 0.322300099103142E-01
 0.323162089922810E-01
 0.324023648500419E-01
 0.324885396611670E-01
 0.325383793421024E-01
 0.325062202801055E-01
 0.323929652768504E-01
 0.321998322661077E-01
 0.319282002584241E-01
 0.316001916071593E-01
 0.312971615564672E-01
 0.309184513123992E-01
 0.304657674961094E-01
 0.299409849163358E-01
 0.293461273115168E-01
 0.286833818818271E-01
 0.279551450750206E-01
 0.271640844623604E-01
 0.263131935860291E-01
 0.254058167837227E-01
 0.244456292607390E-01
 0.234365709762804E-01
 0.223827468020460E-01
 0.212883160318782E-01
 0.201573990565961E-01
 0.189940262655813E-01
 0.178021435225632E-01
 0.165856715677161E-01
 0.153485981508006E-01
 0.140950685257222E-01
 0.128294383030841E-01
 0.115562645270820E-01
 0.102802323795788E-01
 0.955066777214298E-02
 0.974558871094247E-02
 0.991739055132512E-02
 0.100880975113207E-01
 0.102575142889309E-01
 0.104023202010877E-01
 0.105663554433807E-01
 0.107090404610322E-01
 0.108456300928117E-01
 0.109886669270726E-01
 0.111045249744811E-01
 0.112405853299655E-01
 0.113586821707618E-01
 0.114689044648354E-01
 0.115883743202940E-01
 0.116820142672031E-01
 0.117944056784637E-01
 0.118872771915380E-01
 0.119754327118670E-01
 0.120706451107230E-01
 0.121379077898019E-01
 0.122329432358914E-01
 0.122988197944178E-01
 0.123706838239571E-01
 0.124473995748306E-01
 0.124986991199640E-01
 0.125712423725934E-01
 0.125988350311259E-01
 0.125736575340735E-01
 0.124977547036644E-01
 0.124039985289027E-01
 0.123095885902767E-01
 0.121680265941119E-01
 0.119815810657249E-01
 0.117526973436366E-01
 0.114839819786670E-01
 0.111781923070771E-01
 0.108382366102105E-01
 0.104671846131906E-01
 0.100682800537217E-01
 0.964494038102160E-02
 0.920072869339755E-02
 0.873929304414884E-02
 0.826428541095182E-02
 0.777928774997103E-02
 0.781909830893725E-02
 0.830457798032589E-02
 0.879210191897198E-02
 0.930728458884448E-02
 0.982447376766334E-02
 0.103403486607951E-01
 0.108728259051494E-01
 0.114096570923610E-01
 0.119398599991538E-01
 0.124744323922314E-01
 0.130219306960817E-01
 0.135587710481471E-01
 0.140878925124045E-01
 0.146352201438791E-01
 0.151662899233317E-01
 0.156867340578576E-01
 0.162199665342398E-01
 0.167311360139615E-01
 0.172244770465542E-01
 0.177315812069371E-01
 0.182121231036328E-01
 0.186902400464157E-01
 0.191605427336624E-01
 0.195996559060361E-01
 0.200455137126628E-01
 0.204704310800350E-01
 0.208836418017470E-01
 0.212901860113578E-01
 0.216586644870823E-01
 0.220391437889126E-01
 0.223845744086432E-01
 0.227302335241221E-01
 0.230485609419144E-01
 0.233450535005519E-01
 0.236364574146964E-01
 0.239003131009822E-01
 0.241620257257196E-01
 0.243910982332457E-01
 0.246231911841036E-01
 0.248182621484666E-01
 0.250176609546360E-01
 0.251835125745254E-01
 0.253487411881930E-01
 0.254851205842036E-01
 0.256174631713006E-01
 0.257318196265305E-01
 0.258310050159553E-01
 0.259210883958300E-01
 0.259880423552616E-01
 0.260681534570571E-01
 0.261034084806683E-01
 0.261609290409077E-01
 0.261913829011136E-01
 0.262200038118390E-01
 0.262268170151637E-01
 0.262235048357414E-01
 0.262335451543465E-01
 0.262000503260794E-01
 0.261926941846062E-01
 0.261688412700171E-01
 0.261371430465754E-01
 0.260944188146717E-01
 0.260362947484373E-01
 0.260091464050937E-01
 0.259350949233115E-01
 0.258858892399310E-01
 0.258328515885458E-01
 0.257583958690813E-01
 0.256235523444875E-01
 0.254280543479442E-01
 0.251719834994034E-01
 0.248557955016073E-01
 0.244812825128898E-01
 0.241447934064614E-01
 0.237509681274640E-01
 0.233009474708656E-01
 0.227961135891461E-01
 0.222380414945922E-01
 0.216284538814145E-01
 0.209691989219297E-01
 0.202622599976169E-01
 0.195097902489568E-01
 0.187141524239120E-01
 0.178779425930210E-01
 0.170039851978669E-01
 0.160953005825914E-01
 0.151550566726601E-01
 0.141865192558700E-01
 0.131930114861030E-01
 0.121778873338859E-01
 0.111445194663809E-01
 0.100962997845182E-01
 0.903664870184814E-02
 0.796902634491042E-02
 0.807746965640393E-02
 0.832088828057389E-02
 0.857024151926083E-02
 0.879873254871717E-02
 0.903640490186657E-02
 0.926372505730486E-02
 0.947550527795497E-02
 0.969412272909788E-02
 0.989297230855029E-02
 0.100997011490440E-01
 0.102891285454969E-01
 0.104701155764528E-01
 0.106624888801224E-01
 0.108214195608706E-01
 0.110008997656022E-01
 0.111672547958164E-01
 0.113234265047006E-01
 0.114800351265065E-01
 0.116140733183803E-01
 0.117720774561344E-01
 0.118970977061564E-01
 0.120331789023935E-01
 0.121651565469097E-01
 0.122788060358489E-01
 0.124045238236907E-01
 0.125063892875085E-01
 0.126271081894316E-01
 0.126972810881608E-01
 0.127180409154787E-01
 0.126907433246646E-01
 0.126410242315593E-01
 0.125943588098958E-01
 0.125024547673715E-01
 0.123668442573903E-01
 0.121892766567177E-01
 0.119716985267445E-01
 0.117162198461338E-01
 0.114250847156934E-01
 0.111006590141236E-01
 0.107454353257733E-01
 0.103620442254262E-01
 0.995325724432582E-02
 0.952197194736957E-02
 0.907117919467738E-02
 0.860392052928418E-02
 0.812324616159033E-02
 0.763218209654844E-02
 0.713371161619234E-02
 0.663077329119059E-02
 0.612627418594472E-02
 0.562311175896216E-02
 0.512419225627482E-02
 0.463243087140640E-02
 0.415072322618369E-02
 0.368188892430403E-02
 0.371065234040538E-02
 0.391927983584708E-02
 0.412948670809094E-02
 0.432897298962069E-02
 0.453449457810555E-02
 0.473662392478725E-02
 0.493418350688911E-02
 0.512746917414765E-02
 0.531433615684730E-02
 0.550190565855239E-02
 0.567330991566955E-02
 0.584462892745098E-02
 0.600379328024223E-02
 0.616837833950893E-02
 0.630957735535751E-02
 0.645735093217409E-02
 0.660011355148087E-02
 0.672953514538977E-02
 0.685782736784382E-02
 0.697205628409916E-02
 0.709149360799785E-02
 0.719115287860031E-02
 0.729033200157047E-02
 0.739516678839749E-02
 0.747210833315005E-02
 0.756181852407692E-02
 0.764441181494936E-02
 0.771779680932627E-02
 0.779294614738701E-02
 0.785257541397633E-02
 0.792238212102641E-02
 0.797747730744653E-02
 0.802663499823660E-02
 0.808055333571119E-02
 0.811329191902589E-02
 0.816065571922722E-02
 0.819208990039304E-02
 0.821905638567328E-02
 0.825541391434189E-02
 0.826449575159938E-02
 0.829540955721522E-02
 0.831561022721116E-02
 0.848904896272218E-02
 0.902647962713458E-02
 0.958405745881783E-02
 0.101388653360407E-01
 0.106841234367311E-01
 0.112511127739258E-01
 0.117986227518422E-01
 0.123566800560865E-01
 0.129083866208605E-01
 0.134371627422189E-01
 0.139904225238819E-01
 0.145158858241301E-01
 0.150487318808886E-01
 0.155660279048630E-01
 0.160666012663533E-01
 0.165711625151832E-01
 0.170388132767408E-01
 0.175276178564887E-01
 0.179767529679274E-01
 0.184294414212283E-01
 0.188551718388754E-01
 0.192761628278554E-01
 0.196773254531238E-01
 0.200632138366094E-01
 0.204369269569891E-01
 0.207888409015421E-01
 0.211292337235207E-01
 0.214394933478634E-01
 0.217445976430521E-01
 0.220311021630411E-01
 0.223006035675853E-01
 0.225508840279158E-01
 0.227836487752538E-01
 0.230156987379539E-01
 0.232110977930554E-01
 0.234161674930495E-01
 0.235779488999677E-01
 0.237604031106089E-01
 0.239019279632595E-01
 0.240479571756631E-01
 0.241761098121761E-01
 0.242845105364447E-01
 0.243986728205977E-01
 0.244710340905365E-01
 0.245724877493438E-01
 0.246379090759654E-01
 0.247036090876713E-01
 0.247586520586906E-01
 0.247890973764793E-01
 0.248429312956322E-01
 0.248554906493312E-01
 0.248906583529174E-01
 0.249119499818404E-01
 0.249156047729417E-01
 0.249281141689592E-01
 0.249133524228385E-01
 0.249263181120185E-01
 0.249039332452691E-01
 0.248868513914360E-01
 0.248753949054077E-01
 0.248290700979309E-01
 0.247103807152735E-01
 0.245186831674210E-01
 0.242536505240601E-01
 0.239295780453461E-01
 0.236369978730986E-01
 0.232727241321857E-01
 0.228373685308639E-01
 0.223318426521981E-01
 0.217573501888953E-01
 0.211153818893694E-01
 0.204077107340680E-01
 0.196363839625818E-01
 0.188037089754133E-01
 0.179122314842234E-01
 0.169647067823550E-01
 0.159640686874701E-01
 0.150740030746455E-01
 0.154772929022180E-01
 0.158869336386038E-01
 0.162853047893261E-01
 0.166585422500608E-01
 0.170314736393844E-01
 0.173663709900271E-01
 0.177255028524542E-01
 0.180389489254591E-01
 0.183574579670464E-01
 0.186553962422554E-01
 0.189313991483549E-01
 0.192112544851712E-01
 0.194513861257906E-01
 0.197151539711058E-01
 0.199429048115445E-01
 0.201657154553667E-01
 0.203820709250742E-01
 0.205642117996835E-01
 0.207741688989054E-01
 0.209404409499746E-01
 0.211167688307783E-01
 0.212770952064687E-01
 0.214144221217884E-01
 0.215708577533454E-01
 0.216893896830090E-01
 0.218270687057473E-01
 0.219389200218384E-01
 0.220392927206068E-01
 0.221516884659782E-01
 0.222183763005958E-01
 0.223256249519566E-01
 0.223964043067489E-01
 0.224717447760893E-01
 0.225441453661889E-01
 0.225884720003432E-01
 0.226654748681258E-01
 0.226759189851858E-01
 0.226076332223891E-01
 0.224612408292730E-01
 0.222376853948565E-01
 0.220393638783267E-01
 0.217871947798400E-01
 0.214606286368131E-01
 0.210611574504722E-01
 0.205905518220164E-01
 0.200508319664117E-01
 0.194442422662272E-01
 0.187732335741176E-01
 0.180404528288157E-01
 0.172487368350694E-01
 0.164011064895825E-01
 0.155007585173726E-01
 0.151413398296205E-01
 0.154967703213294E-01
 0.158585173023672E-01
 0.161912180342023E-01
 0.165286107934079E-01
 0.168345795401382E-01
 0.171457089620175E-01
 0.174308174139038E-01
 0.177124585863664E-01
 0.179682363017591E-01
 0.182205545744422E-01
 0.184597065813654E-01
 0.186830711869638E-01
 0.188966419053477E-01
 0.190902972860758E-01
 0.192917347684085E-01
 0.194541833158253E-01
 0.196317538372402E-01
 0.197796457371279E-01
 0.199314646577292E-01
 0.200587682966195E-01
 0.201812589021901E-01
 0.203024176728515E-01
 0.203945890633886E-01
 0.204991712981651E-01
 0.205777685534446E-01
 0.206655827232044E-01
 0.207336197464319E-01
 0.207955922973032E-01
 0.208625720276346E-01
 0.208973994103629E-01
 0.209594254211535E-01
 0.209915804475122E-01
 0.210278222753286E-01
 0.210592693978062E-01
 0.210711046216294E-01
 0.210943136537910E-01
 0.210964961662473E-01
 0.211131817904333E-01
 0.211065808005415E-01
 0.210998290548239E-01
 0.210414310054096E-01
 0.209333795204019E-01
 0.207776854938767E-01
 0.205763788145838E-01
 0.203315559271974E-01
 0.200887004817298E-01
 0.198290327583867E-01
 0.195291137899845E-01
 0.191914045009419E-01
 0.188186828737304E-01
 0.184140064030999E-01
 0.179806162881518E-01
 0.175218135550447E-01
 0.170408474583379E-01
 0.165408509752738E-01
 0.160248393709057E-01
 0.154957633884412E-01
 0.149565882868980E-01
 0.144103614821889E-01
 0.138602379093493E-01
 0.133094504543702E-01
 0.127612351103063E-01
 0.122187374440886E-01
 0.116849316973228E-01
 0.111625755123758E-01
 0.109373668319797E-01
 0.111433750085860E-01
 0.113385386238042E-01
 0.115239145480259E-01
 0.117144201088894E-01
 0.118909756723289E-01
 0.120520491961347E-01
 0.122188888912432E-01
 0.123707902573842E-01
 0.125103753558695E-01
 0.126534307672457E-01
 0.127756747457076E-01
 0.128895723425989E-01
 0.129966202901936E-01
 0.130907404276796E-01
 0.131827581614394E-01
 0.132470568860947E-01
 0.133140408695556E-01
 0.133612971083582E-01
 0.134169110077676E-01
 0.134412496286108E-01
 0.134673516750582E-01
 0.134769123224218E-01
 0.134913283848509E-01
 0.134775980202692E-01
 0.134724122375643E-01
 0.134548876123915E-01
 0.134281191331198E-01
 0.133944780912122E-01
 0.133462210903918E-01
 0.133103045775805E-01
 0.132500689210452E-01
 0.131986470820053E-01
 0.131359769604112E-01
 0.130649815659769E-01
 0.130043807250396E-01
 0.129211802920989E-01
 0.128527180149181E-01
 0.127762869519444E-01
 0.126888627096046E-01
 0.126066926157708E-01
 0.125150361761900E-01
 0.124326859379128E-01
 0.123335806639811E-01
 0.122342806060703E-01
 0.121545332409355E-01
 0.120399629412841E-01
 0.119513791170574E-01
 0.118644463851196E-01
 0.117609059985636E-01
 0.116154544551052E-01
 0.114271878475087E-01
 0.111953592387943E-01
 0.109929652691880E-01
 0.107469762314249E-01
 0.111375577938746E-01
 0.116688734542642E-01
 0.121705888292936E-01
 0.126892032240593E-01
 0.131745619999160E-01
 0.136769297312939E-01
 0.141412791397647E-01
 0.146175828078597E-01
 0.150609017355765E-01
 0.155222354899407E-01
 0.159419847705233E-01
 0.163692017722080E-01
 0.167669857569409E-01
 0.171801315582789E-01
 0.175470030748682E-01
 0.179291325366648E-01
 0.182777043729450E-01
 0.186318229312491E-01
 0.189472292219918E-01
 0.192703914119808E-01
 0.195696285705665E-01
 0.198585789618601E-01
 0.201284571743617E-01
 0.203851437662533E-01
 0.206428005320991E-01
 0.208657467805492E-01
 0.211033755466497E-01
 0.213051153712996E-01
 0.215177313863323E-01
 0.217015810360628E-01
 0.218811271458799E-01
 0.220536057689314E-01
 0.221997269289440E-01
 0.223597716399811E-01
 0.224830287896250E-01
 0.226240185541058E-01
 0.227380745226042E-01
 0.228503591389795E-01
 0.229592941705766E-01
 0.230403041197619E-01
 0.231435918407861E-01
 0.232074867162529E-01
 0.232909957491776E-01
 0.233562482310542E-01
 0.234106955659957E-01
 0.234692312197000E-01
 0.234973374372907E-01
 0.235598388845746E-01
 0.235597084208897E-01
 0.234968825951523E-01
 0.233716218097146E-01
 0.231844842689976E-01
 0.229362805747706E-01
 0.227111028134685E-01
 0.224400640092066E-01
 0.221101891339559E-01
 0.217227933899098E-01
 0.212794375052508E-01
 0.207818438422641E-01
 0.202318381941429E-01
 0.196313430056159E-01
 0.189824218631574E-01
 0.182873510461486E-01
 0.175486836924491E-01
 0.167692788129318E-01
 0.159522845262926E-01
 0.151010819797599E-01
 0.142192062350758E-01
 0.133102624470103E-01
 0.123778537696184E-01
 0.114255344267654E-01
 0.104567963751812E-01
 0.947508872728641E-02
 0.848385675892464E-02
 0.814423110779147E-02
 0.829961054399533E-02
 0.843857391069960E-02
 0.859012948784074E-02
 0.872360362287664E-02
 0.885702236939583E-02
 0.898827697023970E-02
 0.909791995404046E-02
 0.922710429346927E-02
 0.933512305411681E-02
 0.944122351402217E-02
 0.955137399778096E-02
 0.963940336702874E-02
 0.974612869128435E-02
 0.983618420036157E-02
 0.992033345491456E-02
 0.100087363379816E-01
 0.100779597696747E-01
 0.101666140082467E-01
 0.102337006727651E-01
 0.103016296578017E-01
 0.103749500512171E-01
 0.104231080467470E-01
 0.104979982935099E-01
 0.105507374325196E-01
 0.106086661691750E-01
 0.106616828721726E-01
 0.107012148100834E-01
 0.106931895409865E-01
 0.106389728757895E-01
 0.105523261806159E-01
 0.104799053466797E-01
 0.103639958766079E-01
 0.102066497829231E-01
 0.100102472508740E-01
 0.977741688270000E-02
 0.951092293389647E-02
 0.921354755129663E-02
 0.888800646301690E-02
 0.853693090397576E-02
 0.816292460161878E-02
 0.776867281980969E-02
 0.784034730146680E-02
 0.839608040416063E-02
 0.896008145863491E-02
 0.955776614686985E-02
 0.101663635993643E-01
 0.107799513063922E-01
 0.114115512607603E-01
 0.120639755665165E-01
 0.127171075961322E-01
 0.133686901915222E-01
 0.140532315920882E-01
 0.147355991729354E-01
 0.154105656722679E-01
 0.160999223868647E-01
 0.167958517863938E-01
 0.174790050924405E-01
 0.181646545559225E-01
 0.188626664704846E-01
 0.195414768746061E-01
 0.202068690076274E-01
 0.208903522273504E-01
 0.215486878951151E-01
 0.221892764717697E-01
 0.228456496320478E-01
 0.234709185580824E-01
 0.240826418630737E-01
 0.246970139963855E-01
 0.252742205554968E-01
 0.258497566798162E-01
 0.264098125467009E-01
 0.269273171028178E-01
 0.274641740149929E-01
 0.279543447447194E-01
 0.284359389770655E-01
 0.288986895273193E-01
 0.293250458252221E-01
 0.297561479196556E-01
 0.301327052838069E-01
 0.305246285437914E-01
 0.308648896763344E-01
 0.312106921295034E-01
 0.315137672885637E-01
 0.318092329829281E-01
 0.320720365989371E-01
 0.323287219956119E-01
 0.325511203691679E-01
 0.327668367278546E-01
 0.329472335823980E-01
 0.331304638279061E-01
 0.332692611699721E-01
 0.334227635217803E-01
 0.335219012972833E-01
 0.336483217157661E-01
 0.337256363577933E-01
 0.338105832105528E-01
 0.338644120619751E-01
 0.339084126529788E-01
 0.339497731334716E-01
 0.339535469433333E-01
 0.339766536704976E-01
 0.339631948435694E-01
 0.339641144109684E-01
 0.339351363495648E-01
 0.338992230693884E-01
 0.338744069979961E-01
 0.338017872979243E-01
 0.337673157236127E-01
 0.337014373122299E-01
 0.336375128972518E-01
 0.335643822385106E-01
 0.334672150877595E-01
 0.334021680178428E-01
 0.332714808174063E-01
 0.330633787510456E-01
 0.327773800395835E-01
 0.324133191400938E-01
 0.319714057040433E-01
 0.314985722957695E-01
 0.310304113401985E-01
 0.304875037611185E-01
 0.298708357392315E-01
 0.291815373299288E-01
 0.284208846646722E-01
 0.275903258958179E-01
 0.266915203370858E-01
 0.257263820800149E-01
 0.246971235069735E-01
 0.236062951492285E-01
 0.224568146518693E-01
 0.212519730123495E-01
 0.199954067229063E-01
 0.186910327843893E-01
 0.173429565782119E-01
 0.159553731424196E-01
 0.163401149109959E-01
 0.168339217767113E-01
 0.173366792960327E-01
 0.178089365773727E-01
 0.182766822397942E-01
 0.187314348431241E-01
 0.191630424565765E-01
 0.195966961467947E-01
 0.199902454736708E-01
 0.204039990558234E-01
 0.207755801303471E-01
 0.211565278817505E-01
 0.215099460655671E-01
 0.218525906437030E-01
 0.221935021516734E-01
 0.224980604508547E-01
 0.228152998346683E-01
 0.230939585444379E-01
 0.233854868813531E-01
 0.236413712042863E-01
 0.238948252107010E-01
 0.241428914136577E-01
 0.243589621590063E-01
 0.245909456570890E-01
 0.247861914494956E-01
 0.249987558722605E-01
 0.251797594285441E-01
 0.253573042730531E-01
 0.255393563424389E-01
 0.256832941134560E-01
 0.258533029708547E-01
 0.259813017748307E-01
 0.261270432189894E-01
 0.262498495634777E-01
 0.263635608737216E-01
 0.264799730892020E-01
 0.265619489671311E-01
 0.265744942771956E-01
 0.265191308012511E-01
 0.263975628629515E-01
 0.262116442979802E-01
 0.259881635439102E-01
 0.257754842004135E-01
 0.255019443409060E-01
 0.251699483142149E-01
 0.247820908821093E-01
 0.243410842875932E-01
 0.238497041891791E-01
 0.233107697282251E-01
 0.227271601684157E-01
 0.221018578647773E-01
 0.214379996433697E-01
 0.207389169615232E-01
 0.200081475147889E-01
 0.192494059638267E-01
 0.184665104325277E-01
 0.176632757289605E-01
 0.168434007719127E-01
 0.160103877473419E-01
 0.151675247822590E-01
 0.143179405864478E-01
 0.134647081434611E-01
 0.126109515401430E-01
 0.117599083201134E-01
 0.109149202958375E-01
 0.100793572003034E-01
 0.925650373935778E-02
 0.844945014947653E-02
 0.766101801140569E-02
 0.689373427706498E-02
 0.614984759862727E-02
 0.543136947868687E-02
 0.474012023912908E-02
 0.407776372431329E-02
 0.344582139446653E-02
 0.284566397745353E-02
 0.234865902219927E-02
 0.190084950359875E-02
 0.153956929987440E-02
 0.157155449773365E-02
 0.162515947456218E-02
 0.168856979745021E-02
 0.191188771194402E-02
 0.214943300973076E-02
 0.239779935485377E-02
 0.266469333646463E-02
 0.294705744283629E-02
 0.323954875082363E-02
 0.354912431126599E-02
 0.387615727590736E-02
 0.421273678896692E-02
 0.455960653419326E-02
 0.493069268376400E-02
 0.530944133619818E-02
 0.569636456434933E-02
 0.610652370839798E-02
 0.652070277925374E-02
 0.693732443960573E-02
 0.736510978446167E-02
 0.780694757588667E-02
 0.824899361964167E-02
 0.869740742901301E-02
 0.916110697062969E-02
 0.962112526490677E-02
 0.100755584767622E-01
 0.105498590839993E-01
 0.110177376649891E-01
 0.114757585969744E-01
 0.119435572385482E-01
 0.124101288305070E-01
 0.128626847198951E-01
 0.133292601229337E-01
 0.137838051942389E-01
 0.142193453824219E-01
 0.146702204974740E-01
 0.151025886842414E-01
 0.155250486665092E-01
 0.159489481623121E-01
 0.163464516284675E-01
 0.167438021321183E-01
 0.171290331491612E-01
 0.174985963310776E-01
 0.178686868573223E-01
 0.182057045376554E-01
 0.185461468222758E-01
 0.188621743051550E-01
 0.191768620450891E-01
 0.194699446059659E-01
 0.197439050158462E-01
 0.200128903078297E-01
 0.202646962365960E-01
 0.205075938507172E-01
 0.207210948642924E-01
 0.209369478357993E-01
 0.211339027389557E-01
 0.213218017222083E-01
 0.214869771043713E-01
 0.216475717223736E-01
 0.218004315859124E-01
 0.219314270006227E-01
 0.220576154347431E-01
 0.221570126964517E-01
 0.222718537011667E-01
 0.223428169977547E-01
 0.224341713386491E-01
 0.224990946221917E-01
 0.225608133165456E-01
 0.226130089578490E-01
 0.226463608158269E-01
 0.226888481921163E-01
 0.227036416033960E-01
 0.227360423563342E-01
 0.227419918661158E-01
 0.227468859206184E-01
 0.227532167248868E-01
 0.227310410729973E-01
 0.227279838398778E-01
 0.227035810225669E-01
 0.226859285488427E-01
 0.226498023700230E-01
 0.226086871779687E-01
 0.225979544581634E-01
 0.225352856710779E-01
 0.224154399974940E-01
 0.222376723654290E-01
 0.220015641027121E-01
 0.217070433719824E-01
 0.214206571310016E-01
 0.211056381015118E-01
 0.207345961125134E-01
 0.203079887812087E-01
 0.198264511107004E-01
 0.192908370726493E-01
 0.187022397695964E-01
 0.180619886036292E-01
 0.173716344766219E-01
 0.166329380481047E-01
 0.158478711377710E-01
 0.150186312909802E-01
 0.141476597497722E-01
 0.132376482680753E-01
 0.122915227507548E-01
 0.113124008435329E-01
 0.111913780003250E-01
 0.114728696128242E-01
 0.117653673936996E-01
 0.120177659486153E-01
 0.122859298355869E-01
 0.125390685531208E-01
 0.127716225757389E-01
 0.130131502667896E-01
 0.132270345958464E-01
 0.134511615977314E-01
 0.136576984860549E-01
 0.138465537564272E-01
 0.140488218854399E-01
 0.142167673421105E-01
 0.144022858684338E-01
 0.145690046876765E-01
 0.147206782561434E-01
 0.148865284445364E-01
 0.150160832354261E-01
 0.151681105219925E-01
 0.152999658545204E-01
 0.154197164664097E-01
 0.155476801462763E-01
 0.156435904729990E-01
 0.157696492690178E-01
 0.158633928077223E-01
 0.159600091931677E-01
 0.160601970530117E-01
 0.161284171007592E-01
 0.162292375817447E-01
 0.162914360808477E-01
 0.163721982866919E-01
 0.163837487561861E-01
 0.163260775594774E-01
 0.161994906679348E-01
 0.160882177500422E-01
 0.159357300487911E-01
 0.157167497692915E-01
 0.154321304983341E-01
 0.150829459149408E-01
 0.146705219548783E-01
 0.141964555618052E-01
 0.138761396760985E-01
 0.142141279477412E-01
 0.145543651364722E-01
 0.148661703641608E-01
 0.151801359007006E-01
 0.154632595263696E-01
 0.157484004746133E-01
 0.160025799156221E-01
 0.162648094977957E-01
 0.164863550280431E-01
 0.167249020988878E-01
 0.169205607273767E-01
 0.171291061645129E-01
 0.173105829065998E-01
 0.174854937019323E-01
 0.176430000548309E-01
 0.177836420429009E-01
 0.179302810993079E-01
 0.180363972035534E-01
 0.181653390731530E-01
 0.182631341106383E-01
 0.183620204626506E-01
 0.184479851192071E-01
 0.185143577176300E-01
 0.186004512160735E-01
 0.186450283200793E-01
 0.187074411268064E-01
 0.187527256499006E-01
 0.187828129715960E-01
 0.188204635821017E-01
 0.188272714401628E-01
 0.188599110226504E-01
 0.188675619521286E-01
 0.188720357023947E-01
 0.188842257416984E-01
 0.188621905821677E-01
 0.188756468888535E-01
 0.188615837969554E-01
 0.188498370563036E-01
 0.188421580443018E-01
 0.188053771730195E-01
 0.187994826370853E-01
 0.187378682590241E-01
 0.186136250183343E-01
 0.184276969660006E-01
 0.181814280345888E-01
 0.179523321732099E-01
 0.176848010794020E-01
 0.173601173607750E-01
 0.169804568449716E-01
 0.165482977858953E-01
 0.160663169895467E-01
 0.155372865208066E-01
 0.149639937636307E-01
 0.143492021273891E-01
 0.136956595842469E-01
 0.130061496618160E-01
 0.122835679534084E-01
 0.115310001292382E-01
 0.107517771565276E-01
 0.994949041732132E-02
 0.912796183842329E-02
 0.829117794185869E-02
 0.744320667995696E-02
 0.658811818603777E-02
 0.572992509358474E-02
 0.510250081786592E-02
 0.522153127115877E-02
 0.535411612039872E-02
 0.548607176608305E-02
 0.559232831631243E-02
 0.572031473602781E-02
 0.583430882941555E-02
 0.594188841137111E-02
 0.612549365305056E-02
 0.648891889993496E-02
 0.684513774953603E-02
 0.720519958545458E-02
 0.756881585688556E-02
 0.791530474110127E-02
 0.827419786390239E-02
 0.862082499018711E-02
 0.896766266984951E-02
 0.931017242564195E-02
 0.963156159674147E-02
 0.996592647703691E-02
 0.102729318364614E-01
 0.105883870213506E-01
 0.108818904463511E-01
 0.111663888864307E-01
 0.114427651184759E-01
 0.117065827695605E-01
 0.119639886898282E-01
 0.122005744843900E-01
 0.124377202393849E-01
 0.126533615706846E-01
 0.128655967650699E-01
 0.130529373548015E-01
 0.132392077362472E-01
 0.134088615112918E-01
 0.135658248906542E-01
 0.137094113041640E-01
 0.138366388606704E-01
 0.139680617790292E-01
 0.140664951508237E-01
 0.141832443505935E-01
 0.142689031331161E-01
 0.143571691719935E-01
 0.144327754817889E-01
 0.144904804762793E-01
 0.145529382741407E-01
 0.145840174793341E-01
 0.146346002547445E-01
 0.146610382468105E-01
 0.146837174132604E-01
 0.147175507695932E-01
 0.147136150961283E-01
 0.147357022390969E-01
 0.147408289307771E-01
 0.147360080954114E-01
 0.147307986593786E-01
 0.147088787269230E-01
 0.147059763195004E-01
 0.146736477636436E-01
 0.146455371150611E-01
 0.146354393283758E-01
 0.145843333861226E-01
 0.145661101013975E-01
 0.145312199117371E-01
 0.144906055861160E-01
 0.144529122426388E-01
 0.144018520894958E-01
 0.143782220840282E-01
 0.142960539970482E-01
 0.141549493449312E-01
 0.139548621150696E-01
 0.137577732002917E-01
 0.135364885007684E-01
 0.132577271427447E-01
 0.129223148893695E-01
 0.125314106525733E-01
 0.120864466532715E-01
 0.115890577810028E-01
 0.118949549794896E-01
 0.122805097358128E-01
 0.126421452909824E-01
 0.130207092440571E-01
 0.133569900122661E-01
 0.137079636494002E-01
 0.140337286867315E-01
 0.143601479684173E-01
 0.146556957309639E-01
 0.149550846275808E-01
 0.152419606273560E-01
 0.155103149019857E-01
 0.157703662345002E-01
 0.160070623830908E-01
 0.162556740378860E-01
 0.164658192789945E-01
 0.166900299779102E-01
 0.168880699397331E-01
 0.170804147868899E-01
 0.172660537507630E-01
 0.174286343497460E-01
 0.176041694554538E-01
 0.177504865560100E-01
 0.179063936099312E-01
 0.180378353664385E-01
 0.181617532637737E-01
 0.182884646280271E-01
 0.183807013710662E-01
 0.184957413308588E-01
 0.185828574587668E-01
 0.186738595705358E-01
 0.187518655216984E-01
 0.188152817487100E-01
 0.189015671415057E-01
 0.189479129799316E-01
 0.190162948743540E-01
 0.190668291577742E-01
 0.191101789724688E-01
 0.191562378194780E-01
 0.191742455770266E-01
 0.192254923575471E-01
 0.192189250241623E-01
 0.191539164439238E-01
 0.190311418672488E-01
 0.188516168491067E-01
 0.186533502855759E-01
 0.184532892212950E-01
 0.181992519508849E-01
 0.178925135287331E-01
 0.175345690164243E-01
 0.171271341133201E-01
 0.166721287480387E-01
 0.161716482541186E-01
 0.156279321286032E-01
 0.150433400979952E-01
 0.144203408113535E-01
 0.137615135545810E-01
 0.130695601645071E-01
 0.123473221298003E-01
 0.115977950315068E-01
 0.108241295931895E-01
 0.100296091856651E-01
 0.921760074305690E-02
 0.839148809081196E-02
 0.755460693174965E-02
 0.762401527776829E-02
 0.777912230641884E-02
 0.792278099410457E-02
 0.806188760942677E-02
 0.819666889683860E-02
 0.832044402607482E-02
 0.845268248491408E-02
 0.856497745693264E-02
 0.868449072282918E-02
 0.879495161502196E-02
 0.889667742345543E-02
 0.899585865131551E-02
 0.908114241532564E-02
 0.917852783884929E-02
 0.925789241147008E-02
 0.934166219391636E-02
 0.942440423341476E-02
 0.949372225863399E-02
 0.956853559753049E-02
 0.962938828912433E-02
 0.969750894228604E-02
 0.975324757083888E-02
 0.980753517975579E-02
 0.986368421261871E-02
 0.990485491324028E-02
 0.995869711031873E-02
 0.100030970384908E-01
 0.100475397214602E-01
 0.100865878053467E-01
 0.101172661254271E-01
 0.101543761759915E-01
 0.101732399397425E-01
 0.101658314367248E-01
 0.104711026472786E-01
 0.109268356250838E-01
 0.113966217318804E-01
 0.118838685186869E-01
 0.123869220236373E-01
 0.129008200913959E-01
 0.134239225441847E-01
 0.139546601141893E-01
 0.144914664054082E-01
 0.150326894624838E-01
 0.155962728748742E-01
 0.161627128285111E-01
 0.167295441349757E-01
 0.172945732417265E-01
 0.178554820416726E-01
 0.184372831233246E-01
 0.190135634044571E-01
 0.195803982683349E-01
 0.201349914821430E-01
 0.207069359867684E-01
 0.212654751153564E-01
 0.218057569547142E-01
 0.223419752686713E-01
 0.228789006840275E-01
 0.233921696592119E-01
 0.238843833645524E-01
 0.243891213956064E-01
 0.248645388010763E-01
 0.253185523472761E-01
 0.257788065404558E-01
 0.262048158117888E-01
 0.266117717225453E-01
 0.270174017582518E-01
 0.273835004429482E-01
 0.277591171302621E-01
 0.280991128826265E-01
 0.284157332919832E-01
 0.287272621493499E-01
 0.290022138067491E-01
 0.292837586783707E-01
 0.295152058133350E-01
 0.297567259383214E-01
 0.299533336188978E-01
 0.301582665324403E-01
 0.303191423099013E-01
 0.304837094555938E-01
 0.306089693944713E-01
 0.307445443844321E-01
 0.308320052421483E-01
 0.309352006205402E-01
 0.309912933496693E-01
 0.310661303971020E-01
 0.311005364092843E-01
 0.311410462062478E-01
 0.311602635410475E-01
 0.311656270020957E-01
 0.311732386928896E-01
 0.311436666894283E-01
 0.311382795842608E-01
 0.310954468823125E-01
 0.310614549086858E-01
 0.310049606445341E-01
 0.309361707907845E-01
 0.308802950308130E-01
 0.307805308904160E-01
 0.307159041566762E-01
 0.306243385865968E-01
 0.305306065954974E-01
 0.304295958103682E-01
 0.303069492857774E-01
 0.302221422323531E-01
 0.300727553425609E-01
 0.298545323727934E-01
 0.295662341094494E-01
 0.292068769611980E-01
 0.287757884496996E-01
 0.283337903044038E-01
 0.278783210381033E-01
 0.273523048970920E-01
 0.267560595661515E-01
 0.260900799122179E-01
 0.253550020326907E-01
 0.245515977034889E-01
 0.236808035429152E-01
 0.227437775372580E-01
 0.217419632588839E-01
 0.206771371791593E-01
 0.195514216215993E-01
 0.188802015799121E-01
 0.195613540706283E-01
 0.202251388386040E-01
 0.208863420001177E-01
 0.215184104552468E-01
 0.221441264073802E-01
 0.227389762688897E-01
 0.233411057311270E-01
 0.238958587867230E-01
 0.244578346994535E-01
 0.249716149564206E-01
 0.255104874574604E-01
 0.259853115329052E-01
 0.264841136148649E-01
 0.269356201742816E-01
 0.273887019554779E-01
 0.278038225913894E-01
 0.282100267602901E-01
 0.286036728567147E-01
 0.289628414790669E-01
 0.293279343093227E-01
 0.296429758847515E-01
 0.299894395368252E-01
 0.302824583797037E-01
 0.305834610491166E-01
 0.308571687371014E-01
 0.311116437438462E-01
 0.313676183027139E-01
 0.315781940146593E-01
 0.318201566515052E-01
 0.320108705040660E-01
 0.322154433268822E-01
 0.323951574708864E-01
 0.325568946085853E-01
 0.327257528366298E-01
 0.328462217965113E-01
 0.330091140223738E-01
 0.331229670880280E-01
 0.332487506051251E-01
 0.333604384571136E-01
 0.334482122830539E-01
 0.335544809897613E-01
 0.336036484036903E-01
 0.335681227448460E-01
 0.334486997799595E-01
 0.332465252811781E-01
 0.329630890008844E-01
 0.326339911937083E-01
 0.323185232776148E-01
 0.319258001052319E-01
 0.314577955052875E-01
 0.309168639509099E-01
 0.303057745724059E-01
 0.296276681743423E-01
 0.288859337712128E-01
 0.280840408028881E-01
 0.272253891439210E-01
 0.263132358336596E-01
 0.253507261742549E-01
 0.243410140755345E-01
 0.232874235073724E-01
 0.221935928778111E-01
 0.210635565507901E-01
 0.199017420254971E-01
 0.187128858428309E-01
 0.175018898458966E-01
 0.162736514433325E-01
 0.150329076076938E-01
 0.137841305259637E-01
 0.125314997910466E-01
 0.112789522121253E-01
 0.100302835353733E-01
 0.878925919044297E-02
 0.839560197396848E-02
 0.856810980909949E-02
 0.871713328635956E-02
 0.886661303259763E-02
 0.901423879357772E-02
 0.913906528832344E-02
 0.928345267647677E-02
 0.940677100692798E-02
 0.952526684781031E-02
 0.964738872854748E-02
 0.974828322248686E-02
 0.986669429257683E-02
 0.996866005600912E-02
 0.100649926923002E-01
 0.101687045252220E-01
 0.102496791866178E-01
 0.103524393059654E-01
 0.104412249521824E-01
 0.105226680951264E-01
 0.106118549193207E-01
 0.106726862158298E-01
 0.107595432976527E-01
 0.108277717841063E-01
 0.108964246043692E-01
 0.109630425764406E-01
 0.110110778236440E-01
 0.110116760914135E-01
 0.109673199945891E-01
 0.108836444537507E-01
 0.108206381512637E-01
 0.107163848369544E-01
 0.105732569748767E-01
 0.103936511618635E-01
 0.101800446229233E-01
 0.993505823649224E-02
 0.966149755969345E-02
 0.936235728674497E-02
 0.904079407886016E-02
 0.870008495240596E-02
 0.834358678094462E-02
 0.797470135340942E-02
 0.782297947789686E-02
 0.825962281847117E-02
 0.869720810068105E-02
 0.914229187299638E-02
 0.960032036118183E-02
 0.100557718492798E-01
 0.105068774424989E-01
 0.109793614874466E-01
 0.114449191635787E-01
 0.119014511829339E-01
 0.123669787510082E-01
 0.128310338998225E-01
 0.132819810289369E-01
 0.137370676762783E-01
 0.141921617593942E-01
 0.146303704456367E-01
 0.150666550682497E-01
 0.155029603119384E-01
 0.159174997129092E-01
 0.163403155170969E-01
 0.167475361506828E-01
 0.171313073372319E-01
 0.175290977950547E-01
 0.178979068313260E-01
 0.182626725544769E-01
 0.186141162698695E-01
 0.189324752280416E-01
 0.192640816037840E-01
 0.195600079211464E-01
 0.198585199932431E-01
 0.201307119018242E-01
 0.203873790212952E-01
 0.206361312520428E-01
 0.208685170366495E-01
 0.210908321163094E-01
 0.212823601984569E-01
 0.214758119111670E-01
 0.216489261512294E-01
 0.218143008895609E-01
 0.219534319183956E-01
 0.220902275451724E-01
 0.222128640171264E-01
 0.223197663876854E-01
 0.224177642180668E-01
 0.224947738469829E-01
 0.225748323096503E-01
 0.226201229227997E-01
 0.226843999818058E-01
 0.227103706383612E-01
 0.227454724177978E-01
 0.227641143837447E-01
 0.227700795729044E-01
 0.227670482684744E-01
 0.227488738625365E-01
 0.227493514659072E-01
 0.227027776073019E-01
 0.226739700698972E-01
 0.226360823441954E-01
 0.225789737998585E-01
 0.225230391488231E-01
 0.224560581509573E-01
 0.223992067000638E-01
 0.223117927706172E-01
 0.222285230576510E-01
 0.221589394537140E-01
 0.220518900928924E-01
 0.218907232222179E-01
 0.216754424752315E-01
 0.214063157535285E-01
 0.210838741587512E-01
 0.207338148405030E-01
 0.203900961038247E-01
 0.199959262591378E-01
 0.195526997648181E-01
 0.190619872048780E-01
 0.185255473709228E-01
 0.179453576155614E-01
 0.173236392487592E-01
 0.166628596970270E-01
 0.159657062001211E-01
 0.152350379362341E-01
 0.144738292881867E-01
 0.136851172136467E-01
 0.128719638225425E-01
 0.120374428307944E-01
 0.111846540192025E-01
 0.103167615627648E-01
 0.943704187785732E-02
 0.854891973329505E-02
 0.765597297580702E-02
 0.676189729421922E-02
 0.587043841638343E-02
 0.594631932047058E-02
 0.609558275629606E-02
 0.623080743274441E-02
 0.636815625509989E-02
 0.648889584268696E-02
 0.661196770386741E-02
 0.672309287377570E-02
 0.681853897788007E-02
 0.692619857914862E-02
 0.700907097969467E-02
 0.709537067103481E-02
 0.717466635382993E-02
 0.723497426730443E-02
 0.730701540409078E-02
 0.735326891977071E-02
 0.740717617663743E-02
 0.745066837134103E-02
 0.748070168288331E-02
 0.751708760735284E-02
 0.753161424458294E-02
 0.755864503894635E-02
 0.756425929696051E-02
 0.756975548535328E-02
 0.757340552404839E-02
 0.755821729724446E-02
 0.750386841433107E-02
 0.741211431685711E-02
 0.731905291870389E-02
 0.721217350011702E-02
 0.707099601785353E-02
 0.689734815761988E-02
 0.669321338425409E-02
 0.646073323819819E-02
 0.620220349179499E-02
 0.592006306117145E-02
 0.561687747413222E-02
 0.529531896204577E-02
 0.495814204817063E-02
 0.460815033376983E-02
 0.424815137816448E-02
 0.390875944504963E-02
 0.385656079426302E-02
 0.381287814395196E-02
 0.376302581086328E-02
 0.370506164817140E-02
 0.365280650405528E-02
 0.359372916116682E-02
 0.353392503279964E-02
 0.347382659695263E-02
 0.340568288117254E-02
 0.334455586207295E-02
 0.327758426159960E-02
 0.320749875945308E-02
 0.314410715257027E-02
 0.307500602348581E-02
 0.300767013727474E-02
 0.293900989168035E-02
 0.286668408508299E-02
 0.280310805212894E-02
 0.273145319075968E-02
 0.266090569654267E-02
 0.259529231229822E-02
 0.252162332522096E-02
 0.245819323386672E-02
 0.239232533142079E-02
 0.232376280680462E-02
 0.226077606658660E-02
 0.219238680426053E-02
 0.213824649144106E-02
 0.216858199151509E-02
 0.219422616169281E-02
 0.221295978914556E-02
 0.222436794376606E-02
 0.223639510887596E-02
 0.223679170458374E-02
 0.223687701788139E-02
 0.223197381589799E-02
 0.221994641410379E-02
 0.220777866921285E-02
 0.218846852683518E-02
 0.216828423523402E-02
 0.214412872274420E-02
 0.211404485175857E-02
 0.208544440061808E-02
 0.204963594572210E-02
 0.201395377012798E-02
 0.197572340235863E-02
 0.193268695337626E-02
 0.189229654900088E-02
 0.184707689873657E-02
 0.180200654511975E-02
 0.175605478091458E-02
 0.170610858065271E-02
 0.166008930732164E-02
 0.161035385980899E-02
 0.156111462285765E-02
 0.151168264324813E-02
 0.145980930386289E-02
 0.141242454206315E-02
 0.136146171051284E-02
 0.131210716272174E-02
 0.126351524036996E-02
 0.121285201880387E-02
 0.116559498490844E-02
 0.111649348682424E-02
 0.106985330911139E-02
 0.104989126311981E-02
 0.105120242818963E-02
 0.104701314090342E-02
 0.104199459717623E-02
 0.103175787097055E-02
 0.101896821484622E-02
 0.100323693646189E-02
 0.984220570690082E-03
 0.963723631729447E-03
 0.939221080377434E-03
 0.914371453566440E-03
 0.886291483249706E-03
 0.857526831667855E-03
 0.826521643890012E-03
 0.794311574034568E-03
 0.761374507983449E-03
 0.727748722751241E-03
 0.693652641027601E-03
 0.658930472873767E-03
 0.624466698929880E-03
 0.589946325926243E-03
 0.555753983143922E-03
 0.521793483437064E-03
 0.488516335464808E-03
 0.456158314147481E-03
 0.424310767316133E-03
 0.393676147451719E-03
 0.363709924367539E-03
 0.335435044916627E-03
 0.307753243903093E-03
 0.281762975664290E-03
 0.256791103702806E-03
 0.233200622914216E-03
 0.210965755139650E-03
 0.189922049471040E-03
 0.170410937307511E-03
 0.152012550651349E-03
 0.135130812285397E-03
 0.119399963711372E-03
 0.104954827745842E-03
 0.917916739439425E-04
 0.796771623665261E-04
 0.688229992375012E-04
 0.589697474663234E-04
 0.501614031648091E-04
 0.423147614276488E-04
 0.353510156230817E-04
 0.292935248806915E-04
 0.239736892275420E-04
 0.194065740460186E-04
 0.154977898738588E-04
 0.121846411837427E-04
 0.942701853742053E-05
 0.714506090592009E-05
 0.530438889694993E-05
 0.382583439030273E-05
 0.266825457660254E-05
 0.178842156225088E-05
 0.114259924120271E-05
 0.691303786516451E-06
 0.388238610035018E-06
 0.197416518426604E-06
 0.874323260288697E-07
 0.314998801993360E-07
 0.803980478438059E-08
 0.101723671025445E-08
 0.122040502116259E-10
 0.000000000000000E+00
 0.000000000000000E+00
 0.000000000000000E+00
 0.000000000000000E+00
 0.000000000000000E+00
 0.000000000000000E+00
 0.000000000000000E+00
 0.000000000000000E+00
 0.000000000000000E+00
 0.000000000000000E+00
 0.000000000000000E+00
 0.000000000000000E+00
 0.000000000000000E+00
 0.000000000000000E+00
 0.000000000000000E+00
 0.000000000000000E+00
 0.000000000000000E+00
 0.000000000000000E+00
 0.000000000000000E+00
 0.000000000000000E+00
 0.000000000000000E+00
 0.000000000000000E+00
 0.000000000000000E+00
 0.000000000000000E+00
 0.000000000000000E+00
 0.000000000000000E+00
 0.000000000000000E+00
 0.000000000000000E+00
 0.000000000000000E+00
 0.000000000000000E+00
 0.000000000000000E+00
 0.000000000000000E+00
 0.000000000000000E+00
 0.000000000000000E+00
 0.000000000000000E+00
 0.000000000000000E+00
 0.000000000000000E+00
 0.000000000000000E+00
 0.000000000000000E+00
 0.000000000000000E+00
 0.000000000000000E+00
 0.000000000000000E+00
 0.000000000000000E+00
 0.000000000000000E+00
 0.000000000000000E+00
 0.000000000000000E+00
 0.000000000000000E+00
 0.000000000000000E+00
 0.000000000000000E+00
 0.000000000000000E+00
 0.000000000000000E+00
 0.000000000000000E+00
 0.000000000000000E+00
 0.000000000000000E+00
 0.000000000000000E+00
 0.000000000000000E+00
 0.000000000000000E+00
 0.000000000000000E+00
 0.000000000000000E+00
 0.000000000000000E+00
 0.000000000000000E+00
 0.000000000000000E+00
 0.000000000000000E+00
 0.000000000000000E+00
 0.000000000000000E+00
 0.000000000000000E+00
 0.000000000000000E+00
 0.000000000000000E+00
 0.000000000000000E+00
 0.000000000000000E+00
 0.000000000000000E+00
 0.000000000000000E+00
 0.000000000000000E+00
 0.000000000000000E+00
 0.000000000000000E+00
 0.000000000000000E+00
 0.000000000000000E+00
 0.000000000000000E+00
 0.000000000000000E+00
 0.000000000000000E+00
 0.000000000000000E+00
 0.000000000000000E+00
 0.000000000000000E+00
 0.000000000000000E+00
 0.000000000000000E+00
 0.000000000000000E+00
 0.000000000000000E+00
 0.000000000000000E+00
 0.000000000000000E+00
 0.000000000000000E+00
 0.000000000000000E+00
 0.000000000000000E+00
 0.000000000000000E+00
 0.000000000000000E+00
 0.000000000000000E+00
 0.000000000000000E+00
 0.000000000000000E+00
 0.000000000000000E+00
 0.000000000000000E+00
 0.000000000000000E+00
 0.000000000000000E+00
 0.000000000000000E+00
 0.000000000000000E+00
 0.000000000000000E+00
 0.000000000000000E+00
 0.000000000000000E+00
 0.000000000000000E+00
 0.000000000000000E+00
 0.000000000000000E+00
 0.000000000000000E+00
 0.000000000000000E+00
 0.000000000000000E+00
 0.000000000000000E+00
 0.000000000000000E+00
 0.000000000000000E+00
 0.000000000000000E+00
 0.000000000000000E+00
 0.000000000000000E+00
 0.000000000000000E+00
 0.000000000000000E+00
 0.000000000000000E+00
 0.000000000000000E+00
 0.000000000000000E+00
 0.000000000000000E+00
 0.000000000000000E+00
 0.000000000000000E+00
 0.000000000000000E+00
 0.000000000000000E+00
 0.000000000000000E+00
 0.000000000000000E+00
 0.000000000000000E+00
 0.000000000000000E+00
 0.000000000000000E+00
 0.000000000000000E+00
 0.000000000000000E+00
 0.000000000000000E+00
 0.000000000000000E+00
 0.000000000000000E+00
 0.000000000000000E+00
 0.000000000000000E+00
 0.000000000000000E+00
 0.000000000000000E+00
 0.000000000000000E+00
 0.000000000000000E+00
 0.000000000000000E+00
 0.000000000000000E+00
 0.000000000000000E+00
 0.000000000000000E+00
 0.000000000000000E+00
 0.000000000000000E+00
 0.000000000000000E+00
 0.000000000000000E+00
 0.000000000000000E+00
 0.000000000000000E+00
 0.000000000000000E+00
 0.000000000000000E+00
 0.000000000000000E+00
 0.000000000000000E+00
 0.000000000000000E+00
 0.000000000000000E+00
 0.000000000000000E+00
 0.000000000000000E+00
 0.000000000000000E+00
 0.000000000000000E+00
 0.000000000000000E+00
 0.000000000000000E+00
 0.000000000000000E+00
 0.000000000000000E+00
 0.000000000000000E+00
 0.000000000000000E+00
 0.000000000000000E+00
 0.000000000000000E+00
 0.000000000000000E+00
 0.000000000000000E+00
 0.000000000000000E+00
 0.000000000000000E+00
 0.000000000000000E+00
 0.000000000000000E+00
 0.000000000000000E+00
 0.000000000000000E+00
 0.000000000000000E+00
 0.000000000000000E+00
 0.000000000000000E+00
 0.000000000000000E+00
 0.000000000000000E+00
 0.000000000000000E+00
 0.000000000000000E+00
 0.000000000000000E+00
 0.000000000000000E+00
 0.000000000000000E+00
 0.000000000000000E+00
 0.000000000000000E+00
 0.000000000000000E+00
 0.000000000000000E+00
 0.000000000000000E+00
 0.000000000000000E+00
 0.000000000000000E+00
 0.000000000000000E+00
 0.000000000000000E+00
 0.000000000000000E+00
 0.000000000000000E+00
 0.000000000000000E+00
 0.000000000000000E+00
 0.000000000000000E+00
 0.000000000000000E+00
 0.000000000000000E+00
 0.000000000000000E+00
 0.000000000000000E+00
 0.000000000000000E+00
 0.000000000000000E+00
 0.000000000000000E+00
 0.000000000000000E+00
 0.000000000000000E+00
 0.000000000000000E+00
 0.000000000000000E+00
 0.000000000000000E+00
 0.000000000000000E+00
 0.000000000000000E+00
 0.000000000000000E+00
 0.000000000000000E+00
 0.000000000000000E+00
 0.000000000000000E+00
 0.000000000000000E+00
 0.000000000000000E+00
 0.000000000000000E+00
 0.000000000000000E+00
 0.000000000000000E+00
 0.000000000000000E+00
 0.000000000000000E+00
 0.000000000000000E+00
 0.000000000000000E+00
 0.000000000000000E+00
 0.000000000000000E+00
 0.000000000000000E+00
 0.000000000000000E+00
 0.000000000000000E+00
 0.000000000000000E+00
 0.000000000000000E+00
 0.000000000000000E+00
 0.000000000000000E+00
 0.000000000000000E+00
 0.000000000000000E+00
 0.000000000000000E+00
 0.000000000000000E+00
 0.000000000000000E+00
 0.000000000000000E+00
 0.000000000000000E+00
 0.000000000000000E+00
 0.000000000000000E+00
 0.000000000000000E+00
 0.000000000000000E+00
 0.000000000000000E+00
 0.000000000000000E+00
 0.000000000000000E+00
 0.000000000000000E+00
 0.000000000000000E+00
 0.000000000000000E+00
 0.000000000000000E+00
 0.000000000000000E+00
 0.000000000000000E+00
 0.000000000000000E+00
 0.000000000000000E+00
 0.000000000000000E+00
 0.000000000000000E+00
 0.000000000000000E+00
 0.000000000000000E+00
 0.000000000000000E+00
 0.000000000000000E+00
 0.000000000000000E+00
 0.000000000000000E+00
 0.000000000000000E+00
 0.000000000000000E+00
 0.000000000000000E+00
 0.000000000000000E+00
 0.000000000000000E+00
 0.000000000000000E+00
 0.000000000000000E+00
 0.000000000000000E+00
 0.000000000000000E+00
 0.000000000000000E+00
 0.000000000000000E+00
 0.000000000000000E+00
 0.000000000000000E+00
 0.000000000000000E+00
 0.000000000000000E+00
 0.000000000000000E+00
 0.000000000000000E+00
 0.000000000000000E+00
 0.000000000000000E+00
 0.000000000000000E+00
 0.000000000000000E+00
 0.000000000000000E+00
 0.000000000000000E+00
 0.000000000000000E+00
 0.000000000000000E+00
 0.000000000000000E+00
 0.000000000000000E+00
 0.000000000000000E+00
 0.000000000000000E+00
 0.000000000000000E+00
 0.000000000000000E+00
 0.000000000000000E+00
 0.000000000000000E+00
 0.000000000000000E+00
 0.000000000000000E+00
 0.000000000000000E+00
 0.000000000000000E+00
 0.000000000000000E+00
 0.000000000000000E+00
 0.000000000000000E+00
 0.000000000000000E+00
 0.000000000000000E+00
 0.000000000000000E+00
 0.000000000000000E+00
 0.000000000000000E+00
 0.000000000000000E+00
 0.000000000000000E+00
 0.000000000000000E+00
 0.000000000000000E+00
 0.000000000000000E+00
 0.000000000000000E+00
 0.000000000000000E+00
 0.000000000000000E+00
 0.000000000000000E+00
 0.000000000000000E+00
 0.000000000000000E+00
 0.000000000000000E+00
 0.000000000000000E+00
 0.000000000000000E+00
 0.000000000000000E+00
 0.000000000000000E+00
 0.000000000000000E+00
 0.000000000000000E+00
 0.000000000000000E+00
 0.000000000000000E+00
 0.000000000000000E+00
 0.000000000000000E+00
 0.000000000000000E+00
 0.000000000000000E+00
 0.000000000000000E+00
 0.000000000000000E+00
 0.000000000000000E+00
 0.000000000000000E+00
 0.000000000000000E+00
 0.000000000000000E+00
 0.000000000000000E+00
 0.000000000000000E+00
 0.000000000000000E+00
