 0.656053655845312E-09
 0.526088544949843E-07
 0.401868620714119E-06
 0.152831599242731E-05
 0.413422802580943E-05
 0.913240006250593E-05
 0.176345232947295E-04
 0.309398164962671E-04
 0.505239091979082E-04
 0.780279743846091E-04
 0.115248108340293E-03
 0.164124955762679E-03
 0.226733577473492E-03
 0.305273559025432E-03
 0.402059357508699E-03
 0.519510884866348E-03
 0.660144325120848E-03
 0.826563183485063E-03
 0.102144956519923E-02
 0.124755568178769E-02
 0.150769558260289E-02
 0.180473710939544E-02
 0.214159407187142E-02
 0.252121864179577E-02
 0.294659396370323E-02
 0.342072697971996E-02
 0.394664146672696E-02
 0.452737128312086E-02
 0.516595382348495E-02
 0.586542367863874E-02
 0.662880649902786E-02
 0.745911305919478E-02
 0.835933352108276E-02
 0.933243189421495E-02
 0.103813406901964E-01
 0.115089557696043E-01
 0.127181313789210E-01
 0.140116753755128E-01
 0.153923446382027E-01
 0.168628406613284E-01
 0.184258053302548E-01
 0.200838168758724E-01
 0.218393860061065E-01
 0.236949522120585E-01
 0.256528802467668E-01
 0.277154567742495E-01
 0.298848871866468E-01
 0.321632925873767E-01
 0.345527069379130E-01
 0.370550743662040E-01
 0.396722466343897E-01
 0.424059807636054E-01
 0.452579368138676E-01
 0.482296758165086E-01
 0.513226578573405E-01
 0.545382403080659E-01
 0.578776762038825E-01
 0.613421127649965E-01
 0.649325900599386E-01
 0.686500398084574E-01
 0.724952843216602E-01
 0.764690355774720E-01
 0.805718944289042E-01
 0.848043499432583E-01
 0.891667788697241E-01
 0.936594452334841E-01
 0.982825000539075E-01
 0.103035981184806E+00
 0.107919813274335E+00
 0.112933807842664E+00
 0.118077663474800E+00
 0.123350966126830E+00
 0.128753189542962E+00
 0.134283695781458E+00
 0.139941735847163E+00
 0.145726450428335E+00
 0.151636870735803E+00
 0.157671919441991E+00
 0.163830411717873E+00
 0.170111056365388E+00
 0.176512457043426E+00
 0.183033113584827E+00
 0.189671423402613E+00
 0.196425682982801E+00
 0.203294089462026E+00
 0.210274742287442E+00
 0.217365644956947E+00
 0.224564706837320E+00
 0.231869745058274E+00
 0.239278486480121E+00
 0.246788569732777E+00
 0.254397547324145E+00
 0.262102887815357E+00
 0.269901978061039E+00
 0.277792125512005E+00
 0.285770560578620E+00
 0.293834439052153E+00
 0.301980844582431E+00
 0.310206791209090E+00
 0.318509225944704E+00
 0.326885031407146E+00
 0.335331028499419E+00
 0.343843979134326E+00
 0.352420589002152E+00
 0.361057510378992E+00
 0.369751344973402E+00
 0.378498646809529E+00
 0.387295925144067E+00
 0.396139647415334E+00
 0.405026242221759E+00
 0.413952102328094E+00
 0.422913587696659E+00
 0.431907028541900E+00
 0.440928728405584E+00
 0.449974967250924E+00
 0.459042004572940E+00
 0.468126082523347E+00
 0.477223429047302E+00
 0.486330261030201E+00
 0.495442787452160E+00
 0.504557212547839E+00
 0.513669738969798E+00
 0.522776570952697E+00
 0.531873917476653E+00
 0.540957995427043E+00
 0.550025032749075E+00
 0.559071271594400E+00
 0.568092971458099E+00
 0.577086412303325E+00
 0.586047897671905E+00
 0.594973757778225E+00
 0.603860352584665E+00
 0.612704074855932E+00
 0.621501353190471E+00
 0.630248655026597E+00
 0.638942489621007E+00
 0.647579410997848E+00
 0.656156020865674E+00
 0.664668971500582E+00
 0.673114968592839E+00
 0.681490774055296E+00
 0.689793208790896E+00
 0.698019155417569E+00
 0.706165560947833E+00
 0.714229439421381E+00
 0.722207874487980E+00
 0.730098021938961E+00
 0.737897112184642E+00
 0.745602452675854E+00
 0.753211430267222E+00
 0.760721513519878E+00
 0.768130254941727E+00
 0.775435293162679E+00
 0.782634355043053E+00
 0.789725257712546E+00
 0.796705910537972E+00
 0.803574317017189E+00
 0.810328576597385E+00
 0.816966886415160E+00
 0.823487542956576E+00
 0.829888943634600E+00
 0.836169588282127E+00
 0.842328080558009E+00
 0.848363129264196E+00
 0.854273549571665E+00
 0.860058264152835E+00
 0.865716304218540E+00
 0.871246810457036E+00
 0.876649033873168E+00
 0.881922336525191E+00
 0.887066192157336E+00
 0.892080186725654E+00
 0.896964018815197E+00
 0.901717499946085E+00
 0.906340554766518E+00
 0.910833221130270E+00
 0.915195650056738E+00
 0.919428105571094E+00
 0.923530964422530E+00
 0.927504715678338E+00
 0.931349960191540E+00
 0.935067409940058E+00
 0.938657887235005E+00
 0.942122323796119E+00
 0.945461759691929E+00
 0.948677342142660E+00
 0.951770324183489E+00
 0.954742063186131E+00
 0.957594019236385E+00
 0.960327753365614E+00
 0.962944925633793E+00
 0.965447293062088E+00
 0.967836707412623E+00
 0.970115112813345E+00
 0.972284543225750E+00
 0.974347119753229E+00
 0.976305047787943E+00
 0.978160613993892E+00
 0.979916183124122E+00
 0.981574194669745E+00
 0.983137159338674E+00
 0.984607655361802E+00
 0.985988324624486E+00
 0.987281868621085E+00
 0.988491044230404E+00
 0.989618659309796E+00
 0.990667568105780E+00
 0.991640666478921E+00
 0.992540886940814E+00
 0.993371193500967E+00
 0.994134576321357E+00
 0.994834046176516E+00
 0.995472628716879E+00
 0.996053358533273E+00
 0.996579273020275E+00
 0.997053406036302E+00
 0.997478781358196E+00
 0.997858405928127E+00
 0.998195262890604E+00
 0.998492304417402E+00
 0.998752444318212E+00
 0.998978550434807E+00
 0.999173436816524E+00
 0.999339855674885E+00
 0.999480489115131E+00
 0.999597940642488E+00
 0.999694726440974E+00
 0.999773266422520E+00
 0.999835875044247E+00
 0.999884751891665E+00
 0.999921972025623E+00
 0.999949476090793E+00
 0.999969060183503E+00
 0.999982365476713E+00
 0.999990867599948E+00
 0.999995865771972E+00
 0.999998471684018E+00
 0.999999598131381E+00
 0.999999947391160E+00
 0.999999999343961E+00
 0.100000000000000E+01
 0.100000000000000E+01
 0.100000000000000E+01
 0.100000000000000E+01
 0.100000000000000E+01
 0.100000000000000E+01
 0.100000000000000E+01
 0.100000000000000E+01
 0.100000000000000E+01
 0.100000000000000E+01
 0.100000000000000E+01
 0.100000000000000E+01
 0.100000000000000E+01
 0.100000000000000E+01
 0.100000000000000E+01
 0.100000000000000E+01
 0.100000000000000E+01
 0.100000000000000E+01
 0.100000000000000E+01
 0.100000000000000E+01
 0.100000000000000E+01
 0.100000000000000E+01
 0.100000000000000E+01
 0.100000000000000E+01
 0.100000000000000E+01
 0.100000000000000E+01
 0.100000000000000E+01
 0.100000000000000E+01
 0.100000000000000E+01
 0.100000000000000E+01
 0.100000000000000E+01
 0.100000000000000E+01
 0.100000000000000E+01
 0.100000000000000E+01
 0.100000000000000E+01
 0.100000000000000E+01
 0.100000000000000E+01
 0.100000000000000E+01
 0.100000000000000E+01
 0.100000000000000E+01
 0.100000000000000E+01
 0.100000000000000E+01
 0.100000000000000E+01
 0.100000000000000E+01
 0.100000000000000E+01
 0.100000000000000E+01
 0.100000000000000E+01
 0.100000000000000E+01
 0.100000000000000E+01
 0.100000000000000E+01
 0.100000000000000E+01
 0.100000000000000E+01
 0.100000000000000E+01
 0.100000000000000E+01
 0.100000000000000E+01
 0.100000000000000E+01
 0.100000000000000E+01
 0.100000000000000E+01
 0.100000000000000E+01
 0.100000000000000E+01
 0.100000000000000E+01
 0.100000000000000E+01
 0.100000000000000E+01
 0.100000000000000E+01
 0.100000000000000E+01
 0.100000000000000E+01
 0.100000000000000E+01
 0.100000000000000E+01
 0.100000000000000E+01
 0.100000000000000E+01
 0.100000000000000E+01
 0.100000000000000E+01
 0.100000000000000E+01
 0.100000000000000E+01
 0.100000000000000E+01
 0.100000000000000E+01
 0.100000000000000E+01
 0.100000000000000E+01
 0.100000000000000E+01
 0.100000000000000E+01
 0.100000000000000E+01
 0.100000000000000E+01
 0.100000000000000E+01
 0.100000000000000E+01
 0.100000000000000E+01
 0.100000000000000E+01
 0.100000000000000E+01
 0.100000000000000E+01
 0.100000000000000E+01
 0.100000000000000E+01
 0.100000000000000E+01
 0.100000000000000E+01
 0.100000000000000E+01
 0.100000000000000E+01
 0.100000000000000E+01
 0.100000000000000E+01
 0.100000000000000E+01
 0.100000000000000E+01
 0.100000000000000E+01
 0.100000000000000E+01
 0.100000000000000E+01
 0.100000000000000E+01
 0.100000000000000E+01
 0.100000000000000E+01
 0.100000000000000E+01
 0.100000000000000E+01
 0.100000000000000E+01
 0.100000000000000E+01
 0.100000000000000E+01
 0.100000000000000E+01
 0.100000000000000E+01
 0.100000000000000E+01
 0.100000000000000E+01
 0.100000000000000E+01
 0.100000000000000E+01
 0.100000000000000E+01
 0.100000000000000E+01
 0.100000000000000E+01
 0.100000000000000E+01
 0.100000000000000E+01
 0.100000000000000E+01
 0.100000000000000E+01
 0.100000000000000E+01
 0.100000000000000E+01
 0.100000000000000E+01
 0.100000000000000E+01
 0.100000000000000E+01
 0.100000000000000E+01
 0.100000000000000E+01
 0.100000000000000E+01
 0.100000000000000E+01
 0.100000000000000E+01
 0.100000000000000E+01
 0.100000000000000E+01
 0.100000000000000E+01
 0.100000000000000E+01
 0.100000000000000E+01
 0.100000000000000E+01
 0.100000000000000E+01
 0.100000000000000E+01
 0.100000000000000E+01
 0.100000000000000E+01
 0.100000000000000E+01
 0.100000000000000E+01
 0.100000000000000E+01
 0.100000000000000E+01
 0.100000000000000E+01
 0.100000000000000E+01
 0.100000000000000E+01
 0.100000000000000E+01
 0.100000000000000E+01
 0.100000000000000E+01
 0.100000000000000E+01
 0.100000000000000E+01
 0.100000000000000E+01
 0.100000000000000E+01
 0.100000000000000E+01
 0.100000000000000E+01
 0.100000000000000E+01
 0.100000000000000E+01
 0.100000000000000E+01
 0.100000000000000E+01
 0.100000000000000E+01
 0.100000000000000E+01
 0.100000000000000E+01
 0.100000000000000E+01
 0.100000000000000E+01
 0.100000000000000E+01
 0.100000000000000E+01
 0.100000000000000E+01
 0.100000000000000E+01
 0.100000000000000E+01
 0.100000000000000E+01
 0.100000000000000E+01
 0.100000000000000E+01
 0.100000000000000E+01
 0.100000000000000E+01
 0.100000000000000E+01
 0.100000000000000E+01
 0.100000000000000E+01
 0.100000000000000E+01
 0.100000000000000E+01
 0.100000000000000E+01
 0.100000000000000E+01
 0.100000000000000E+01
 0.100000000000000E+01
 0.100000000000000E+01
 0.100000000000000E+01
 0.100000000000000E+01
 0.100000000000000E+01
 0.100000000000000E+01
 0.100000000000000E+01
 0.100000000000000E+01
 0.100000000000000E+01
 0.100000000000000E+01
 0.100000000000000E+01
 0.100000000000000E+01
 0.100000000000000E+01
 0.100000000000000E+01
 0.100000000000000E+01
 0.100000000000000E+01
 0.100000000000000E+01
 0.100000000000000E+01
 0.100000000000000E+01
 0.100000000000000E+01
 0.100000000000000E+01
 0.100000000000000E+01
 0.100000000000000E+01
 0.100000000000000E+01
 0.100000000000000E+01
 0.100000000000000E+01
 0.100000000000000E+01
 0.100000000000000E+01
 0.100000000000000E+01
 0.100000000000000E+01
 0.100000000000000E+01
 0.100000000000000E+01
 0.100000000000000E+01
 0.100000000000000E+01
 0.100000000000000E+01
 0.100000000000000E+01
 0.100000000000000E+01
 0.100000000000000E+01
 0.100000000000000E+01
 0.100000000000000E+01
 0.100000000000000E+01
 0.100000000000000E+01
 0.100000000000000E+01
 0.100000000000000E+01
 0.100000000000000E+01
 0.100000000000000E+01
 0.100000000000000E+01
 0.100000000000000E+01
 0.100000000000000E+01
 0.100000000000000E+01
 0.100000000000000E+01
 0.100000000000000E+01
 0.100000000000000E+01
 0.100000000000000E+01
 0.100000000000000E+01
 0.100000000000000E+01
 0.100000000000000E+01
 0.100000000000000E+01
 0.100000000000000E+01
 0.100000000000000E+01
 0.100000000000000E+01
 0.100000000000000E+01
 0.100000000000000E+01
 0.100000000000000E+01
 0.100000000000000E+01
 0.100000000000000E+01
 0.100000000000000E+01
 0.100000000000000E+01
 0.100000000000000E+01
 0.100000000000000E+01
 0.100000000000000E+01
 0.100000000000000E+01
 0.100000000000000E+01
 0.100000000000000E+01
 0.100000000000000E+01
 0.100000000000000E+01
 0.100000000000000E+01
 0.100000000000000E+01
 0.100000000000000E+01
 0.100000000000000E+01
 0.100000000000000E+01
 0.100000000000000E+01
 0.100000000000000E+01
 0.100000000000000E+01
 0.100000000000000E+01
 0.100000000000000E+01
 0.100000000000000E+01
 0.100000000000000E+01
 0.100000000000000E+01
 0.100000000000000E+01
 0.100000000000000E+01
 0.100000000000000E+01
 0.100000000000000E+01
 0.100000000000000E+01
 0.100000000000000E+01
 0.100000000000000E+01
 0.100000000000000E+01
 0.100000000000000E+01
 0.100000000000000E+01
 0.100000000000000E+01
 0.100000000000000E+01
 0.100000000000000E+01
 0.100000000000000E+01
 0.100000000000000E+01
 0.100000000000000E+01
 0.100000000000000E+01
 0.100000000000000E+01
 0.100000000000000E+01
 0.100000000000000E+01
 0.100000000000000E+01
 0.100000000000000E+01
 0.100000000000000E+01
 0.100000000000000E+01
 0.100000000000000E+01
 0.100000000000000E+01
 0.100000000000000E+01
 0.100000000000000E+01
 0.100000000000000E+01
 0.100000000000000E+01
 0.100000000000000E+01
 0.100000000000000E+01
 0.100000000000000E+01
 0.100000000000000E+01
 0.100000000000000E+01
 0.100000000000000E+01
 0.100000000000000E+01
 0.100000000000000E+01
 0.100000000000000E+01
 0.100000000000000E+01
 0.100000000000000E+01
 0.100000000000000E+01
 0.100000000000000E+01
 0.100000000000000E+01
 0.100000000000000E+01
 0.100000000000000E+01
 0.100000000000000E+01
 0.100000000000000E+01
 0.100000000000000E+01
 0.100000000000000E+01
 0.100000000000000E+01
 0.100000000000000E+01
 0.100000000000000E+01
 0.100000000000000E+01
 0.100000000000000E+01
 0.100000000000000E+01
 0.100000000000000E+01
 0.100000000000000E+01
 0.100000000000000E+01
 0.100000000000000E+01
 0.100000000000000E+01
 0.100000000000000E+01
 0.100000000000000E+01
 0.100000000000000E+01
 0.100000000000000E+01
 0.100000000000000E+01
 0.100000000000000E+01
 0.100000000000000E+01
 0.100000000000000E+01
 0.100000000000000E+01
 0.100000000000000E+01
 0.100000000000000E+01
 0.100000000000000E+01
 0.100000000000000E+01
 0.100000000000000E+01
 0.100000000000000E+01
 0.100000000000000E+01
 0.100000000000000E+01
 0.100000000000000E+01
 0.100000000000000E+01
 0.100000000000000E+01
 0.100000000000000E+01
 0.100000000000000E+01
 0.100000000000000E+01
 0.100000000000000E+01
 0.100000000000000E+01
 0.100000000000000E+01
 0.100000000000000E+01
 0.100000000000000E+01
 0.100000000000000E+01
 0.100000000000000E+01
 0.100000000000000E+01
 0.100000000000000E+01
 0.100000000000000E+01
 0.100000000000000E+01
 0.100000000000000E+01
 0.100000000000000E+01
 0.100000000000000E+01
 0.100000000000000E+01
 0.100000000000000E+01
 0.100000000000000E+01
 0.100000000000000E+01
 0.100000000000000E+01
 0.100000000000000E+01
 0.100000000000000E+01
 0.100000000000000E+01
 0.100000000000000E+01
 0.100000000000000E+01
 0.100000000000000E+01
 0.100000000000000E+01
 0.100000000000000E+01
 0.100000000000000E+01
 0.100000000000000E+01
 0.100000000000000E+01
 0.100000000000000E+01
 0.100000000000000E+01
 0.100000000000000E+01
 0.100000000000000E+01
 0.100000000000000E+01
 0.100000000000000E+01
 0.100000000000000E+01
 0.100000000000000E+01
 0.100000000000000E+01
 0.100000000000000E+01
 0.100000000000000E+01
 0.100000000000000E+01
 0.100000000000000E+01
 0.100000000000000E+01
 0.100000000000000E+01
 0.100000000000000E+01
 0.100000000000000E+01
 0.100000000000000E+01
 0.100000000000000E+01
 0.100000000000000E+01
 0.100000000000000E+01
 0.100000000000000E+01
 0.100000000000000E+01
 0.100000000000000E+01
 0.100000000000000E+01
 0.100000000000000E+01
 0.100000000000000E+01
 0.100000000000000E+01
 0.100000000000000E+01
 0.100000000000000E+01
 0.100000000000000E+01
 0.100000000000000E+01
 0.100000000000000E+01
 0.100000000000000E+01
 0.100000000000000E+01
 0.100000000000000E+01
 0.100000000000000E+01
 0.100000000000000E+01
 0.100000000000000E+01
 0.100000000000000E+01
 0.100000000000000E+01
 0.100000000000000E+01
 0.100000000000000E+01
 0.100000000000000E+01
 0.100000000000000E+01
 0.100000000000000E+01
 0.100000000000000E+01
 0.100000000000000E+01
 0.100000000000000E+01
 0.100000000000000E+01
 0.100000000000000E+01
 0.100000000000000E+01
 0.100000000000000E+01
 0.100000000000000E+01
 0.100000000000000E+01
 0.100000000000000E+01
 0.100000000000000E+01
 0.100000000000000E+01
 0.100000000000000E+01
 0.100000000000000E+01
 0.100000000000000E+01
 0.100000000000000E+01
 0.100000000000000E+01
 0.100000000000000E+01
 0.100000000000000E+01
 0.100000000000000E+01
 0.100000000000000E+01
 0.100000000000000E+01
 0.100000000000000E+01
 0.100000000000000E+01
 0.100000000000000E+01
 0.100000000000000E+01
 0.100000000000000E+01
 0.100000000000000E+01
 0.100000000000000E+01
 0.100000000000000E+01
 0.100000000000000E+01
 0.100000000000000E+01
 0.100000000000000E+01
 0.100000000000000E+01
 0.100000000000000E+01
 0.100000000000000E+01
 0.100000000000000E+01
 0.100000000000000E+01
 0.100000000000000E+01
 0.100000000000000E+01
 0.100000000000000E+01
 0.100000000000000E+01
 0.100000000000000E+01
 0.100000000000000E+01
 0.100000000000000E+01
 0.100000000000000E+01
 0.100000000000000E+01
 0.100000000000000E+01
 0.100000000000000E+01
 0.100000000000000E+01
 0.100000000000000E+01
 0.100000000000000E+01
 0.100000000000000E+01
 0.100000000000000E+01
 0.100000000000000E+01
 0.100000000000000E+01
 0.100000000000000E+01
 0.100000000000000E+01
 0.100000000000000E+01
 0.100000000000000E+01
 0.100000000000000E+01
 0.100000000000000E+01
 0.100000000000000E+01
 0.100000000000000E+01
 0.100000000000000E+01
 0.100000000000000E+01
 0.100000000000000E+01
 0.100000000000000E+01
 0.100000000000000E+01
 0.100000000000000E+01
 0.100000000000000E+01
 0.100000000000000E+01
 0.100000000000000E+01
 0.100000000000000E+01
 0.100000000000000E+01
 0.100000000000000E+01
 0.100000000000000E+01
 0.100000000000000E+01
 0.100000000000000E+01
 0.100000000000000E+01
 0.100000000000000E+01
 0.100000000000000E+01
 0.100000000000000E+01
 0.100000000000000E+01
 0.100000000000000E+01
 0.100000000000000E+01
 0.100000000000000E+01
 0.100000000000000E+01
 0.100000000000000E+01
 0.100000000000000E+01
 0.100000000000000E+01
 0.100000000000000E+01
 0.100000000000000E+01
 0.100000000000000E+01
 0.100000000000000E+01
 0.100000000000000E+01
 0.100000000000000E+01
 0.100000000000000E+01
 0.100000000000000E+01
 0.100000000000000E+01
 0.100000000000000E+01
 0.100000000000000E+01
 0.100000000000000E+01
 0.100000000000000E+01
 0.100000000000000E+01
 0.100000000000000E+01
 0.100000000000000E+01
 0.100000000000000E+01
 0.100000000000000E+01
 0.100000000000000E+01
 0.100000000000000E+01
 0.100000000000000E+01
 0.100000000000000E+01
 0.100000000000000E+01
 0.100000000000000E+01
 0.100000000000000E+01
 0.100000000000000E+01
 0.100000000000000E+01
 0.100000000000000E+01
 0.100000000000000E+01
 0.100000000000000E+01
 0.100000000000000E+01
 0.100000000000000E+01
 0.100000000000000E+01
 0.100000000000000E+01
 0.100000000000000E+01
 0.100000000000000E+01
 0.100000000000000E+01
 0.100000000000000E+01
 0.100000000000000E+01
 0.100000000000000E+01
 0.100000000000000E+01
 0.100000000000000E+01
 0.100000000000000E+01
 0.100000000000000E+01
 0.100000000000000E+01
 0.100000000000000E+01
 0.100000000000000E+01
 0.100000000000000E+01
 0.100000000000000E+01
 0.100000000000000E+01
 0.100000000000000E+01
 0.100000000000000E+01
 0.100000000000000E+01
 0.100000000000000E+01
 0.100000000000000E+01
 0.100000000000000E+01
 0.100000000000000E+01
 0.100000000000000E+01
 0.100000000000000E+01
 0.100000000000000E+01
 0.100000000000000E+01
 0.100000000000000E+01
 0.100000000000000E+01
 0.100000000000000E+01
 0.100000000000000E+01
 0.100000000000000E+01
 0.100000000000000E+01
 0.100000000000000E+01
 0.100000000000000E+01
 0.100000000000000E+01
 0.100000000000000E+01
 0.100000000000000E+01
 0.100000000000000E+01
 0.100000000000000E+01
 0.100000000000000E+01
 0.100000000000000E+01
 0.100000000000000E+01
 0.100000000000000E+01
 0.100000000000000E+01
 0.100000000000000E+01
 0.100000000000000E+01
 0.100000000000000E+01
 0.100000000000000E+01
 0.100000000000000E+01
 0.100000000000000E+01
 0.100000000000000E+01
 0.100000000000000E+01
 0.100000000000000E+01
 0.100000000000000E+01
 0.100000000000000E+01
 0.100000000000000E+01
 0.100000000000000E+01
 0.100000000000000E+01
 0.100000000000000E+01
 0.100000000000000E+01
 0.100000000000000E+01
 0.100000000000000E+01
 0.100000000000000E+01
 0.100000000000000E+01
 0.100000000000000E+01
 0.100000000000000E+01
 0.100000000000000E+01
 0.100000000000000E+01
 0.100000000000000E+01
 0.100000000000000E+01
 0.100000000000000E+01
 0.100000000000000E+01
 0.100000000000000E+01
 0.100000000000000E+01
 0.100000000000000E+01
 0.100000000000000E+01
 0.100000000000000E+01
 0.100000000000000E+01
 0.100000000000000E+01
 0.100000000000000E+01
 0.100000000000000E+01
 0.100000000000000E+01
 0.100000000000000E+01
 0.100000000000000E+01
 0.100000000000000E+01
 0.100000000000000E+01
 0.100000000000000E+01
 0.100000000000000E+01
 0.100000000000000E+01
 0.100000000000000E+01
 0.100000000000000E+01
 0.100000000000000E+01
 0.100000000000000E+01
 0.100000000000000E+01
 0.100000000000000E+01
 0.100000000000000E+01
 0.100000000000000E+01
 0.100000000000000E+01
 0.100000000000000E+01
 0.100000000000000E+01
 0.100000000000000E+01
 0.100000000000000E+01
 0.100000000000000E+01
 0.100000000000000E+01
 0.100000000000000E+01
 0.100000000000000E+01
 0.100000000000000E+01
 0.100000000000000E+01
 0.100000000000000E+01
 0.100000000000000E+01
 0.100000000000000E+01
 0.100000000000000E+01
 0.100000000000000E+01
 0.100000000000000E+01
 0.100000000000000E+01
 0.100000000000000E+01
 0.100000000000000E+01
 0.100000000000000E+01
 0.100000000000000E+01
 0.100000000000000E+01
 0.100000000000000E+01
 0.100000000000000E+01
 0.100000000000000E+01
 0.100000000000000E+01
 0.100000000000000E+01
 0.100000000000000E+01
 0.100000000000000E+01
 0.100000000000000E+01
 0.100000000000000E+01
 0.100000000000000E+01
 0.100000000000000E+01
 0.100000000000000E+01
 0.100000000000000E+01
 0.100000000000000E+01
 0.100000000000000E+01
 0.100000000000000E+01
 0.100000000000000E+01
 0.100000000000000E+01
 0.100000000000000E+01
 0.100000000000000E+01
 0.100000000000000E+01
 0.100000000000000E+01
 0.100000000000000E+01
 0.100000000000000E+01
 0.100000000000000E+01
 0.100000000000000E+01
 0.100000000000000E+01
 0.100000000000000E+01
 0.100000000000000E+01
 0.100000000000000E+01
 0.100000000000000E+01
 0.100000000000000E+01
 0.100000000000000E+01
 0.100000000000000E+01
 0.100000000000000E+01
 0.100000000000000E+01
 0.100000000000000E+01
 0.100000000000000E+01
 0.100000000000000E+01
 0.100000000000000E+01
 0.100000000000000E+01
 0.100000000000000E+01
 0.100000000000000E+01
 0.100000000000000E+01
 0.100000000000000E+01
 0.100000000000000E+01
 0.100000000000000E+01
 0.100000000000000E+01
 0.100000000000000E+01
 0.100000000000000E+01
 0.100000000000000E+01
 0.100000000000000E+01
 0.100000000000000E+01
 0.100000000000000E+01
 0.100000000000000E+01
 0.100000000000000E+01
 0.100000000000000E+01
 0.100000000000000E+01
 0.100000000000000E+01
 0.100000000000000E+01
 0.100000000000000E+01
 0.100000000000000E+01
 0.100000000000000E+01
 0.100000000000000E+01
 0.100000000000000E+01
 0.100000000000000E+01
 0.100000000000000E+01
 0.100000000000000E+01
 0.100000000000000E+01
 0.100000000000000E+01
 0.100000000000000E+01
 0.100000000000000E+01
 0.100000000000000E+01
 0.100000000000000E+01
 0.100000000000000E+01
 0.100000000000000E+01
 0.100000000000000E+01
 0.100000000000000E+01
 0.100000000000000E+01
 0.100000000000000E+01
 0.100000000000000E+01
 0.100000000000000E+01
 0.100000000000000E+01
 0.100000000000000E+01
 0.100000000000000E+01
 0.100000000000000E+01
 0.100000000000000E+01
 0.100000000000000E+01
 0.100000000000000E+01
 0.100000000000000E+01
 0.100000000000000E+01
 0.100000000000000E+01
 0.100000000000000E+01
 0.100000000000000E+01
 0.100000000000000E+01
 0.100000000000000E+01
 0.100000000000000E+01
 0.100000000000000E+01
 0.100000000000000E+01
 0.100000000000000E+01
 0.100000000000000E+01
 0.100000000000000E+01
 0.100000000000000E+01
 0.100000000000000E+01
 0.100000000000000E+01
 0.100000000000000E+01
 0.100000000000000E+01
 0.100000000000000E+01
 0.100000000000000E+01
 0.100000000000000E+01
 0.100000000000000E+01
 0.100000000000000E+01
 0.100000000000000E+01
 0.100000000000000E+01
 0.100000000000000E+01
 0.100000000000000E+01
 0.100000000000000E+01
 0.100000000000000E+01
 0.100000000000000E+01
 0.100000000000000E+01
 0.100000000000000E+01
 0.100000000000000E+01
 0.100000000000000E+01
 0.100000000000000E+01
 0.100000000000000E+01
 0.100000000000000E+01
 0.100000000000000E+01
 0.100000000000000E+01
 0.100000000000000E+01
 0.100000000000000E+01
 0.100000000000000E+01
 0.100000000000000E+01
 0.100000000000000E+01
 0.100000000000000E+01
 0.100000000000000E+01
 0.100000000000000E+01
 0.100000000000000E+01
 0.100000000000000E+01
 0.100000000000000E+01
 0.100000000000000E+01
 0.100000000000000E+01
 0.100000000000000E+01
 0.100000000000000E+01
 0.100000000000000E+01
 0.100000000000000E+01
 0.100000000000000E+01
 0.100000000000000E+01
 0.100000000000000E+01
 0.100000000000000E+01
 0.100000000000000E+01
 0.100000000000000E+01
 0.100000000000000E+01
 0.100000000000000E+01
 0.100000000000000E+01
 0.100000000000000E+01
 0.100000000000000E+01
 0.100000000000000E+01
 0.100000000000000E+01
 0.100000000000000E+01
 0.100000000000000E+01
 0.100000000000000E+01
 0.100000000000000E+01
 0.100000000000000E+01
 0.100000000000000E+01
 0.100000000000000E+01
 0.100000000000000E+01
 0.100000000000000E+01
 0.100000000000000E+01
 0.100000000000000E+01
 0.100000000000000E+01
 0.100000000000000E+01
 0.100000000000000E+01
 0.100000000000000E+01
 0.100000000000000E+01
 0.100000000000000E+01
 0.100000000000000E+01
 0.100000000000000E+01
 0.100000000000000E+01
 0.100000000000000E+01
 0.100000000000000E+01
 0.100000000000000E+01
 0.100000000000000E+01
 0.100000000000000E+01
 0.100000000000000E+01
 0.100000000000000E+01
 0.100000000000000E+01
 0.100000000000000E+01
 0.100000000000000E+01
 0.100000000000000E+01
 0.100000000000000E+01
 0.100000000000000E+01
 0.100000000000000E+01
 0.100000000000000E+01
 0.100000000000000E+01
 0.100000000000000E+01
 0.100000000000000E+01
 0.100000000000000E+01
 0.100000000000000E+01
 0.100000000000000E+01
 0.100000000000000E+01
 0.100000000000000E+01
 0.100000000000000E+01
 0.100000000000000E+01
 0.100000000000000E+01
 0.100000000000000E+01
 0.100000000000000E+01
 0.100000000000000E+01
 0.100000000000000E+01
 0.100000000000000E+01
 0.100000000000000E+01
 0.100000000000000E+01
 0.100000000000000E+01
 0.100000000000000E+01
 0.100000000000000E+01
 0.100000000000000E+01
 0.100000000000000E+01
 0.100000000000000E+01
 0.100000000000000E+01
 0.100000000000000E+01
 0.100000000000000E+01
 0.100000000000000E+01
 0.100000000000000E+01
 0.100000000000000E+01
 0.100000000000000E+01
 0.100000000000000E+01
 0.100000000000000E+01
 0.100000000000000E+01
 0.100000000000000E+01
 0.100000000000000E+01
 0.100000000000000E+01
 0.100000000000000E+01
 0.100000000000000E+01
 0.100000000000000E+01
 0.100000000000000E+01
 0.100000000000000E+01
 0.100000000000000E+01
 0.100000000000000E+01
 0.100000000000000E+01
 0.100000000000000E+01
 0.100000000000000E+01
 0.100000000000000E+01
 0.100000000000000E+01
 0.100000000000000E+01
 0.100000000000000E+01
 0.100000000000000E+01
 0.100000000000000E+01
 0.100000000000000E+01
 0.100000000000000E+01
 0.100000000000000E+01
 0.100000000000000E+01
 0.100000000000000E+01
 0.100000000000000E+01
 0.100000000000000E+01
 0.100000000000000E+01
 0.100000000000000E+01
 0.100000000000000E+01
 0.100000000000000E+01
 0.100000000000000E+01
 0.100000000000000E+01
 0.100000000000000E+01
 0.100000000000000E+01
 0.100000000000000E+01
 0.100000000000000E+01
 0.100000000000000E+01
 0.100000000000000E+01
 0.100000000000000E+01
 0.100000000000000E+01
 0.100000000000000E+01
 0.100000000000000E+01
 0.100000000000000E+01
 0.100000000000000E+01
 0.100000000000000E+01
 0.100000000000000E+01
 0.100000000000000E+01
 0.100000000000000E+01
 0.100000000000000E+01
 0.100000000000000E+01
 0.100000000000000E+01
 0.100000000000000E+01
 0.100000000000000E+01
 0.100000000000000E+01
 0.100000000000000E+01
 0.100000000000000E+01
 0.100000000000000E+01
 0.100000000000000E+01
 0.100000000000000E+01
 0.100000000000000E+01
 0.100000000000000E+01
 0.100000000000000E+01
 0.100000000000000E+01
 0.100000000000000E+01
 0.100000000000000E+01
 0.100000000000000E+01
 0.100000000000000E+01
 0.100000000000000E+01
 0.100000000000000E+01
 0.100000000000000E+01
 0.100000000000000E+01
 0.100000000000000E+01
 0.100000000000000E+01
 0.100000000000000E+01
 0.100000000000000E+01
 0.100000000000000E+01
 0.100000000000000E+01
 0.100000000000000E+01
 0.100000000000000E+01
 0.100000000000000E+01
 0.100000000000000E+01
 0.100000000000000E+01
 0.100000000000000E+01
 0.100000000000000E+01
 0.100000000000000E+01
 0.100000000000000E+01
 0.100000000000000E+01
 0.100000000000000E+01
 0.100000000000000E+01
 0.100000000000000E+01
 0.100000000000000E+01
 0.100000000000000E+01
 0.100000000000000E+01
 0.100000000000000E+01
 0.100000000000000E+01
 0.100000000000000E+01
 0.100000000000000E+01
 0.100000000000000E+01
 0.100000000000000E+01
 0.100000000000000E+01
 0.100000000000000E+01
 0.100000000000000E+01
 0.100000000000000E+01
 0.100000000000000E+01
 0.100000000000000E+01
 0.100000000000000E+01
 0.100000000000000E+01
 0.100000000000000E+01
 0.100000000000000E+01
 0.100000000000000E+01
 0.100000000000000E+01
 0.100000000000000E+01
 0.100000000000000E+01
 0.100000000000000E+01
 0.100000000000000E+01
 0.100000000000000E+01
 0.100000000000000E+01
 0.100000000000000E+01
 0.100000000000000E+01
 0.100000000000000E+01
 0.100000000000000E+01
 0.100000000000000E+01
 0.100000000000000E+01
 0.100000000000000E+01
 0.100000000000000E+01
 0.100000000000000E+01
 0.100000000000000E+01
 0.100000000000000E+01
 0.100000000000000E+01
 0.100000000000000E+01
 0.100000000000000E+01
 0.100000000000000E+01
 0.100000000000000E+01
 0.100000000000000E+01
 0.100000000000000E+01
 0.100000000000000E+01
 0.100000000000000E+01
 0.100000000000000E+01
 0.100000000000000E+01
 0.100000000000000E+01
 0.100000000000000E+01
 0.100000000000000E+01
 0.100000000000000E+01
 0.100000000000000E+01
 0.100000000000000E+01
 0.100000000000000E+01
 0.100000000000000E+01
 0.100000000000000E+01
 0.100000000000000E+01
 0.100000000000000E+01
 0.100000000000000E+01
 0.100000000000000E+01
 0.100000000000000E+01
 0.100000000000000E+01
 0.100000000000000E+01
 0.100000000000000E+01
 0.100000000000000E+01
 0.100000000000000E+01
 0.100000000000000E+01
 0.100000000000000E+01
 0.100000000000000E+01
 0.100000000000000E+01
 0.100000000000000E+01
 0.100000000000000E+01
 0.100000000000000E+01
 0.100000000000000E+01
 0.100000000000000E+01
 0.100000000000000E+01
 0.100000000000000E+01
 0.100000000000000E+01
 0.100000000000000E+01
 0.100000000000000E+01
 0.100000000000000E+01
 0.100000000000000E+01
 0.100000000000000E+01
 0.100000000000000E+01
 0.100000000000000E+01
 0.100000000000000E+01
 0.100000000000000E+01
 0.100000000000000E+01
 0.100000000000000E+01
 0.100000000000000E+01
 0.100000000000000E+01
 0.100000000000000E+01
 0.100000000000000E+01
 0.100000000000000E+01
 0.100000000000000E+01
 0.100000000000000E+01
 0.100000000000000E+01
 0.100000000000000E+01
 0.100000000000000E+01
 0.100000000000000E+01
 0.100000000000000E+01
 0.100000000000000E+01
 0.100000000000000E+01
 0.100000000000000E+01
 0.100000000000000E+01
 0.100000000000000E+01
 0.100000000000000E+01
 0.100000000000000E+01
 0.100000000000000E+01
 0.100000000000000E+01
 0.100000000000000E+01
 0.100000000000000E+01
 0.100000000000000E+01
 0.100000000000000E+01
 0.100000000000000E+01
 0.100000000000000E+01
 0.100000000000000E+01
 0.100000000000000E+01
 0.100000000000000E+01
 0.100000000000000E+01
 0.100000000000000E+01
 0.100000000000000E+01
 0.100000000000000E+01
 0.100000000000000E+01
 0.100000000000000E+01
 0.100000000000000E+01
 0.100000000000000E+01
 0.100000000000000E+01
 0.100000000000000E+01
 0.100000000000000E+01
 0.100000000000000E+01
 0.100000000000000E+01
 0.100000000000000E+01
 0.100000000000000E+01
 0.100000000000000E+01
 0.100000000000000E+01
 0.100000000000000E+01
 0.100000000000000E+01
 0.100000000000000E+01
 0.100000000000000E+01
 0.100000000000000E+01
 0.100000000000000E+01
 0.100000000000000E+01
 0.100000000000000E+01
 0.100000000000000E+01
 0.100000000000000E+01
 0.100000000000000E+01
 0.100000000000000E+01
 0.100000000000000E+01
 0.100000000000000E+01
 0.100000000000000E+01
 0.100000000000000E+01
 0.100000000000000E+01
 0.100000000000000E+01
 0.100000000000000E+01
 0.100000000000000E+01
 0.100000000000000E+01
 0.100000000000000E+01
 0.100000000000000E+01
 0.100000000000000E+01
 0.100000000000000E+01
 0.100000000000000E+01
 0.100000000000000E+01
 0.100000000000000E+01
 0.100000000000000E+01
 0.100000000000000E+01
 0.100000000000000E+01
 0.100000000000000E+01
 0.100000000000000E+01
 0.100000000000000E+01
 0.100000000000000E+01
 0.100000000000000E+01
 0.100000000000000E+01
 0.100000000000000E+01
 0.100000000000000E+01
 0.100000000000000E+01
 0.100000000000000E+01
 0.100000000000000E+01
 0.100000000000000E+01
 0.100000000000000E+01
 0.100000000000000E+01
 0.100000000000000E+01
 0.100000000000000E+01
 0.100000000000000E+01
 0.100000000000000E+01
 0.100000000000000E+01
 0.100000000000000E+01
 0.100000000000000E+01
 0.100000000000000E+01
 0.100000000000000E+01
 0.100000000000000E+01
 0.100000000000000E+01
 0.100000000000000E+01
 0.100000000000000E+01
 0.100000000000000E+01
 0.100000000000000E+01
 0.100000000000000E+01
 0.100000000000000E+01
 0.100000000000000E+01
 0.100000000000000E+01
 0.100000000000000E+01
 0.100000000000000E+01
 0.100000000000000E+01
 0.100000000000000E+01
 0.100000000000000E+01
 0.100000000000000E+01
 0.100000000000000E+01
 0.100000000000000E+01
 0.100000000000000E+01
 0.100000000000000E+01
 0.100000000000000E+01
 0.100000000000000E+01
 0.100000000000000E+01
 0.100000000000000E+01
 0.100000000000000E+01
 0.100000000000000E+01
 0.100000000000000E+01
 0.100000000000000E+01
 0.100000000000000E+01
 0.100000000000000E+01
 0.100000000000000E+01
 0.100000000000000E+01
 0.100000000000000E+01
 0.100000000000000E+01
 0.100000000000000E+01
 0.100000000000000E+01
 0.100000000000000E+01
 0.100000000000000E+01
 0.100000000000000E+01
 0.100000000000000E+01
 0.100000000000000E+01
 0.100000000000000E+01
 0.100000000000000E+01
 0.100000000000000E+01
 0.100000000000000E+01
 0.100000000000000E+01
 0.100000000000000E+01
 0.100000000000000E+01
 0.100000000000000E+01
 0.100000000000000E+01
 0.100000000000000E+01
 0.100000000000000E+01
 0.100000000000000E+01
 0.100000000000000E+01
 0.100000000000000E+01
 0.100000000000000E+01
 0.100000000000000E+01
 0.100000000000000E+01
 0.100000000000000E+01
 0.100000000000000E+01
 0.100000000000000E+01
 0.100000000000000E+01
 0.100000000000000E+01
 0.100000000000000E+01
 0.100000000000000E+01
 0.100000000000000E+01
 0.100000000000000E+01
 0.100000000000000E+01
 0.100000000000000E+01
 0.100000000000000E+01
 0.100000000000000E+01
 0.100000000000000E+01
 0.100000000000000E+01
 0.100000000000000E+01
 0.100000000000000E+01
 0.100000000000000E+01
 0.100000000000000E+01
 0.100000000000000E+01
 0.100000000000000E+01
 0.100000000000000E+01
 0.100000000000000E+01
 0.100000000000000E+01
 0.100000000000000E+01
 0.100000000000000E+01
 0.100000000000000E+01
 0.100000000000000E+01
 0.100000000000000E+01
 0.100000000000000E+01
 0.100000000000000E+01
 0.100000000000000E+01
 0.100000000000000E+01
 0.100000000000000E+01
 0.100000000000000E+01
 0.100000000000000E+01
 0.100000000000000E+01
 0.100000000000000E+01
 0.100000000000000E+01
 0.100000000000000E+01
 0.100000000000000E+01
 0.100000000000000E+01
 0.100000000000000E+01
 0.100000000000000E+01
 0.100000000000000E+01
 0.100000000000000E+01
 0.100000000000000E+01
 0.100000000000000E+01
 0.100000000000000E+01
 0.100000000000000E+01
 0.100000000000000E+01
 0.100000000000000E+01
 0.100000000000000E+01
 0.100000000000000E+01
 0.100000000000000E+01
 0.100000000000000E+01
 0.100000000000000E+01
 0.100000000000000E+01
 0.100000000000000E+01
 0.100000000000000E+01
 0.100000000000000E+01
 0.100000000000000E+01
 0.100000000000000E+01
 0.100000000000000E+01
 0.100000000000000E+01
 0.100000000000000E+01
 0.100000000000000E+01
 0.100000000000000E+01
 0.100000000000000E+01
 0.100000000000000E+01
 0.100000000000000E+01
 0.100000000000000E+01
 0.100000000000000E+01
 0.100000000000000E+01
 0.100000000000000E+01
 0.100000000000000E+01
 0.100000000000000E+01
 0.100000000000000E+01
 0.100000000000000E+01
 0.100000000000000E+01
 0.100000000000000E+01
 0.100000000000000E+01
 0.100000000000000E+01
 0.100000000000000E+01
 0.100000000000000E+01
 0.100000000000000E+01
 0.100000000000000E+01
 0.100000000000000E+01
 0.100000000000000E+01
 0.100000000000000E+01
 0.100000000000000E+01
 0.100000000000000E+01
 0.100000000000000E+01
 0.100000000000000E+01
 0.100000000000000E+01
 0.100000000000000E+01
 0.100000000000000E+01
 0.100000000000000E+01
 0.100000000000000E+01
 0.100000000000000E+01
 0.100000000000000E+01
 0.100000000000000E+01
 0.100000000000000E+01
 0.100000000000000E+01
 0.100000000000000E+01
 0.100000000000000E+01
 0.100000000000000E+01
 0.100000000000000E+01
 0.100000000000000E+01
 0.100000000000000E+01
 0.100000000000000E+01
 0.100000000000000E+01
 0.100000000000000E+01
 0.100000000000000E+01
 0.100000000000000E+01
 0.100000000000000E+01
 0.100000000000000E+01
 0.100000000000000E+01
 0.100000000000000E+01
 0.100000000000000E+01
 0.100000000000000E+01
 0.100000000000000E+01
 0.100000000000000E+01
 0.100000000000000E+01
 0.100000000000000E+01
 0.100000000000000E+01
 0.100000000000000E+01
 0.100000000000000E+01
 0.100000000000000E+01
 0.100000000000000E+01
 0.100000000000000E+01
 0.100000000000000E+01
 0.100000000000000E+01
 0.100000000000000E+01
 0.100000000000000E+01
 0.100000000000000E+01
 0.100000000000000E+01
 0.100000000000000E+01
 0.100000000000000E+01
 0.100000000000000E+01
 0.100000000000000E+01
 0.100000000000000E+01
 0.100000000000000E+01
 0.100000000000000E+01
 0.100000000000000E+01
 0.100000000000000E+01
 0.100000000000000E+01
 0.100000000000000E+01
 0.100000000000000E+01
 0.100000000000000E+01
 0.100000000000000E+01
 0.100000000000000E+01
 0.100000000000000E+01
 0.100000000000000E+01
 0.100000000000000E+01
 0.100000000000000E+01
 0.100000000000000E+01
 0.100000000000000E+01
 0.100000000000000E+01
 0.100000000000000E+01
 0.100000000000000E+01
 0.100000000000000E+01
 0.100000000000000E+01
 0.100000000000000E+01
 0.100000000000000E+01
 0.100000000000000E+01
 0.100000000000000E+01
 0.100000000000000E+01
 0.100000000000000E+01
 0.100000000000000E+01
 0.100000000000000E+01
 0.100000000000000E+01
 0.100000000000000E+01
 0.100000000000000E+01
 0.100000000000000E+01
 0.100000000000000E+01
 0.100000000000000E+01
 0.100000000000000E+01
 0.100000000000000E+01
 0.100000000000000E+01
 0.100000000000000E+01
 0.100000000000000E+01
 0.100000000000000E+01
 0.100000000000000E+01
 0.100000000000000E+01
 0.100000000000000E+01
 0.100000000000000E+01
 0.100000000000000E+01
 0.100000000000000E+01
 0.100000000000000E+01
 0.100000000000000E+01
 0.100000000000000E+01
 0.100000000000000E+01
 0.100000000000000E+01
 0.100000000000000E+01
 0.100000000000000E+01
 0.100000000000000E+01
 0.100000000000000E+01
 0.100000000000000E+01
 0.100000000000000E+01
 0.100000000000000E+01
 0.100000000000000E+01
 0.100000000000000E+01
 0.100000000000000E+01
 0.100000000000000E+01
 0.100000000000000E+01
 0.100000000000000E+01
 0.100000000000000E+01
 0.100000000000000E+01
 0.100000000000000E+01
 0.100000000000000E+01
 0.100000000000000E+01
 0.100000000000000E+01
 0.100000000000000E+01
 0.100000000000000E+01
 0.100000000000000E+01
 0.100000000000000E+01
 0.100000000000000E+01
 0.100000000000000E+01
 0.100000000000000E+01
 0.100000000000000E+01
 0.100000000000000E+01
 0.100000000000000E+01
 0.100000000000000E+01
 0.100000000000000E+01
 0.100000000000000E+01
 0.100000000000000E+01
 0.100000000000000E+01
 0.100000000000000E+01
 0.100000000000000E+01
 0.100000000000000E+01
 0.100000000000000E+01
 0.100000000000000E+01
 0.100000000000000E+01
 0.100000000000000E+01
 0.100000000000000E+01
 0.100000000000000E+01
 0.100000000000000E+01
 0.100000000000000E+01
 0.100000000000000E+01
 0.100000000000000E+01
 0.100000000000000E+01
 0.100000000000000E+01
 0.100000000000000E+01
 0.100000000000000E+01
 0.100000000000000E+01
 0.100000000000000E+01
 0.100000000000000E+01
 0.100000000000000E+01
 0.100000000000000E+01
 0.100000000000000E+01
 0.100000000000000E+01
 0.100000000000000E+01
 0.100000000000000E+01
 0.100000000000000E+01
 0.100000000000000E+01
 0.100000000000000E+01
 0.100000000000000E+01
 0.100000000000000E+01
 0.100000000000000E+01
 0.100000000000000E+01
 0.100000000000000E+01
 0.100000000000000E+01
 0.100000000000000E+01
 0.100000000000000E+01
 0.100000000000000E+01
 0.100000000000000E+01
 0.100000000000000E+01
 0.100000000000000E+01
 0.100000000000000E+01
 0.100000000000000E+01
 0.100000000000000E+01
 0.100000000000000E+01
 0.100000000000000E+01
 0.100000000000000E+01
 0.100000000000000E+01
 0.100000000000000E+01
 0.100000000000000E+01
 0.100000000000000E+01
 0.100000000000000E+01
 0.100000000000000E+01
 0.100000000000000E+01
 0.100000000000000E+01
 0.100000000000000E+01
 0.100000000000000E+01
 0.100000000000000E+01
 0.100000000000000E+01
 0.100000000000000E+01
 0.100000000000000E+01
 0.100000000000000E+01
 0.100000000000000E+01
 0.100000000000000E+01
 0.100000000000000E+01
 0.100000000000000E+01
 0.100000000000000E+01
 0.100000000000000E+01
 0.100000000000000E+01
 0.100000000000000E+01
 0.100000000000000E+01
 0.100000000000000E+01
 0.100000000000000E+01
 0.100000000000000E+01
 0.100000000000000E+01
 0.100000000000000E+01
 0.100000000000000E+01
 0.100000000000000E+01
 0.100000000000000E+01
 0.100000000000000E+01
 0.100000000000000E+01
 0.100000000000000E+01
 0.100000000000000E+01
 0.100000000000000E+01
 0.100000000000000E+01
 0.100000000000000E+01
 0.100000000000000E+01
 0.100000000000000E+01
 0.100000000000000E+01
 0.100000000000000E+01
 0.100000000000000E+01
 0.100000000000000E+01
 0.100000000000000E+01
 0.100000000000000E+01
 0.100000000000000E+01
 0.100000000000000E+01
 0.100000000000000E+01
 0.100000000000000E+01
 0.100000000000000E+01
 0.100000000000000E+01
 0.100000000000000E+01
 0.100000000000000E+01
 0.100000000000000E+01
 0.100000000000000E+01
 0.100000000000000E+01
 0.100000000000000E+01
 0.100000000000000E+01
 0.100000000000000E+01
 0.100000000000000E+01
 0.100000000000000E+01
 0.100000000000000E+01
 0.100000000000000E+01
 0.100000000000000E+01
 0.100000000000000E+01
 0.100000000000000E+01
 0.100000000000000E+01
 0.100000000000000E+01
 0.100000000000000E+01
 0.100000000000000E+01
 0.100000000000000E+01
 0.100000000000000E+01
 0.100000000000000E+01
 0.100000000000000E+01
 0.100000000000000E+01
 0.100000000000000E+01
 0.100000000000000E+01
 0.100000000000000E+01
 0.100000000000000E+01
 0.100000000000000E+01
 0.100000000000000E+01
 0.100000000000000E+01
 0.100000000000000E+01
 0.100000000000000E+01
 0.100000000000000E+01
 0.100000000000000E+01
 0.100000000000000E+01
 0.100000000000000E+01
 0.100000000000000E+01
 0.100000000000000E+01
 0.100000000000000E+01
 0.100000000000000E+01
 0.100000000000000E+01
 0.100000000000000E+01
 0.100000000000000E+01
 0.100000000000000E+01
 0.100000000000000E+01
 0.100000000000000E+01
 0.100000000000000E+01
 0.100000000000000E+01
 0.100000000000000E+01
 0.100000000000000E+01
 0.100000000000000E+01
 0.100000000000000E+01
 0.100000000000000E+01
 0.100000000000000E+01
 0.100000000000000E+01
 0.100000000000000E+01
 0.100000000000000E+01
 0.100000000000000E+01
 0.100000000000000E+01
 0.100000000000000E+01
 0.100000000000000E+01
 0.100000000000000E+01
 0.100000000000000E+01
 0.100000000000000E+01
 0.100000000000000E+01
 0.100000000000000E+01
 0.100000000000000E+01
 0.100000000000000E+01
 0.100000000000000E+01
 0.100000000000000E+01
 0.100000000000000E+01
 0.100000000000000E+01
 0.100000000000000E+01
 0.100000000000000E+01
 0.100000000000000E+01
 0.100000000000000E+01
 0.100000000000000E+01
 0.100000000000000E+01
 0.100000000000000E+01
 0.100000000000000E+01
 0.100000000000000E+01
 0.100000000000000E+01
 0.100000000000000E+01
 0.100000000000000E+01
 0.100000000000000E+01
 0.100000000000000E+01
 0.100000000000000E+01
 0.100000000000000E+01
 0.100000000000000E+01
 0.100000000000000E+01
 0.100000000000000E+01
 0.100000000000000E+01
 0.100000000000000E+01
 0.100000000000000E+01
 0.100000000000000E+01
 0.100000000000000E+01
 0.100000000000000E+01
 0.100000000000000E+01
 0.100000000000000E+01
 0.100000000000000E+01
 0.100000000000000E+01
 0.100000000000000E+01
 0.100000000000000E+01
 0.100000000000000E+01
 0.100000000000000E+01
 0.100000000000000E+01
 0.100000000000000E+01
 0.100000000000000E+01
 0.100000000000000E+01
 0.100000000000000E+01
 0.100000000000000E+01
 0.100000000000000E+01
 0.100000000000000E+01
 0.100000000000000E+01
 0.100000000000000E+01
 0.100000000000000E+01
 0.100000000000000E+01
 0.100000000000000E+01
 0.100000000000000E+01
 0.100000000000000E+01
 0.100000000000000E+01
 0.100000000000000E+01
 0.100000000000000E+01
 0.100000000000000E+01
 0.100000000000000E+01
 0.100000000000000E+01
 0.100000000000000E+01
 0.100000000000000E+01
 0.100000000000000E+01
 0.100000000000000E+01
 0.100000000000000E+01
 0.100000000000000E+01
 0.100000000000000E+01
 0.100000000000000E+01
 0.100000000000000E+01
 0.100000000000000E+01
 0.100000000000000E+01
 0.100000000000000E+01
 0.100000000000000E+01
 0.100000000000000E+01
 0.100000000000000E+01
 0.100000000000000E+01
 0.100000000000000E+01
 0.100000000000000E+01
 0.100000000000000E+01
 0.100000000000000E+01
 0.100000000000000E+01
 0.100000000000000E+01
 0.100000000000000E+01
 0.100000000000000E+01
 0.100000000000000E+01
 0.100000000000000E+01
 0.100000000000000E+01
 0.100000000000000E+01
 0.100000000000000E+01
 0.100000000000000E+01
 0.100000000000000E+01
 0.100000000000000E+01
 0.100000000000000E+01
 0.100000000000000E+01
 0.100000000000000E+01
 0.100000000000000E+01
 0.100000000000000E+01
 0.100000000000000E+01
 0.100000000000000E+01
 0.100000000000000E+01
 0.100000000000000E+01
 0.100000000000000E+01
 0.100000000000000E+01
 0.100000000000000E+01
 0.100000000000000E+01
 0.100000000000000E+01
 0.100000000000000E+01
 0.100000000000000E+01
 0.100000000000000E+01
 0.100000000000000E+01
 0.100000000000000E+01
 0.100000000000000E+01
 0.100000000000000E+01
 0.100000000000000E+01
 0.100000000000000E+01
 0.100000000000000E+01
 0.100000000000000E+01
 0.100000000000000E+01
 0.100000000000000E+01
 0.100000000000000E+01
 0.100000000000000E+01
 0.100000000000000E+01
 0.100000000000000E+01
 0.100000000000000E+01
 0.100000000000000E+01
 0.100000000000000E+01
 0.100000000000000E+01
 0.100000000000000E+01
 0.100000000000000E+01
 0.100000000000000E+01
 0.100000000000000E+01
 0.100000000000000E+01
 0.100000000000000E+01
 0.100000000000000E+01
 0.100000000000000E+01
 0.100000000000000E+01
 0.100000000000000E+01
 0.100000000000000E+01
 0.100000000000000E+01
 0.100000000000000E+01
 0.100000000000000E+01
 0.100000000000000E+01
 0.100000000000000E+01
 0.100000000000000E+01
 0.100000000000000E+01
 0.100000000000000E+01
 0.100000000000000E+01
 0.100000000000000E+01
 0.100000000000000E+01
 0.100000000000000E+01
 0.100000000000000E+01
 0.100000000000000E+01
 0.100000000000000E+01
 0.100000000000000E+01
 0.100000000000000E+01
 0.100000000000000E+01
 0.100000000000000E+01
 0.100000000000000E+01
 0.100000000000000E+01
 0.100000000000000E+01
 0.100000000000000E+01
 0.100000000000000E+01
 0.100000000000000E+01
 0.100000000000000E+01
 0.100000000000000E+01
 0.100000000000000E+01
 0.100000000000000E+01
 0.100000000000000E+01
 0.100000000000000E+01
 0.100000000000000E+01
 0.100000000000000E+01
 0.100000000000000E+01
 0.100000000000000E+01
 0.100000000000000E+01
 0.100000000000000E+01
 0.100000000000000E+01
 0.100000000000000E+01
 0.100000000000000E+01
 0.100000000000000E+01
 0.100000000000000E+01
 0.100000000000000E+01
 0.100000000000000E+01
 0.100000000000000E+01
 0.100000000000000E+01
 0.100000000000000E+01
 0.100000000000000E+01
 0.100000000000000E+01
 0.100000000000000E+01
 0.100000000000000E+01
 0.100000000000000E+01
 0.100000000000000E+01
 0.100000000000000E+01
 0.100000000000000E+01
 0.100000000000000E+01
 0.100000000000000E+01
 0.100000000000000E+01
 0.100000000000000E+01
 0.100000000000000E+01
 0.100000000000000E+01
 0.100000000000000E+01
 0.100000000000000E+01
 0.100000000000000E+01
 0.100000000000000E+01
 0.100000000000000E+01
 0.100000000000000E+01
 0.100000000000000E+01
 0.100000000000000E+01
 0.100000000000000E+01
 0.100000000000000E+01
 0.100000000000000E+01
 0.100000000000000E+01
 0.100000000000000E+01
 0.100000000000000E+01
 0.100000000000000E+01
 0.100000000000000E+01
 0.100000000000000E+01
 0.100000000000000E+01
 0.100000000000000E+01
 0.100000000000000E+01
 0.100000000000000E+01
 0.100000000000000E+01
 0.100000000000000E+01
 0.100000000000000E+01
 0.100000000000000E+01
 0.100000000000000E+01
 0.100000000000000E+01
 0.100000000000000E+01
 0.100000000000000E+01
 0.100000000000000E+01
 0.100000000000000E+01
 0.100000000000000E+01
 0.100000000000000E+01
 0.100000000000000E+01
 0.100000000000000E+01
 0.100000000000000E+01
 0.100000000000000E+01
 0.100000000000000E+01
 0.100000000000000E+01
 0.100000000000000E+01
 0.100000000000000E+01
 0.100000000000000E+01
 0.100000000000000E+01
 0.100000000000000E+01
 0.100000000000000E+01
 0.100000000000000E+01
 0.100000000000000E+01
 0.100000000000000E+01
 0.100000000000000E+01
 0.100000000000000E+01
 0.100000000000000E+01
 0.100000000000000E+01
 0.100000000000000E+01
 0.100000000000000E+01
 0.100000000000000E+01
 0.100000000000000E+01
 0.100000000000000E+01
 0.100000000000000E+01
 0.100000000000000E+01
 0.100000000000000E+01
 0.100000000000000E+01
 0.100000000000000E+01
 0.100000000000000E+01
 0.100000000000000E+01
 0.100000000000000E+01
 0.100000000000000E+01
 0.100000000000000E+01
 0.100000000000000E+01
 0.100000000000000E+01
 0.100000000000000E+01
 0.100000000000000E+01
 0.100000000000000E+01
 0.100000000000000E+01
 0.100000000000000E+01
 0.100000000000000E+01
 0.100000000000000E+01
 0.100000000000000E+01
 0.100000000000000E+01
 0.100000000000000E+01
 0.999999999343961E+00
 0.999999947391160E+00
 0.999999598131381E+00
 0.999998471684018E+00
 0.999995865771972E+00
 0.999990867599948E+00
 0.999982365476713E+00
 0.999969060183503E+00
 0.999949476090794E+00
 0.999921972025624E+00
 0.999884751891665E+00
 0.999835875044247E+00
 0.999773266422520E+00
 0.999694726440973E+00
 0.999597940642488E+00
 0.999480489115131E+00
 0.999339855674885E+00
 0.999173436816524E+00
 0.998978550434807E+00
 0.998752444318213E+00
 0.998492304417402E+00
 0.998195262890604E+00
 0.997858405928127E+00
 0.997478781358197E+00
 0.997053406036303E+00
 0.996579273020275E+00
 0.996053358533273E+00
 0.995472628716880E+00
 0.994834046176515E+00
 0.994134576321357E+00
 0.993371193500967E+00
 0.992540886940816E+00
 0.991640666478920E+00
 0.990667568105780E+00
 0.989618659309798E+00
 0.988491044230406E+00
 0.987281868621085E+00
 0.985988324624486E+00
 0.984607655361804E+00
 0.983137159338677E+00
 0.981574194669745E+00
 0.979916183124122E+00
 0.978160613993895E+00
 0.976305047787939E+00
 0.974347119753229E+00
 0.972284543225750E+00
 0.970115112813349E+00
 0.967836707412619E+00
 0.965447293062088E+00
 0.962944925633797E+00
 0.960327753365619E+00
 0.957594019236385E+00
 0.954742063186131E+00
 0.951770324183494E+00
 0.948677342142665E+00
 0.945461759691929E+00
 0.942122323796119E+00
 0.938657887235011E+00
 0.935067409940051E+00
 0.931349960191540E+00
 0.927504715678338E+00
 0.923530964422537E+00
 0.919428105571087E+00
 0.915195650056738E+00
 0.910833221130277E+00
 0.906340554766526E+00
 0.901717499946085E+00
 0.896964018815197E+00
 0.892080186725662E+00
 0.887066192157345E+00
 0.881922336525191E+00
 0.876649033873168E+00
 0.871246810457045E+00
 0.865716304218530E+00
 0.860058264152835E+00
 0.854273549571665E+00
 0.848363129264206E+00
 0.842328080557998E+00
 0.836169588282127E+00
 0.829888943634611E+00
 0.823487542956587E+00
 0.816966886415160E+00
 0.810328576597385E+00
 0.803574317017201E+00
 0.796705910537984E+00
 0.789725257712546E+00
 0.782634355043053E+00
 0.775435293162691E+00
 0.768130254941714E+00
 0.760721513519878E+00
 0.753211430267222E+00
 0.745602452675867E+00
 0.737897112184629E+00
 0.730098021938961E+00
 0.722207874487994E+00
 0.714229439421394E+00
 0.706165560947833E+00
 0.698019155417569E+00
 0.689793208790910E+00
 0.681490774055310E+00
 0.673114968592839E+00
 0.664668971500582E+00
 0.656156020865689E+00
 0.647579410997833E+00
 0.638942489621007E+00
 0.630248655026597E+00
 0.621501353190486E+00
 0.612704074855917E+00
 0.603860352584665E+00
 0.594973757778241E+00
 0.586047897671920E+00
 0.577086412303325E+00
 0.568092971458099E+00
 0.559071271594416E+00
 0.550025032749090E+00
 0.540957995427043E+00
 0.531873917476653E+00
 0.522776570952713E+00
 0.513669738969783E+00
 0.504557212547839E+00
 0.495442787452160E+00
 0.486330261030217E+00
 0.477223429047286E+00
 0.468126082523347E+00
 0.459042004572956E+00
 0.449974967250939E+00
 0.440928728405584E+00
 0.431907028541900E+00
 0.422913587696676E+00
 0.413952102328109E+00
 0.405026242221759E+00
 0.396139647415334E+00
 0.387295925144082E+00
 0.378498646809513E+00
 0.369751344973402E+00
 0.361057510378992E+00
 0.352420589002166E+00
 0.343843979134311E+00
 0.335331028499419E+00
 0.326885031407161E+00
 0.318509225944718E+00
 0.310206791209090E+00
 0.301980844582431E+00
 0.293834439052167E+00
 0.285770560578632E+00
 0.277792125512005E+00
 0.269901978061039E+00
 0.262102887815371E+00
 0.254397547324133E+00
 0.246788569732777E+00
 0.239278486480121E+00
 0.231869745058286E+00
 0.224564706837309E+00
 0.217365644956947E+00
 0.210274742287453E+00
 0.203294089462041E+00
 0.196425682982801E+00
 0.189671423402613E+00
 0.183033113584841E+00
 0.176512457043436E+00
 0.170111056365388E+00
 0.163830411717873E+00
 0.157671919442003E+00
 0.151636870735793E+00
 0.145726450428335E+00
 0.139941735847163E+00
 0.134283695781470E+00
 0.128753189542954E+00
 0.123350966126830E+00
 0.118077663474810E+00
 0.112933807842674E+00
 0.107919813274335E+00
 0.103035981184806E+00
 0.982825000539157E-01
 0.936594452334918E-01
 0.891667788697241E-01
 0.848043499432583E-01
 0.805718944289137E-01
 0.764690355774629E-01
 0.724952843216602E-01
 0.686500398084574E-01
 0.649325900599459E-01
 0.613421127649901E-01
 0.578776762038825E-01
 0.545382403080709E-01
 0.513226578573450E-01
 0.482296758165086E-01
 0.452579368138676E-01
 0.424059807636185E-01
 0.396722466343912E-01
 0.370550743662040E-01
 0.345527069379130E-01
 0.321632925873817E-01
 0.298848871866487E-01
 0.277154567742495E-01
 0.256528802467668E-01
 0.236949522120605E-01
 0.218393860061054E-01
 0.200838168758724E-01
 0.184258053302546E-01
 0.168628406613271E-01
 0.153923446382027E-01
 0.140116753755128E-01
 0.127181313789100E-01
 0.115089557695998E-01
 0.103813406901964E-01
 0.933243189421495E-02
 0.835933352107543E-02
 0.745911305917857E-02
 0.662880649902786E-02
 0.586542367863874E-02
 0.516595382347418E-02
 0.452737128311498E-02
 0.394664146672696E-02
 0.342072697972451E-02
 0.294659396369779E-02
 0.252121864179577E-02
 0.214159407187142E-02
 0.180473710940687E-02
 0.150769558260411E-02
 0.124755568178769E-02
 0.102144956519923E-02
 0.826563183473628E-03
 0.660144325111744E-03
 0.519510884866348E-03
 0.402059357508699E-03
 0.305273559021768E-03
 0.226733577489480E-03
 0.164124955762679E-03
 0.115248108322419E-03
 0.780279743779477E-04
 0.505239091979082E-04
 0.309398164962671E-04
 0.176345232859587E-04
 0.913240005273597E-05
 0.413422802580943E-05
 0.152831599242731E-05
 0.401868622268431E-06
 0.526088396179958E-07
 0.656053655845312E-09
 0.000000000000000E+00
 0.000000000000000E+00
 0.000000000000000E+00
 0.000000000000000E+00
 0.000000000000000E+00
 0.000000000000000E+00
 0.000000000000000E+00
 0.000000000000000E+00
 0.000000000000000E+00
 0.000000000000000E+00
 0.000000000000000E+00
 0.000000000000000E+00
 0.000000000000000E+00
 0.000000000000000E+00
 0.000000000000000E+00
 0.000000000000000E+00
 0.000000000000000E+00
 0.000000000000000E+00
 0.000000000000000E+00
 0.000000000000000E+00
 0.000000000000000E+00
 0.000000000000000E+00
 0.000000000000000E+00
 0.000000000000000E+00
 0.000000000000000E+00
 0.000000000000000E+00
 0.000000000000000E+00
 0.000000000000000E+00
 0.000000000000000E+00
 0.000000000000000E+00
 0.000000000000000E+00
 0.000000000000000E+00
 0.000000000000000E+00
 0.000000000000000E+00
 0.000000000000000E+00
 0.000000000000000E+00
 0.000000000000000E+00
 0.000000000000000E+00
 0.000000000000000E+00
 0.000000000000000E+00
 0.000000000000000E+00
 0.000000000000000E+00
 0.000000000000000E+00
 0.000000000000000E+00
 0.000000000000000E+00
 0.000000000000000E+00
 0.000000000000000E+00
 0.000000000000000E+00
 0.000000000000000E+00
 0.000000000000000E+00
 0.000000000000000E+00
 0.000000000000000E+00
 0.000000000000000E+00
 0.000000000000000E+00
 0.000000000000000E+00
 0.000000000000000E+00
 0.000000000000000E+00
 0.000000000000000E+00
 0.000000000000000E+00
 0.000000000000000E+00
 0.000000000000000E+00
 0.000000000000000E+00
 0.000000000000000E+00
 0.000000000000000E+00
 0.000000000000000E+00
 0.000000000000000E+00
 0.000000000000000E+00
 0.000000000000000E+00
 0.000000000000000E+00
 0.000000000000000E+00
 0.000000000000000E+00
 0.000000000000000E+00
 0.000000000000000E+00
 0.000000000000000E+00
 0.000000000000000E+00
 0.000000000000000E+00
 0.000000000000000E+00
 0.000000000000000E+00
 0.000000000000000E+00
 0.000000000000000E+00
 0.000000000000000E+00
 0.000000000000000E+00
 0.000000000000000E+00
 0.000000000000000E+00
 0.000000000000000E+00
 0.000000000000000E+00
 0.000000000000000E+00
 0.000000000000000E+00
 0.000000000000000E+00
 0.000000000000000E+00
 0.000000000000000E+00
 0.000000000000000E+00
 0.000000000000000E+00
 0.000000000000000E+00
 0.000000000000000E+00
 0.000000000000000E+00
 0.000000000000000E+00
 0.000000000000000E+00
 0.000000000000000E+00
 0.000000000000000E+00
 0.000000000000000E+00
 0.000000000000000E+00
 0.000000000000000E+00
 0.000000000000000E+00
 0.000000000000000E+00
 0.000000000000000E+00
 0.000000000000000E+00
 0.000000000000000E+00
 0.000000000000000E+00
 0.000000000000000E+00
 0.000000000000000E+00
 0.000000000000000E+00
 0.000000000000000E+00
 0.000000000000000E+00
 0.000000000000000E+00
 0.000000000000000E+00
 0.000000000000000E+00
 0.000000000000000E+00
 0.000000000000000E+00
 0.000000000000000E+00
 0.000000000000000E+00
 0.000000000000000E+00
 0.000000000000000E+00
 0.000000000000000E+00
 0.000000000000000E+00
 0.000000000000000E+00
 0.000000000000000E+00
 0.000000000000000E+00
 0.000000000000000E+00
 0.000000000000000E+00
 0.000000000000000E+00
 0.000000000000000E+00
 0.000000000000000E+00
 0.000000000000000E+00
 0.000000000000000E+00
 0.000000000000000E+00
 0.000000000000000E+00
 0.000000000000000E+00
 0.000000000000000E+00
 0.000000000000000E+00
 0.000000000000000E+00
 0.000000000000000E+00
 0.000000000000000E+00
 0.000000000000000E+00
 0.000000000000000E+00
 0.000000000000000E+00
 0.000000000000000E+00
 0.000000000000000E+00
 0.000000000000000E+00
 0.000000000000000E+00
 0.000000000000000E+00
 0.000000000000000E+00
 0.000000000000000E+00
 0.000000000000000E+00
 0.000000000000000E+00
 0.000000000000000E+00
 0.000000000000000E+00
 0.000000000000000E+00
 0.000000000000000E+00
 0.000000000000000E+00
 0.000000000000000E+00
 0.000000000000000E+00
 0.000000000000000E+00
 0.000000000000000E+00
 0.000000000000000E+00
 0.000000000000000E+00
 0.000000000000000E+00
 0.000000000000000E+00
 0.000000000000000E+00
 0.000000000000000E+00
 0.000000000000000E+00
 0.000000000000000E+00
 0.000000000000000E+00
 0.000000000000000E+00
 0.000000000000000E+00
 0.000000000000000E+00
 0.000000000000000E+00
 0.000000000000000E+00
 0.000000000000000E+00
 0.000000000000000E+00
 0.000000000000000E+00
 0.000000000000000E+00
 0.000000000000000E+00
 0.000000000000000E+00
 0.000000000000000E+00
 0.000000000000000E+00
 0.000000000000000E+00
 0.000000000000000E+00
 0.000000000000000E+00
 0.000000000000000E+00
 0.000000000000000E+00
 0.000000000000000E+00
 0.000000000000000E+00
 0.000000000000000E+00
 0.000000000000000E+00
 0.000000000000000E+00
 0.000000000000000E+00
 0.000000000000000E+00
 0.000000000000000E+00
 0.000000000000000E+00
 0.000000000000000E+00
 0.000000000000000E+00
 0.000000000000000E+00
 0.000000000000000E+00
 0.000000000000000E+00
 0.000000000000000E+00
 0.000000000000000E+00
 0.000000000000000E+00
 0.000000000000000E+00
 0.000000000000000E+00
 0.000000000000000E+00
 0.000000000000000E+00
 0.000000000000000E+00
 0.000000000000000E+00
 0.000000000000000E+00
 0.000000000000000E+00
 0.000000000000000E+00
 0.000000000000000E+00
 0.000000000000000E+00
 0.000000000000000E+00
 0.000000000000000E+00
 0.000000000000000E+00
 0.000000000000000E+00
 0.000000000000000E+00
 0.000000000000000E+00
 0.000000000000000E+00
 0.000000000000000E+00
 0.000000000000000E+00
 0.000000000000000E+00
 0.000000000000000E+00
 0.000000000000000E+00
 0.000000000000000E+00
 0.000000000000000E+00
 0.000000000000000E+00
 0.000000000000000E+00
 0.000000000000000E+00
 0.000000000000000E+00
 0.000000000000000E+00
 0.000000000000000E+00
 0.000000000000000E+00
 0.000000000000000E+00
 0.000000000000000E+00
 0.000000000000000E+00
 0.000000000000000E+00
 0.000000000000000E+00
 0.000000000000000E+00
 0.000000000000000E+00
 0.000000000000000E+00
 0.000000000000000E+00
 0.000000000000000E+00
 0.000000000000000E+00
 0.000000000000000E+00
 0.000000000000000E+00
 0.000000000000000E+00
 0.000000000000000E+00
 0.000000000000000E+00
 0.000000000000000E+00
 0.000000000000000E+00
 0.000000000000000E+00
 0.000000000000000E+00
 0.000000000000000E+00
 0.000000000000000E+00
 0.000000000000000E+00
 0.000000000000000E+00
 0.000000000000000E+00
 0.000000000000000E+00
 0.000000000000000E+00
 0.000000000000000E+00
 0.000000000000000E+00
 0.000000000000000E+00
 0.000000000000000E+00
 0.000000000000000E+00
 0.000000000000000E+00
 0.000000000000000E+00
 0.000000000000000E+00
 0.000000000000000E+00
 0.000000000000000E+00
 0.000000000000000E+00
 0.000000000000000E+00
 0.000000000000000E+00
 0.000000000000000E+00
 0.000000000000000E+00
 0.000000000000000E+00
 0.000000000000000E+00
 0.000000000000000E+00
 0.000000000000000E+00
 0.000000000000000E+00
 0.000000000000000E+00
 0.000000000000000E+00
 0.000000000000000E+00
 0.000000000000000E+00
 0.000000000000000E+00
 0.000000000000000E+00
 0.000000000000000E+00
 0.000000000000000E+00
 0.000000000000000E+00
 0.000000000000000E+00
 0.000000000000000E+00
 0.000000000000000E+00
 0.000000000000000E+00
 0.000000000000000E+00
 0.000000000000000E+00
 0.000000000000000E+00
 0.000000000000000E+00
 0.000000000000000E+00
 0.000000000000000E+00
 0.000000000000000E+00
 0.000000000000000E+00
 0.000000000000000E+00
 0.000000000000000E+00
 0.000000000000000E+00
 0.000000000000000E+00
 0.000000000000000E+00
 0.000000000000000E+00
 0.000000000000000E+00
 0.000000000000000E+00
 0.000000000000000E+00
 0.000000000000000E+00
 0.000000000000000E+00
 0.000000000000000E+00
 0.000000000000000E+00
 0.000000000000000E+00
 0.000000000000000E+00
 0.000000000000000E+00
 0.000000000000000E+00
 0.000000000000000E+00
 0.000000000000000E+00
 0.000000000000000E+00
 0.000000000000000E+00
 0.000000000000000E+00
 0.000000000000000E+00
 0.000000000000000E+00
 0.000000000000000E+00
 0.000000000000000E+00
 0.000000000000000E+00
 0.000000000000000E+00
 0.000000000000000E+00
 0.000000000000000E+00
 0.000000000000000E+00
 0.000000000000000E+00
 0.000000000000000E+00
 0.000000000000000E+00
 0.000000000000000E+00
 0.000000000000000E+00
 0.000000000000000E+00
 0.000000000000000E+00
 0.000000000000000E+00
 0.000000000000000E+00
